schedule_day,simulation_day,ICK2_3_capacity,ICK2_3_claimed_quantity,ICK1_4_capacity,ICK1_4_claimed_quantity,KCZ_capacity,KCZ_claimed_quantity,KTC_capacity,KTC_claimed_quantity,MCKG_capacity,MCKG_claimed_quantity,SK4SP4_capacity,SK4SP4_claimed_quantity,KCN_capacity,KCN_claimed_quantity,Daycare_capacity,Daycare_claimed_quantity
0,0,4,0,4,0,9,0,4,0,3,0,3,0,7,0,0,0
0,0,4,0,4,0,9,0,4,0,3,0,3,0,7,0,0,0
0,0,4,0,4,0,9,0,4,0,3,0,3,0,7,0,0,0
0,0,4,0,4,0,9,0,4,0,3,0,3,0,7,0,0,0
0,0,4,0,4,0,9,0,4,0,3,0,3,0,7,0,0,0
0,0,4,0,4,0,9,0,4,0,3,0,3,0,7,0,0,0
0,0,4,0,4,0,9,0,4,0,3,0,3,0,8,0,8,0
0,0,4,0,4,0,10,3,4,2,3,0,4,1,8,1,8,2
0,0,4,0,4,0,10,4,4,3,3,0,4,1,8,1,8,2
0,0,4,0,4,0,10,4,4,3,3,0,4,1,8,3,9,2
0,0,4,0,4,0,10,5,4,3,3,0,4,1,8,3,9,2
0,0,4,0,4,0,10,5,4,3,3,0,4,0,8,3,9,2
0,0,4,0,4,0,10,6,4,3,3,0,4,0,8,3,9,2
0,0,4,0,4,0,10,6,4,3,3,0,4,0,8,1,5,2
0,0,4,0,4,0,10,4,4,2,3,0,4,0,8,1,5,2
0,0,4,0,4,0,10,3,4,2,3,0,4,0,8,1,5,2
0,0,4,0,4,0,9,3,4,2,3,0,3,0,8,1,5,2
0,0,4,0,4,0,9,3,4,2,3,0,3,0,8,1,0,2
0,0,4,0,4,0,9,3,4,2,3,0,3,0,8,1,0,2
0,0,4,0,4,0,9,3,4,2,3,0,3,0,8,1,0,2
0,0,4,0,4,0,9,3,4,2,3,0,3,0,8,1,0,2
0,0,4,0,4,0,9,3,4,2,3,0,3,0,8,1,0,2
0,0,4,0,4,0,9,3,4,2,3,0,3,0,8,1,0,2
0,0,4,0,4,0,9,3,4,2,3,0,3,0,7,1,0,2
1,1,4,0,4,0,9,3,4,2,3,0,3,0,4,1,0,2
1,1,4,0,4,0,9,3,4,2,3,0,3,0,4,1,0,2
1,1,4,0,4,0,9,3,4,2,3,0,3,0,4,1,0,2
1,1,4,0,4,0,9,3,4,2,3,0,3,0,4,1,0,2
1,1,4,0,4,0,9,3,4,2,3,0,3,0,4,1,0,2
1,1,4,0,4,0,9,3,4,2,3,0,3,0,4,1,0,2
1,1,4,0,4,0,9,3,4,2,3,0,3,0,4,1,8,2
1,1,4,0,4,0,10,4,4,2,3,2,4,1,5,4,8,1
1,1,4,0,4,0,10,5,4,3,3,3,4,1,5,5,8,1
1,1,4,0,4,0,10,6,4,4,3,3,4,1,5,5,9,2
1,1,4,0,4,0,10,8,4,4,3,2,4,1,5,5,9,2
1,1,4,0,4,0,10,9,4,4,3,3,4,1,5,4,9,2
1,1,4,0,4,0,10,8,4,4,3,3,4,1,5,5,9,2
1,1,4,0,4,0,10,7,4,4,3,3,4,1,5,5,5,2
1,1,4,0,4,0,10,5,4,3,3,3,4,1,5,4,5,1
1,1,4,0,4,0,10,5,4,3,3,3,4,1,4,4,5,1
1,1,4,0,4,0,9,5,4,3,3,3,3,1,4,4,5,1
1,1,4,0,4,0,9,5,4,3,3,3,3,1,4,4,0,1
1,1,4,0,4,0,9,5,4,3,3,3,3,1,4,4,0,1
1,1,4,0,4,0,9,5,4,3,3,3,3,1,4,4,0,1
1,1,4,0,4,0,9,5,4,3,3,3,3,1,4,4,0,1
1,1,4,0,4,0,9,5,4,3,3,3,3,1,4,4,0,0
1,1,4,0,4,0,9,5,4,3,3,3,3,1,4,4,0,0
1,1,4,0,4,0,9,5,4,3,3,3,3,1,4,4,0,0
2,2,4,0,4,0,9,5,4,3,3,3,3,1,7,4,0,0
2,2,4,0,4,0,9,5,4,3,3,3,3,1,7,4,0,0
2,2,4,0,4,0,9,5,4,3,3,3,3,1,7,4,0,0
2,2,4,0,4,0,9,5,4,3,3,3,3,1,7,4,0,0
2,2,4,0,4,0,9,5,4,3,3,3,3,1,7,4,0,0
2,2,4,0,4,0,9,5,4,3,3,3,3,1,7,4,0,0
2,2,4,0,4,0,9,5,4,3,3,3,3,1,10,4,8,0
2,2,4,0,4,0,10,8,4,3,3,3,4,1,10,6,8,1
2,2,4,0,4,0,10,10,4,4,3,3,4,1,10,7,8,1
2,2,4,0,4,0,10,10,4,3,3,3,4,1,10,9,9,1
2,2,4,0,4,0,10,10,4,3,3,3,4,1,10,10,9,1
2,2,4,0,4,0,10,10,4,3,3,3,4,1,10,10,9,1
2,2,4,0,4,0,10,10,4,3,3,3,4,1,10,10,9,1
2,2,4,0,4,0,10,10,4,3,3,3,4,1,10,8,5,1
2,2,4,0,4,0,10,9,4,3,3,3,4,1,10,5,5,0
2,2,4,0,4,0,10,8,4,3,3,3,4,1,8,5,5,0
2,2,4,0,4,0,9,8,4,3,3,3,3,1,8,5,5,0
2,2,4,0,4,0,9,7,4,3,3,3,3,1,8,5,0,0
2,2,4,0,4,0,9,6,4,3,3,3,3,1,8,5,0,0
2,2,4,0,4,0,9,6,4,3,3,3,3,1,8,5,0,0
2,2,4,0,4,0,9,6,4,3,3,3,3,1,8,5,0,0
2,2,4,0,4,0,9,6,4,3,3,3,3,1,8,5,0,0
2,2,4,0,4,0,9,5,4,3,3,3,3,1,8,4,0,0
2,2,4,0,4,0,9,5,4,3,3,3,3,1,7,4,0,0
3,3,4,0,4,0,9,5,4,3,3,3,3,1,7,4,0,0
3,3,4,0,4,0,9,5,4,3,3,3,3,1,7,4,0,0
3,3,4,0,4,0,9,5,4,3,3,3,3,1,7,4,0,0
3,3,4,0,4,0,9,5,4,3,3,3,3,1,7,4,0,0
3,3,4,0,4,0,9,5,4,3,3,3,3,1,7,4,0,0
3,3,4,0,4,0,9,5,4,3,3,3,3,1,7,4,0,0
3,3,4,0,4,0,9,5,4,3,3,3,3,1,8,4,8,0
3,3,4,0,4,0,10,9,4,3,3,3,4,2,8,6,8,0
3,3,4,0,4,0,10,10,4,3,3,3,4,2,8,5,8,0
3,3,4,0,4,0,10,10,4,3,3,3,4,2,8,8,9,0
3,3,4,0,4,0,10,10,4,3,3,3,4,2,8,8,9,0
3,3,4,0,4,0,10,10,4,2,3,3,4,2,8,8,9,0
3,3,4,0,4,0,10,10,4,2,3,3,4,2,8,8,9,0
3,3,4,0,4,0,10,10,4,2,3,3,4,2,8,8,5,0
3,3,4,0,4,0,10,10,4,2,3,3,4,2,8,7,5,0
3,3,4,0,4,0,10,9,4,2,3,3,4,2,8,6,5,0
3,3,4,0,4,0,9,9,4,2,3,3,3,2,8,5,5,0
3,3,4,0,4,0,9,8,4,2,3,3,3,2,8,4,0,0
3,3,4,0,4,0,9,8,4,2,3,3,3,2,8,4,0,0
3,3,4,0,4,0,9,8,4,2,3,3,3,2,8,4,0,0
3,3,4,0,4,0,9,8,4,2,3,3,3,2,8,3,0,0
3,3,4,0,4,0,9,8,4,2,3,3,3,2,8,3,0,0
3,3,4,0,4,0,9,8,4,2,3,3,3,2,8,3,0,0
3,3,4,0,4,0,9,8,4,2,3,3,3,2,7,3,0,0
4,4,4,0,4,0,9,8,4,2,3,3,3,2,7,3,0,0
4,4,4,0,4,0,9,8,4,2,3,3,3,2,7,3,0,0
4,4,4,0,4,0,9,8,4,2,3,3,3,2,7,3,0,0
4,4,4,0,4,0,9,8,4,2,3,3,3,2,7,3,0,0
4,4,4,0,4,0,9,8,4,2,3,3,3,2,7,3,0,0
4,4,4,0,4,0,9,8,4,2,3,3,3,2,7,3,0,0
4,4,4,0,4,0,9,8,4,2,3,3,3,2,8,3,8,0
4,4,4,0,4,0,10,8,4,3,3,3,4,3,8,8,8,1
4,4,4,0,4,0,10,10,4,4,3,3,4,3,8,8,8,1
4,4,4,0,4,0,10,10,4,4,3,3,4,3,8,7,9,1
4,4,4,0,4,0,10,10,4,4,3,3,4,3,8,8,9,1
4,4,4,0,4,0,10,10,4,4,3,3,4,3,8,8,9,1
4,4,4,0,4,0,10,10,4,4,3,3,4,3,8,8,9,1
4,4,4,0,4,0,10,10,4,3,3,3,4,3,8,7,5,1
4,4,4,0,4,0,10,9,4,3,3,3,4,3,8,8,5,1
4,4,4,0,4,0,10,8,4,3,3,3,4,3,8,7,5,1
4,4,4,0,4,0,9,6,4,3,3,3,3,3,8,7,5,1
4,4,4,0,4,0,9,6,4,3,3,3,3,3,8,7,0,1
4,4,4,0,4,0,9,6,4,3,3,3,3,3,8,7,0,1
4,4,4,0,4,0,9,6,4,3,3,3,3,3,8,7,0,1
4,4,4,0,4,0,9,5,4,3,3,3,3,3,8,7,0,1
4,4,4,0,4,0,9,3,4,3,3,3,3,2,8,6,0,1
4,4,4,0,4,0,9,3,4,3,3,3,3,2,8,6,0,1
4,4,4,0,4,0,9,3,4,3,3,3,3,2,7,6,0,1
5,5,4,0,3,0,8,3,3,3,2,3,2,2,7,6,0,1
5,5,4,0,3,0,8,3,3,3,2,3,2,2,7,6,0,1
5,5,4,0,3,0,8,3,3,3,2,3,2,2,7,6,0,1
5,5,4,0,3,0,8,3,3,3,2,3,2,2,7,6,0,1
5,5,4,0,3,0,8,3,3,3,2,3,2,2,7,6,0,1
5,5,4,0,3,0,8,3,3,3,2,3,2,2,7,6,0,1
5,5,4,0,3,0,8,3,3,3,2,3,3,2,10,6,0,1
5,5,4,0,3,0,8,3,3,3,2,3,3,2,10,4,0,1
5,5,4,0,3,0,8,3,3,2,2,3,3,2,10,3,0,1
5,5,4,0,3,0,8,3,3,2,2,3,3,2,10,3,0,1
5,5,4,0,3,0,8,3,3,2,2,3,3,2,10,3,0,1
5,5,4,0,3,0,8,3,3,2,2,3,3,2,10,3,0,1
5,5,4,0,3,0,8,3,3,2,2,3,3,2,10,3,0,1
5,5,4,0,3,0,8,3,3,2,2,3,3,2,10,3,0,1
5,5,4,0,3,0,8,3,3,2,2,3,3,2,10,3,0,1
5,5,4,0,3,0,8,3,3,2,2,2,2,2,8,3,0,1
5,5,4,0,3,0,8,3,3,2,2,2,2,2,8,3,0,1
5,5,4,0,3,0,8,3,3,2,2,2,2,2,8,3,0,1
5,5,4,0,3,0,8,3,3,2,2,2,2,2,8,3,0,1
5,5,4,0,3,0,8,3,3,2,2,2,2,2,8,3,0,1
5,5,4,0,3,0,8,3,3,2,2,2,2,1,8,3,0,1
5,5,4,0,3,0,8,3,3,2,2,2,2,1,8,3,0,1
5,5,4,0,3,0,8,3,3,2,2,2,2,1,8,3,0,1
5,5,4,0,3,0,8,3,3,2,2,2,2,1,7,3,0,1
6,6,4,0,3,0,8,3,3,2,2,2,2,1,4,3,0,1
6,6,4,0,3,0,8,3,3,2,2,2,2,1,4,3,0,1
6,6,4,0,3,0,8,3,3,2,2,2,2,1,4,3,0,1
6,6,4,0,3,0,8,3,3,2,2,2,2,1,4,3,0,1
6,6,4,0,3,0,8,3,3,2,2,2,2,1,4,3,0,1
6,6,4,0,3,0,8,3,3,2,2,2,2,1,4,3,0,1
6,6,4,0,3,0,8,3,3,2,2,2,3,1,4,3,0,1
6,6,4,0,3,0,8,3,3,2,2,2,3,1,5,3,0,1
6,6,4,0,3,0,8,3,3,2,2,2,3,1,5,3,0,1
6,6,4,0,3,0,8,3,3,2,2,2,3,0,5,3,0,1
6,6,4,0,3,0,8,3,3,2,2,2,3,0,5,3,0,1
6,6,4,0,3,0,8,3,3,1,2,2,3,0,5,3,0,1
6,6,4,0,3,0,8,3,3,1,2,2,3,0,5,3,0,1
6,6,4,0,3,0,8,3,3,1,2,2,3,0,5,3,0,1
6,6,4,0,3,0,8,3,3,1,2,2,3,0,5,3,0,1
6,6,4,0,3,0,8,3,3,1,2,2,2,0,4,3,0,1
6,6,4,0,3,0,8,3,3,1,2,2,2,0,4,3,0,1
6,6,4,0,3,0,8,3,3,1,2,1,2,0,4,3,0,0
6,6,4,0,3,0,8,3,3,1,2,1,2,0,4,3,0,0
6,6,4,0,3,0,8,3,3,1,2,1,2,0,4,3,0,0
6,6,4,0,3,0,8,3,3,1,2,1,2,0,4,3,0,0
6,6,4,0,3,0,8,3,3,1,2,1,2,0,4,3,0,0
6,6,4,0,3,0,8,3,3,1,2,1,2,0,4,3,0,0
6,6,4,0,3,0,8,3,3,1,2,1,2,0,4,3,0,0
7,7,4,0,4,0,9,3,4,1,3,1,3,0,7,3,0,0
7,7,4,0,4,0,9,3,4,1,3,1,3,0,7,3,0,0
7,7,4,0,4,0,9,3,4,1,3,1,3,0,7,3,0,0
7,7,4,0,4,0,9,3,4,1,3,1,3,0,7,3,0,0
7,7,4,0,4,0,9,3,4,1,3,1,3,0,7,3,0,0
7,7,4,0,4,0,9,3,4,1,3,1,3,0,7,3,0,0
7,7,4,0,4,0,9,3,4,1,3,1,3,0,8,3,8,0
7,7,4,0,4,0,10,6,4,3,3,1,4,1,8,4,8,1
7,7,4,0,4,0,10,6,4,3,3,2,4,1,8,5,8,1
7,7,4,0,4,0,10,6,4,4,3,3,4,1,8,6,9,1
7,7,4,0,4,0,10,7,4,4,3,3,4,1,8,6,9,1
7,7,4,0,4,0,10,7,4,4,3,3,4,1,8,7,9,1
7,7,4,0,4,0,10,7,4,4,3,3,4,1,8,7,9,1
7,7,4,0,4,0,10,6,4,3,3,3,4,1,8,6,5,1
7,7,4,0,4,0,10,6,4,3,3,3,4,1,8,6,5,1
7,7,4,0,4,0,10,6,4,4,3,3,4,1,8,6,5,1
7,7,4,0,4,0,9,6,4,4,3,3,3,1,8,6,5,1
7,7,4,0,4,0,9,6,4,4,3,3,3,1,8,6,0,1
7,7,4,0,4,0,9,6,4,4,3,2,3,1,8,6,0,1
7,7,4,0,4,0,9,6,4,4,3,1,3,1,8,6,0,1
7,7,4,0,4,0,9,6,4,3,3,1,3,1,8,6,0,1
7,7,4,0,4,0,9,6,4,3,3,1,3,1,8,6,0,0
7,7,4,0,4,0,9,6,4,3,3,1,3,1,8,6,0,0
7,7,4,0,4,0,9,6,4,3,3,1,3,1,7,6,0,0
8,8,4,0,4,0,9,6,4,3,3,1,3,1,4,6,0,0
8,8,4,0,4,0,9,6,4,3,3,1,3,1,4,6,0,0
8,8,4,0,4,0,9,6,4,3,3,1,3,1,4,6,0,0
8,8,4,0,4,0,9,6,4,3,3,1,3,1,4,6,0,0
8,8,4,0,4,0,9,6,4,3,3,1,3,1,4,6,0,0
8,8,4,0,4,0,9,6,4,3,3,1,3,1,4,6,0,0
8,8,4,0,4,0,9,6,4,3,3,1,3,1,4,6,8,0
8,8,4,0,4,0,10,8,4,2,3,3,4,2,5,5,8,2
8,8,4,0,4,0,10,8,4,4,3,3,4,2,5,5,8,3
8,8,4,0,4,0,10,10,4,4,3,3,4,2,5,5,9,3
8,8,4,0,4,0,10,10,4,4,3,3,4,2,5,6,9,3
8,8,4,0,4,0,10,10,4,3,3,3,4,2,5,6,9,3
8,8,4,0,4,0,10,10,4,4,3,3,4,2,5,6,9,3
8,8,4,0,4,0,10,10,4,4,3,3,4,2,5,5,5,3
8,8,4,0,4,0,10,10,4,3,3,3,4,2,5,5,5,2
8,8,4,0,4,0,10,10,4,2,3,3,4,2,4,5,5,2
8,8,4,0,4,0,9,10,4,2,3,3,3,2,4,5,5,2
8,8,4,0,4,0,9,10,4,2,3,2,3,2,4,5,0,2
8,8,4,0,4,0,9,9,4,2,3,1,3,2,4,5,0,2
8,8,4,0,4,0,9,9,4,2,3,1,3,2,4,5,0,2
8,8,4,0,4,0,9,9,4,2,3,1,3,2,4,5,0,1
8,8,4,0,4,0,9,8,4,2,3,1,3,2,4,5,0,1
8,8,4,0,4,0,9,8,4,2,3,1,3,2,4,5,0,1
8,8,4,0,4,0,9,8,4,2,3,1,3,2,4,5,0,1
9,9,4,0,4,0,9,8,4,2,3,1,3,2,7,6,0,1
9,9,4,0,4,0,9,8,4,2,3,1,3,2,7,6,0,1
9,9,4,0,4,0,9,8,4,2,3,1,3,2,7,6,0,1
9,9,4,0,4,0,9,8,4,2,3,1,3,2,7,6,0,1
9,9,4,0,4,0,9,8,4,2,3,1,3,2,7,6,0,1
9,9,4,0,4,0,9,8,4,2,3,1,3,2,7,6,0,1
9,9,4,0,4,0,9,8,4,2,3,1,3,2,10,6,8,1
9,9,4,0,4,0,10,7,4,3,3,1,4,3,10,7,8,1
9,9,4,0,4,0,10,9,4,3,3,1,4,3,10,7,8,2
9,9,4,0,4,0,10,10,4,4,3,1,4,2,10,10,9,2
9,9,4,0,4,0,10,10,4,4,3,0,4,2,10,10,9,3
9,9,4,0,4,0,10,10,4,4,3,0,4,2,10,10,9,3
9,9,4,0,4,0,10,10,4,4,3,0,4,2,10,10,9,3
9,9,4,0,4,0,10,10,4,4,3,0,4,2,10,10,5,3
9,9,4,0,4,0,10,10,4,4,3,0,4,2,10,10,5,2
9,9,4,0,4,0,10,9,4,4,3,0,4,2,8,10,5,2
9,9,4,0,4,0,9,9,4,4,3,0,3,2,8,9,5,1
9,9,4,0,4,0,9,9,4,4,3,0,3,2,8,9,0,1
9,9,4,0,4,0,9,9,4,4,3,0,3,2,8,9,0,0
9,9,4,0,4,0,9,9,4,4,3,0,3,2,8,9,0,0
9,9,4,0,4,0,9,9,4,4,3,0,3,2,8,9,0,0
9,9,4,0,4,0,9,9,4,4,3,0,3,2,8,8,0,0
9,9,4,0,4,0,9,9,4,4,3,0,3,2,8,7,0,0
9,9,4,0,4,0,9,9,4,4,3,0,3,2,7,7,0,0
10,10,4,0,4,0,9,9,4,4,3,0,3,2,7,7,0,0
10,10,4,0,4,0,9,9,4,4,3,0,3,2,7,7,0,0
10,10,4,0,4,0,9,9,4,4,3,0,3,2,7,7,0,0
10,10,4,0,4,0,9,9,4,4,3,0,3,2,7,7,0,0
10,10,4,0,4,0,9,9,4,4,3,0,3,2,7,7,0,0
10,10,4,0,4,0,9,9,4,4,3,0,3,2,7,7,0,0
10,10,4,0,4,0,9,9,4,4,3,0,3,2,8,7,8,0
10,10,4,0,4,0,10,8,4,3,3,1,4,2,8,8,8,0
10,10,4,0,4,0,10,9,4,3,3,1,4,2,8,8,8,0
10,10,4,0,4,0,10,10,4,3,3,1,4,2,8,8,9,0
10,10,4,0,4,0,10,10,4,3,3,1,4,2,8,8,9,0
10,10,4,0,4,0,10,10,4,3,3,1,4,2,8,7,9,0
10,10,4,0,4,0,10,10,4,3,3,1,4,2,8,7,9,0
10,10,4,0,4,0,10,10,4,3,3,1,4,2,8,7,5,0
10,10,4,0,4,0,10,10,4,3,3,1,4,2,8,7,5,0
10,10,4,0,4,0,10,10,4,3,3,1,4,2,8,8,5,0
10,10,4,0,4,0,9,10,4,3,3,1,3,2,8,8,5,0
10,10,4,0,4,0,9,10,4,3,3,1,3,2,8,8,0,0
10,10,4,0,4,0,9,10,4,3,3,1,3,2,8,8,0,0
10,10,4,0,4,0,9,10,4,3,3,1,3,2,8,8,0,0
10,10,4,0,4,0,9,10,4,3,3,1,3,2,8,8,0,0
10,10,4,0,4,0,9,10,4,3,3,1,3,2,8,8,0,0
10,10,4,0,4,0,9,9,4,3,3,1,3,2,8,7,0,0
10,10,4,0,4,0,9,9,4,3,3,1,3,2,7,7,0,0
11,11,4,0,4,0,9,9,4,3,3,1,3,2,7,7,0,0
11,11,4,0,4,0,9,9,4,3,3,1,3,2,7,7,0,0
11,11,4,0,4,0,9,9,4,3,3,1,3,2,7,7,0,0
11,11,4,0,4,0,9,9,4,3,3,1,3,2,7,7,0,0
11,11,4,0,4,0,9,9,4,3,3,1,3,2,7,7,0,0
11,11,4,0,4,0,9,9,4,3,3,1,3,2,7,7,0,0
11,11,4,0,4,0,9,9,4,3,3,1,3,2,8,7,8,0
11,11,4,0,4,0,10,9,4,3,3,3,4,2,8,8,8,0
11,11,4,0,4,0,10,10,4,4,3,3,4,2,8,8,8,1
11,11,4,0,4,0,10,10,4,4,3,3,4,2,8,8,9,1
11,11,4,0,4,0,10,10,4,3,3,3,4,2,8,8,9,1
11,11,4,0,4,0,10,10,4,4,3,3,4,2,8,8,9,1
11,11,4,0,4,0,10,10,4,4,3,3,4,2,8,8,9,1
11,11,4,0,4,0,10,10,4,4,3,2,4,2,8,8,5,1
11,11,4,0,4,0,10,10,4,4,3,2,4,2,8,8,5,1
11,11,4,0,4,0,10,8,4,4,3,2,4,2,8,6,5,0
11,11,4,0,4,0,9,8,4,4,3,2,3,2,8,6,5,0
11,11,4,0,4,0,9,8,4,4,3,2,3,2,8,6,0,0
11,11,4,0,4,0,9,8,4,4,3,2,3,2,8,6,0,0
11,11,4,0,4,0,9,8,4,4,3,2,3,2,8,6,0,0
11,11,4,0,4,0,9,8,4,4,3,2,3,2,8,6,0,0
11,11,4,0,4,0,9,8,4,4,3,2,3,2,8,6,0,0
11,11,4,0,4,0,9,8,4,4,3,2,3,2,8,6,0,0
11,11,4,0,4,0,9,8,4,4,3,2,3,2,7,6,0,0
12,12,4,0,3,0,8,8,3,4,2,2,2,2,7,6,0,0
12,12,4,0,3,0,8,8,3,4,2,2,2,2,7,6,0,0
12,12,4,0,3,0,8,8,3,4,2,2,2,2,7,6,0,0
12,12,4,0,3,0,8,8,3,4,2,2,2,2,7,6,0,0
12,12,4,0,3,0,8,8,3,4,2,2,2,2,7,6,0,0
12,12,4,0,3,0,8,8,3,4,2,2,2,2,7,6,0,0
12,12,4,0,3,0,8,8,3,4,2,2,3,2,10,6,0,0
12,12,4,0,3,0,8,6,3,3,2,1,3,1,10,5,0,0
12,12,4,0,3,0,8,5,3,3,2,1,3,1,10,4,0,0
12,12,4,0,3,0,8,4,3,3,2,1,3,1,10,4,0,0
12,12,4,0,3,0,8,4,3,3,2,1,3,1,10,4,0,0
12,12,4,0,3,0,8,4,3,3,2,1,3,1,10,4,0,0
12,12,4,0,3,0,8,4,3,3,2,1,3,1,10,3,0,0
12,12,4,0,3,0,8,4,3,3,2,1,3,1,10,3,0,0
12,12,4,0,3,0,8,4,3,3,2,1,3,1,10,3,0,0
12,12,4,0,3,0,8,4,3,3,2,1,2,1,8,3,0,0
12,12,4,0,3,0,8,4,3,3,2,1,2,1,8,3,0,0
12,12,4,0,3,0,8,4,3,3,2,1,2,1,8,3,0,0
12,12,4,0,3,0,8,4,3,3,2,1,2,1,8,3,0,0
12,12,4,0,3,0,8,4,3,3,2,1,2,1,8,3,0,0
12,12,4,0,3,0,8,4,3,3,2,1,2,1,8,3,0,0
12,12,4,0,3,0,8,4,3,3,2,1,2,1,8,3,0,0
12,12,4,0,3,0,8,4,3,3,2,1,2,1,8,3,0,0
12,12,4,0,3,0,8,4,3,3,2,1,2,1,7,3,0,0
13,13,4,0,3,0,8,4,3,3,2,1,2,1,4,3,0,0
13,13,4,0,3,0,8,4,3,3,2,1,2,1,4,3,0,0
13,13,4,0,3,0,8,4,3,3,2,1,2,1,4,3,0,0
13,13,4,0,3,0,8,4,3,3,2,1,2,1,4,3,0,0
13,13,4,0,3,0,8,4,3,3,2,1,2,1,4,3,0,0
13,13,4,0,3,0,8,4,3,3,2,1,2,1,4,3,0,0
13,13,4,0,3,0,8,4,3,3,2,1,3,1,4,3,0,0
13,13,4,0,3,0,8,2,3,3,2,1,3,1,5,2,0,0
13,13,4,0,3,0,8,2,3,3,2,1,3,1,5,2,0,0
13,13,4,0,3,0,8,2,3,3,2,1,3,1,5,2,0,0
13,13,4,0,3,0,8,2,3,3,2,1,3,1,5,2,0,0
13,13,4,0,3,0,8,2,3,3,2,1,3,1,5,2,0,0
13,13,4,0,3,0,8,2,3,3,2,1,3,1,5,2,0,0
13,13,4,0,3,0,8,2,3,3,2,1,3,1,5,2,0,0
13,13,4,0,3,0,8,2,3,3,2,1,3,1,5,2,0,0
13,13,4,0,3,0,8,2,3,3,2,1,2,1,4,2,0,0
13,13,4,0,3,0,8,2,3,3,2,1,2,1,4,2,0,0
13,13,4,0,3,0,8,2,3,3,2,1,2,1,4,2,0,0
13,13,4,0,3,0,8,2,3,3,2,1,2,1,4,1,0,0
13,13,4,0,3,0,8,2,3,3,2,1,2,1,4,1,0,0
13,13,4,0,3,0,8,2,3,3,2,1,2,1,4,1,0,0
13,13,4,0,3,0,8,2,3,3,2,1,2,1,4,1,0,0
13,13,4,0,3,0,8,2,3,3,2,1,2,1,4,1,0,0
13,13,4,0,3,0,8,2,3,3,2,1,2,1,4,1,0,0
14,14,4,0,4,0,9,2,4,3,3,1,3,1,7,1,0,0
14,14,4,0,4,0,9,2,4,3,3,1,3,1,7,1,0,0
14,14,4,0,4,0,9,2,4,3,3,1,3,1,7,1,0,0
14,14,4,0,4,0,9,2,4,3,3,1,3,1,7,1,0,0
14,14,4,0,4,0,9,2,4,3,3,1,3,1,7,1,0,0
14,14,4,0,4,0,9,2,4,3,3,1,3,1,7,1,0,0
14,14,4,0,4,0,9,2,4,3,3,1,3,1,8,1,8,0
14,14,4,0,4,0,10,5,4,4,3,2,4,2,8,2,8,2
14,14,4,0,4,0,10,6,4,4,3,2,4,2,8,2,8,2
14,14,4,0,4,0,10,7,4,4,3,3,4,2,8,5,9,2
14,14,4,0,4,0,10,7,4,4,3,3,4,2,8,5,9,2
14,14,4,0,4,0,10,7,4,4,3,3,4,2,8,6,9,2
14,14,4,0,4,0,10,7,4,4,3,3,4,2,8,6,9,2
14,14,4,0,4,0,10,6,4,4,3,2,4,2,8,4,5,2
14,14,4,0,4,0,10,6,4,4,3,2,4,2,8,4,5,2
14,14,4,0,4,0,10,6,4,3,3,2,4,2,8,4,5,2
14,14,4,0,4,0,9,6,4,3,3,2,3,2,8,4,5,2
14,14,4,0,4,0,9,6,4,3,3,2,3,2,8,4,0,2
14,14,4,0,4,0,9,6,4,3,3,2,3,2,8,4,0,1
14,14,4,0,4,0,9,6,4,3,3,2,3,2,8,4,0,1
14,14,4,0,4,0,9,6,4,3,3,2,3,2,8,4,0,1
14,14,4,0,4,0,9,6,4,3,3,2,3,2,8,4,0,1
14,14,4,0,4,0,9,6,4,3,3,2,3,2,8,4,0,1
14,14,4,0,4,0,9,6,4,3,3,2,3,2,7,4,0,1
15,15,4,0,4,0,9,6,4,3,3,2,3,2,4,4,0,1
15,15,4,0,4,0,9,6,4,3,3,2,3,2,4,4,0,1
15,15,4,0,4,0,9,6,4,3,3,2,3,2,4,4,0,1
15,15,4,0,4,0,9,6,4,3,3,2,3,2,4,4,0,1
15,15,4,0,4,0,9,6,4,3,3,2,3,2,4,4,0,1
15,15,4,0,4,0,9,6,4,3,3,2,3,2,4,4,0,1
15,15,4,0,4,0,9,6,4,3,3,2,3,2,4,4,8,1
15,15,4,0,4,0,10,9,4,4,3,3,4,3,5,3,8,2
15,15,4,0,4,0,10,9,4,4,3,3,4,3,5,3,8,3
15,15,4,0,4,0,10,10,4,4,3,3,4,3,5,5,9,4
15,15,4,0,4,0,10,10,4,4,3,3,4,3,5,5,9,4
15,15,4,0,4,0,10,10,4,4,3,2,4,3,5,5,9,4
15,15,4,0,4,0,10,10,4,4,3,3,4,3,5,5,9,4
15,15,4,0,4,0,10,8,4,4,3,3,4,3,5,5,5,4
15,15,4,0,4,0,10,9,4,4,3,3,4,3,5,5,5,4
15,15,4,0,4,0,10,8,4,3,3,3,4,3,4,4,5,2
15,15,4,0,4,0,9,8,4,3,3,3,3,3,4,4,5,2
15,15,4,0,4,0,9,7,4,3,3,3,3,3,4,4,0,1
15,15,4,0,4,0,9,7,4,3,3,3,3,3,4,3,0,1
15,15,4,0,4,0,9,7,4,3,3,3,3,3,4,3,0,1
15,15,4,0,4,0,9,7,4,3,3,3,3,3,4,3,0,1
15,15,4,0,4,0,9,7,4,3,3,3,3,3,4,3,0,1
15,15,4,0,4,0,9,7,4,3,3,3,3,3,4,3,0,1
15,15,4,0,4,0,9,7,4,3,3,3,3,3,4,3,0,1
16,16,4,0,4,0,9,7,4,3,3,3,3,3,7,3,0,1
16,16,4,0,4,0,9,7,4,3,3,3,3,3,7,3,0,1
16,16,4,0,4,0,9,7,4,3,3,3,3,3,7,3,0,1
16,16,4,0,4,0,9,7,4,3,3,3,3,3,7,3,0,1
16,16,4,0,4,0,9,7,4,3,3,3,3,3,7,3,0,1
16,16,4,0,4,0,9,7,4,3,3,3,3,3,7,3,0,1
16,16,4,0,4,0,9,7,4,3,3,3,3,3,10,3,8,1
16,16,4,0,4,0,10,8,4,3,3,1,4,4,10,5,8,1
16,16,4,0,4,0,10,9,4,2,3,1,4,4,10,7,8,1
16,16,4,0,4,0,10,10,4,3,3,1,4,4,10,9,9,2
16,16,4,0,4,0,10,10,4,3,3,1,4,4,10,10,9,2
16,16,4,0,4,0,10,10,4,4,3,1,4,4,10,10,9,2
16,16,4,0,4,0,10,10,4,4,3,1,4,4,10,10,9,2
16,16,4,0,4,0,10,10,4,4,3,1,4,4,10,9,5,2
16,16,4,0,4,0,10,10,4,2,3,1,4,4,10,9,5,2
16,16,4,0,4,0,10,9,4,2,3,1,4,4,8,8,5,1
16,16,4,0,4,0,9,9,4,2,3,1,3,4,8,8,5,1
16,16,4,0,4,0,9,9,4,2,3,1,3,4,8,8,0,0
16,16,4,0,4,0,9,9,4,2,3,1,3,4,8,8,0,0
16,16,4,0,4,0,9,9,4,2,3,1,3,4,8,7,0,0
16,16,4,0,4,0,9,9,4,2,3,1,3,4,8,7,0,0
16,16,4,0,4,0,9,8,4,2,3,1,3,4,8,7,0,0
16,16,4,0,4,0,9,8,4,2,3,1,3,4,8,7,0,0
16,16,4,0,4,0,9,8,4,2,3,1,3,4,7,7,0,0
17,17,4,0,4,0,9,8,4,2,3,1,3,4,7,7,0,0
17,17,4,0,4,0,9,8,4,2,3,1,3,4,7,7,0,0
17,17,4,0,4,0,9,8,4,2,3,1,3,4,7,7,0,0
17,17,4,0,4,0,9,8,4,2,3,1,3,4,7,7,0,0
17,17,4,0,4,0,9,8,4,2,3,1,3,4,7,7,0,0
17,17,4,0,4,0,9,8,4,2,3,1,3,4,7,7,0,0
17,17,4,0,4,0,9,8,4,2,3,1,3,4,8,7,8,0
17,17,4,0,4,0,10,9,4,2,3,1,4,4,8,8,8,0
17,17,4,0,4,0,10,10,4,2,3,1,4,4,8,8,8,0
17,17,4,0,4,0,10,10,4,2,3,1,4,4,8,8,9,0
17,17,4,0,4,0,10,10,4,1,3,1,4,4,8,8,9,0
17,17,4,0,4,0,10,9,4,1,3,1,4,4,8,8,9,0
17,17,4,0,4,0,10,9,4,1,3,1,4,4,8,8,9,0
17,17,4,0,4,0,10,9,4,1,3,1,4,4,8,8,5,0
17,17,4,0,4,0,10,10,4,1,3,1,4,4,8,8,5,0
17,17,4,0,4,0,10,10,4,1,3,1,4,4,8,8,5,0
17,17,4,0,4,0,9,10,4,1,3,1,3,4,8,8,5,0
17,17,4,0,4,0,9,10,4,1,3,1,3,4,8,8,0,0
17,17,4,0,4,0,9,10,4,1,3,1,3,4,8,8,0,0
17,17,4,0,4,0,9,10,4,1,3,1,3,4,8,8,0,0
17,17,4,0,4,0,9,10,4,1,3,1,3,4,8,8,0,0
17,17,4,0,4,0,9,10,4,1,3,1,3,4,8,8,0,0
17,17,4,0,4,0,9,10,4,1,3,1,3,4,8,7,0,0
17,17,4,0,4,0,9,10,4,1,3,1,3,4,7,7,0,0
18,18,4,0,4,0,9,10,4,1,3,1,3,4,7,7,0,0
18,18,4,0,4,0,9,10,4,1,3,1,3,4,7,7,0,0
18,18,4,0,4,0,9,10,4,1,3,1,3,4,7,7,0,0
18,18,4,0,4,0,9,10,4,1,3,1,3,4,7,7,0,0
18,18,4,0,4,0,9,10,4,1,3,1,3,4,7,7,0,0
18,18,4,0,4,0,9,10,4,1,3,1,3,4,7,7,0,0
18,18,4,0,4,0,9,10,4,1,3,1,3,4,8,7,8,0
18,18,4,0,4,0,10,10,4,1,3,2,4,4,8,8,8,1
18,18,4,0,4,0,10,10,4,2,3,3,4,4,8,8,8,1
18,18,4,0,4,0,10,10,4,3,3,3,4,4,8,8,9,2
18,18,4,0,4,0,10,10,4,4,3,3,4,4,8,8,9,2
18,18,4,0,4,0,10,10,4,4,3,3,4,4,8,7,9,2
18,18,4,0,4,0,10,10,4,4,3,3,4,4,8,8,9,2
18,18,4,0,4,0,10,10,4,4,3,3,4,4,8,8,5,2
18,18,4,0,4,0,10,10,4,2,3,3,4,4,8,8,5,2
18,18,4,0,4,0,10,10,4,2,3,2,4,4,8,6,5,1
18,18,4,0,4,0,9,10,4,2,3,2,3,4,8,6,5,1
18,18,4,0,4,0,9,10,4,2,3,2,3,4,8,6,0,1
18,18,4,0,4,0,9,10,4,2,3,2,3,4,8,6,0,1
18,18,4,0,4,0,9,10,4,2,3,2,3,4,8,6,0,1
18,18,4,0,4,0,9,9,4,2,3,2,3,4,8,5,0,1
18,18,4,0,4,0,9,9,4,2,3,2,3,4,8,4,0,1
18,18,4,0,4,0,9,9,4,2,3,2,3,4,8,4,0,1
18,18,4,0,4,0,9,9,4,2,3,2,3,4,7,4,0,1
19,19,4,0,3,0,8,9,3,2,2,2,2,4,7,4,0,1
19,19,4,0,3,0,8,9,3,2,2,2,2,4,7,4,0,1
19,19,4,0,3,0,8,9,3,2,2,2,2,4,7,4,0,1
19,19,4,0,3,0,8,9,3,2,2,2,2,4,7,4,0,1
19,19,4,0,3,0,8,9,3,2,2,2,2,4,7,4,0,1
19,19,4,0,3,0,8,9,3,2,2,2,2,4,7,4,0,1
19,19,4,0,3,0,8,9,3,2,2,2,3,4,10,4,0,1
19,19,4,0,3,0,8,8,3,2,2,2,3,3,10,2,0,0
19,19,4,0,3,0,8,8,3,2,2,2,3,3,10,2,0,0
19,19,4,0,3,0,8,8,3,2,2,2,3,3,10,2,0,0
19,19,4,0,3,0,8,8,3,2,2,2,3,3,10,2,0,0
19,19,4,0,3,0,8,8,3,2,2,2,3,3,10,2,0,0
19,19,4,0,3,0,8,8,3,2,2,2,3,3,10,2,0,0
19,19,4,0,3,0,8,8,3,2,2,2,3,3,10,2,0,0
19,19,4,0,3,0,8,8,3,2,2,2,3,3,10,2,0,0
19,19,4,0,3,0,8,8,3,2,2,2,2,3,8,2,0,0
19,19,4,0,3,0,8,8,3,2,2,2,2,3,8,2,0,0
19,19,4,0,3,0,8,8,3,2,2,2,2,3,8,2,0,0
19,19,4,0,3,0,8,8,3,2,2,2,2,3,8,2,0,0
19,19,4,0,3,0,8,8,3,2,2,2,2,3,8,2,0,0
19,19,4,0,3,0,8,8,3,2,2,2,2,3,8,2,0,0
19,19,4,0,3,0,8,8,3,2,2,2,2,3,8,2,0,0
19,19,4,0,3,0,8,8,3,2,2,2,2,3,8,2,0,0
19,19,4,0,3,0,8,8,3,2,2,2,2,3,7,2,0,0
20,20,4,0,3,0,8,8,3,2,2,2,2,3,4,2,0,0
20,20,4,0,3,0,8,8,3,2,2,2,2,3,4,2,0,0
20,20,4,0,3,0,8,8,3,2,2,2,2,3,4,2,0,0
20,20,4,0,3,0,8,8,3,2,2,2,2,3,4,2,0,0
20,20,4,0,3,0,8,8,3,2,2,2,2,3,4,2,0,0
20,20,4,0,3,0,8,8,3,2,2,2,2,3,4,2,0,0
20,20,4,0,3,0,8,8,3,2,2,2,3,3,4,2,0,0
20,20,4,0,3,0,8,8,3,2,2,2,3,2,5,2,0,0
20,20,4,0,3,0,8,8,3,2,2,2,3,2,5,2,0,0
20,20,4,0,3,0,8,8,3,2,2,2,3,2,5,2,0,0
20,20,4,0,3,0,8,8,3,2,2,2,3,2,5,2,0,0
20,20,4,0,3,0,8,8,3,2,2,2,3,2,5,2,0,0
20,20,4,0,3,0,8,8,3,2,2,2,3,2,5,2,0,0
20,20,4,0,3,0,8,8,3,2,2,2,3,2,5,2,0,0
20,20,4,0,3,0,8,7,3,2,2,2,3,2,5,2,0,0
20,20,4,0,3,0,8,7,3,2,2,2,2,2,4,2,0,0
20,20,4,0,3,0,8,7,3,2,2,2,2,2,4,2,0,0
20,20,4,0,3,0,8,7,3,2,2,2,2,2,4,2,0,0
20,20,4,0,3,0,8,7,3,2,2,2,2,2,4,2,0,0
20,20,4,0,3,0,8,7,3,2,2,2,2,2,4,1,0,0
20,20,4,0,3,0,8,7,3,2,2,2,2,2,4,1,0,0
20,20,4,0,3,0,8,7,3,2,2,2,2,2,4,1,0,0
20,20,4,0,3,0,8,7,3,2,2,2,2,2,4,1,0,0
20,20,4,0,3,0,8,7,3,2,2,2,2,2,4,1,0,0
21,21,4,0,4,0,9,7,4,2,3,2,3,2,7,1,0,0
21,21,4,0,4,0,9,7,4,2,3,2,3,2,7,1,0,0
21,21,4,0,4,0,9,7,4,2,3,2,3,2,7,1,0,0
21,21,4,0,4,0,9,7,4,2,3,2,3,2,7,1,0,0
21,21,4,0,4,0,9,7,4,2,3,2,3,2,7,1,0,0
21,21,4,0,4,0,9,7,4,2,3,2,3,2,7,1,0,0
21,21,4,0,4,0,9,7,4,2,3,2,3,2,8,1,8,0
21,21,4,0,4,0,10,7,4,4,3,2,4,3,8,3,8,1
21,21,4,0,4,0,10,8,4,4,3,3,4,3,8,3,8,1
21,21,4,0,4,0,10,9,4,4,3,3,4,3,8,4,9,1
21,21,4,0,4,0,10,9,4,4,3,3,4,2,8,4,9,1
21,21,4,0,4,0,10,9,4,4,3,3,4,1,8,4,9,1
21,21,4,0,4,0,10,9,4,4,3,3,4,1,8,4,9,1
21,21,4,0,4,0,10,8,4,4,3,3,4,1,8,3,5,1
21,21,4,0,4,0,10,8,4,4,3,3,4,1,8,3,5,1
21,21,4,0,4,0,10,8,4,4,3,3,4,1,8,3,5,1
21,21,4,0,4,0,9,8,4,4,3,3,3,1,8,3,5,1
21,21,4,0,4,0,9,8,4,4,3,3,3,1,8,3,0,1
21,21,4,0,4,0,9,8,4,2,3,3,3,1,8,3,0,1
21,21,4,0,4,0,9,8,4,2,3,3,3,1,8,3,0,1
21,21,4,0,4,0,9,8,4,2,3,3,3,1,8,3,0,1
21,21,4,0,4,0,9,8,4,2,3,3,3,1,8,3,0,1
21,21,4,0,4,0,9,8,4,2,3,3,3,1,8,3,0,0
21,21,4,0,4,0,9,8,4,2,3,3,3,1,7,3,0,0
22,22,4,0,4,0,9,8,4,2,3,3,3,1,4,3,0,0
22,22,4,0,4,0,9,8,4,2,3,3,3,1,4,3,0,0
22,22,4,0,4,0,9,8,4,2,3,3,3,1,4,3,0,0
22,22,4,0,4,0,9,8,4,2,3,3,3,1,4,3,0,0
22,22,4,0,4,0,9,8,4,2,3,3,3,1,4,3,0,0
22,22,4,0,4,0,9,8,4,2,3,3,3,1,4,3,0,0
22,22,4,0,4,0,9,8,4,2,3,3,3,1,4,3,8,0
22,22,4,0,4,0,10,9,4,4,3,3,4,2,5,5,8,5
22,22,4,0,4,0,10,10,4,4,3,3,4,2,5,5,8,6
22,22,4,0,4,0,10,10,4,4,3,3,4,2,5,6,9,7
22,22,4,0,4,0,10,10,4,4,3,3,4,2,5,6,9,8
22,22,4,0,4,0,10,10,4,3,3,3,4,2,5,6,9,8
22,22,4,0,4,0,10,10,4,4,3,3,4,2,5,6,9,8
22,22,4,0,4,0,10,10,4,4,3,3,4,2,5,6,5,8
22,22,4,0,4,0,10,10,4,4,3,3,4,2,5,6,5,8
22,22,4,0,4,0,10,10,4,3,3,3,4,2,4,6,5,6
22,22,4,0,4,0,9,10,4,3,3,3,3,2,4,5,5,5
22,22,4,0,4,0,9,10,4,3,3,3,3,2,4,5,0,5
22,22,4,0,4,0,9,10,4,3,3,3,3,2,4,5,0,5
22,22,4,0,4,0,9,9,4,3,3,3,3,2,4,5,0,5
22,22,4,0,4,0,9,9,4,3,3,3,3,2,4,5,0,5
22,22,4,0,4,0,9,9,4,2,3,2,3,2,4,5,0,4
22,22,4,0,4,0,9,8,4,2,3,2,3,2,4,5,0,4
22,22,4,0,4,0,9,8,4,2,3,2,3,2,4,5,0,4
23,23,4,0,4,0,9,8,4,2,3,2,3,2,7,7,0,4
23,23,4,0,4,0,9,8,4,2,3,2,3,2,7,7,0,4
23,23,4,0,4,0,9,8,4,2,3,2,3,2,7,7,0,4
23,23,4,0,4,0,9,8,4,2,3,2,3,2,7,7,0,4
23,23,4,0,4,0,9,8,4,2,3,2,3,2,7,7,0,4
23,23,4,0,4,0,9,8,4,2,3,2,3,2,7,7,0,4
23,23,4,0,4,0,9,8,4,2,3,2,3,2,10,8,8,4
23,23,4,0,4,0,10,10,4,2,3,1,4,3,10,9,8,1
23,23,4,0,4,0,10,10,4,2,3,1,4,3,10,10,8,1
23,23,4,0,4,0,10,10,4,3,3,1,4,3,10,10,9,0
23,23,4,0,4,0,10,10,4,4,3,1,4,2,10,10,9,0
23,23,4,0,4,0,10,10,4,4,3,1,4,2,10,10,9,0
23,23,4,0,4,0,10,10,4,4,3,1,4,2,10,10,9,0
23,23,4,0,4,0,10,10,4,4,3,1,4,2,10,9,5,0
23,23,4,0,4,0,10,10,4,4,3,1,4,2,10,9,5,0
23,23,4,0,4,0,10,10,4,4,3,1,4,2,8,9,5,0
23,23,4,0,4,0,9,10,4,4,3,1,3,2,8,9,5,0
23,23,4,0,4,0,9,10,4,4,3,1,3,2,8,9,0,0
23,23,4,0,4,0,9,10,4,4,3,1,3,2,8,9,0,0
23,23,4,0,4,0,9,10,4,4,3,1,3,2,8,9,0,0
23,23,4,0,4,0,9,10,4,4,3,1,3,2,8,9,0,0
23,23,4,0,4,0,9,9,4,4,3,1,3,2,8,8,0,0
23,23,4,0,4,0,9,9,4,4,3,1,3,2,8,8,0,0
23,23,4,0,4,0,9,9,4,4,3,1,3,2,7,8,0,0
24,24,4,0,4,0,9,9,4,4,3,1,3,2,7,8,0,0
24,24,4,0,4,0,9,9,4,4,3,1,3,2,7,8,0,0
24,24,4,0,4,0,9,9,4,4,3,1,3,2,7,8,0,0
24,24,4,0,4,0,9,9,4,4,3,1,3,2,7,8,0,0
24,24,4,0,4,0,9,9,4,4,3,1,3,2,7,8,0,0
24,24,4,0,4,0,9,9,4,4,3,1,3,2,7,8,0,0
24,24,4,0,4,0,9,9,4,4,3,1,3,2,8,8,8,0
24,24,4,0,4,0,10,9,4,4,3,2,4,3,8,8,8,0
24,24,4,0,4,0,10,10,4,4,3,2,4,3,8,7,8,0
24,24,4,0,4,0,10,10,4,4,3,2,4,3,8,8,9,0
24,24,4,0,4,0,10,10,4,4,3,1,4,3,8,8,9,0
24,24,4,0,4,0,10,10,4,4,3,1,4,3,8,8,9,0
24,24,4,0,4,0,10,10,4,4,3,1,4,3,8,8,9,0
24,24,4,0,4,0,10,10,4,4,3,1,4,3,8,8,5,0
24,24,4,0,4,0,10,10,4,4,3,1,4,3,8,7,5,0
24,24,4,0,4,0,10,10,4,4,3,1,4,3,8,7,5,0
24,24,4,0,4,0,9,10,4,4,3,1,3,3,8,7,5,0
24,24,4,0,4,0,9,10,4,4,3,1,3,3,8,7,0,0
24,24,4,0,4,0,9,10,4,4,3,1,3,3,8,7,0,0
24,24,4,0,4,0,9,10,4,4,3,1,3,3,8,6,0,0
24,24,4,0,4,0,9,10,4,4,3,1,3,3,8,6,0,0
24,24,4,0,4,0,9,9,4,4,3,1,3,3,8,6,0,0
24,24,4,0,4,0,9,9,4,4,3,1,3,3,8,6,0,0
24,24,4,0,4,0,9,9,4,4,3,1,3,3,7,6,0,0
25,25,4,0,4,0,9,9,4,4,3,1,3,3,7,6,0,0
25,25,4,0,4,0,9,9,4,4,3,1,3,3,7,6,0,0
25,25,4,0,4,0,9,9,4,4,3,1,3,3,7,6,0,0
25,25,4,0,4,0,9,9,4,4,3,1,3,3,7,6,0,0
25,25,4,0,4,0,9,9,4,4,3,1,3,3,7,6,0,0
25,25,4,0,4,0,9,9,4,4,3,1,3,3,7,6,0,0
25,25,4,0,4,0,9,9,4,4,3,1,3,3,8,6,8,0
25,25,4,0,4,0,10,10,4,4,3,2,4,3,8,8,8,1
25,25,4,0,4,0,10,10,4,4,3,3,4,3,8,8,8,1
25,25,4,0,4,0,10,10,4,4,3,3,4,3,8,8,9,2
25,25,4,0,4,0,10,10,4,4,3,3,4,3,8,8,9,3
25,25,4,0,4,0,10,10,4,4,3,3,4,3,8,9,9,4
25,25,4,0,4,0,10,10,4,4,3,3,4,3,8,9,9,4
25,25,4,0,4,0,10,10,4,4,3,3,4,3,8,9,5,4
25,25,4,0,4,0,10,10,4,4,3,2,4,3,8,9,5,4
25,25,4,0,4,0,10,10,4,4,3,2,4,3,8,8,5,1
25,25,4,0,4,0,9,10,4,4,3,2,3,3,8,8,5,1
25,25,4,0,4,0,9,10,4,4,3,2,3,2,8,8,0,1
25,25,4,0,4,0,9,10,4,4,3,2,3,2,8,7,0,1
25,25,4,0,4,0,9,10,4,4,3,2,3,2,8,7,0,1
25,25,4,0,4,0,9,9,4,4,3,2,3,2,8,6,0,1
25,25,4,0,4,0,9,9,4,4,3,2,3,2,8,6,0,1
25,25,4,0,4,0,9,8,4,4,3,2,3,2,8,6,0,1
25,25,4,0,4,0,9,8,4,4,3,2,3,2,7,6,0,1
26,26,4,0,3,0,8,8,3,4,2,2,2,2,7,6,0,1
26,26,4,0,3,0,8,8,3,4,2,2,2,2,7,6,0,1
26,26,4,0,3,0,8,8,3,4,2,2,2,2,7,6,0,1
26,26,4,0,3,0,8,8,3,4,2,2,2,2,7,6,0,1
26,26,4,0,3,0,8,8,3,4,2,2,2,2,7,6,0,1
26,26,4,0,3,0,8,8,3,4,2,2,2,2,7,6,0,1
26,26,4,0,3,0,8,8,3,4,2,2,3,2,10,6,0,1
26,26,4,0,3,0,8,6,3,4,2,2,3,1,10,5,0,1
26,26,4,0,3,0,8,6,3,4,2,2,3,1,10,5,0,1
26,26,4,0,3,0,8,6,3,4,2,2,3,1,10,5,0,0
26,26,4,0,3,0,8,6,3,4,2,2,3,1,10,5,0,0
26,26,4,0,3,0,8,6,3,3,2,2,3,1,10,5,0,0
26,26,4,0,3,0,8,6,3,3,2,2,3,1,10,5,0,0
26,26,4,0,3,0,8,6,3,3,2,2,3,1,10,5,0,0
26,26,4,0,3,0,8,6,3,3,2,2,3,1,10,5,0,0
26,26,4,0,3,0,8,6,3,3,2,2,2,1,8,5,0,0
26,26,4,0,3,0,8,6,3,3,2,2,2,1,8,5,0,0
26,26,4,0,3,0,8,6,3,3,2,2,2,0,8,5,0,0
26,26,4,0,3,0,8,6,3,3,2,2,2,0,8,5,0,0
26,26,4,0,3,0,8,6,3,3,2,2,2,0,8,5,0,0
26,26,4,0,3,0,8,6,3,3,2,2,2,0,8,5,0,0
26,26,4,0,3,0,8,6,3,3,2,2,2,0,8,5,0,0
26,26,4,0,3,0,8,6,3,3,2,2,2,0,8,5,0,0
26,26,4,0,3,0,8,6,3,3,2,2,2,0,7,5,0,0
27,27,4,0,3,0,8,6,3,3,2,2,2,0,4,5,0,0
27,27,4,0,3,0,8,6,3,3,2,2,2,0,4,5,0,0
27,27,4,0,3,0,8,6,3,3,2,2,2,0,4,5,0,0
27,27,4,0,3,0,8,6,3,3,2,2,2,0,4,5,0,0
27,27,4,0,3,0,8,6,3,3,2,2,2,0,4,5,0,0
27,27,4,0,3,0,8,6,3,3,2,2,2,0,4,5,0,0
27,27,4,0,3,0,8,6,3,3,2,2,3,0,4,5,0,0
27,27,4,0,3,0,8,5,3,3,2,2,3,0,5,4,0,0
27,27,4,0,3,0,8,5,3,3,2,2,3,0,5,4,0,0
27,27,4,0,3,0,8,5,3,3,2,2,3,0,5,4,0,0
27,27,4,0,3,0,8,5,3,3,2,2,3,0,5,4,0,0
27,27,4,0,3,0,8,5,3,3,2,2,3,0,5,4,0,0
27,27,4,0,3,0,8,5,3,3,2,2,3,0,5,4,0,0
27,27,4,0,3,0,8,5,3,3,2,2,3,0,5,4,0,0
27,27,4,0,3,0,8,5,3,3,2,2,3,0,5,4,0,0
27,27,4,0,3,0,8,5,3,3,2,2,2,0,4,4,0,0
27,27,4,0,3,0,8,5,3,3,2,2,2,0,4,4,0,0
27,27,4,0,3,0,8,5,3,3,2,2,2,0,4,4,0,0
27,27,4,0,3,0,8,5,3,3,2,2,2,0,4,4,0,0
27,27,4,0,3,0,8,5,3,3,2,2,2,0,4,4,0,0
27,27,4,0,3,0,8,5,3,3,2,2,2,0,4,4,0,0
27,27,4,0,3,0,8,5,3,3,2,2,2,0,4,4,0,0
27,27,4,0,3,0,8,5,3,3,2,2,2,0,4,4,0,0
27,27,4,0,3,0,8,5,3,3,2,2,2,0,4,4,0,0
0,28,4,0,4,0,9,5,4,3,3,2,3,0,7,4,0,0
0,28,4,0,4,0,9,5,4,3,3,2,3,0,7,4,0,0
0,28,4,0,4,0,9,5,4,3,3,2,3,0,7,4,0,0
0,28,4,0,4,0,9,5,4,3,3,2,3,0,7,4,0,0
0,28,4,0,4,0,9,5,4,3,3,2,3,0,7,4,0,0
0,28,4,0,4,0,9,5,4,3,3,2,3,0,7,4,0,0
0,28,4,0,4,0,9,5,4,3,3,2,3,0,8,4,8,0
0,28,4,0,4,0,10,8,4,4,3,3,4,1,8,5,8,2
0,28,4,0,4,0,10,9,4,3,3,3,4,1,8,5,8,2
0,28,4,0,4,0,10,9,4,3,3,3,4,1,8,7,9,2
0,28,4,0,4,0,10,10,4,3,3,3,4,1,8,7,9,2
0,28,4,0,4,0,10,10,4,4,3,3,4,1,8,7,9,2
0,28,4,0,4,0,10,10,4,4,3,3,4,1,8,8,9,2
0,28,4,0,4,0,10,10,4,4,3,3,4,1,8,6,5,2
0,28,4,0,4,0,10,8,4,4,3,3,4,0,8,6,5,1
0,28,4,0,4,0,10,8,4,4,3,3,4,0,8,5,5,1
0,28,4,0,4,0,9,8,4,4,3,3,3,0,8,5,5,1
0,28,4,0,4,0,9,8,4,4,3,3,3,0,8,5,0,1
0,28,4,0,4,0,9,8,4,4,3,3,3,0,8,5,0,1
0,28,4,0,4,0,9,7,4,4,3,3,3,0,8,5,0,1
0,28,4,0,4,0,9,6,4,4,3,3,3,0,8,4,0,1
0,28,4,0,4,0,9,6,4,4,3,3,3,0,8,3,0,1
0,28,4,0,4,0,9,6,4,4,3,3,3,0,8,3,0,0
0,28,4,0,4,0,9,6,4,4,3,3,3,0,7,3,0,0
1,29,4,0,4,0,9,6,4,4,3,3,3,0,4,3,0,0
1,29,4,0,4,0,9,6,4,4,3,3,3,0,4,3,0,0
1,29,4,0,4,0,9,6,4,4,3,3,3,0,4,3,0,0
1,29,4,0,4,0,9,6,4,4,3,3,3,0,4,3,0,0
1,29,4,0,4,0,9,6,4,4,3,3,3,0,4,3,0,0
1,29,4,0,4,0,9,6,4,4,3,3,3,0,4,3,0,0
1,29,4,0,4,0,9,6,4,4,3,3,3,0,4,3,8,0
1,29,4,0,4,0,10,10,4,4,3,3,4,1,5,5,8,1
1,29,4,0,4,0,10,10,4,4,3,3,4,1,5,5,8,1
1,29,4,0,4,0,10,10,4,4,3,3,4,1,5,5,9,2
1,29,4,0,4,0,10,10,4,4,3,3,4,1,5,5,9,2
1,29,4,0,4,0,10,10,4,4,3,3,4,1,5,5,9,2
1,29,4,0,4,0,10,10,4,4,3,3,4,1,5,5,9,2
1,29,4,0,4,0,10,10,4,4,3,3,4,1,5,5,5,2
1,29,4,0,4,0,10,9,4,4,3,3,4,1,5,5,5,2
1,29,4,0,4,0,10,9,4,4,3,3,4,1,4,5,5,2
1,29,4,0,4,0,9,9,4,4,3,3,3,1,4,5,5,2
1,29,4,0,4,0,9,9,4,4,3,3,3,1,4,5,0,2
1,29,4,0,4,0,9,9,4,4,3,3,3,1,4,5,0,2
1,29,4,0,4,0,9,9,4,4,3,3,3,1,4,5,0,2
1,29,4,0,4,0,9,9,4,4,3,3,3,1,4,5,0,2
1,29,4,0,4,0,9,9,4,4,3,3,3,1,4,5,0,2
1,29,4,0,4,0,9,9,4,4,3,3,3,1,4,5,0,0
1,29,4,0,4,0,9,9,4,4,3,3,3,1,4,5,0,0
2,30,4,0,4,0,9,9,4,4,3,3,3,1,7,5,0,0
2,30,4,0,4,0,9,9,4,4,3,3,3,1,7,5,0,0
2,30,4,0,4,0,9,9,4,4,3,3,3,1,7,5,0,0
2,30,4,0,4,0,9,9,4,4,3,3,3,1,7,5,0,0
2,30,4,0,4,0,9,9,4,4,3,3,3,1,7,5,0,0
2,30,4,0,4,0,9,9,4,4,3,3,3,1,7,5,0,0
2,30,4,0,4,0,9,9,4,4,3,3,3,1,10,5,8,0
2,30,4,0,4,0,10,9,4,3,3,3,4,1,10,10,8,1
2,30,4,0,4,0,10,10,4,4,3,3,4,1,10,10,8,1
2,30,4,0,4,0,10,10,4,4,3,3,4,1,10,10,9,1
2,30,4,0,4,0,10,10,4,4,3,3,4,1,10,10,9,1
2,30,4,0,4,0,10,10,4,4,3,3,4,1,10,10,9,1
2,30,4,0,4,0,10,10,4,4,3,3,4,1,10,10,9,0
2,30,4,0,4,0,10,10,4,4,3,3,4,1,10,10,5,0
2,30,4,0,4,0,10,10,4,4,3,3,4,1,10,10,5,0
2,30,4,0,4,0,10,10,4,4,3,3,4,1,8,10,5,0
2,30,4,0,4,0,9,10,4,3,3,3,3,1,8,9,5,0
2,30,4,0,4,0,9,10,4,3,3,3,3,1,8,9,0,0
2,30,4,0,4,0,9,9,4,3,3,3,3,1,8,8,0,0
2,30,4,0,4,0,9,9,4,3,3,3,3,1,8,8,0,0
2,30,4,0,4,0,9,9,4,3,3,3,3,1,8,8,0,0
2,30,4,0,4,0,9,9,4,3,3,2,3,1,8,8,0,0
2,30,4,0,4,0,9,9,4,3,3,2,3,1,8,8,0,0
2,30,4,0,4,0,9,9,4,3,3,2,3,1,7,8,0,0
3,31,4,0,4,0,9,9,4,3,3,2,3,1,7,8,0,0
3,31,4,0,4,0,9,9,4,3,3,2,3,1,7,8,0,0
3,31,4,0,4,0,9,9,4,3,3,2,3,1,7,8,0,0
3,31,4,0,4,0,9,9,4,3,3,2,3,1,7,8,0,0
3,31,4,0,4,0,9,9,4,3,3,2,3,1,7,8,0,0
3,31,4,0,4,0,9,9,4,3,3,2,3,1,7,8,0,0
3,31,4,0,4,0,9,9,4,3,3,2,3,1,8,8,8,0
3,31,4,0,4,0,10,10,4,3,3,1,4,2,8,8,8,0
3,31,4,0,4,0,10,10,4,3,3,1,4,2,8,8,8,0
3,31,4,0,4,0,10,10,4,2,3,1,4,2,8,8,9,0
3,31,4,0,4,0,10,10,4,2,3,1,4,2,8,8,9,0
3,31,4,0,4,0,10,10,4,2,3,1,4,2,8,8,9,0
3,31,4,0,4,0,10,10,4,2,3,1,4,2,8,8,9,0
3,31,4,0,4,0,10,10,4,2,3,1,4,2,8,8,5,0
3,31,4,0,4,0,10,10,4,2,3,1,4,2,8,8,5,0
3,31,4,0,4,0,10,10,4,2,3,1,4,2,8,8,5,0
3,31,4,0,4,0,9,10,4,2,3,1,3,2,8,8,5,0
3,31,4,0,4,0,9,10,4,2,3,1,3,2,8,8,0,0
3,31,4,0,4,0,9,10,4,2,3,1,3,2,8,8,0,0
3,31,4,0,4,0,9,10,4,2,3,1,3,2,8,8,0,0
3,31,4,0,4,0,9,10,4,2,3,1,3,2,8,8,0,0
3,31,4,0,4,0,9,10,4,2,3,1,3,2,8,8,0,0
3,31,4,0,4,0,9,10,4,1,3,1,3,2,8,7,0,0
3,31,4,0,4,0,9,10,4,1,3,1,3,2,7,7,0,0
4,32,4,0,4,0,9,10,4,1,3,1,3,2,7,7,0,0
4,32,4,0,4,0,9,10,4,1,3,1,3,2,7,7,0,0
4,32,4,0,4,0,9,10,4,1,3,1,3,2,7,7,0,0
4,32,4,0,4,0,9,10,4,1,3,1,3,2,7,7,0,0
4,32,4,0,4,0,9,10,4,1,3,1,3,2,7,7,0,0
4,32,4,0,4,0,9,10,4,1,3,1,3,2,7,7,0,0
4,32,4,0,4,0,9,10,4,1,3,1,3,2,8,7,8,0
4,32,4,0,4,0,10,10,4,1,3,2,4,3,8,8,8,1
4,32,4,0,4,0,10,10,4,2,3,3,4,3,8,8,8,1
4,32,4,0,4,0,10,10,4,3,3,3,4,3,8,8,9,1
4,32,4,0,4,0,10,10,4,4,3,3,4,3,8,8,9,1
4,32,4,0,4,0,10,10,4,4,3,3,4,3,8,8,9,1
4,32,4,0,4,0,10,10,4,4,3,3,4,3,8,7,9,1
4,32,4,0,4,0,10,10,4,3,3,3,4,3,8,7,5,1
4,32,4,0,4,0,10,10,4,2,3,3,4,3,8,7,5,1
4,32,4,0,4,0,10,10,4,2,3,3,4,3,8,7,5,1
4,32,4,0,4,0,9,10,4,2,3,3,3,3,8,7,5,1
4,32,4,0,4,0,9,10,4,2,3,3,3,3,8,7,0,1
4,32,4,0,4,0,9,10,4,2,3,3,3,3,8,7,0,1
4,32,4,0,4,0,9,10,4,2,3,3,3,3,8,7,0,1
4,32,4,0,4,0,9,10,4,2,3,3,3,3,8,7,0,1
4,32,4,0,4,0,9,10,4,2,3,3,3,2,8,7,0,1
4,32,4,0,4,0,9,10,4,1,3,3,3,2,8,7,0,1
4,32,4,0,4,0,9,10,4,1,3,3,3,2,7,7,0,1
5,33,4,0,3,0,8,10,3,1,2,3,2,2,7,7,0,1
5,33,4,0,3,0,8,10,3,1,2,3,2,2,7,7,0,1
5,33,4,0,3,0,8,10,3,1,2,3,2,2,7,7,0,1
5,33,4,0,3,0,8,10,3,1,2,3,2,2,7,7,0,1
5,33,4,0,3,0,8,10,3,1,2,3,2,2,7,7,0,1
5,33,4,0,3,0,8,10,3,1,2,3,2,2,7,7,0,1
5,33,4,0,3,0,8,10,3,1,2,3,3,2,10,7,0,1
5,33,4,0,3,0,8,10,3,1,2,2,3,2,10,6,0,0
5,33,4,0,3,0,8,10,3,1,2,2,3,2,10,6,0,0
5,33,4,0,3,0,8,9,3,1,2,2,3,2,10,6,0,0
5,33,4,0,3,0,8,9,3,1,2,2,3,2,10,6,0,0
5,33,4,0,3,0,8,9,3,1,2,2,3,2,10,6,0,0
5,33,4,0,3,0,8,9,3,1,2,2,3,2,10,6,0,0
5,33,4,0,3,0,8,9,3,1,2,2,3,2,10,6,0,0
5,33,4,0,3,0,8,9,3,1,2,2,3,2,10,6,0,0
5,33,4,0,3,0,8,8,3,1,2,2,2,2,8,5,0,0
5,33,4,0,3,0,8,8,3,1,2,2,2,2,8,5,0,0
5,33,4,0,3,0,8,8,3,1,2,2,2,2,8,5,0,0
5,33,4,0,3,0,8,8,3,1,2,2,2,2,8,5,0,0
5,33,4,0,3,0,8,8,3,1,2,2,2,2,8,4,0,0
5,33,4,0,3,0,8,8,3,1,2,2,2,2,8,4,0,0
5,33,4,0,3,0,8,8,3,1,2,2,2,2,8,4,0,0
5,33,4,0,3,0,8,8,3,1,2,2,2,2,8,4,0,0
5,33,4,0,3,0,8,8,3,1,2,2,2,2,7,4,0,0
6,34,4,0,3,0,8,8,3,1,2,2,2,2,4,4,0,0
6,34,4,0,3,0,8,8,3,1,2,2,2,2,4,4,0,0
6,34,4,0,3,0,8,8,3,1,2,2,2,2,4,4,0,0
6,34,4,0,3,0,8,8,3,1,2,2,2,2,4,4,0,0
6,34,4,0,3,0,8,8,3,1,2,2,2,2,4,4,0,0
6,34,4,0,3,0,8,8,3,1,2,2,2,2,4,4,0,0
6,34,4,0,3,0,8,8,3,1,2,2,3,2,4,4,0,0
6,34,4,0,3,0,8,8,3,1,2,2,3,2,5,4,0,0
6,34,4,0,3,0,8,8,3,1,2,2,3,2,5,4,0,0
6,34,4,0,3,0,8,8,3,1,2,2,3,2,5,4,0,0
6,34,4,0,3,0,8,8,3,1,2,2,3,2,5,4,0,0
6,34,4,0,3,0,8,8,3,1,2,2,3,2,5,4,0,0
6,34,4,0,3,0,8,8,3,1,2,2,3,2,5,4,0,0
6,34,4,0,3,0,8,8,3,1,2,2,3,2,5,4,0,0
6,34,4,0,3,0,8,8,3,1,2,2,3,2,5,4,0,0
6,34,4,0,3,0,8,8,3,1,2,2,2,2,4,4,0,0
6,34,4,0,3,0,8,8,3,1,2,2,2,2,4,4,0,0
6,34,4,0,3,0,8,8,3,1,2,2,2,2,4,4,0,0
6,34,4,0,3,0,8,8,3,1,2,2,2,2,4,4,0,0
6,34,4,0,3,0,8,8,3,1,2,2,2,2,4,4,0,0
6,34,4,0,3,0,8,8,3,1,2,2,2,2,4,4,0,0
6,34,4,0,3,0,8,8,3,1,2,2,2,2,4,4,0,0
6,34,4,0,3,0,8,8,3,1,2,2,2,1,4,4,0,0
6,34,4,0,3,0,8,8,3,1,2,2,2,1,4,4,0,0
7,35,4,0,4,0,9,8,4,1,3,2,3,1,7,4,0,0
7,35,4,0,4,0,9,8,4,1,3,2,3,1,7,4,0,0
7,35,4,0,4,0,9,8,4,1,3,2,3,1,7,4,0,0
7,35,4,0,4,0,9,8,4,1,3,2,3,1,7,4,0,0
7,35,4,0,4,0,9,8,4,1,3,2,3,1,7,4,0,0
7,35,4,0,4,0,9,8,4,1,3,2,3,1,7,4,0,0
7,35,4,0,4,0,9,8,4,1,3,2,3,1,8,4,8,0
7,35,4,0,4,0,10,9,4,3,3,3,4,2,8,7,8,1
7,35,4,0,4,0,10,9,4,4,3,3,4,2,8,8,8,1
7,35,4,0,4,0,10,10,4,4,3,3,4,2,8,8,9,1
7,35,4,0,4,0,10,10,4,4,3,3,4,2,8,8,9,1
7,35,4,0,4,0,10,10,4,4,3,3,4,2,8,8,9,1
7,35,4,0,4,0,10,10,4,4,3,3,4,2,8,8,9,1
7,35,4,0,4,0,10,9,4,4,3,3,4,2,8,8,5,1
7,35,4,0,4,0,10,9,4,4,3,3,4,2,8,8,5,1
7,35,4,0,4,0,10,10,4,4,3,3,4,2,8,8,5,1
7,35,4,0,4,0,9,10,4,4,3,2,3,2,8,8,5,1
7,35,4,0,4,0,9,10,4,4,3,2,3,2,8,8,0,1
7,35,4,0,4,0,9,9,4,3,3,2,3,2,8,8,0,0
7,35,4,0,4,0,9,9,4,3,3,2,3,2,8,8,0,0
7,35,4,0,4,0,9,9,4,3,3,2,3,2,8,8,0,0
7,35,4,0,4,0,9,9,4,3,3,2,3,2,8,8,0,0
7,35,4,0,4,0,9,9,4,3,3,2,3,2,8,8,0,0
7,35,4,0,4,0,9,9,4,3,3,2,3,2,7,8,0,0
8,36,4,0,4,0,9,9,4,3,3,2,3,2,4,8,0,0
8,36,4,0,4,0,9,9,4,3,3,2,3,2,4,8,0,0
8,36,4,0,4,0,9,9,4,3,3,2,3,2,4,8,0,0
8,36,4,0,4,0,9,9,4,3,3,2,3,2,4,8,0,0
8,36,4,0,4,0,9,9,4,3,3,2,3,2,4,8,0,0
8,36,4,0,4,0,9,9,4,3,3,2,3,2,4,8,0,0
8,36,4,0,4,0,9,9,4,3,3,2,3,2,4,8,8,0
8,36,4,0,4,0,10,9,4,4,3,3,4,3,5,7,8,2
8,36,4,0,4,0,10,9,4,3,3,3,4,3,5,7,8,3
8,36,4,0,4,0,10,10,4,4,3,2,4,3,5,7,9,3
8,36,4,0,4,0,10,10,4,4,3,3,4,3,5,7,9,3
8,36,4,0,4,0,10,10,4,4,3,3,4,3,5,7,9,3
8,36,4,0,4,0,10,10,4,4,3,3,4,3,5,7,9,3
8,36,4,0,4,0,10,10,4,4,3,3,4,3,5,7,5,3
8,36,4,0,4,0,10,9,4,4,3,2,4,3,5,7,5,3
8,36,4,0,4,0,10,10,4,4,3,2,4,3,4,7,5,2
8,36,4,0,4,0,9,10,4,4,3,2,3,3,4,7,5,2
8,36,4,0,4,0,9,10,4,4,3,2,3,3,4,7,0,2
8,36,4,0,4,0,9,9,4,3,3,2,3,3,4,7,0,1
8,36,4,0,4,0,9,9,4,3,3,2,3,3,4,7,0,1
8,36,4,0,4,0,9,9,4,3,3,2,3,3,4,7,0,1
8,36,4,0,4,0,9,9,4,3,3,2,3,3,4,7,0,1
8,36,4,0,4,0,9,9,4,3,3,2,3,3,4,7,0,1
8,36,4,0,4,0,9,9,4,3,3,2,3,3,4,7,0,1
9,37,4,0,4,0,9,9,4,3,3,2,3,3,7,7,0,1
9,37,4,0,4,0,9,9,4,3,3,2,3,3,7,7,0,1
9,37,4,0,4,0,9,9,4,3,3,2,3,3,7,7,0,1
9,37,4,0,4,0,9,9,4,3,3,2,3,3,7,7,0,1
9,37,4,0,4,0,9,9,4,3,3,2,3,3,7,7,0,1
9,37,4,0,4,0,9,9,4,3,3,2,3,3,7,7,0,1
9,37,4,0,4,0,9,9,4,3,3,2,3,3,10,8,8,1
9,37,4,0,4,0,10,10,4,4,3,2,4,4,10,10,8,2
9,37,4,0,4,0,10,10,4,4,3,2,4,3,10,9,8,2
9,37,4,0,4,0,10,10,4,4,3,3,4,3,10,9,9,2
9,37,4,0,4,0,10,10,4,4,3,3,4,3,10,9,9,3
9,37,4,0,4,0,10,10,4,4,3,3,4,3,10,10,9,3
9,37,4,0,4,0,10,10,4,4,3,3,4,3,10,10,9,3
9,37,4,0,4,0,10,10,4,4,3,3,4,3,10,9,5,2
9,37,4,0,4,0,10,10,4,4,3,3,4,3,10,9,5,1
9,37,4,0,4,0,10,10,4,4,3,3,4,3,8,8,5,1
9,37,4,0,4,0,9,10,4,4,3,2,3,3,8,8,5,1
9,37,4,0,4,0,9,10,4,4,3,2,3,3,8,8,0,1
9,37,4,0,4,0,9,10,4,4,3,2,3,3,8,8,0,0
9,37,4,0,4,0,9,10,4,4,3,2,3,3,8,8,0,0
9,37,4,0,4,0,9,10,4,4,3,2,3,3,8,8,0,0
9,37,4,0,4,0,9,10,4,3,3,2,3,3,8,8,0,0
9,37,4,0,4,0,9,10,4,3,3,2,3,3,8,8,0,0
9,37,4,0,4,0,9,10,4,3,3,2,3,3,7,8,0,0
10,38,4,0,4,0,9,10,4,3,3,2,3,3,7,8,0,0
10,38,4,0,4,0,9,10,4,3,3,2,3,3,7,8,0,0
10,38,4,0,4,0,9,10,4,3,3,2,3,3,7,8,0,0
10,38,4,0,4,0,9,10,4,3,3,2,3,3,7,8,0,0
10,38,4,0,4,0,9,10,4,3,3,2,3,3,7,8,0,0
10,38,4,0,4,0,9,10,4,3,3,2,3,3,7,8,0,0
10,38,4,0,4,0,9,10,4,3,3,2,3,3,8,8,8,0
10,38,4,0,4,0,10,10,4,3,3,2,4,3,8,8,8,0
10,38,4,0,4,0,10,10,4,3,3,2,4,3,8,8,8,0
10,38,4,0,4,0,10,10,4,2,3,2,4,3,8,8,9,0
10,38,4,0,4,0,10,10,4,2,3,2,4,3,8,8,9,0
10,38,4,0,4,0,10,10,4,2,3,2,4,3,8,8,9,0
10,38,4,0,4,0,10,10,4,2,3,2,4,3,8,8,9,0
10,38,4,0,4,0,10,10,4,2,3,2,4,3,8,8,5,0
10,38,4,0,4,0,10,10,4,2,3,2,4,3,8,8,5,0
10,38,4,0,4,0,10,10,4,2,3,2,4,3,8,8,5,0
10,38,4,0,4,0,9,10,4,2,3,2,3,2,8,8,5,0
10,38,4,0,4,0,9,10,4,2,3,2,3,2,8,8,0,0
10,38,4,0,4,0,9,10,4,2,3,2,3,2,8,8,0,0
10,38,4,0,4,0,9,10,4,2,3,2,3,2,8,8,0,0
10,38,4,0,4,0,9,10,4,2,3,2,3,2,8,8,0,0
10,38,4,0,4,0,9,10,4,2,3,2,3,2,8,7,0,0
10,38,4,0,4,0,9,10,4,2,3,2,3,2,8,7,0,0
10,38,4,0,4,0,9,10,4,2,3,2,3,2,7,7,0,0
11,39,4,0,4,0,9,10,4,2,3,2,3,2,7,7,0,0
11,39,4,0,4,0,9,10,4,2,3,2,3,2,7,7,0,0
11,39,4,0,4,0,9,10,4,2,3,2,3,2,7,7,0,0
11,39,4,0,4,0,9,10,4,2,3,2,3,2,7,7,0,0
11,39,4,0,4,0,9,10,4,2,3,2,3,2,7,7,0,0
11,39,4,0,4,0,9,10,4,2,3,2,3,2,7,7,0,0
11,39,4,0,4,0,9,10,4,2,3,2,3,2,8,7,8,0
11,39,4,0,4,0,10,10,4,3,3,3,4,2,8,8,8,0
11,39,4,0,4,0,10,10,4,4,3,3,4,2,8,8,8,1
11,39,4,0,4,0,10,10,4,4,3,3,4,2,8,8,9,1
11,39,4,0,4,0,10,10,4,4,3,3,4,2,8,8,9,1
11,39,4,0,4,0,10,10,4,3,3,3,4,2,8,7,9,1
11,39,4,0,4,0,10,10,4,4,3,3,4,2,8,7,9,1
11,39,4,0,4,0,10,10,4,3,3,3,4,2,8,7,5,0
11,39,4,0,4,0,10,10,4,3,3,3,4,2,8,7,5,0
11,39,4,0,4,0,10,10,4,3,3,3,4,2,8,7,5,0
11,39,4,0,4,0,9,9,4,3,3,3,3,1,8,6,5,0
11,39,4,0,4,0,9,9,4,3,3,3,3,1,8,6,0,0
11,39,4,0,4,0,9,9,4,2,3,3,3,1,8,6,0,0
11,39,4,0,4,0,9,9,4,2,3,3,3,1,8,6,0,0
11,39,4,0,4,0,9,9,4,2,3,3,3,1,8,6,0,0
11,39,4,0,4,0,9,9,4,2,3,3,3,1,8,6,0,0
11,39,4,0,4,0,9,9,4,2,3,3,3,1,8,6,0,0
11,39,4,0,4,0,9,9,4,2,3,3,3,1,7,6,0,0
12,40,4,0,3,0,8,9,3,2,2,3,2,1,7,6,0,0
12,40,4,0,3,0,8,9,3,2,2,3,2,1,7,6,0,0
12,40,4,0,3,0,8,9,3,2,2,3,2,1,7,6,0,0
12,40,4,0,3,0,8,9,3,2,2,3,2,1,7,6,0,0
12,40,4,0,3,0,8,9,3,2,2,3,2,1,7,6,0,0
12,40,4,0,3,0,8,9,3,2,2,3,2,1,7,6,0,0
12,40,4,0,3,0,8,9,3,2,2,3,3,1,10,6,0,0
12,40,4,0,3,0,8,9,3,2,2,2,3,1,10,6,0,0
12,40,4,0,3,0,8,9,3,2,2,2,3,1,10,6,0,0
12,40,4,0,3,0,8,9,3,2,2,2,3,1,10,6,0,0
12,40,4,0,3,0,8,9,3,2,2,2,3,1,10,6,0,0
12,40,4,0,3,0,8,9,3,2,2,2,3,1,10,6,0,0
12,40,4,0,3,0,8,9,3,2,2,2,3,1,10,5,0,0
12,40,4,0,3,0,8,9,3,2,2,2,3,1,10,5,0,0
12,40,4,0,3,0,8,9,3,2,2,2,3,1,10,5,0,0
12,40,4,0,3,0,8,9,3,2,2,2,2,1,8,5,0,0
12,40,4,0,3,0,8,9,3,2,2,2,2,1,8,5,0,0
12,40,4,0,3,0,8,9,3,2,2,2,2,1,8,5,0,0
12,40,4,0,3,0,8,9,3,2,2,2,2,1,8,5,0,0
12,40,4,0,3,0,8,9,3,2,2,2,2,1,8,5,0,0
12,40,4,0,3,0,8,9,3,2,2,2,2,1,8,5,0,0
12,40,4,0,3,0,8,9,3,2,2,2,2,1,8,5,0,0
12,40,4,0,3,0,8,9,3,2,2,2,2,1,8,5,0,0
12,40,4,0,3,0,8,9,3,2,2,2,2,1,7,5,0,0
13,41,4,0,3,0,8,9,3,2,2,2,2,1,4,5,0,0
13,41,4,0,3,0,8,9,3,2,2,2,2,1,4,5,0,0
13,41,4,0,3,0,8,9,3,2,2,2,2,1,4,5,0,0
13,41,4,0,3,0,8,9,3,2,2,2,2,1,4,5,0,0
13,41,4,0,3,0,8,9,3,2,2,2,2,1,4,5,0,0
13,41,4,0,3,0,8,9,3,2,2,2,2,1,4,5,0,0
13,41,4,0,3,0,8,9,3,2,2,2,3,1,4,5,0,0
13,41,4,0,3,0,8,8,3,1,2,1,3,1,5,4,0,0
13,41,4,0,3,0,8,8,3,1,2,1,3,1,5,4,0,0
13,41,4,0,3,0,8,8,3,1,2,1,3,1,5,4,0,0
13,41,4,0,3,0,8,8,3,1,2,1,3,1,5,4,0,0
13,41,4,0,3,0,8,8,3,1,2,1,3,1,5,3,0,0
13,41,4,0,3,0,8,8,3,1,2,1,3,1,5,3,0,0
13,41,4,0,3,0,8,8,3,1,2,1,3,1,5,3,0,0
13,41,4,0,3,0,8,8,3,1,2,1,3,1,5,3,0,0
13,41,4,0,3,0,8,8,3,1,2,1,2,1,4,3,0,0
13,41,4,0,3,0,8,8,3,1,2,1,2,1,4,3,0,0
13,41,4,0,3,0,8,7,3,1,2,1,2,1,4,3,0,0
13,41,4,0,3,0,8,7,3,1,2,1,2,1,4,3,0,0
13,41,4,0,3,0,8,7,3,1,2,1,2,1,4,3,0,0
13,41,4,0,3,0,8,7,3,1,2,1,2,1,4,3,0,0
13,41,4,0,3,0,8,7,3,1,2,1,2,1,4,3,0,0
13,41,4,0,3,0,8,7,3,1,2,1,2,1,4,3,0,0
13,41,4,0,3,0,8,7,3,1,2,1,2,1,4,3,0,0
14,42,4,0,4,0,9,7,4,1,3,1,3,1,7,3,0,0
14,42,4,0,4,0,9,7,4,1,3,1,3,1,7,3,0,0
14,42,4,0,4,0,9,7,4,1,3,1,3,1,7,3,0,0
14,42,4,0,4,0,9,7,4,1,3,1,3,1,7,3,0,0
14,42,4,0,4,0,9,7,4,1,3,1,3,1,7,3,0,0
14,42,4,0,4,0,9,7,4,1,3,1,3,1,7,3,0,0
14,42,4,0,4,0,9,7,4,1,3,1,3,1,8,3,8,0
14,42,4,0,4,0,10,9,4,3,3,1,4,2,8,5,8,2
14,42,4,0,4,0,10,10,4,3,3,1,4,2,8,5,8,2
14,42,4,0,4,0,10,10,4,4,3,1,4,2,8,8,9,2
14,42,4,0,4,0,10,10,4,4,3,1,4,2,8,8,9,2
14,42,4,0,4,0,10,10,4,3,3,1,4,2,8,8,9,2
14,42,4,0,4,0,10,10,4,3,3,1,4,2,8,8,9,2
14,42,4,0,4,0,10,10,4,2,3,1,4,2,8,8,5,1
14,42,4,0,4,0,10,10,4,2,3,1,4,2,8,8,5,1
14,42,4,0,4,0,10,10,4,2,3,1,4,2,8,8,5,1
14,42,4,0,4,0,9,10,4,2,3,1,3,2,8,8,5,0
14,42,4,0,4,0,9,10,4,2,3,1,3,2,8,8,0,0
14,42,4,0,4,0,9,10,4,2,3,1,3,2,8,8,0,0
14,42,4,0,4,0,9,10,4,2,3,1,3,2,8,8,0,0
14,42,4,0,4,0,9,10,4,2,3,1,3,2,8,8,0,0
14,42,4,0,4,0,9,10,4,2,3,1,3,2,8,8,0,0
14,42,4,0,4,0,9,9,4,2,3,1,3,2,8,7,0,0
14,42,4,0,4,0,9,9,4,2,3,1,3,2,7,7,0,0
15,43,4,0,4,0,9,9,4,2,3,1,3,2,4,7,0,0
15,43,4,0,4,0,9,9,4,2,3,1,3,2,4,7,0,0
15,43,4,0,4,0,9,9,4,2,3,1,3,2,4,7,0,0
15,43,4,0,4,0,9,9,4,2,3,1,3,2,4,7,0,0
15,43,4,0,4,0,9,9,4,2,3,1,3,2,4,7,0,0
15,43,4,0,4,0,9,9,4,2,3,1,3,2,4,7,0,0
15,43,4,0,4,0,9,9,4,2,3,1,3,2,4,7,8,0
15,43,4,0,4,0,10,8,4,3,3,3,4,3,5,6,8,2
15,43,4,0,4,0,10,9,4,4,3,3,4,3,5,6,8,3
15,43,4,0,4,0,10,10,4,4,3,3,4,3,5,5,9,4
15,43,4,0,4,0,10,10,4,4,3,3,4,3,5,5,9,4
15,43,4,0,4,0,10,10,4,4,3,3,4,3,5,6,9,4
15,43,4,0,4,0,10,10,4,4,3,3,4,3,5,6,9,4
15,43,4,0,4,0,10,9,4,4,3,2,4,3,5,5,5,3
15,43,4,0,4,0,10,9,4,4,3,2,4,3,5,5,5,3
15,43,4,0,4,0,10,9,4,4,3,2,4,3,4,5,5,1
15,43,4,0,4,0,9,9,4,4,3,2,3,3,4,5,5,1
15,43,4,0,4,0,9,9,4,3,3,2,3,3,4,5,0,1
15,43,4,0,4,0,9,8,4,3,3,2,3,3,4,5,0,1
15,43,4,0,4,0,9,8,4,3,3,2,3,3,4,5,0,0
15,43,4,0,4,0,9,8,4,3,3,2,3,3,4,5,0,0
15,43,4,0,4,0,9,8,4,3,3,2,3,3,4,5,0,0
15,43,4,0,4,0,9,8,4,3,3,2,3,3,4,5,0,0
15,43,4,0,4,0,9,8,4,3,3,2,3,3,4,5,0,0
16,44,4,0,4,0,9,8,4,3,3,2,3,3,7,5,0,0
16,44,4,0,4,0,9,8,4,3,3,2,3,3,7,5,0,0
16,44,4,0,4,0,9,8,4,3,3,2,3,3,7,5,0,0
16,44,4,0,4,0,9,8,4,3,3,2,3,3,7,5,0,0
16,44,4,0,4,0,9,8,4,3,3,2,3,3,7,5,0,0
16,44,4,0,4,0,9,8,4,3,3,2,3,3,7,5,0,0
16,44,4,0,4,0,9,8,4,3,3,2,3,3,10,5,8,0
16,44,4,0,4,0,10,9,4,2,3,2,4,4,10,9,8,1
16,44,4,0,4,0,10,10,4,2,3,2,4,4,10,10,8,1
16,44,4,0,4,0,10,10,4,3,3,2,4,4,10,10,9,2
16,44,4,0,4,0,10,10,4,3,3,2,4,4,10,10,9,2
16,44,4,0,4,0,10,10,4,4,3,2,4,4,10,11,9,2
16,44,4,0,4,0,10,10,4,4,3,2,4,4,10,11,9,2
16,44,4,0,4,0,10,10,4,4,3,2,4,4,10,10,5,1
16,44,4,0,4,0,10,10,4,2,3,2,4,4,10,10,5,1
16,44,4,0,4,0,10,10,4,2,3,2,4,3,8,10,5,1
16,44,4,0,4,0,9,10,4,2,3,2,3,3,8,10,5,1
16,44,4,0,4,0,9,10,4,2,3,2,3,3,8,10,0,1
16,44,4,0,4,0,9,10,4,2,3,2,3,3,8,10,0,1
16,44,4,0,4,0,9,10,4,2,3,2,3,2,8,10,0,1
16,44,4,0,4,0,9,10,4,2,3,2,3,2,8,10,0,0
16,44,4,0,4,0,9,10,4,2,3,2,3,2,8,10,0,0
16,44,4,0,4,0,9,10,4,2,3,2,3,2,8,9,0,0
16,44,4,0,4,0,9,10,4,2,3,2,3,2,7,9,0,0
17,45,4,0,4,0,9,10,4,2,3,2,3,2,7,9,0,0
17,45,4,0,4,0,9,10,4,2,3,2,3,2,7,9,0,0
17,45,4,0,4,0,9,10,4,2,3,2,3,2,7,9,0,0
17,45,4,0,4,0,9,10,4,2,3,2,3,2,7,9,0,0
17,45,4,0,4,0,9,10,4,2,3,2,3,2,7,9,0,0
17,45,4,0,4,0,9,10,4,2,3,2,3,2,7,9,0,0
17,45,4,0,4,0,9,10,4,2,3,2,3,2,8,9,8,0
17,45,4,0,4,0,10,10,4,2,3,1,4,3,8,7,8,0
17,45,4,0,4,0,10,10,4,2,3,1,4,3,8,8,8,0
17,45,4,0,4,0,10,10,4,1,3,1,4,3,8,8,9,0
17,45,4,0,4,0,10,10,4,1,3,1,4,3,8,8,9,0
17,45,4,0,4,0,10,10,4,1,3,1,4,3,8,8,9,0
17,45,4,0,4,0,10,10,4,1,3,1,4,3,8,8,9,0
17,45,4,0,4,0,10,10,4,1,3,1,4,3,8,8,5,0
17,45,4,0,4,0,10,10,4,1,3,1,4,3,8,8,5,0
17,45,4,0,4,0,10,10,4,1,3,1,4,3,8,8,5,0
17,45,4,0,4,0,9,10,4,1,3,1,3,3,8,8,5,0
17,45,4,0,4,0,9,10,4,1,3,1,3,3,8,8,0,0
17,45,4,0,4,0,9,10,4,1,3,1,3,3,8,8,0,0
17,45,4,0,4,0,9,10,4,1,3,1,3,3,8,8,0,0
17,45,4,0,4,0,9,10,4,1,3,1,3,3,8,8,0,0
17,45,4,0,4,0,9,10,4,1,3,1,3,3,8,8,0,0
17,45,4,0,4,0,9,10,4,1,3,1,3,3,8,8,0,0
17,45,4,0,4,0,9,10,4,1,3,1,3,3,7,8,0,0
18,46,4,0,4,0,9,10,4,1,3,1,3,3,7,8,0,0
18,46,4,0,4,0,9,10,4,1,3,1,3,3,7,8,0,0
18,46,4,0,4,0,9,10,4,1,3,1,3,3,7,8,0,0
18,46,4,0,4,0,9,10,4,1,3,1,3,3,7,8,0,0
18,46,4,0,4,0,9,10,4,1,3,1,3,3,7,8,0,0
18,46,4,0,4,0,9,10,4,1,3,1,3,3,7,8,0,0
18,46,4,0,4,0,9,10,4,1,3,1,3,3,8,8,8,0
18,46,4,0,4,0,10,10,4,1,3,2,4,3,8,7,8,1
18,46,4,0,4,0,10,10,4,2,3,3,4,3,8,8,8,1
18,46,4,0,4,0,10,10,4,3,3,2,4,3,8,8,9,2
18,46,4,0,4,0,10,10,4,3,3,3,4,3,8,8,9,2
18,46,4,0,4,0,10,10,4,4,3,3,4,3,8,8,9,2
18,46,4,0,4,0,10,10,4,4,3,3,4,3,8,8,9,2
18,46,4,0,4,0,10,10,4,4,3,3,4,3,8,8,5,2
18,46,4,0,4,0,10,10,4,3,3,3,4,3,8,8,5,2
18,46,4,0,4,0,10,10,4,3,3,3,4,3,8,9,5,2
18,46,4,0,4,0,9,10,4,3,3,2,3,3,8,8,5,1
18,46,4,0,4,0,9,10,4,3,3,2,3,3,8,8,0,1
18,46,4,0,4,0,9,10,4,3,3,2,3,3,8,8,0,1
18,46,4,0,4,0,9,10,4,3,3,2,3,3,8,8,0,1
18,46,4,0,4,0,9,10,4,3,3,2,3,3,8,8,0,1
18,46,4,0,4,0,9,10,4,3,3,2,3,3,8,8,0,1
18,46,4,0,4,0,9,10,4,3,3,2,3,3,8,8,0,1
18,46,4,0,4,0,9,10,4,3,3,2,3,3,7,8,0,1
19,47,4,0,3,0,8,10,3,3,2,2,2,3,7,8,0,1
19,47,4,0,3,0,8,10,3,3,2,2,2,3,7,8,0,1
19,47,4,0,3,0,8,10,3,3,2,2,2,3,7,8,0,1
19,47,4,0,3,0,8,10,3,3,2,2,2,3,7,8,0,1
19,47,4,0,3,0,8,10,3,3,2,2,2,3,7,8,0,1
19,47,4,0,3,0,8,10,3,3,2,2,2,3,7,8,0,1
19,47,4,0,3,0,8,10,3,3,2,2,3,3,10,8,0,1
19,47,4,0,3,0,8,8,3,3,2,2,3,3,10,5,0,0
19,47,4,0,3,0,8,8,3,3,2,2,3,3,10,5,0,0
19,47,4,0,3,0,8,8,3,3,2,2,3,3,10,5,0,0
19,47,4,0,3,0,8,8,3,3,2,2,3,3,10,5,0,0
19,47,4,0,3,0,8,8,3,2,2,1,3,3,10,5,0,0
19,47,4,0,3,0,8,8,3,2,2,1,3,3,10,5,0,0
19,47,4,0,3,0,8,8,3,2,2,1,3,3,10,5,0,0
19,47,4,0,3,0,8,8,3,2,2,1,3,3,10,5,0,0
19,47,4,0,3,0,8,8,3,2,2,1,2,3,8,5,0,0
19,47,4,0,3,0,8,8,3,1,2,1,2,3,8,5,0,0
19,47,4,0,3,0,8,8,3,1,2,1,2,3,8,5,0,0
19,47,4,0,3,0,8,8,3,1,2,1,2,2,8,5,0,0
19,47,4,0,3,0,8,8,3,1,2,1,2,2,8,5,0,0
19,47,4,0,3,0,8,8,3,1,2,1,2,2,8,5,0,0
19,47,4,0,3,0,8,8,3,1,2,1,2,2,8,5,0,0
19,47,4,0,3,0,8,8,3,1,2,1,2,2,8,5,0,0
19,47,4,0,3,0,8,8,3,1,2,1,2,2,7,5,0,0
20,48,4,0,3,0,8,8,3,1,2,1,2,2,4,5,0,0
20,48,4,0,3,0,8,8,3,1,2,1,2,2,4,5,0,0
20,48,4,0,3,0,8,8,3,1,2,1,2,2,4,5,0,0
20,48,4,0,3,0,8,8,3,1,2,1,2,2,4,5,0,0
20,48,4,0,3,0,8,8,3,1,2,1,2,2,4,5,0,0
20,48,4,0,3,0,8,8,3,1,2,1,2,2,4,5,0,0
20,48,4,0,3,0,8,8,3,1,2,1,3,2,4,5,0,0
20,48,4,0,3,0,8,8,3,1,2,1,3,1,5,4,0,0
20,48,4,0,3,0,8,8,3,1,2,1,3,1,5,4,0,0
20,48,4,0,3,0,8,8,3,1,2,1,3,1,5,4,0,0
20,48,4,0,3,0,8,8,3,1,2,1,3,1,5,4,0,0
20,48,4,0,3,0,8,8,3,0,2,1,3,1,5,4,0,0
20,48,4,0,3,0,8,8,3,0,2,1,3,1,5,4,0,0
20,48,4,0,3,0,8,8,3,0,2,1,3,1,5,4,0,0
20,48,4,0,3,0,8,8,3,0,2,1,3,1,5,4,0,0
20,48,4,0,3,0,8,8,3,0,2,1,2,1,4,4,0,0
20,48,4,0,3,0,8,8,3,0,2,1,2,1,4,4,0,0
20,48,4,0,3,0,8,8,3,0,2,1,2,1,4,4,0,0
20,48,4,0,3,0,8,8,3,0,2,1,2,1,4,4,0,0
20,48,4,0,3,0,8,8,3,0,2,1,2,1,4,4,0,0
20,48,4,0,3,0,8,8,3,0,2,1,2,1,4,4,0,0
20,48,4,0,3,0,8,8,3,0,2,1,2,1,4,4,0,0
20,48,4,0,3,0,8,8,3,0,2,1,2,1,4,4,0,0
20,48,4,0,3,0,8,8,3,0,2,1,2,1,4,4,0,0
21,49,4,0,4,0,9,8,4,0,3,1,3,1,7,4,0,0
21,49,4,0,4,0,9,8,4,0,3,1,3,1,7,4,0,0
21,49,4,0,4,0,9,8,4,0,3,1,3,1,7,4,0,0
21,49,4,0,4,0,9,8,4,0,3,1,3,1,7,4,0,0
21,49,4,0,4,0,9,8,4,0,3,1,3,1,7,4,0,0
21,49,4,0,4,0,9,8,4,0,3,1,3,1,7,4,0,0
21,49,4,0,4,0,9,8,4,0,3,1,3,1,8,4,8,0
21,49,4,0,4,0,10,9,4,2,3,2,4,2,8,7,8,1
21,49,4,0,4,0,10,10,4,3,3,3,4,2,8,7,8,1
21,49,4,0,4,0,10,10,4,4,3,3,4,2,8,8,9,1
21,49,4,0,4,0,10,10,4,4,3,2,4,2,8,8,9,1
21,49,4,0,4,0,10,10,4,4,3,3,4,2,8,8,9,1
21,49,4,0,4,0,10,10,4,3,3,3,4,2,8,8,9,1
21,49,4,0,4,0,10,10,4,3,3,3,4,2,8,7,5,1
21,49,4,0,4,0,10,10,4,4,3,3,4,2,8,6,5,1
21,49,4,0,4,0,10,10,4,4,3,3,4,2,8,6,5,1
21,49,4,0,4,0,9,10,4,4,3,3,3,2,8,6,5,1
21,49,4,0,4,0,9,10,4,4,3,3,3,2,8,6,0,1
21,49,4,0,4,0,9,10,4,3,3,3,3,2,8,6,0,1
21,49,4,0,4,0,9,10,4,3,3,3,3,2,8,6,0,1
21,49,4,0,4,0,9,10,4,3,3,3,3,2,8,6,0,1
21,49,4,0,4,0,9,10,4,3,3,3,3,2,8,6,0,1
21,49,4,0,4,0,9,10,4,2,3,2,3,2,8,6,0,1
21,49,4,0,4,0,9,10,4,2,3,2,3,2,7,6,0,1
22,50,4,0,4,0,9,10,4,2,3,2,3,2,4,6,0,1
22,50,4,0,4,0,9,10,4,2,3,2,3,2,4,6,0,1
22,50,4,0,4,0,9,10,4,2,3,2,3,2,4,6,0,1
22,50,4,0,4,0,9,10,4,2,3,2,3,2,4,6,0,1
22,50,4,0,4,0,9,10,4,2,3,2,3,2,4,6,0,1
22,50,4,0,4,0,9,10,4,2,3,2,3,2,4,6,0,1
22,50,4,0,4,0,9,10,4,2,3,2,3,2,4,6,8,1
22,50,4,0,4,0,10,10,4,3,3,3,4,3,5,6,8,6
22,50,4,0,4,0,10,10,4,4,3,3,4,3,5,6,8,7
22,50,4,0,4,0,10,10,4,4,3,3,4,3,5,6,9,8
22,50,4,0,4,0,10,10,4,4,3,3,4,3,5,6,9,9
22,50,4,0,4,0,10,10,4,4,3,3,4,3,5,6,9,8
22,50,4,0,4,0,10,10,4,4,3,3,4,3,5,6,9,8
22,50,4,0,4,0,10,9,4,3,3,3,4,3,5,6,5,7
22,50,4,0,4,0,10,9,4,3,3,3,4,3,5,6,5,7
22,50,4,0,4,0,10,9,4,3,3,3,4,3,4,6,5,5
22,50,4,0,4,0,9,9,4,3,3,3,3,3,4,6,5,5
22,50,4,0,4,0,9,9,4,3,3,3,3,3,4,6,0,4
22,50,4,0,4,0,9,9,4,3,3,3,3,3,4,6,0,4
22,50,4,0,4,0,9,9,4,3,3,3,3,3,4,6,0,4
22,50,4,0,4,0,9,9,4,3,3,3,3,3,4,6,0,4
22,50,4,0,4,0,9,9,4,3,3,3,3,3,4,6,0,3
22,50,4,0,4,0,9,9,4,3,3,3,3,3,4,6,0,2
22,50,4,0,4,0,9,9,4,3,3,3,3,3,4,6,0,2
23,51,4,0,4,0,9,9,4,3,3,3,3,3,7,7,0,2
23,51,4,0,4,0,9,9,4,3,3,3,3,3,7,7,0,2
23,51,4,0,4,0,9,9,4,3,3,3,3,3,7,7,0,2
23,51,4,0,4,0,9,9,4,3,3,3,3,3,7,7,0,2
23,51,4,0,4,0,9,9,4,3,3,3,3,3,7,7,0,2
23,51,4,0,4,0,9,9,4,3,3,3,3,3,7,7,0,2
23,51,4,0,4,0,9,9,4,3,3,3,3,3,10,7,8,2
23,51,4,0,4,0,10,10,4,3,3,3,4,4,10,10,8,0
23,51,4,0,4,0,10,10,4,3,3,3,4,4,10,10,8,0
23,51,4,0,4,0,10,10,4,4,3,3,4,4,10,10,9,0
23,51,4,0,4,0,10,10,4,4,3,3,4,4,10,10,9,0
23,51,4,0,4,0,10,10,4,4,3,3,4,4,10,10,9,0
23,51,4,0,4,0,10,10,4,4,3,3,4,4,10,10,9,0
23,51,4,0,4,0,10,10,4,3,3,3,4,4,10,10,5,0
23,51,4,0,4,0,10,10,4,3,3,3,4,4,10,9,5,0
23,51,4,0,4,0,10,10,4,3,3,3,4,4,8,9,5,0
23,51,4,0,4,0,9,10,4,3,3,3,3,3,8,9,5,0
23,51,4,0,4,0,9,10,4,3,3,3,3,3,8,9,0,0
23,51,4,0,4,0,9,10,4,2,3,3,3,3,8,8,0,0
23,51,4,0,4,0,9,10,4,2,3,3,3,3,8,8,0,0
23,51,4,0,4,0,9,10,4,2,3,3,3,3,8,8,0,0
23,51,4,0,4,0,9,10,4,2,3,3,3,3,8,8,0,0
23,51,4,0,4,0,9,10,4,2,3,3,3,3,8,8,0,0
23,51,4,0,4,0,9,10,4,2,3,3,3,3,7,8,0,0
24,52,4,0,4,0,9,10,4,2,3,3,3,3,7,8,0,0
24,52,4,0,4,0,9,10,4,2,3,3,3,3,7,8,0,0
24,52,4,0,4,0,9,10,4,2,3,3,3,3,7,8,0,0
24,52,4,0,4,0,9,10,4,2,3,3,3,3,7,8,0,0
24,52,4,0,4,0,9,10,4,2,3,3,3,3,7,8,0,0
24,52,4,0,4,0,9,10,4,2,3,3,3,3,7,8,0,0
24,52,4,0,4,0,9,10,4,2,3,3,3,3,8,8,8,0
24,52,4,0,4,0,10,10,4,2,3,3,4,4,8,7,8,0
24,52,4,0,4,0,10,10,4,2,3,3,4,4,8,8,8,0
24,52,4,0,4,0,10,10,4,2,3,3,4,4,8,8,9,0
24,52,4,0,4,0,10,10,4,2,3,3,4,4,8,8,9,0
24,52,4,0,4,0,10,10,4,2,3,3,4,4,8,8,9,0
24,52,4,0,4,0,10,10,4,2,3,3,4,4,8,8,9,0
24,52,4,0,4,0,10,10,4,2,3,3,4,4,8,8,5,0
24,52,4,0,4,0,10,10,4,2,3,2,4,4,8,8,5,0
24,52,4,0,4,0,10,10,4,2,3,2,4,4,8,8,5,0
24,52,4,0,4,0,9,10,4,2,3,1,3,4,8,8,5,0
24,52,4,0,4,0,9,10,4,2,3,1,3,4,8,8,0,0
24,52,4,0,4,0,9,10,4,1,3,1,3,4,8,8,0,0
24,52,4,0,4,0,9,10,4,1,3,1,3,4,8,8,0,0
24,52,4,0,4,0,9,10,4,1,3,1,3,3,8,8,0,0
24,52,4,0,4,0,9,10,4,1,3,1,3,3,8,8,0,0
24,52,4,0,4,0,9,10,4,1,3,1,3,3,8,8,0,0
24,52,4,0,4,0,9,10,4,1,3,1,3,3,7,8,0,0
25,53,4,0,4,0,9,10,4,1,3,1,3,3,7,8,0,0
25,53,4,0,4,0,9,10,4,1,3,1,3,3,7,8,0,0
25,53,4,0,4,0,9,10,4,1,3,1,3,3,7,8,0,0
25,53,4,0,4,0,9,10,4,1,3,1,3,3,7,8,0,0
25,53,4,0,4,0,9,10,4,1,3,1,3,3,7,8,0,0
25,53,4,0,4,0,9,10,4,1,3,1,3,3,7,8,0,0
25,53,4,0,4,0,9,10,4,1,3,1,3,3,8,8,8,0
25,53,4,0,4,0,10,10,4,1,3,2,4,4,8,8,8,1
25,53,4,0,4,0,10,10,4,2,3,3,4,4,8,8,8,1
25,53,4,0,4,0,10,10,4,3,3,2,4,4,8,8,9,2
25,53,4,0,4,0,10,10,4,3,3,3,4,4,8,8,9,3
25,53,4,0,4,0,10,10,4,3,3,3,4,4,8,8,9,4
25,53,4,0,4,0,10,10,4,4,3,3,4,4,8,8,9,4
25,53,4,0,4,0,10,10,4,4,3,3,4,4,8,7,5,4
25,53,4,0,4,0,10,10,4,3,3,3,4,4,8,7,5,4
25,53,4,0,4,0,10,10,4,3,3,3,4,4,8,8,5,2
25,53,4,0,4,0,9,10,4,3,3,2,3,4,8,8,5,2
25,53,4,0,4,0,9,10,4,3,3,2,3,4,8,8,0,2
25,53,4,0,4,0,9,10,4,3,3,2,3,4,8,7,0,1
25,53,4,0,4,0,9,10,4,3,3,2,3,4,8,7,0,1
25,53,4,0,4,0,9,10,4,3,3,2,3,4,8,7,0,1
25,53,4,0,4,0,9,10,4,3,3,2,3,4,8,6,0,1
25,53,4,0,4,0,9,10,4,3,3,2,3,4,8,6,0,1
25,53,4,0,4,0,9,10,4,3,3,2,3,4,7,6,0,1
26,54,4,0,3,0,8,10,3,3,2,2,2,4,7,6,0,1
26,54,4,0,3,0,8,10,3,3,2,2,2,4,7,6,0,1
26,54,4,0,3,0,8,10,3,3,2,2,2,4,7,6,0,1
26,54,4,0,3,0,8,10,3,3,2,2,2,4,7,6,0,1
26,54,4,0,3,0,8,10,3,3,2,2,2,4,7,6,0,1
26,54,4,0,3,0,8,10,3,3,2,2,2,4,7,6,0,1
26,54,4,0,3,0,8,10,3,3,2,2,3,4,10,6,0,1
26,54,4,0,3,0,8,9,3,2,2,2,3,4,10,5,0,0
26,54,4,0,3,0,8,9,3,2,2,2,3,4,10,5,0,0
26,54,4,0,3,0,8,9,3,2,2,2,3,4,10,5,0,0
26,54,4,0,3,0,8,9,3,2,2,2,3,4,10,5,0,0
26,54,4,0,3,0,8,9,3,2,2,2,3,4,10,5,0,0
26,54,4,0,3,0,8,9,3,2,2,2,3,4,10,5,0,0
26,54,4,0,3,0,8,9,3,2,2,2,3,4,10,5,0,0
26,54,4,0,3,0,8,9,3,2,2,2,3,4,10,5,0,0
26,54,4,0,3,0,8,9,3,2,2,2,2,4,8,4,0,0
26,54,4,0,3,0,8,9,3,2,2,2,2,4,8,4,0,0
26,54,4,0,3,0,8,9,3,2,2,2,2,4,8,4,0,0
26,54,4,0,3,0,8,9,3,2,2,2,2,4,8,4,0,0
26,54,4,0,3,0,8,9,3,2,2,2,2,4,8,4,0,0
26,54,4,0,3,0,8,9,3,2,2,2,2,4,8,4,0,0
26,54,4,0,3,0,8,9,3,2,2,2,2,4,8,4,0,0
26,54,4,0,3,0,8,9,3,2,2,2,2,4,8,4,0,0
26,54,4,0,3,0,8,9,3,2,2,2,2,4,7,4,0,0
27,55,4,0,3,0,8,9,3,2,2,2,2,4,4,4,0,0
27,55,4,0,3,0,8,9,3,2,2,2,2,4,4,4,0,0
27,55,4,0,3,0,8,9,3,2,2,2,2,4,4,4,0,0
27,55,4,0,3,0,8,9,3,2,2,2,2,4,4,4,0,0
27,55,4,0,3,0,8,9,3,2,2,2,2,4,4,4,0,0
27,55,4,0,3,0,8,9,3,2,2,2,2,4,4,4,0,0
27,55,4,0,3,0,8,9,3,2,2,2,3,4,4,4,0,0
27,55,4,0,3,0,8,9,3,2,2,2,3,3,5,3,0,0
27,55,4,0,3,0,8,9,3,2,2,2,3,3,5,3,0,0
27,55,4,0,3,0,8,9,3,2,2,2,3,3,5,3,0,0
27,55,4,0,3,0,8,9,3,2,2,2,3,3,5,2,0,0
27,55,4,0,3,0,8,9,3,2,2,2,3,3,5,2,0,0
27,55,4,0,3,0,8,9,3,2,2,2,3,3,5,2,0,0
27,55,4,0,3,0,8,9,3,2,2,2,3,3,5,2,0,0
27,55,4,0,3,0,8,9,3,2,2,2,3,3,5,2,0,0
27,55,4,0,3,0,8,9,3,2,2,1,2,3,4,2,0,0
27,55,4,0,3,0,8,9,3,2,2,1,2,3,4,2,0,0
27,55,4,0,3,0,8,9,3,2,2,1,2,3,4,2,0,0
27,55,4,0,3,0,8,9,3,2,2,1,2,2,4,2,0,0
27,55,4,0,3,0,8,9,3,2,2,1,2,2,4,2,0,0
27,55,4,0,3,0,8,9,3,2,2,1,2,2,4,2,0,0
27,55,4,0,3,0,8,9,3,2,2,1,2,2,4,2,0,0
27,55,4,0,3,0,8,9,3,2,2,1,2,2,4,2,0,0
27,55,4,0,3,0,8,9,3,2,2,1,2,2,4,2,0,0
0,56,4,0,4,0,9,9,4,2,3,1,3,2,7,2,0,0
0,56,4,0,4,0,9,9,4,2,3,1,3,2,7,2,0,0
0,56,4,0,4,0,9,9,4,2,3,1,3,2,7,2,0,0
0,56,4,0,4,0,9,9,4,2,3,1,3,2,7,2,0,0
0,56,4,0,4,0,9,9,4,2,3,1,3,2,7,2,0,0
0,56,4,0,4,0,9,9,4,2,3,1,3,2,7,2,0,0
0,56,4,0,4,0,9,9,4,2,3,1,3,2,8,2,8,0
0,56,4,0,4,0,10,8,4,4,3,1,4,3,8,6,8,2
0,56,4,0,4,0,10,9,4,4,3,2,4,3,8,6,8,2
0,56,4,0,4,0,10,9,4,4,3,2,4,3,8,8,9,2
0,56,4,0,4,0,10,10,4,4,3,2,4,3,8,8,9,2
0,56,4,0,4,0,10,10,4,4,3,3,4,3,8,8,9,2
0,56,4,0,4,0,10,10,4,4,3,3,4,3,8,8,9,1
0,56,4,0,4,0,10,10,4,4,3,3,4,3,8,7,5,1
0,56,4,0,4,0,10,9,4,4,3,2,4,3,8,8,5,1
0,56,4,0,4,0,10,8,4,4,3,2,4,3,8,7,5,1
0,56,4,0,4,0,9,8,4,3,3,2,3,3,8,7,5,0
0,56,4,0,4,0,9,8,4,3,3,2,3,3,8,7,0,0
0,56,4,0,4,0,9,7,4,3,3,2,3,3,8,7,0,0
0,56,4,0,4,0,9,7,4,3,3,2,3,3,8,7,0,0
0,56,4,0,4,0,9,7,4,3,3,2,3,3,8,7,0,0
0,56,4,0,4,0,9,7,4,3,3,2,3,3,8,7,0,0
0,56,4,0,4,0,9,7,4,3,3,2,3,2,8,7,0,0
0,56,4,0,4,0,9,7,4,3,3,2,3,2,7,7,0,0
1,57,4,0,4,0,9,7,4,3,3,2,3,2,4,7,0,0
1,57,4,0,4,0,9,7,4,3,3,2,3,2,4,7,0,0
1,57,4,0,4,0,9,7,4,3,3,2,3,2,4,7,0,0
1,57,4,0,4,0,9,7,4,3,3,2,3,2,4,7,0,0
1,57,4,0,4,0,9,7,4,3,3,2,3,2,4,7,0,0
1,57,4,0,4,0,9,7,4,3,3,2,3,2,4,7,0,0
1,57,4,0,4,0,9,7,4,3,3,2,3,2,4,7,8,0
1,57,4,0,4,0,10,9,4,4,3,2,4,3,5,5,8,1
1,57,4,0,4,0,10,10,4,4,3,3,4,3,5,5,8,1
1,57,4,0,4,0,10,10,4,4,3,3,4,3,5,5,9,2
1,57,4,0,4,0,10,10,4,4,3,2,4,3,5,5,9,2
1,57,4,0,4,0,10,10,4,4,3,2,4,3,5,5,9,2
1,57,4,0,4,0,10,10,4,4,3,3,4,3,5,6,9,2
1,57,4,0,4,0,10,10,4,4,3,3,4,3,5,6,5,2
1,57,4,0,4,0,10,10,4,3,3,3,4,3,5,5,5,1
1,57,4,0,4,0,10,10,4,3,3,3,4,3,4,5,5,1
1,57,4,0,4,0,9,10,4,3,3,2,3,3,4,5,5,1
1,57,4,0,4,0,9,10,4,3,3,2,3,3,4,5,0,1
1,57,4,0,4,0,9,10,4,3,3,2,3,3,4,5,0,1
1,57,4,0,4,0,9,10,4,3,3,2,3,3,4,5,0,0
1,57,4,0,4,0,9,10,4,2,3,2,3,3,4,5,0,0
1,57,4,0,4,0,9,10,4,2,3,2,3,3,4,5,0,0
1,57,4,0,4,0,9,10,4,2,3,2,3,3,4,5,0,0
1,57,4,0,4,0,9,10,4,2,3,2,3,3,4,5,0,0
2,58,4,0,4,0,9,10,4,2,3,2,3,3,7,5,0,0
2,58,4,0,4,0,9,10,4,2,3,2,3,3,7,5,0,0
2,58,4,0,4,0,9,10,4,2,3,2,3,3,7,5,0,0
2,58,4,0,4,0,9,10,4,2,3,2,3,3,7,5,0,0
2,58,4,0,4,0,9,10,4,2,3,2,3,3,7,5,0,0
2,58,4,0,4,0,9,10,4,2,3,2,3,3,7,5,0,0
2,58,4,0,4,0,9,10,4,2,3,2,3,3,10,5,8,0
2,58,4,0,4,0,10,9,4,3,3,0,4,3,10,10,8,1
2,58,4,0,4,0,10,10,4,4,3,0,4,3,10,10,8,1
2,58,4,0,4,0,10,10,4,4,3,0,4,3,10,10,9,1
2,58,4,0,4,0,10,10,4,4,3,1,4,3,10,10,9,1
2,58,4,0,4,0,10,10,4,4,3,1,4,3,10,10,9,1
2,58,4,0,4,0,10,10,4,4,3,1,4,3,10,10,9,1
2,58,4,0,4,0,10,10,4,4,3,1,4,3,10,10,5,1
2,58,4,0,4,0,10,9,4,4,3,1,4,3,10,10,5,1
2,58,4,0,4,0,10,8,4,4,3,1,4,3,8,10,5,1
2,58,4,0,4,0,9,8,4,3,3,1,3,3,8,10,5,0
2,58,4,0,4,0,9,8,4,3,3,1,3,3,8,10,0,0
2,58,4,0,4,0,9,8,4,3,3,1,3,3,8,10,0,0
2,58,4,0,4,0,9,8,4,3,3,1,3,3,8,10,0,0
2,58,4,0,4,0,9,8,4,3,3,1,3,3,8,10,0,0
2,58,4,0,4,0,9,8,4,3,3,1,3,3,8,10,0,0
2,58,4,0,4,0,9,8,4,2,3,1,3,3,8,10,0,0
2,58,4,0,4,0,9,8,4,2,3,1,3,3,7,10,0,0
3,59,4,0,4,0,9,8,4,2,3,1,3,3,7,10,0,0
3,59,4,0,4,0,9,8,4,2,3,1,3,3,7,10,0,0
3,59,4,0,4,0,9,8,4,2,3,1,3,3,7,10,0,0
3,59,4,0,4,0,9,8,4,2,3,1,3,3,7,10,0,0
3,59,4,0,4,0,9,8,4,2,3,1,3,3,7,10,0,0
3,59,4,0,4,0,9,8,4,2,3,1,3,3,7,10,0,0
3,59,4,0,4,0,9,8,4,2,3,1,3,3,8,10,8,0
3,59,4,0,4,0,10,9,4,3,3,1,4,4,8,9,8,0
3,59,4,0,4,0,10,10,4,3,3,1,4,4,8,9,8,0
3,59,4,0,4,0,10,10,4,3,3,1,4,4,8,9,9,0
3,59,4,0,4,0,10,10,4,3,3,1,4,4,8,9,9,0
3,59,4,0,4,0,10,10,4,3,3,1,4,4,8,9,9,0
3,59,4,0,4,0,10,10,4,3,3,1,4,4,8,9,9,0
3,59,4,0,4,0,10,10,4,3,3,1,4,4,8,9,5,0
3,59,4,0,4,0,10,10,4,3,3,1,4,4,8,9,5,0
3,59,4,0,4,0,10,10,4,3,3,1,4,4,8,9,5,0
3,59,4,0,4,0,9,10,4,3,3,1,3,4,8,9,5,0
3,59,4,0,4,0,9,10,4,3,3,1,3,4,8,9,0,0
3,59,4,0,4,0,9,9,4,3,3,1,3,4,8,9,0,0
3,59,4,0,4,0,9,9,4,3,3,1,3,3,8,9,0,0
3,59,4,0,4,0,9,9,4,3,3,1,3,3,8,9,0,0
3,59,4,0,4,0,9,9,4,3,3,1,3,3,8,9,0,0
3,59,4,0,4,0,9,9,4,3,3,1,3,3,8,9,0,0
3,59,4,0,4,0,9,9,4,3,3,1,3,3,7,9,0,0
4,60,4,0,4,0,9,9,4,3,3,1,3,3,7,9,0,0
4,60,4,0,4,0,9,9,4,3,3,1,3,3,7,9,0,0
4,60,4,0,4,0,9,9,4,3,3,1,3,3,7,9,0,0
4,60,4,0,4,0,9,9,4,3,3,1,3,3,7,9,0,0
4,60,4,0,4,0,9,9,4,3,3,1,3,3,7,9,0,0
4,60,4,0,4,0,9,9,4,3,3,1,3,3,7,9,0,0
4,60,4,0,4,0,9,9,4,3,3,1,3,3,8,9,8,0
4,60,4,0,4,0,10,9,4,3,3,2,4,4,8,8,8,1
4,60,4,0,4,0,10,10,4,4,3,3,4,4,8,8,8,1
4,60,4,0,4,0,10,10,4,4,3,3,4,4,8,7,9,1
4,60,4,0,4,0,10,10,4,4,3,3,4,4,8,8,9,1
4,60,4,0,4,0,10,10,4,4,3,3,4,3,8,8,9,1
4,60,4,0,4,0,10,10,4,4,3,3,4,3,8,8,9,1
4,60,4,0,4,0,10,10,4,4,3,3,4,3,8,8,5,1
4,60,4,0,4,0,10,10,4,3,3,3,4,3,8,8,5,1
4,60,4,0,4,0,10,10,4,3,3,3,4,3,8,8,5,1
4,60,4,0,4,0,9,9,4,3,3,3,3,3,8,7,5,1
4,60,4,0,4,0,9,9,4,3,3,3,3,3,8,7,0,1
4,60,4,0,4,0,9,9,4,3,3,3,3,3,8,7,0,1
4,60,4,0,4,0,9,9,4,3,3,3,3,3,8,7,0,1
4,60,4,0,4,0,9,9,4,3,3,3,3,3,8,7,0,1
4,60,4,0,4,0,9,9,4,3,3,2,3,3,8,7,0,1
4,60,4,0,4,0,9,9,4,3,3,2,3,3,8,7,0,1
4,60,4,0,4,0,9,9,4,3,3,2,3,3,7,7,0,1
5,61,4,0,3,0,8,9,3,3,2,2,2,3,7,7,0,1
5,61,4,0,3,0,8,9,3,3,2,2,2,3,7,7,0,1
5,61,4,0,3,0,8,9,3,3,2,2,2,3,7,7,0,1
5,61,4,0,3,0,8,9,3,3,2,2,2,3,7,7,0,1
5,61,4,0,3,0,8,9,3,3,2,2,2,3,7,7,0,1
5,61,4,0,3,0,8,9,3,3,2,2,2,3,7,7,0,1
5,61,4,0,3,0,8,9,3,3,2,2,3,3,10,7,0,1
5,61,4,0,3,0,8,9,3,3,2,2,3,3,10,5,0,0
5,61,4,0,3,0,8,9,3,3,2,2,3,3,10,5,0,0
5,61,4,0,3,0,8,9,3,3,2,2,3,3,10,5,0,0
5,61,4,0,3,0,8,9,3,3,2,2,3,3,10,5,0,0
5,61,4,0,3,0,8,9,3,3,2,2,3,3,10,5,0,0
5,61,4,0,3,0,8,9,3,3,2,2,3,3,10,5,0,0
5,61,4,0,3,0,8,8,3,3,2,2,3,3,10,5,0,0
5,61,4,0,3,0,8,8,3,3,2,2,3,3,10,5,0,0
5,61,4,0,3,0,8,8,3,3,2,2,2,3,8,5,0,0
5,61,4,0,3,0,8,8,3,3,2,2,2,3,8,5,0,0
5,61,4,0,3,0,8,8,3,3,2,2,2,3,8,5,0,0
5,61,4,0,3,0,8,8,3,3,2,2,2,3,8,5,0,0
5,61,4,0,3,0,8,8,3,3,2,2,2,3,8,5,0,0
5,61,4,0,3,0,8,8,3,3,2,2,2,3,8,5,0,0
5,61,4,0,3,0,8,8,3,3,2,2,2,3,8,5,0,0
5,61,4,0,3,0,8,8,3,3,2,2,2,3,8,5,0,0
5,61,4,0,3,0,8,8,3,3,2,2,2,3,7,5,0,0
6,62,4,0,3,0,8,8,3,3,2,2,2,3,4,5,0,0
6,62,4,0,3,0,8,8,3,3,2,2,2,3,4,5,0,0
6,62,4,0,3,0,8,8,3,3,2,2,2,3,4,5,0,0
6,62,4,0,3,0,8,8,3,3,2,2,2,3,4,5,0,0
6,62,4,0,3,0,8,8,3,3,2,2,2,3,4,5,0,0
6,62,4,0,3,0,8,8,3,3,2,2,2,3,4,5,0,0
6,62,4,0,3,0,8,8,3,3,2,2,3,3,4,5,0,0
6,62,4,0,3,0,8,7,3,3,2,1,3,2,5,5,0,0
6,62,4,0,3,0,8,7,3,3,2,1,3,2,5,5,0,0
6,62,4,0,3,0,8,7,3,3,2,1,3,2,5,5,0,0
6,62,4,0,3,0,8,7,3,3,2,1,3,2,5,5,0,0
6,62,4,0,3,0,8,7,3,3,2,1,3,2,5,5,0,0
6,62,4,0,3,0,8,7,3,3,2,1,3,2,5,5,0,0
6,62,4,0,3,0,8,7,3,3,2,1,3,2,5,5,0,0
6,62,4,0,3,0,8,7,3,3,2,1,3,2,5,5,0,0
6,62,4,0,3,0,8,7,3,3,2,1,2,2,4,5,0,0
6,62,4,0,3,0,8,7,3,3,2,1,2,2,4,5,0,0
6,62,4,0,3,0,8,7,3,3,2,1,2,2,4,5,0,0
6,62,4,0,3,0,8,7,3,3,2,1,2,2,4,5,0,0
6,62,4,0,3,0,8,7,3,3,2,1,2,1,4,5,0,0
6,62,4,0,3,0,8,7,3,3,2,1,2,1,4,5,0,0
6,62,4,0,3,0,8,7,3,3,2,1,2,1,4,5,0,0
6,62,4,0,3,0,8,7,3,3,2,1,2,1,4,5,0,0
6,62,4,0,3,0,8,7,3,3,2,1,2,1,4,5,0,0
7,63,4,0,4,0,9,7,4,3,3,1,3,1,7,5,0,0
7,63,4,0,4,0,9,7,4,3,3,1,3,1,7,5,0,0
7,63,4,0,4,0,9,7,4,3,3,1,3,1,7,5,0,0
7,63,4,0,4,0,9,7,4,3,3,1,3,1,7,5,0,0
7,63,4,0,4,0,9,7,4,3,3,1,3,1,7,5,0,0
7,63,4,0,4,0,9,7,4,3,3,1,3,1,7,5,0,0
7,63,4,0,4,0,9,7,4,3,3,1,3,1,8,5,8,0
7,63,4,0,4,0,10,9,4,4,3,3,4,2,8,7,8,1
7,63,4,0,4,0,10,9,4,4,3,3,4,2,8,7,8,1
7,63,4,0,4,0,10,9,4,4,3,3,4,2,8,8,9,1
7,63,4,0,4,0,10,10,4,4,3,3,4,2,8,8,9,1
7,63,4,0,4,0,10,10,4,4,3,3,4,2,8,8,9,1
7,63,4,0,4,0,10,10,4,4,3,3,4,2,8,8,9,1
7,63,4,0,4,0,10,9,4,4,3,3,4,2,8,8,5,1
7,63,4,0,4,0,10,9,4,4,3,3,4,2,8,8,5,1
7,63,4,0,4,0,10,9,4,4,3,3,4,2,8,8,5,1
7,63,4,0,4,0,9,9,4,4,3,3,3,2,8,7,5,1
7,63,4,0,4,0,9,9,4,4,3,3,3,2,8,7,0,1
7,63,4,0,4,0,9,9,4,4,3,3,3,2,8,7,0,1
7,63,4,0,4,0,9,9,4,4,3,3,3,2,8,7,0,1
7,63,4,0,4,0,9,9,4,4,3,3,3,2,8,7,0,1
7,63,4,0,4,0,9,9,4,4,3,3,3,2,8,7,0,1
7,63,4,0,4,0,9,9,4,4,3,3,3,2,8,7,0,1
7,63,4,0,4,0,9,9,4,4,3,3,3,2,7,7,0,1
8,64,4,0,4,0,9,9,4,4,3,3,3,2,4,7,0,1
8,64,4,0,4,0,9,9,4,4,3,3,3,2,4,7,0,1
8,64,4,0,4,0,9,9,4,4,3,3,3,2,4,7,0,1
8,64,4,0,4,0,9,9,4,4,3,3,3,2,4,7,0,1
8,64,4,0,4,0,9,9,4,4,3,3,3,2,4,7,0,1
8,64,4,0,4,0,9,9,4,4,3,3,3,2,4,7,0,1
8,64,4,0,4,0,9,9,4,4,3,3,3,2,4,7,8,1
8,64,4,0,4,0,10,9,4,4,3,2,4,3,5,6,8,2
8,64,4,0,4,0,10,9,4,4,3,3,4,3,5,6,8,3
8,64,4,0,4,0,10,10,4,4,3,3,4,3,5,6,9,3
8,64,4,0,4,0,10,10,4,4,3,3,4,3,5,6,9,3
8,64,4,0,4,0,10,10,4,4,3,3,4,3,5,6,9,3
8,64,4,0,4,0,10,10,4,4,3,3,4,3,5,6,9,3
8,64,4,0,4,0,10,10,4,4,3,3,4,3,5,6,5,3
8,64,4,0,4,0,10,10,4,4,3,3,4,3,5,5,5,3
8,64,4,0,4,0,10,10,4,4,3,2,4,3,4,5,5,2
8,64,4,0,4,0,9,9,4,4,3,2,3,3,4,4,5,2
8,64,4,0,4,0,9,9,4,4,3,2,3,3,4,4,0,1
8,64,4,0,4,0,9,9,4,4,3,2,3,3,4,4,0,1
8,64,4,0,4,0,9,9,4,4,3,2,3,3,4,4,0,1
8,64,4,0,4,0,9,9,4,4,3,2,3,3,4,4,0,1
8,64,4,0,4,0,9,9,4,4,3,2,3,3,4,4,0,1
8,64,4,0,4,0,9,9,4,4,3,2,3,3,4,3,0,0
8,64,4,0,4,0,9,9,4,4,3,2,3,3,4,3,0,0
9,65,4,0,4,0,9,9,4,4,3,2,3,3,7,3,0,0
9,65,4,0,4,0,9,9,4,4,3,2,3,3,7,3,0,0
9,65,4,0,4,0,9,9,4,4,3,2,3,3,7,3,0,0
9,65,4,0,4,0,9,9,4,4,3,2,3,3,7,3,0,0
9,65,4,0,4,0,9,9,4,4,3,2,3,3,7,3,0,0
9,65,4,0,4,0,9,9,4,4,3,2,3,3,7,3,0,0
9,65,4,0,4,0,9,9,4,4,3,2,3,3,10,3,8,0
9,65,4,0,4,0,10,9,4,4,3,2,4,4,10,8,8,1
9,65,4,0,4,0,10,10,4,4,3,2,4,4,10,9,8,2
9,65,4,0,4,0,10,10,4,4,3,3,4,4,10,10,9,2
9,65,4,0,4,0,10,10,4,4,3,3,4,4,10,11,9,3
9,65,4,0,4,0,10,10,4,4,3,3,4,4,10,10,9,3
9,65,4,0,4,0,10,10,4,4,3,3,4,4,10,10,9,3
9,65,4,0,4,0,10,10,4,4,3,3,4,4,10,10,5,3
9,65,4,0,4,0,10,10,4,4,3,3,4,4,10,11,5,3
9,65,4,0,4,0,10,10,4,4,3,3,4,4,8,11,5,3
9,65,4,0,4,0,9,10,4,4,3,3,3,4,8,10,5,2
9,65,4,0,4,0,9,10,4,4,3,2,3,4,8,10,0,2
9,65,4,0,4,0,9,10,4,4,3,2,3,4,8,9,0,1
9,65,4,0,4,0,9,10,4,4,3,2,3,4,8,9,0,1
9,65,4,0,4,0,9,10,4,4,3,2,3,4,8,7,0,0
9,65,4,0,4,0,9,9,4,4,3,2,3,4,8,7,0,0
9,65,4,0,4,0,9,9,4,4,3,1,3,4,8,7,0,0
9,65,4,0,4,0,9,9,4,4,3,1,3,4,7,7,0,0
10,66,4,0,4,0,9,9,4,4,3,1,3,4,7,7,0,0
10,66,4,0,4,0,9,9,4,4,3,1,3,4,7,7,0,0
10,66,4,0,4,0,9,9,4,4,3,1,3,4,7,7,0,0
10,66,4,0,4,0,9,9,4,4,3,1,3,4,7,7,0,0
10,66,4,0,4,0,9,9,4,4,3,1,3,4,7,7,0,0
10,66,4,0,4,0,9,9,4,4,3,1,3,4,7,7,0,0
10,66,4,0,4,0,9,9,4,4,3,1,3,4,8,7,8,0
10,66,4,0,4,0,10,10,4,4,3,2,4,4,8,7,8,0
10,66,4,0,4,0,10,10,4,4,3,2,4,4,8,8,8,0
10,66,4,0,4,0,10,10,4,4,3,2,4,4,8,8,9,0
10,66,4,0,4,0,10,10,4,4,3,2,4,4,8,7,9,0
10,66,4,0,4,0,10,10,4,3,3,2,4,4,8,8,9,0
10,66,4,0,4,0,10,10,4,3,3,2,4,4,8,8,9,0
10,66,4,0,4,0,10,10,4,3,3,2,4,4,8,8,5,0
10,66,4,0,4,0,10,10,4,3,3,2,4,4,8,8,5,0
10,66,4,0,4,0,10,10,4,3,3,2,4,4,8,8,5,0
10,66,4,0,4,0,9,10,4,3,3,2,3,4,8,6,5,0
10,66,4,0,4,0,9,10,4,3,3,1,3,4,8,6,0,0
10,66,4,0,4,0,9,9,4,3,3,1,3,4,8,6,0,0
10,66,4,0,4,0,9,9,4,3,3,1,3,4,8,6,0,0
10,66,4,0,4,0,9,9,4,3,3,1,3,4,8,6,0,0
10,66,4,0,4,0,9,9,4,3,3,1,3,4,8,6,0,0
10,66,4,0,4,0,9,9,4,3,3,1,3,4,8,6,0,0
10,66,4,0,4,0,9,9,4,3,3,1,3,4,7,6,0,0
11,67,4,0,4,0,9,9,4,3,3,1,3,4,7,6,0,0
11,67,4,0,4,0,9,9,4,3,3,1,3,4,7,6,0,0
11,67,4,0,4,0,9,9,4,3,3,1,3,4,7,6,0,0
11,67,4,0,4,0,9,9,4,3,3,1,3,4,7,6,0,0
11,67,4,0,4,0,9,9,4,3,3,1,3,4,7,6,0,0
11,67,4,0,4,0,9,9,4,3,3,1,3,4,7,6,0,0
11,67,4,0,4,0,9,9,4,3,3,1,3,4,8,6,8,0
11,67,4,0,4,0,10,8,4,3,3,3,4,4,8,8,8,0
11,67,4,0,4,0,10,9,4,4,3,3,4,4,8,8,8,1
11,67,4,0,4,0,10,10,4,4,3,3,4,4,8,8,9,1
11,67,4,0,4,0,10,10,4,4,3,3,4,4,8,8,9,1
11,67,4,0,4,0,10,10,4,4,3,3,4,4,8,8,9,1
11,67,4,0,4,0,10,10,4,4,3,3,4,4,8,8,9,1
11,67,4,0,4,0,10,10,4,4,3,3,4,4,8,8,5,1
11,67,4,0,4,0,10,10,4,4,3,2,4,4,8,8,5,1
11,67,4,0,4,0,10,9,4,4,3,2,4,4,8,8,5,1
11,67,4,0,4,0,9,9,4,4,3,2,3,4,8,8,5,1
11,67,4,0,4,0,9,9,4,4,3,2,3,4,8,8,0,1
11,67,4,0,4,0,9,9,4,4,3,2,3,3,8,8,0,1
11,67,4,0,4,0,9,8,4,4,3,2,3,3,8,8,0,0
11,67,4,0,4,0,9,8,4,4,3,2,3,3,8,8,0,0
11,67,4,0,4,0,9,8,4,4,3,2,3,3,8,8,0,0
11,67,4,0,4,0,9,8,4,4,3,2,3,3,8,8,0,0
11,67,4,0,4,0,9,8,4,4,3,2,3,3,7,8,0,0
12,68,4,0,3,0,8,8,3,4,2,2,2,3,7,8,0,0
12,68,4,0,3,0,8,8,3,4,2,2,2,3,7,8,0,0
12,68,4,0,3,0,8,8,3,4,2,2,2,3,7,8,0,0
12,68,4,0,3,0,8,8,3,4,2,2,2,3,7,8,0,0
12,68,4,0,3,0,8,8,3,4,2,2,2,3,7,8,0,0
12,68,4,0,3,0,8,8,3,4,2,2,2,3,7,8,0,0
12,68,4,0,3,0,8,8,3,4,2,2,3,3,10,8,0,0
12,68,4,0,3,0,8,7,3,4,2,2,3,2,10,8,0,0
12,68,4,0,3,0,8,6,3,4,2,2,3,2,10,7,0,0
12,68,4,0,3,0,8,6,3,4,2,2,3,2,10,7,0,0
12,68,4,0,3,0,8,6,3,4,2,1,3,2,10,7,0,0
12,68,4,0,3,0,8,6,3,4,2,1,3,2,10,6,0,0
12,68,4,0,3,0,8,6,3,4,2,1,3,2,10,6,0,0
12,68,4,0,3,0,8,6,3,4,2,1,3,2,10,6,0,0
12,68,4,0,3,0,8,6,3,4,2,1,3,2,10,6,0,0
12,68,4,0,3,0,8,6,3,4,2,1,2,2,8,6,0,0
12,68,4,0,3,0,8,6,3,4,2,0,2,2,8,6,0,0
12,68,4,0,3,0,8,6,3,4,2,0,2,2,8,6,0,0
12,68,4,0,3,0,8,6,3,4,2,0,2,2,8,6,0,0
12,68,4,0,3,0,8,6,3,4,2,0,2,2,8,6,0,0
12,68,4,0,3,0,8,6,3,4,2,0,2,2,8,6,0,0
12,68,4,0,3,0,8,6,3,4,2,0,2,2,8,6,0,0
12,68,4,0,3,0,8,6,3,4,2,0,2,2,8,6,0,0
12,68,4,0,3,0,8,6,3,4,2,0,2,2,7,6,0,0
13,69,4,0,3,0,8,6,3,4,2,0,2,2,4,6,0,0
13,69,4,0,3,0,8,6,3,4,2,0,2,2,4,6,0,0
13,69,4,0,3,0,8,6,3,4,2,0,2,2,4,6,0,0
13,69,4,0,3,0,8,6,3,4,2,0,2,2,4,6,0,0
13,69,4,0,3,0,8,6,3,4,2,0,2,2,4,6,0,0
13,69,4,0,3,0,8,6,3,4,2,0,2,2,4,6,0,0
13,69,4,0,3,0,8,6,3,4,2,0,3,2,4,6,0,0
13,69,4,0,3,0,8,6,3,3,2,0,3,2,5,6,0,0
13,69,4,0,3,0,8,6,3,3,2,0,3,2,5,5,0,0
13,69,4,0,3,0,8,6,3,3,2,0,3,2,5,5,0,0
13,69,4,0,3,0,8,6,3,3,2,0,3,2,5,5,0,0
13,69,4,0,3,0,8,6,3,3,2,0,3,2,5,5,0,0
13,69,4,0,3,0,8,6,3,3,2,0,3,2,5,5,0,0
13,69,4,0,3,0,8,6,3,3,2,0,3,2,5,5,0,0
13,69,4,0,3,0,8,6,3,3,2,0,3,1,5,5,0,0
13,69,4,0,3,0,8,6,3,3,2,0,2,1,4,5,0,0
13,69,4,0,3,0,8,6,3,3,2,0,2,1,4,5,0,0
13,69,4,0,3,0,8,6,3,3,2,0,2,1,4,5,0,0
13,69,4,0,3,0,8,6,3,3,2,0,2,1,4,5,0,0
13,69,4,0,3,0,8,6,3,3,2,0,2,1,4,4,0,0
13,69,4,0,3,0,8,6,3,3,2,0,2,1,4,4,0,0
13,69,4,0,3,0,8,6,3,3,2,0,2,1,4,4,0,0
13,69,4,0,3,0,8,6,3,3,2,0,2,1,4,4,0,0
13,69,4,0,3,0,8,6,3,3,2,0,2,1,4,4,0,0
14,70,4,0,4,0,9,6,4,3,3,0,3,1,7,4,0,0
14,70,4,0,4,0,9,6,4,3,3,0,3,1,7,4,0,0
14,70,4,0,4,0,9,6,4,3,3,0,3,1,7,4,0,0
14,70,4,0,4,0,9,6,4,3,3,0,3,1,7,4,0,0
14,70,4,0,4,0,9,6,4,3,3,0,3,1,7,4,0,0
14,70,4,0,4,0,9,6,4,3,3,0,3,1,7,4,0,0
14,70,4,0,4,0,9,6,4,3,3,0,3,1,8,4,8,0
14,70,4,0,4,0,10,9,4,4,3,1,4,2,8,5,8,2
14,70,4,0,4,0,10,10,4,4,3,1,4,2,8,5,8,2
14,70,4,0,4,0,10,10,4,4,3,2,4,2,8,8,9,2
14,70,4,0,4,0,10,10,4,4,3,2,4,2,8,8,9,2
14,70,4,0,4,0,10,10,4,4,3,2,4,2,8,8,9,2
14,70,4,0,4,0,10,10,4,4,3,2,4,2,8,9,9,2
14,70,4,0,4,0,10,10,4,4,3,1,4,2,8,8,5,2
14,70,4,0,4,0,10,10,4,4,3,1,4,2,8,8,5,1
14,70,4,0,4,0,10,10,4,4,3,1,4,2,8,7,5,0
14,70,4,0,4,0,9,10,4,4,3,1,3,2,8,6,5,0
14,70,4,0,4,0,9,10,4,4,3,1,3,2,8,6,0,0
14,70,4,0,4,0,9,9,4,4,3,1,3,2,8,6,0,0
14,70,4,0,4,0,9,9,4,4,3,1,3,2,8,6,0,0
14,70,4,0,4,0,9,9,4,4,3,1,3,2,8,6,0,0
14,70,4,0,4,0,9,9,4,4,3,1,3,2,8,6,0,0
14,70,4,0,4,0,9,9,4,4,3,1,3,2,8,6,0,0
14,70,4,0,4,0,9,9,4,4,3,1,3,2,7,6,0,0
15,71,4,0,4,0,9,9,4,4,3,1,3,2,4,6,0,0
15,71,4,0,4,0,9,9,4,4,3,1,3,2,4,6,0,0
15,71,4,0,4,0,9,9,4,4,3,1,3,2,4,6,0,0
15,71,4,0,4,0,9,9,4,4,3,1,3,2,4,6,0,0
15,71,4,0,4,0,9,9,4,4,3,1,3,2,4,6,0,0
15,71,4,0,4,0,9,9,4,4,3,1,3,2,4,6,0,0
15,71,4,0,4,0,9,9,4,4,3,1,3,2,4,6,8,0
15,71,4,0,4,0,10,9,4,4,3,3,4,3,5,5,8,2
15,71,4,0,4,0,10,10,4,4,3,3,4,3,5,5,8,3
15,71,4,0,4,0,10,10,4,4,3,3,4,3,5,5,9,4
15,71,4,0,4,0,10,10,4,4,3,3,4,3,5,5,9,4
15,71,4,0,4,0,10,10,4,4,3,3,4,3,5,5,9,4
15,71,4,0,4,0,10,9,4,4,3,3,4,3,5,5,9,4
15,71,4,0,4,0,10,9,4,4,3,3,4,3,5,5,5,4
15,71,4,0,4,0,10,9,4,4,3,2,4,3,5,5,5,4
15,71,4,0,4,0,10,9,4,4,3,2,4,3,4,5,5,3
15,71,4,0,4,0,9,9,4,4,3,2,3,3,4,5,5,3
15,71,4,0,4,0,9,9,4,4,3,2,3,3,4,5,0,3
15,71,4,0,4,0,9,8,4,4,3,2,3,3,4,5,0,2
15,71,4,0,4,0,9,7,4,4,3,2,3,3,4,5,0,2
15,71,4,0,4,0,9,7,4,4,3,1,3,3,4,5,0,1
15,71,4,0,4,0,9,7,4,4,3,1,3,3,4,5,0,1
15,71,4,0,4,0,9,7,4,4,3,1,3,3,4,5,0,1
15,71,4,0,4,0,9,7,4,4,3,1,3,3,4,5,0,1
16,72,4,0,4,0,9,7,4,4,3,1,3,3,7,5,0,1
16,72,4,0,4,0,9,7,4,4,3,1,3,3,7,5,0,1
16,72,4,0,4,0,9,7,4,4,3,1,3,3,7,5,0,1
16,72,4,0,4,0,9,7,4,4,3,1,3,3,7,5,0,1
16,72,4,0,4,0,9,7,4,4,3,1,3,3,7,5,0,1
16,72,4,0,4,0,9,7,4,4,3,1,3,3,7,5,0,1
16,72,4,0,4,0,9,7,4,4,3,1,3,3,10,5,8,1
16,72,4,0,4,0,10,8,4,4,3,2,4,4,10,8,8,1
16,72,4,0,4,0,10,9,4,4,3,2,4,4,10,10,8,1
16,72,4,0,4,0,10,9,4,4,3,3,4,4,10,10,9,2
16,72,4,0,4,0,10,10,4,4,3,3,4,4,10,10,9,2
16,72,4,0,4,0,10,10,4,4,3,3,4,4,10,10,9,2
16,72,4,0,4,0,10,10,4,4,3,3,4,4,10,10,9,2
16,72,4,0,4,0,10,9,4,4,3,3,4,4,10,10,5,2
16,72,4,0,4,0,10,9,4,4,3,2,4,4,10,10,5,2
16,72,4,0,4,0,10,8,4,3,3,2,4,4,8,10,5,2
16,72,4,0,4,0,9,8,4,3,3,2,3,4,8,10,5,2
16,72,4,0,4,0,9,8,4,3,3,2,3,3,8,10,0,2
16,72,4,0,4,0,9,8,4,3,3,2,3,3,8,10,0,2
16,72,4,0,4,0,9,8,4,3,3,2,3,3,8,10,0,2
16,72,4,0,4,0,9,8,4,3,3,2,3,3,8,10,0,2
16,72,4,0,4,0,9,8,4,3,3,2,3,3,8,10,0,2
16,72,4,0,4,0,9,7,4,3,3,2,3,3,8,10,0,1
16,72,4,0,4,0,9,7,4,3,3,2,3,3,7,10,0,1
17,73,4,0,4,0,9,7,4,3,3,2,3,3,7,10,0,1
17,73,4,0,4,0,9,7,4,3,3,2,3,3,7,10,0,1
17,73,4,0,4,0,9,7,4,3,3,2,3,3,7,10,0,1
17,73,4,0,4,0,9,7,4,3,3,2,3,3,7,10,0,1
17,73,4,0,4,0,9,7,4,3,3,2,3,3,7,10,0,1
17,73,4,0,4,0,9,7,4,3,3,2,3,3,7,10,0,1
17,73,4,0,4,0,9,7,4,3,3,2,3,3,8,10,8,1
17,73,4,0,4,0,10,8,4,4,3,2,4,3,8,9,8,0
17,73,4,0,4,0,10,10,4,4,3,2,4,3,8,9,8,0
17,73,4,0,4,0,10,10,4,4,3,2,4,3,8,9,9,0
17,73,4,0,4,0,10,10,4,4,3,2,4,3,8,9,9,0
17,73,4,0,4,0,10,10,4,4,3,2,4,3,8,9,9,0
17,73,4,0,4,0,10,10,4,4,3,2,4,3,8,8,9,0
17,73,4,0,4,0,10,10,4,4,3,2,4,3,8,8,5,0
17,73,4,0,4,0,10,9,4,4,3,2,4,3,8,8,5,0
17,73,4,0,4,0,10,9,4,4,3,2,4,3,8,8,5,0
17,73,4,0,4,0,9,9,4,4,3,2,3,3,8,8,5,0
17,73,4,0,4,0,9,9,4,4,3,2,3,3,8,7,0,0
17,73,4,0,4,0,9,9,4,4,3,1,3,3,8,7,0,0
17,73,4,0,4,0,9,8,4,4,3,1,3,3,8,7,0,0
17,73,4,0,4,0,9,8,4,4,3,1,3,3,8,7,0,0
17,73,4,0,4,0,9,8,4,4,3,1,3,3,8,7,0,0
17,73,4,0,4,0,9,8,4,4,3,1,3,3,8,7,0,0
17,73,4,0,4,0,9,8,4,4,3,1,3,3,7,7,0,0
18,74,4,0,4,0,9,8,4,4,3,1,3,3,7,7,0,0
18,74,4,0,4,0,9,8,4,4,3,1,3,3,7,7,0,0
18,74,4,0,4,0,9,8,4,4,3,1,3,3,7,7,0,0
18,74,4,0,4,0,9,8,4,4,3,1,3,3,7,7,0,0
18,74,4,0,4,0,9,8,4,4,3,1,3,3,7,7,0,0
18,74,4,0,4,0,9,8,4,4,3,1,3,3,7,7,0,0
18,74,4,0,4,0,9,8,4,4,3,1,3,3,8,7,8,0
18,74,4,0,4,0,10,10,4,3,3,1,4,4,8,8,8,1
18,74,4,0,4,0,10,10,4,3,3,3,4,4,8,8,8,1
18,74,4,0,4,0,10,10,4,4,3,3,4,4,8,8,9,2
18,74,4,0,4,0,10,10,4,4,3,2,4,3,8,8,9,2
18,74,4,0,4,0,10,10,4,4,3,3,4,3,8,8,9,2
18,74,4,0,4,0,10,10,4,4,3,3,4,3,8,8,9,2
18,74,4,0,4,0,10,9,4,4,3,3,4,3,8,8,5,1
18,74,4,0,4,0,10,9,4,4,3,1,4,3,8,8,5,1
18,74,4,0,4,0,10,9,4,4,3,1,4,3,8,8,5,1
18,74,4,0,4,0,9,9,4,4,3,1,3,3,8,8,5,1
18,74,4,0,4,0,9,9,4,4,3,1,3,2,8,8,0,1
18,74,4,0,4,0,9,9,4,4,3,1,3,2,8,8,0,1
18,74,4,0,4,0,9,9,4,4,3,1,3,2,8,8,0,1
18,74,4,0,4,0,9,9,4,4,3,1,3,2,8,8,0,1
18,74,4,0,4,0,9,8,4,4,3,1,3,2,8,6,0,1
18,74,4,0,4,0,9,8,4,4,3,1,3,2,8,6,0,0
18,74,4,0,4,0,9,8,4,4,3,1,3,2,7,6,0,0
19,75,4,0,3,0,8,8,3,4,2,1,2,2,7,6,0,0
19,75,4,0,3,0,8,8,3,4,2,1,2,2,7,6,0,0
19,75,4,0,3,0,8,8,3,4,2,1,2,2,7,6,0,0
19,75,4,0,3,0,8,8,3,4,2,1,2,2,7,6,0,0
19,75,4,0,3,0,8,8,3,4,2,1,2,2,7,6,0,0
19,75,4,0,3,0,8,8,3,4,2,1,2,2,7,6,0,0
19,75,4,0,3,0,8,8,3,4,2,1,3,2,10,6,0,0
19,75,4,0,3,0,8,8,3,3,2,1,3,2,10,6,0,0
19,75,4,0,3,0,8,7,3,3,2,1,3,2,10,6,0,0
19,75,4,0,3,0,8,7,3,3,2,1,3,2,10,6,0,0
19,75,4,0,3,0,8,7,3,3,2,1,3,2,10,6,0,0
19,75,4,0,3,0,8,7,3,3,2,1,3,2,10,6,0,0
19,75,4,0,3,0,8,7,3,3,2,1,3,2,10,6,0,0
19,75,4,0,3,0,8,7,3,3,2,1,3,2,10,6,0,0
19,75,4,0,3,0,8,7,3,3,2,1,3,1,10,6,0,0
19,75,4,0,3,0,8,7,3,3,2,1,2,1,8,6,0,0
19,75,4,0,3,0,8,7,3,3,2,1,2,1,8,6,0,0
19,75,4,0,3,0,8,7,3,3,2,0,2,1,8,6,0,0
19,75,4,0,3,0,8,7,3,3,2,0,2,1,8,6,0,0
19,75,4,0,3,0,8,7,3,3,2,0,2,1,8,6,0,0
19,75,4,0,3,0,8,7,3,3,2,0,2,1,8,6,0,0
19,75,4,0,3,0,8,7,3,3,2,0,2,1,8,6,0,0
19,75,4,0,3,0,8,7,3,3,2,0,2,1,8,6,0,0
19,75,4,0,3,0,8,7,3,3,2,0,2,1,7,6,0,0
20,76,4,0,3,0,8,7,3,3,2,0,2,1,4,6,0,0
20,76,4,0,3,0,8,7,3,3,2,0,2,1,4,6,0,0
20,76,4,0,3,0,8,7,3,3,2,0,2,1,4,6,0,0
20,76,4,0,3,0,8,7,3,3,2,0,2,1,4,6,0,0
20,76,4,0,3,0,8,7,3,3,2,0,2,1,4,6,0,0
20,76,4,0,3,0,8,7,3,3,2,0,2,1,4,6,0,0
20,76,4,0,3,0,8,7,3,3,2,0,3,1,4,6,0,0
20,76,4,0,3,0,8,7,3,3,2,0,3,1,5,6,0,0
20,76,4,0,3,0,8,7,3,3,2,0,3,1,5,6,0,0
20,76,4,0,3,0,8,7,3,3,2,0,3,1,5,6,0,0
20,76,4,0,3,0,8,7,3,3,2,0,3,1,5,6,0,0
20,76,4,0,3,0,8,7,3,3,2,0,3,1,5,6,0,0
20,76,4,0,3,0,8,7,3,3,2,0,3,1,5,6,0,0
20,76,4,0,3,0,8,7,3,3,2,0,3,1,5,6,0,0
20,76,4,0,3,0,8,7,3,3,2,0,3,1,5,6,0,0
20,76,4,0,3,0,8,7,3,3,2,0,2,1,4,6,0,0
20,76,4,0,3,0,8,7,3,3,2,0,2,1,4,6,0,0
20,76,4,0,3,0,8,7,3,3,2,0,2,1,4,6,0,0
20,76,4,0,3,0,8,7,3,3,2,0,2,1,4,5,0,0
20,76,4,0,3,0,8,7,3,3,2,0,2,1,4,5,0,0
20,76,4,0,3,0,8,7,3,3,2,0,2,1,4,5,0,0
20,76,4,0,3,0,8,7,3,3,2,0,2,1,4,5,0,0
20,76,4,0,3,0,8,7,3,3,2,0,2,1,4,5,0,0
20,76,4,0,3,0,8,7,3,3,2,0,2,1,4,5,0,0
21,77,4,0,4,0,9,7,4,3,3,0,3,1,7,5,0,0
21,77,4,0,4,0,9,7,4,3,3,0,3,1,7,5,0,0
21,77,4,0,4,0,9,7,4,3,3,0,3,1,7,5,0,0
21,77,4,0,4,0,9,7,4,3,3,0,3,1,7,5,0,0
21,77,4,0,4,0,9,7,4,3,3,0,3,1,7,5,0,0
21,77,4,0,4,0,9,7,4,3,3,0,3,1,7,5,0,0
21,77,4,0,4,0,9,7,4,3,3,0,3,1,8,5,8,0
21,77,4,0,4,0,10,9,4,4,3,2,4,1,8,6,8,1
21,77,4,0,4,0,10,10,4,4,3,3,4,1,8,6,8,1
21,77,4,0,4,0,10,10,4,4,3,2,4,1,8,8,9,1
21,77,4,0,4,0,10,10,4,4,3,2,4,1,8,8,9,1
21,77,4,0,4,0,10,10,4,4,3,3,4,1,8,8,9,1
21,77,4,0,4,0,10,10,4,4,3,3,4,1,8,8,9,1
21,77,4,0,4,0,10,10,4,4,3,3,4,1,8,6,5,1
21,77,4,0,4,0,10,10,4,4,3,2,4,1,8,6,5,1
21,77,4,0,4,0,10,10,4,4,3,2,4,1,8,6,5,1
21,77,4,0,4,0,9,10,4,4,3,2,3,1,8,6,5,1
21,77,4,0,4,0,9,10,4,4,3,2,3,1,8,6,0,1
21,77,4,0,4,0,9,10,4,4,3,2,3,1,8,6,0,1
21,77,4,0,4,0,9,10,4,4,3,2,3,1,8,6,0,1
21,77,4,0,4,0,9,10,4,4,3,2,3,1,8,6,0,1
21,77,4,0,4,0,9,10,4,4,3,2,3,1,8,6,0,1
21,77,4,0,4,0,9,10,4,4,3,2,3,1,8,6,0,1
21,77,4,0,4,0,9,10,4,4,3,2,3,1,7,6,0,1
22,78,4,0,4,0,9,10,4,4,3,2,3,1,4,6,0,1
22,78,4,0,4,0,9,10,4,4,3,2,3,1,4,6,0,1
22,78,4,0,4,0,9,10,4,4,3,2,3,1,4,6,0,1
22,78,4,0,4,0,9,10,4,4,3,2,3,1,4,6,0,1
22,78,4,0,4,0,9,10,4,4,3,2,3,1,4,6,0,1
22,78,4,0,4,0,9,10,4,4,3,2,3,1,4,6,0,1
22,78,4,0,4,0,9,10,4,4,3,2,3,1,4,6,8,1
22,78,4,0,4,0,10,10,4,4,3,3,4,2,5,6,8,5
22,78,4,0,4,0,10,10,4,4,3,3,4,2,5,6,8,6
22,78,4,0,4,0,10,10,4,4,3,2,4,2,5,6,9,7
22,78,4,0,4,0,10,10,4,4,3,2,4,2,5,6,9,8
22,78,4,0,4,0,10,10,4,4,3,2,4,2,5,6,9,8
22,78,4,0,4,0,10,10,4,4,3,1,4,2,5,6,9,8
22,78,4,0,4,0,10,10,4,4,3,1,4,2,5,6,5,8
22,78,4,0,4,0,10,10,4,4,3,1,4,2,5,6,5,8
22,78,4,0,4,0,10,10,4,4,3,1,4,2,4,6,5,3
22,78,4,0,4,0,9,9,4,4,3,1,3,2,4,6,5,3
22,78,4,0,4,0,9,9,4,4,3,1,3,2,4,6,0,3
22,78,4,0,4,0,9,9,4,4,3,1,3,2,4,6,0,3
22,78,4,0,4,0,9,9,4,4,3,1,3,2,4,6,0,3
22,78,4,0,4,0,9,9,4,4,3,1,3,2,4,6,0,3
22,78,4,0,4,0,9,9,4,4,3,1,3,2,4,6,0,3
22,78,4,0,4,0,9,9,4,4,3,1,3,2,4,6,0,3
22,78,4,0,4,0,9,9,4,4,3,1,3,2,4,6,0,3
23,79,4,0,4,0,9,9,4,4,3,1,3,2,7,7,0,3
23,79,4,0,4,0,9,9,4,4,3,1,3,2,7,7,0,3
23,79,4,0,4,0,9,9,4,4,3,1,3,2,7,7,0,3
23,79,4,0,4,0,9,9,4,4,3,1,3,2,7,7,0,3
23,79,4,0,4,0,9,9,4,4,3,1,3,2,7,7,0,3
23,79,4,0,4,0,9,9,4,4,3,1,3,2,7,7,0,3
23,79,4,0,4,0,9,9,4,4,3,1,3,2,10,9,8,3
23,79,4,0,4,0,10,10,4,4,3,2,4,3,10,8,8,1
23,79,4,0,4,0,10,10,4,4,3,2,4,3,10,10,8,1
23,79,4,0,4,0,10,10,4,4,3,3,4,3,10,10,9,1
23,79,4,0,4,0,10,10,4,4,3,3,4,3,10,10,9,1
23,79,4,0,4,0,10,10,4,4,3,3,4,3,10,9,9,0
23,79,4,0,4,0,10,10,4,4,3,3,4,3,10,10,9,0
23,79,4,0,4,0,10,10,4,4,3,2,4,3,10,10,5,0
23,79,4,0,4,0,10,10,4,4,3,2,4,3,10,10,5,0
23,79,4,0,4,0,10,10,4,4,3,2,4,3,8,10,5,0
23,79,4,0,4,0,9,10,4,4,3,2,3,3,8,9,5,0
23,79,4,0,4,0,9,10,4,4,3,2,3,3,8,9,0,0
23,79,4,0,4,0,9,10,4,4,3,2,3,3,8,9,0,0
23,79,4,0,4,0,9,10,4,4,3,2,3,3,8,9,0,0
23,79,4,0,4,0,9,10,4,4,3,2,3,3,8,9,0,0
23,79,4,0,4,0,9,10,4,4,3,2,3,3,8,9,0,0
23,79,4,0,4,0,9,10,4,3,3,2,3,3,8,9,0,0
23,79,4,0,4,0,9,10,4,3,3,2,3,3,7,9,0,0
24,80,4,0,4,0,9,10,4,3,3,2,3,3,7,9,0,0
24,80,4,0,4,0,9,10,4,3,3,2,3,3,7,9,0,0
24,80,4,0,4,0,9,10,4,3,3,2,3,3,7,9,0,0
24,80,4,0,4,0,9,10,4,3,3,2,3,3,7,9,0,0
24,80,4,0,4,0,9,10,4,3,3,2,3,3,7,9,0,0
24,80,4,0,4,0,9,10,4,3,3,2,3,3,7,9,0,0
24,80,4,0,4,0,9,10,4,3,3,2,3,3,8,9,8,0
24,80,4,0,4,0,10,10,4,4,3,1,4,3,8,8,8,0
24,80,4,0,4,0,10,10,4,4,3,1,4,3,8,8,8,0
24,80,4,0,4,0,10,10,4,4,3,1,4,3,8,8,9,0
24,80,4,0,4,0,10,10,4,4,3,1,4,3,8,8,9,0
24,80,4,0,4,0,10,10,4,4,3,1,4,3,8,8,9,0
24,80,4,0,4,0,10,10,4,4,3,1,4,3,8,8,9,0
24,80,4,0,4,0,10,10,4,4,3,1,4,3,8,8,5,0
24,80,4,0,4,0,10,10,4,4,3,1,4,3,8,8,5,0
24,80,4,0,4,0,10,10,4,4,3,1,4,3,8,8,5,0
24,80,4,0,4,0,9,10,4,3,3,1,3,3,8,8,5,0
24,80,4,0,4,0,9,10,4,3,3,1,3,3,8,8,0,0
24,80,4,0,4,0,9,10,4,3,3,1,3,3,8,8,0,0
24,80,4,0,4,0,9,10,4,3,3,1,3,3,8,8,0,0
24,80,4,0,4,0,9,10,4,3,3,1,3,3,8,8,0,0
24,80,4,0,4,0,9,10,4,3,3,0,3,3,8,8,0,0
24,80,4,0,4,0,9,10,4,3,3,0,3,3,8,8,0,0
24,80,4,0,4,0,9,10,4,3,3,0,3,3,7,8,0,0
25,81,4,0,4,0,9,10,4,3,3,0,3,3,7,8,0,0
25,81,4,0,4,0,9,10,4,3,3,0,3,3,7,8,0,0
25,81,4,0,4,0,9,10,4,3,3,0,3,3,7,8,0,0
25,81,4,0,4,0,9,10,4,3,3,0,3,3,7,8,0,0
25,81,4,0,4,0,9,10,4,3,3,0,3,3,7,8,0,0
25,81,4,0,4,0,9,10,4,3,3,0,3,3,7,8,0,0
25,81,4,0,4,0,9,10,4,3,3,0,3,3,8,8,8,0
25,81,4,0,4,0,10,10,4,3,3,1,4,4,8,7,8,1
25,81,4,0,4,0,10,10,4,3,3,3,4,4,8,8,8,1
25,81,4,0,4,0,10,10,4,4,3,3,4,4,8,8,9,2
25,81,4,0,4,0,10,10,4,4,3,3,4,4,8,8,9,3
25,81,4,0,4,0,10,10,4,3,3,3,4,4,8,8,9,4
25,81,4,0,4,0,10,10,4,4,3,2,4,4,8,9,9,4
25,81,4,0,4,0,10,10,4,4,3,3,4,4,8,9,5,4
25,81,4,0,4,0,10,10,4,4,3,2,4,4,8,9,5,4
25,81,4,0,4,0,10,10,4,4,3,2,4,4,8,9,5,2
25,81,4,0,4,0,9,10,4,4,3,2,3,4,8,9,5,2
25,81,4,0,4,0,9,10,4,4,3,2,3,4,8,9,0,2
25,81,4,0,4,0,9,10,4,4,3,2,3,4,8,8,0,1
25,81,4,0,4,0,9,10,4,4,3,2,3,4,8,8,0,1
25,81,4,0,4,0,9,10,4,4,3,2,3,4,8,8,0,1
25,81,4,0,4,0,9,10,4,4,3,2,3,4,8,7,0,1
25,81,4,0,4,0,9,10,4,4,3,2,3,4,8,7,0,1
25,81,4,0,4,0,9,10,4,4,3,2,3,4,7,7,0,1
26,82,4,0,3,0,8,10,3,4,2,2,2,4,7,7,0,1
26,82,4,0,3,0,8,10,3,4,2,3,2,4,7,7,0,1
26,82,4,0,3,0,8,10,3,4,2,3,2,4,7,7,0,1
26,82,4,0,3,0,8,10,3,4,2,3,2,4,7,7,0,1
26,82,4,0,3,0,8,10,3,4,2,3,2,4,7,7,0,1
26,82,4,0,3,0,8,10,3,4,2,3,2,4,7,7,0,1
26,82,4,0,3,0,8,10,3,4,2,3,3,4,10,7,0,1
26,82,4,0,3,0,8,10,3,3,2,2,3,4,10,7,0,1
26,82,4,0,3,0,8,10,3,3,2,2,3,4,10,7,0,1
26,82,4,0,3,0,8,10,3,3,2,2,3,4,10,7,0,1
26,82,4,0,3,0,8,10,3,3,2,2,3,4,10,7,0,1
26,82,4,0,3,0,8,10,3,3,2,2,3,4,10,7,0,1
26,82,4,0,3,0,8,10,3,3,2,2,3,4,10,7,0,1
26,82,4,0,3,0,8,10,3,3,2,2,3,4,10,7,0,1
26,82,4,0,3,0,8,10,3,3,2,2,3,4,10,7,0,1
26,82,4,0,3,0,8,10,3,3,2,1,2,4,8,6,0,0
26,82,4,0,3,0,8,10,3,3,2,1,2,4,8,5,0,0
26,82,4,0,3,0,8,10,3,3,2,1,2,4,8,5,0,0
26,82,4,0,3,0,8,10,3,3,2,1,2,4,8,5,0,0
26,82,4,0,3,0,8,10,3,3,2,1,2,4,8,5,0,0
26,82,4,0,3,0,8,10,3,3,2,1,2,4,8,5,0,0
26,82,4,0,3,0,8,10,3,3,2,1,2,4,8,5,0,0
26,82,4,0,3,0,8,10,3,3,2,1,2,4,8,5,0,0
26,82,4,0,3,0,8,10,3,3,2,1,2,4,7,5,0,0
27,83,4,0,3,0,8,10,3,3,2,1,2,4,4,5,0,0
27,83,4,0,3,0,8,10,3,3,2,1,2,4,4,5,0,0
27,83,4,0,3,0,8,10,3,3,2,1,2,4,4,5,0,0
27,83,4,0,3,0,8,10,3,3,2,1,2,4,4,5,0,0
27,83,4,0,3,0,8,10,3,3,2,1,2,4,4,5,0,0
27,83,4,0,3,0,8,10,3,3,2,1,2,4,4,5,0,0
27,83,4,0,3,0,8,10,3,3,2,1,3,4,4,5,0,0
27,83,4,0,3,0,8,10,3,3,2,1,3,2,5,5,0,0
27,83,4,0,3,0,8,10,3,3,2,1,3,2,5,5,0,0
27,83,4,0,3,0,8,10,3,3,2,1,3,2,5,5,0,0
27,83,4,0,3,0,8,10,3,3,2,1,3,1,5,5,0,0
27,83,4,0,3,0,8,10,3,3,2,1,3,1,5,5,0,0
27,83,4,0,3,0,8,10,3,3,2,1,3,1,5,5,0,0
27,83,4,0,3,0,8,10,3,3,2,1,3,1,5,5,0,0
27,83,4,0,3,0,8,10,3,3,2,1,3,1,5,5,0,0
27,83,4,0,3,0,8,10,3,3,2,1,2,1,4,5,0,0
27,83,4,0,3,0,8,10,3,3,2,1,2,1,4,5,0,0
27,83,4,0,3,0,8,10,3,3,2,1,2,1,4,5,0,0
27,83,4,0,3,0,8,10,3,3,2,1,2,1,4,5,0,0
27,83,4,0,3,0,8,10,3,3,2,1,2,1,4,5,0,0
27,83,4,0,3,0,8,10,3,3,2,1,2,1,4,5,0,0
27,83,4,0,3,0,8,10,3,3,2,1,2,1,4,5,0,0
27,83,4,0,3,0,8,10,3,3,2,1,2,1,4,5,0,0
27,83,4,0,3,0,8,10,3,3,2,1,2,1,4,5,0,0
0,84,4,0,4,0,9,10,4,3,3,1,3,1,7,5,0,0
0,84,4,0,4,0,9,10,4,3,3,1,3,1,7,5,0,0
0,84,4,0,4,0,9,10,4,3,3,1,3,1,7,5,0,0
0,84,4,0,4,0,9,10,4,3,3,1,3,1,7,5,0,0
0,84,4,0,4,0,9,10,4,3,3,1,3,1,7,5,0,0
0,84,4,0,4,0,9,10,4,3,3,1,3,1,7,5,0,0
0,84,4,0,4,0,9,10,4,3,3,1,3,1,8,5,8,0
0,84,4,0,4,0,10,9,4,4,3,1,4,2,8,8,8,2
0,84,4,0,4,0,10,9,4,4,3,2,4,2,8,8,8,2
0,84,4,0,4,0,10,10,4,4,3,2,4,2,8,8,9,2
0,84,4,0,4,0,10,10,4,4,3,2,4,2,8,8,9,2
0,84,4,0,4,0,10,10,4,4,3,3,4,2,8,8,9,2
0,84,4,0,4,0,10,10,4,4,3,3,4,2,8,8,9,2
0,84,4,0,4,0,10,9,4,4,3,3,4,2,8,8,5,2
0,84,4,0,4,0,10,8,4,4,3,2,4,2,8,8,5,2
0,84,4,0,4,0,10,7,4,4,3,2,4,2,8,7,5,2
0,84,4,0,4,0,9,7,4,4,3,2,3,1,8,7,5,2
0,84,4,0,4,0,9,7,4,4,3,2,3,1,8,7,0,1
0,84,4,0,4,0,9,7,4,4,3,2,3,1,8,7,0,1
0,84,4,0,4,0,9,7,4,4,3,2,3,1,8,7,0,1
0,84,4,0,4,0,9,7,4,4,3,2,3,1,8,7,0,1
0,84,4,0,4,0,9,7,4,4,3,2,3,1,8,7,0,1
0,84,4,0,4,0,9,7,4,4,3,2,3,1,8,7,0,1
0,84,4,0,4,0,9,7,4,4,3,2,3,1,7,7,0,1
1,85,4,0,4,0,9,7,4,4,3,2,3,1,4,7,0,1
1,85,4,0,4,0,9,7,4,4,3,2,3,1,4,7,0,1
1,85,4,0,4,0,9,7,4,4,3,2,3,1,4,7,0,1
1,85,4,0,4,0,9,7,4,4,3,2,3,1,4,7,0,1
1,85,4,0,4,0,9,7,4,4,3,2,3,1,4,7,0,1
1,85,4,0,4,0,9,7,4,4,3,2,3,1,4,7,0,1
1,85,4,0,4,0,9,7,4,4,3,2,3,1,4,7,8,1
1,85,4,0,4,0,10,9,4,4,3,3,4,2,5,6,8,2
1,85,4,0,4,0,10,10,4,4,3,2,4,1,5,6,8,2
1,85,4,0,4,0,10,10,4,4,3,3,4,1,5,6,9,3
1,85,4,0,4,0,10,9,4,4,3,3,4,1,5,6,9,3
1,85,4,0,4,0,10,10,4,4,3,3,4,1,5,6,9,3
1,85,4,0,4,0,10,10,4,4,3,3,4,1,5,5,9,1
1,85,4,0,4,0,10,10,4,4,3,3,4,1,5,5,5,1
1,85,4,0,4,0,10,10,4,4,3,3,4,1,5,5,5,1
1,85,4,0,4,0,10,10,4,4,3,3,4,0,4,5,5,1
1,85,4,0,4,0,9,10,4,4,3,3,3,0,4,5,5,1
1,85,4,0,4,0,9,10,4,4,3,3,3,0,4,5,0,1
1,85,4,0,4,0,9,10,4,4,3,3,3,0,4,5,0,1
1,85,4,0,4,0,9,10,4,4,3,3,3,0,4,5,0,0
1,85,4,0,4,0,9,10,4,4,3,3,3,0,4,5,0,0
1,85,4,0,4,0,9,10,4,4,3,3,3,0,4,5,0,0
1,85,4,0,4,0,9,10,4,4,3,3,3,0,4,5,0,0
1,85,4,0,4,0,9,10,4,4,3,3,3,0,4,5,0,0
2,86,4,0,4,0,9,10,4,4,3,3,3,0,7,5,0,0
2,86,4,0,4,0,9,10,4,4,3,3,3,0,7,5,0,0
2,86,4,0,4,0,9,10,4,4,3,3,3,0,7,5,0,0
2,86,4,0,4,0,9,10,4,4,3,3,3,0,7,5,0,0
2,86,4,0,4,0,9,10,4,4,3,3,3,0,7,5,0,0
2,86,4,0,4,0,9,10,4,4,3,3,3,0,7,5,0,0
2,86,4,0,4,0,9,10,4,4,3,3,3,0,10,5,8,0
2,86,4,0,4,0,10,9,4,3,3,3,4,1,10,10,8,1
2,86,4,0,4,0,10,10,4,4,3,2,4,1,10,10,8,1
2,86,4,0,4,0,10,10,4,4,3,2,4,1,10,10,9,1
2,86,4,0,4,0,10,10,4,4,3,3,4,1,10,11,9,1
2,86,4,0,4,0,10,10,4,4,3,2,4,1,10,10,9,1
2,86,4,0,4,0,10,10,4,4,3,2,4,1,10,9,9,0
2,86,4,0,4,0,10,10,4,4,3,2,4,1,10,9,5,0
2,86,4,0,4,0,10,10,4,4,3,2,4,1,10,9,5,0
2,86,4,0,4,0,10,10,4,4,3,2,4,1,8,9,5,0
2,86,4,0,4,0,9,10,4,4,3,1,3,1,8,9,5,0
2,86,4,0,4,0,9,10,4,4,3,1,3,1,8,9,0,0
2,86,4,0,4,0,9,9,4,4,3,1,3,1,8,9,0,0
2,86,4,0,4,0,9,9,4,4,3,1,3,1,8,9,0,0
2,86,4,0,4,0,9,9,4,4,3,1,3,1,8,9,0,0
2,86,4,0,4,0,9,9,4,4,3,1,3,1,8,9,0,0
2,86,4,0,4,0,9,9,4,4,3,1,3,1,8,9,0,0
2,86,4,0,4,0,9,9,4,4,3,1,3,1,7,9,0,0
3,87,4,0,4,0,9,9,4,4,3,1,3,1,7,9,0,0
3,87,4,0,4,0,9,9,4,4,3,1,3,1,7,9,0,0
3,87,4,0,4,0,9,9,4,4,3,1,3,1,7,9,0,0
3,87,4,0,4,0,9,9,4,4,3,1,3,1,7,9,0,0
3,87,4,0,4,0,9,9,4,4,3,1,3,1,7,9,0,0
3,87,4,0,4,0,9,9,4,4,3,1,3,1,7,9,0,0
3,87,4,0,4,0,9,9,4,4,3,1,3,1,8,9,8,0
3,87,4,0,4,0,10,8,4,4,3,2,4,2,8,8,8,0
3,87,4,0,4,0,10,9,4,4,3,2,4,2,8,8,8,0
3,87,4,0,4,0,10,10,4,4,3,2,4,2,8,8,9,0
3,87,4,0,4,0,10,10,4,4,3,2,4,2,8,8,9,0
3,87,4,0,4,0,10,10,4,4,3,2,4,2,8,8,9,0
3,87,4,0,4,0,10,10,4,4,3,2,4,2,8,8,9,0
3,87,4,0,4,0,10,10,4,4,3,2,4,2,8,7,5,0
3,87,4,0,4,0,10,10,4,4,3,2,4,2,8,7,5,0
3,87,4,0,4,0,10,9,4,4,3,2,4,2,8,7,5,0
3,87,4,0,4,0,9,9,4,4,3,2,3,2,8,7,5,0
3,87,4,0,4,0,9,9,4,4,3,2,3,2,8,7,0,0
3,87,4,0,4,0,9,9,4,3,3,2,3,2,8,7,0,0
3,87,4,0,4,0,9,7,4,3,3,2,3,2,8,7,0,0
3,87,4,0,4,0,9,5,4,3,3,2,3,2,8,7,0,0
3,87,4,0,4,0,9,5,4,3,3,2,3,2,8,7,0,0
3,87,4,0,4,0,9,5,4,2,3,2,3,2,8,7,0,0
3,87,4,0,4,0,9,5,4,2,3,2,3,2,7,7,0,0
4,88,4,0,4,0,9,5,4,2,3,2,3,2,7,7,0,0
4,88,4,0,4,0,9,5,4,2,3,2,3,2,7,7,0,0
4,88,4,0,4,0,9,5,4,2,3,2,3,2,7,7,0,0
4,88,4,0,4,0,9,5,4,2,3,2,3,2,7,7,0,0
4,88,4,0,4,0,9,5,4,2,3,2,3,2,7,7,0,0
4,88,4,0,4,0,9,5,4,2,3,2,3,2,7,7,0,0
4,88,4,0,4,0,9,5,4,2,3,2,3,2,8,7,8,0
4,88,4,0,4,0,10,9,4,2,3,3,4,3,8,8,8,1
4,88,4,0,4,0,10,10,4,4,3,3,4,3,8,8,8,1
4,88,4,0,4,0,10,10,4,4,3,3,4,3,8,8,9,1
4,88,4,0,4,0,10,10,4,4,3,3,4,3,8,8,9,1
4,88,4,0,4,0,10,9,4,4,3,3,4,3,8,8,9,1
4,88,4,0,4,0,10,10,4,4,3,3,4,3,8,7,9,1
4,88,4,0,4,0,10,10,4,4,3,3,4,3,8,7,5,1
4,88,4,0,4,0,10,10,4,4,3,3,4,3,8,7,5,1
4,88,4,0,4,0,10,10,4,4,3,3,4,3,8,7,5,1
4,88,4,0,4,0,9,10,4,4,3,3,3,3,8,7,5,1
4,88,4,0,4,0,9,10,4,4,3,3,3,3,8,7,0,1
4,88,4,0,4,0,9,10,4,4,3,3,3,3,8,7,0,1
4,88,4,0,4,0,9,9,4,4,3,3,3,3,8,7,0,1
4,88,4,0,4,0,9,9,4,3,3,2,3,3,8,7,0,1
4,88,4,0,4,0,9,9,4,3,3,2,3,3,8,7,0,1
4,88,4,0,4,0,9,9,4,3,3,1,3,3,8,7,0,0
4,88,4,0,4,0,9,9,4,3,3,1,3,3,7,7,0,0
5,89,4,0,3,0,8,9,3,3,2,1,2,3,7,7,0,0
5,89,4,0,3,0,8,9,3,3,2,1,2,3,7,7,0,0
5,89,4,0,3,0,8,9,3,3,2,1,2,3,7,7,0,0
5,89,4,0,3,0,8,9,3,3,2,1,2,3,7,7,0,0
5,89,4,0,3,0,8,9,3,3,2,1,2,3,7,7,0,0
5,89,4,0,3,0,8,9,3,3,2,1,2,3,7,7,0,0
5,89,4,0,3,0,8,9,3,3,2,1,3,3,10,7,0,0
5,89,4,0,3,0,8,7,3,3,2,1,3,3,10,7,0,0
5,89,4,0,3,0,8,7,3,3,2,1,3,3,10,7,0,0
5,89,4,0,3,0,8,7,3,3,2,1,3,3,10,7,0,0
5,89,4,0,3,0,8,7,3,3,2,1,3,3,10,7,0,0
5,89,4,0,3,0,8,7,3,3,2,1,3,3,10,7,0,0
5,89,4,0,3,0,8,6,3,3,2,1,3,3,10,7,0,0
5,89,4,0,3,0,8,6,3,3,2,1,3,3,10,7,0,0
5,89,4,0,3,0,8,6,3,3,2,1,3,3,10,6,0,0
5,89,4,0,3,0,8,6,3,3,2,1,2,3,8,6,0,0
5,89,4,0,3,0,8,6,3,3,2,1,2,3,8,6,0,0
5,89,4,0,3,0,8,6,3,3,2,1,2,3,8,6,0,0
5,89,4,0,3,0,8,6,3,3,2,1,2,3,8,6,0,0
5,89,4,0,3,0,8,6,3,3,2,1,2,3,8,5,0,0
5,89,4,0,3,0,8,6,3,3,2,1,2,3,8,5,0,0
5,89,4,0,3,0,8,6,3,3,2,1,2,3,8,5,0,0
5,89,4,0,3,0,8,6,3,3,2,1,2,3,8,5,0,0
5,89,4,0,3,0,8,6,3,3,2,1,2,3,7,5,0,0
6,90,4,0,3,0,8,6,3,3,2,1,2,3,4,5,0,0
6,90,4,0,3,0,8,6,3,3,2,1,2,3,4,5,0,0
6,90,4,0,3,0,8,6,3,3,2,1,2,3,4,5,0,0
6,90,4,0,3,0,8,6,3,3,2,1,2,3,4,5,0,0
6,90,4,0,3,0,8,6,3,3,2,1,2,3,4,5,0,0
6,90,4,0,3,0,8,6,3,3,2,1,2,3,4,5,0,0
6,90,4,0,3,0,8,6,3,3,2,1,3,3,4,5,0,0
6,90,4,0,3,0,8,6,3,3,2,1,3,2,5,5,0,0
6,90,4,0,3,0,8,6,3,3,2,1,3,2,5,4,0,0
6,90,4,0,3,0,8,6,3,3,2,1,3,2,5,4,0,0
6,90,4,0,3,0,8,6,3,3,2,1,3,2,5,4,0,0
6,90,4,0,3,0,8,6,3,3,2,1,3,2,5,4,0,0
6,90,4,0,3,0,8,6,3,3,2,1,3,2,5,4,0,0
6,90,4,0,3,0,8,6,3,3,2,1,3,2,5,4,0,0
6,90,4,0,3,0,8,6,3,3,2,1,3,2,5,4,0,0
6,90,4,0,3,0,8,6,3,3,2,1,2,2,4,4,0,0
6,90,4,0,3,0,8,6,3,3,2,1,2,2,4,4,0,0
6,90,4,0,3,0,8,6,3,3,2,1,2,2,4,4,0,0
6,90,4,0,3,0,8,6,3,3,2,1,2,2,4,4,0,0
6,90,4,0,3,0,8,6,3,3,2,1,2,1,4,4,0,0
6,90,4,0,3,0,8,6,3,3,2,1,2,1,4,4,0,0
6,90,4,0,3,0,8,6,3,3,2,1,2,1,4,4,0,0
6,90,4,0,3,0,8,6,3,3,2,1,2,1,4,4,0,0
6,90,4,0,3,0,8,6,3,3,2,1,2,1,4,4,0,0
7,91,4,0,4,0,9,6,4,3,3,1,3,1,7,4,0,0
7,91,4,0,4,0,9,6,4,3,3,1,3,1,7,4,0,0
7,91,4,0,4,0,9,6,4,3,3,1,3,1,7,4,0,0
7,91,4,0,4,0,9,6,4,3,3,1,3,1,7,4,0,0
7,91,4,0,4,0,9,6,4,3,3,1,3,1,7,4,0,0
7,91,4,0,4,0,9,6,4,3,3,1,3,1,7,4,0,0
7,91,4,0,4,0,9,6,4,3,3,1,3,1,8,4,8,0
7,91,4,0,4,0,10,9,4,4,3,3,4,1,8,4,8,1
7,91,4,0,4,0,10,9,4,4,3,3,4,1,8,5,8,1
7,91,4,0,4,0,10,9,4,4,3,3,4,1,8,6,9,1
7,91,4,0,4,0,10,10,4,4,3,3,4,1,8,6,9,1
7,91,4,0,4,0,10,10,4,4,3,3,4,1,8,7,9,1
7,91,4,0,4,0,10,10,4,4,3,3,4,1,8,7,9,1
7,91,4,0,4,0,10,9,4,4,3,3,4,1,8,6,5,1
7,91,4,0,4,0,10,9,4,4,3,2,4,1,8,6,5,1
7,91,4,0,4,0,10,9,4,4,3,2,4,1,8,6,5,1
7,91,4,0,4,0,9,9,4,4,3,2,3,1,8,6,5,1
7,91,4,0,4,0,9,9,4,4,3,2,3,1,8,6,0,1
7,91,4,0,4,0,9,9,4,4,3,2,3,1,8,6,0,1
7,91,4,0,4,0,9,9,4,4,3,2,3,1,8,6,0,1
7,91,4,0,4,0,9,9,4,4,3,2,3,1,8,6,0,0
7,91,4,0,4,0,9,9,4,4,3,2,3,1,8,6,0,0
7,91,4,0,4,0,9,9,4,4,3,2,3,1,8,6,0,0
7,91,4,0,4,0,9,9,4,4,3,2,3,1,7,6,0,0
8,92,4,0,4,0,9,9,4,4,3,2,3,1,4,6,0,0
8,92,4,0,4,0,9,9,4,4,3,2,3,1,4,6,0,0
8,92,4,0,4,0,9,9,4,4,3,2,3,1,4,6,0,0
8,92,4,0,4,0,9,9,4,4,3,2,3,1,4,6,0,0
8,92,4,0,4,0,9,9,4,4,3,2,3,1,4,6,0,0
8,92,4,0,4,0,9,9,4,4,3,2,3,1,4,6,0,0
8,92,4,0,4,0,9,9,4,4,3,2,3,1,4,6,8,0
8,92,4,0,4,0,10,9,4,3,3,3,4,2,5,5,8,2
8,92,4,0,4,0,10,9,4,4,3,3,4,2,5,5,8,3
8,92,4,0,4,0,10,10,4,4,3,3,4,2,5,5,9,3
8,92,4,0,4,0,10,10,4,4,3,3,4,2,5,6,9,3
8,92,4,0,4,0,10,10,4,4,3,3,4,2,5,6,9,3
8,92,4,0,4,0,10,10,4,4,3,3,4,2,5,4,9,2
8,92,4,0,4,0,10,10,4,3,3,3,4,2,5,5,5,2
8,92,4,0,4,0,10,10,4,3,3,3,4,2,5,5,5,2
8,92,4,0,4,0,10,10,4,3,3,3,4,2,4,5,5,2
8,92,4,0,4,0,9,10,4,2,3,3,3,2,4,5,5,2
8,92,4,0,4,0,9,10,4,2,3,3,3,2,4,5,0,2
8,92,4,0,4,0,9,10,4,2,3,3,3,2,4,4,0,1
8,92,4,0,4,0,9,10,4,2,3,3,3,2,4,4,0,1
8,92,4,0,4,0,9,10,4,2,3,3,3,2,4,4,0,1
8,92,4,0,4,0,9,10,4,2,3,3,3,2,4,4,0,1
8,92,4,0,4,0,9,9,4,2,3,3,3,2,4,4,0,1
8,92,4,0,4,0,9,9,4,2,3,3,3,2,4,4,0,1
9,93,4,0,4,0,9,9,4,2,3,3,3,2,7,4,0,1
9,93,4,0,4,0,9,9,4,2,3,3,3,2,7,4,0,1
9,93,4,0,4,0,9,9,4,2,3,3,3,2,7,4,0,1
9,93,4,0,4,0,9,9,4,2,3,3,3,2,7,4,0,1
9,93,4,0,4,0,9,9,4,2,3,3,3,2,7,4,0,1
9,93,4,0,4,0,9,9,4,2,3,3,3,2,7,4,0,1
9,93,4,0,4,0,9,9,4,2,3,3,3,2,10,4,8,1
9,93,4,0,4,0,10,9,4,3,3,3,4,3,10,8,8,1
9,93,4,0,4,0,10,10,4,3,3,3,4,3,10,9,8,2
9,93,4,0,4,0,10,10,4,4,3,3,4,3,10,10,9,2
9,93,4,0,4,0,10,9,4,4,3,3,4,3,10,10,9,3
9,93,4,0,4,0,10,10,4,4,3,3,4,3,10,10,9,3
9,93,4,0,4,0,10,10,4,4,3,2,4,3,10,10,9,3
9,93,4,0,4,0,10,9,4,4,3,2,4,3,10,11,5,3
9,93,4,0,4,0,10,9,4,4,3,2,4,3,10,10,5,3
9,93,4,0,4,0,10,10,4,4,3,2,4,3,8,9,5,1
9,93,4,0,4,0,9,9,4,4,3,2,3,3,8,9,5,1
9,93,4,0,4,0,9,8,4,4,3,2,3,3,8,9,0,1
9,93,4,0,4,0,9,8,4,4,3,2,3,3,8,9,0,1
9,93,4,0,4,0,9,8,4,4,3,2,3,3,8,9,0,1
9,93,4,0,4,0,9,8,4,4,3,2,3,3,8,9,0,1
9,93,4,0,4,0,9,8,4,3,3,2,3,3,8,9,0,1
9,93,4,0,4,0,9,8,4,3,3,2,3,3,8,9,0,1
9,93,4,0,4,0,9,8,4,3,3,2,3,3,7,9,0,1
10,94,4,0,4,0,9,8,4,3,3,2,3,3,7,9,0,1
10,94,4,0,4,0,9,8,4,3,3,2,3,3,7,9,0,1
10,94,4,0,4,0,9,8,4,3,3,2,3,3,7,9,0,1
10,94,4,0,4,0,9,8,4,3,3,2,3,3,7,9,0,1
10,94,4,0,4,0,9,8,4,3,3,2,3,3,7,9,0,1
10,94,4,0,4,0,9,8,4,3,3,2,3,3,7,9,0,1
10,94,4,0,4,0,9,8,4,3,3,2,3,3,8,9,8,1
10,94,4,0,4,0,10,10,4,3,3,2,4,4,8,8,8,0
10,94,4,0,4,0,10,10,4,3,3,2,4,4,8,8,8,0
10,94,4,0,4,0,10,10,4,2,3,2,4,4,8,8,9,0
10,94,4,0,4,0,10,10,4,2,3,2,4,4,8,8,9,0
10,94,4,0,4,0,10,10,4,2,3,2,4,4,8,8,9,0
10,94,4,0,4,0,10,10,4,2,3,2,4,4,8,8,9,0
10,94,4,0,4,0,10,10,4,2,3,2,4,4,8,8,5,0
10,94,4,0,4,0,10,10,4,2,3,2,4,4,8,8,5,0
10,94,4,0,4,0,10,10,4,2,3,2,4,4,8,8,5,0
10,94,4,0,4,0,9,10,4,2,3,2,3,4,8,8,5,0
10,94,4,0,4,0,9,10,4,2,3,2,3,4,8,8,0,0
10,94,4,0,4,0,9,9,4,2,3,2,3,4,8,6,0,0
10,94,4,0,4,0,9,9,4,2,3,2,3,4,8,6,0,0
10,94,4,0,4,0,9,9,4,2,3,2,3,4,8,5,0,0
10,94,4,0,4,0,9,9,4,2,3,2,3,4,8,5,0,0
10,94,4,0,4,0,9,8,4,2,3,2,3,4,8,5,0,0
10,94,4,0,4,0,9,8,4,2,3,2,3,4,7,5,0,0
11,95,4,0,4,0,9,8,4,2,3,2,3,4,7,5,0,0
11,95,4,0,4,0,9,8,4,2,3,2,3,4,7,5,0,0
11,95,4,0,4,0,9,8,4,2,3,2,3,4,7,5,0,0
11,95,4,0,4,0,9,8,4,2,3,2,3,4,7,5,0,0
11,95,4,0,4,0,9,8,4,2,3,2,3,4,7,5,0,0
11,95,4,0,4,0,9,8,4,2,3,2,3,4,7,5,0,0
11,95,4,0,4,0,9,8,4,2,3,2,3,4,8,5,8,0
11,95,4,0,4,0,10,9,4,3,3,2,4,4,8,8,8,0
11,95,4,0,4,0,10,10,4,3,3,3,4,4,8,8,8,1
11,95,4,0,4,0,10,10,4,4,3,3,4,4,8,8,9,1
11,95,4,0,4,0,10,10,4,4,3,3,4,4,8,8,9,1
11,95,4,0,4,0,10,10,4,4,3,3,4,4,8,9,9,1
11,95,4,0,4,0,10,10,4,3,3,3,4,4,8,9,9,1
11,95,4,0,4,0,10,10,4,3,3,3,4,4,8,7,5,0
11,95,4,0,4,0,10,10,4,1,3,3,4,4,8,7,5,0
11,95,4,0,4,0,10,9,4,1,3,3,4,4,8,7,5,0
11,95,4,0,4,0,9,9,4,1,3,3,3,4,8,7,5,0
11,95,4,0,4,0,9,9,4,1,3,3,3,4,8,7,0,0
11,95,4,0,4,0,9,9,4,1,3,3,3,4,8,7,0,0
11,95,4,0,4,0,9,9,4,1,3,2,3,4,8,7,0,0
11,95,4,0,4,0,9,9,4,1,3,2,3,4,8,7,0,0
11,95,4,0,4,0,9,8,4,1,3,2,3,4,8,7,0,0
11,95,4,0,4,0,9,8,4,1,3,2,3,4,8,7,0,0
11,95,4,0,4,0,9,8,4,1,3,2,3,4,7,7,0,0
12,96,4,0,3,0,8,8,3,1,2,2,2,4,7,7,0,0
12,96,4,0,3,0,8,8,3,1,2,2,2,4,7,7,0,0
12,96,4,0,3,0,8,8,3,1,2,2,2,4,7,7,0,0
12,96,4,0,3,0,8,8,3,1,2,2,2,4,7,7,0,0
12,96,4,0,3,0,8,8,3,1,2,2,2,4,7,7,0,0
12,96,4,0,3,0,8,8,3,1,2,2,2,4,7,7,0,0
12,96,4,0,3,0,8,8,3,1,2,2,3,4,10,7,0,0
12,96,4,0,3,0,8,8,3,1,2,2,3,4,10,6,0,0
12,96,4,0,3,0,8,8,3,1,2,1,3,4,10,6,0,0
12,96,4,0,3,0,8,8,3,1,2,1,3,4,10,6,0,0
12,96,4,0,3,0,8,8,3,1,2,1,3,4,10,6,0,0
12,96,4,0,3,0,8,8,3,1,2,1,3,4,10,6,0,0
12,96,4,0,3,0,8,8,3,1,2,1,3,4,10,6,0,0
12,96,4,0,3,0,8,8,3,1,2,1,3,4,10,6,0,0
12,96,4,0,3,0,8,8,3,1,2,1,3,4,10,6,0,0
12,96,4,0,3,0,8,8,3,1,2,1,2,3,8,6,0,0
12,96,4,0,3,0,8,8,3,1,2,1,2,3,8,6,0,0
12,96,4,0,3,0,8,8,3,1,2,1,2,3,8,6,0,0
12,96,4,0,3,0,8,8,3,1,2,1,2,3,8,6,0,0
12,96,4,0,3,0,8,8,3,1,2,1,2,3,8,6,0,0
12,96,4,0,3,0,8,8,3,1,2,1,2,3,8,6,0,0
12,96,4,0,3,0,8,8,3,1,2,1,2,3,8,6,0,0
12,96,4,0,3,0,8,8,3,1,2,1,2,3,8,6,0,0
12,96,4,0,3,0,8,8,3,1,2,1,2,3,7,6,0,0
13,97,4,0,3,0,8,8,3,1,2,1,2,3,4,6,0,0
13,97,4,0,3,0,8,8,3,1,2,1,2,3,4,6,0,0
13,97,4,0,3,0,8,8,3,1,2,1,2,3,4,6,0,0
13,97,4,0,3,0,8,8,3,1,2,1,2,3,4,6,0,0
13,97,4,0,3,0,8,8,3,1,2,1,2,3,4,6,0,0
13,97,4,0,3,0,8,8,3,1,2,1,2,3,4,6,0,0
13,97,4,0,3,0,8,8,3,1,2,1,3,3,4,6,0,0
13,97,4,0,3,0,8,8,3,1,2,1,3,2,5,5,0,0
13,97,4,0,3,0,8,8,3,1,2,1,3,2,5,5,0,0
13,97,4,0,3,0,8,8,3,1,2,1,3,2,5,5,0,0
13,97,4,0,3,0,8,8,3,1,2,1,3,2,5,5,0,0
13,97,4,0,3,0,8,8,3,1,2,1,3,2,5,5,0,0
13,97,4,0,3,0,8,8,3,1,2,1,3,2,5,5,0,0
13,97,4,0,3,0,8,8,3,1,2,1,3,2,5,5,0,0
13,97,4,0,3,0,8,8,3,1,2,1,3,2,5,5,0,0
13,97,4,0,3,0,8,8,3,1,2,1,2,2,4,5,0,0
13,97,4,0,3,0,8,8,3,1,2,1,2,2,4,5,0,0
13,97,4,0,3,0,8,8,3,1,2,1,2,2,4,5,0,0
13,97,4,0,3,0,8,8,3,1,2,1,2,2,4,5,0,0
13,97,4,0,3,0,8,8,3,1,2,1,2,2,4,5,0,0
13,97,4,0,3,0,8,8,3,1,2,1,2,2,4,5,0,0
13,97,4,0,3,0,8,8,3,1,2,1,2,2,4,5,0,0
13,97,4,0,3,0,8,8,3,1,2,1,2,2,4,5,0,0
13,97,4,0,3,0,8,8,3,1,2,1,2,2,4,5,0,0
14,98,4,0,4,0,9,8,4,1,3,1,3,2,7,5,0,0
14,98,4,0,4,0,9,8,4,1,3,1,3,2,7,5,0,0
14,98,4,0,4,0,9,8,4,1,3,1,3,2,7,5,0,0
14,98,4,0,4,0,9,8,4,1,3,1,3,2,7,5,0,0
14,98,4,0,4,0,9,8,4,1,3,1,3,2,7,5,0,0
14,98,4,0,4,0,9,8,4,1,3,1,3,2,7,5,0,0
14,98,4,0,4,0,9,8,4,1,3,1,3,2,8,5,8,0
14,98,4,0,4,0,10,7,4,3,3,1,4,3,8,6,8,2
14,98,4,0,4,0,10,8,4,3,3,1,4,3,8,6,8,2
14,98,4,0,4,0,10,10,4,4,3,1,4,3,8,7,9,2
14,98,4,0,4,0,10,10,4,4,3,1,4,3,8,7,9,2
14,98,4,0,4,0,10,10,4,4,3,1,4,3,8,8,9,2
14,98,4,0,4,0,10,10,4,4,3,1,4,3,8,8,9,2
14,98,4,0,4,0,10,9,4,3,3,1,4,3,8,6,5,2
14,98,4,0,4,0,10,9,4,3,3,1,4,3,8,6,5,2
14,98,4,0,4,0,10,9,4,3,3,1,4,3,8,6,5,1
14,98,4,0,4,0,9,9,4,3,3,1,3,3,8,6,5,1
14,98,4,0,4,0,9,9,4,3,3,1,3,3,8,6,0,1
14,98,4,0,4,0,9,9,4,3,3,1,3,3,8,6,0,1
14,98,4,0,4,0,9,9,4,3,3,1,3,3,8,6,0,1
14,98,4,0,4,0,9,9,4,3,3,1,3,3,8,6,0,1
14,98,4,0,4,0,9,9,4,3,3,1,3,3,8,6,0,1
14,98,4,0,4,0,9,9,4,3,3,1,3,3,8,6,0,1
14,98,4,0,4,0,9,9,4,3,3,1,3,3,7,6,0,1
15,99,4,0,4,0,9,9,4,3,3,1,3,3,4,6,0,1
15,99,4,0,4,0,9,9,4,3,3,1,3,3,4,6,0,1
15,99,4,0,4,0,9,9,4,3,3,1,3,3,4,6,0,1
15,99,4,0,4,0,9,9,4,3,3,1,3,3,4,6,0,1
15,99,4,0,4,0,9,9,4,3,3,1,3,3,4,6,0,1
15,99,4,0,4,0,9,9,4,3,3,1,3,3,4,6,0,1
15,99,4,0,4,0,9,9,4,3,3,1,3,3,4,6,8,1
15,99,4,0,4,0,10,8,4,4,3,3,4,3,5,5,8,2
15,99,4,0,4,0,10,9,4,4,3,3,4,3,5,5,8,3
15,99,4,0,4,0,10,10,4,4,3,3,4,3,5,6,9,4
15,99,4,0,4,0,10,10,4,4,3,3,4,3,5,6,9,4
15,99,4,0,4,0,10,10,4,4,3,3,4,3,5,6,9,4
15,99,4,0,4,0,10,10,4,3,3,3,4,2,5,5,9,3
15,99,4,0,4,0,10,10,4,3,3,3,4,2,5,5,5,3
15,99,4,0,4,0,10,9,4,4,3,3,4,2,5,5,5,3
15,99,4,0,4,0,10,9,4,4,3,3,4,2,4,5,5,2
15,99,4,0,4,0,9,9,4,3,3,3,3,2,4,5,5,2
15,99,4,0,4,0,9,9,4,3,3,3,3,1,4,5,0,2
15,99,4,0,4,0,9,9,4,3,3,3,3,1,4,5,0,1
15,99,4,0,4,0,9,9,4,2,3,3,3,1,4,5,0,1
15,99,4,0,4,0,9,8,4,2,3,3,3,1,4,5,0,1
15,99,4,0,4,0,9,8,4,2,3,3,3,1,4,5,0,1
15,99,4,0,4,0,9,8,4,2,3,3,3,1,4,5,0,1
15,99,4,0,4,0,9,8,4,2,3,3,3,1,4,5,0,1
16,100,4,0,4,0,9,8,4,2,3,3,3,1,7,5,0,1
16,100,4,0,4,0,9,8,4,2,3,3,3,1,7,5,0,1
16,100,4,0,4,0,9,8,4,2,3,3,3,1,7,5,0,1
16,100,4,0,4,0,9,8,4,2,3,3,3,1,7,5,0,1
16,100,4,0,4,0,9,8,4,2,3,3,3,1,7,5,0,1
16,100,4,0,4,0,9,8,4,2,3,3,3,1,7,5,0,1
16,100,4,0,4,0,9,8,4,2,3,3,3,1,10,5,8,1
16,100,4,0,4,0,10,9,4,3,3,2,4,2,10,9,8,1
16,100,4,0,4,0,10,10,4,3,3,2,4,2,10,10,8,1
16,100,4,0,4,0,10,10,4,4,3,2,4,2,10,11,9,2
16,100,4,0,4,0,10,10,4,4,3,2,4,2,10,11,9,2
16,100,4,0,4,0,10,10,4,4,3,3,4,2,10,11,9,2
16,100,4,0,4,0,10,10,4,4,3,3,4,2,10,11,9,2
16,100,4,0,4,0,10,10,4,4,3,3,4,2,10,11,5,2
16,100,4,0,4,0,10,10,4,3,3,2,4,2,10,11,5,2
16,100,4,0,4,0,10,10,4,3,3,2,4,2,8,11,5,2
16,100,4,0,4,0,9,10,4,2,3,1,3,2,8,11,5,2
16,100,4,0,4,0,9,10,4,2,3,1,3,2,8,11,0,2
16,100,4,0,4,0,9,10,4,2,3,1,3,2,8,10,0,1
16,100,4,0,4,0,9,10,4,2,3,1,3,2,8,10,0,1
16,100,4,0,4,0,9,10,4,2,3,1,3,1,8,10,0,1
16,100,4,0,4,0,9,10,4,2,3,1,3,1,8,10,0,1
16,100,4,0,4,0,9,10,4,2,3,1,3,1,8,10,0,1
16,100,4,0,4,0,9,10,4,2,3,1,3,1,7,10,0,1
17,101,4,0,4,0,9,10,4,2,3,1,3,1,7,10,0,1
17,101,4,0,4,0,9,10,4,2,3,1,3,1,7,10,0,1
17,101,4,0,4,0,9,10,4,2,3,1,3,1,7,10,0,1
17,101,4,0,4,0,9,10,4,2,3,1,3,1,7,10,0,1
17,101,4,0,4,0,9,10,4,2,3,1,3,1,7,10,0,1
17,101,4,0,4,0,9,10,4,2,3,1,3,1,7,10,0,1
17,101,4,0,4,0,9,10,4,2,3,1,3,1,8,10,8,1
17,101,4,0,4,0,10,10,4,3,3,1,4,2,8,9,8,1
17,101,4,0,4,0,10,10,4,3,3,1,4,2,8,9,8,1
17,101,4,0,4,0,10,10,4,3,3,1,4,2,8,9,9,1
17,101,4,0,4,0,10,10,4,3,3,1,4,2,8,9,9,1
17,101,4,0,4,0,10,10,4,3,3,1,4,2,8,9,9,1
17,101,4,0,4,0,10,9,4,3,3,1,4,2,8,8,9,1
17,101,4,0,4,0,10,10,4,3,3,1,4,2,8,7,5,0
17,101,4,0,4,0,10,10,4,3,3,1,4,2,8,7,5,0
17,101,4,0,4,0,10,10,4,1,3,1,4,2,8,6,5,0
17,101,4,0,4,0,9,10,4,1,3,1,3,2,8,6,5,0
17,101,4,0,4,0,9,10,4,1,3,1,3,2,8,6,0,0
17,101,4,0,4,0,9,10,4,1,3,1,3,2,8,6,0,0
17,101,4,0,4,0,9,10,4,1,3,1,3,2,8,6,0,0
17,101,4,0,4,0,9,9,4,1,3,1,3,2,8,6,0,0
17,101,4,0,4,0,9,9,4,1,3,1,3,2,8,6,0,0
17,101,4,0,4,0,9,9,4,1,3,1,3,2,8,6,0,0
17,101,4,0,4,0,9,9,4,1,3,1,3,2,7,6,0,0
18,102,4,0,4,0,9,9,4,1,3,1,3,2,7,6,0,0
18,102,4,0,4,0,9,9,4,1,3,1,3,2,7,6,0,0
18,102,4,0,4,0,9,9,4,1,3,1,3,2,7,6,0,0
18,102,4,0,4,0,9,9,4,1,3,1,3,2,7,6,0,0
18,102,4,0,4,0,9,9,4,1,3,1,3,2,7,6,0,0
18,102,4,0,4,0,9,9,4,1,3,1,3,2,7,6,0,0
18,102,4,0,4,0,9,9,4,1,3,1,3,2,8,6,8,0
18,102,4,0,4,0,10,9,4,1,3,2,4,3,8,8,8,1
18,102,4,0,4,0,10,10,4,2,3,3,4,3,8,8,8,1
18,102,4,0,4,0,10,10,4,3,3,2,4,3,8,8,9,2
18,102,4,0,4,0,10,10,4,3,3,1,4,3,8,8,9,2
18,102,4,0,4,0,10,10,4,3,3,3,4,3,8,8,9,2
18,102,4,0,4,0,10,10,4,4,3,3,4,3,8,8,9,2
18,102,4,0,4,0,10,10,4,4,3,2,4,3,8,8,5,2
18,102,4,0,4,0,10,10,4,2,3,0,4,3,8,8,5,1
18,102,4,0,4,0,10,10,4,2,3,0,4,3,8,8,5,1
18,102,4,0,4,0,9,10,4,2,3,0,3,3,8,8,5,1
18,102,4,0,4,0,9,10,4,2,3,0,3,2,8,8,0,1
18,102,4,0,4,0,9,10,4,2,3,0,3,2,8,8,0,1
18,102,4,0,4,0,9,10,4,2,3,0,3,2,8,8,0,1
18,102,4,0,4,0,9,10,4,2,3,0,3,2,8,8,0,1
18,102,4,0,4,0,9,10,4,2,3,0,3,2,8,7,0,1
18,102,4,0,4,0,9,10,4,2,3,0,3,2,8,7,0,1
18,102,4,0,4,0,9,10,4,2,3,0,3,2,7,6,0,1
19,103,4,0,3,0,8,10,3,2,2,0,2,2,7,6,0,1
19,103,4,0,3,0,8,10,3,2,2,0,2,2,7,6,0,1
19,103,4,0,3,0,8,10,3,2,2,0,2,2,7,6,0,1
19,103,4,0,3,0,8,10,3,2,2,0,2,2,7,6,0,1
19,103,4,0,3,0,8,10,3,2,2,0,2,2,7,6,0,1
19,103,4,0,3,0,8,10,3,2,2,0,2,2,7,6,0,1
19,103,4,0,3,0,8,10,3,2,2,0,3,2,10,6,0,1
19,103,4,0,3,0,8,10,3,2,2,0,3,1,10,5,0,0
19,103,4,0,3,0,8,10,3,2,2,0,3,1,10,5,0,0
19,103,4,0,3,0,8,10,3,2,2,0,3,1,10,5,0,0
19,103,4,0,3,0,8,10,3,2,2,0,3,1,10,5,0,0
19,103,4,0,3,0,8,9,3,2,2,0,3,1,10,4,0,0
19,103,4,0,3,0,8,9,3,2,2,0,3,1,10,4,0,0
19,103,4,0,3,0,8,9,3,2,2,0,3,1,10,4,0,0
19,103,4,0,3,0,8,9,3,2,2,0,3,1,10,4,0,0
19,103,4,0,3,0,8,9,3,2,2,0,2,1,8,4,0,0
19,103,4,0,3,0,8,9,3,2,2,0,2,1,8,4,0,0
19,103,4,0,3,0,8,9,3,2,2,0,2,1,8,4,0,0
19,103,4,0,3,0,8,9,3,2,2,0,2,1,8,4,0,0
19,103,4,0,3,0,8,9,3,2,2,0,2,1,8,4,0,0
19,103,4,0,3,0,8,9,3,2,2,0,2,1,8,4,0,0
19,103,4,0,3,0,8,9,3,2,2,0,2,1,8,4,0,0
19,103,4,0,3,0,8,9,3,2,2,0,2,1,8,4,0,0
19,103,4,0,3,0,8,9,3,2,2,0,2,1,7,4,0,0
20,104,4,0,3,0,8,9,3,2,2,0,2,1,4,4,0,0
20,104,4,0,3,0,8,9,3,2,2,0,2,1,4,4,0,0
20,104,4,0,3,0,8,9,3,2,2,0,2,1,4,4,0,0
20,104,4,0,3,0,8,9,3,2,2,0,2,1,4,4,0,0
20,104,4,0,3,0,8,9,3,2,2,0,2,1,4,4,0,0
20,104,4,0,3,0,8,9,3,2,2,0,2,1,4,4,0,0
20,104,4,0,3,0,8,9,3,2,2,0,3,1,4,4,0,0
20,104,4,0,3,0,8,9,3,2,2,0,3,0,5,4,0,0
20,104,4,0,3,0,8,9,3,2,2,0,3,0,5,4,0,0
20,104,4,0,3,0,8,9,3,2,2,0,3,0,5,4,0,0
20,104,4,0,3,0,8,9,3,2,2,0,3,0,5,4,0,0
20,104,4,0,3,0,8,9,3,2,2,0,3,0,5,3,0,0
20,104,4,0,3,0,8,9,3,2,2,0,3,0,5,3,0,0
20,104,4,0,3,0,8,9,3,2,2,0,3,0,5,3,0,0
20,104,4,0,3,0,8,9,3,2,2,0,3,0,5,3,0,0
20,104,4,0,3,0,8,9,3,2,2,0,2,0,4,3,0,0
20,104,4,0,3,0,8,9,3,2,2,0,2,0,4,3,0,0
20,104,4,0,3,0,8,9,3,2,2,0,2,0,4,3,0,0
20,104,4,0,3,0,8,9,3,2,2,0,2,0,4,3,0,0
20,104,4,0,3,0,8,9,3,2,2,0,2,0,4,3,0,0
20,104,4,0,3,0,8,9,3,2,2,0,2,0,4,3,0,0
20,104,4,0,3,0,8,9,3,2,2,0,2,0,4,3,0,0
20,104,4,0,3,0,8,9,3,1,2,0,2,0,4,3,0,0
20,104,4,0,3,0,8,9,3,1,2,0,2,0,4,3,0,0
21,105,4,0,4,0,9,9,4,1,3,0,3,0,7,3,0,0
21,105,4,0,4,0,9,9,4,1,3,0,3,0,7,3,0,0
21,105,4,0,4,0,9,9,4,1,3,0,3,0,7,3,0,0
21,105,4,0,4,0,9,9,4,1,3,0,3,0,7,3,0,0
21,105,4,0,4,0,9,9,4,1,3,0,3,0,7,3,0,0
21,105,4,0,4,0,9,9,4,1,3,0,3,0,7,3,0,0
21,105,4,0,4,0,9,9,4,1,3,0,3,0,8,3,8,0
21,105,4,0,4,0,10,9,4,3,3,1,4,1,8,7,8,1
21,105,4,0,4,0,10,10,4,4,3,2,4,1,8,7,8,1
21,105,4,0,4,0,10,10,4,3,3,3,4,1,8,8,9,1
21,105,4,0,4,0,10,10,4,4,3,3,4,1,8,8,9,1
21,105,4,0,4,0,10,10,4,4,3,3,4,1,8,8,9,1
21,105,4,0,4,0,10,10,4,4,3,3,4,1,8,8,9,1
21,105,4,0,4,0,10,9,4,4,3,3,4,1,8,6,5,1
21,105,4,0,4,0,10,9,4,4,3,3,4,1,8,6,5,1
21,105,4,0,4,0,10,9,4,4,3,3,4,1,8,6,5,0
21,105,4,0,4,0,9,9,4,4,3,3,3,1,8,6,5,0
21,105,4,0,4,0,9,9,4,4,3,3,3,1,8,6,0,0
21,105,4,0,4,0,9,9,4,4,3,3,3,1,8,6,0,0
21,105,4,0,4,0,9,9,4,4,3,2,3,1,8,6,0,0
21,105,4,0,4,0,9,9,4,4,3,2,3,1,8,6,0,0
21,105,4,0,4,0,9,9,4,4,3,2,3,1,8,6,0,0
21,105,4,0,4,0,9,9,4,4,3,2,3,1,8,6,0,0
21,105,4,0,4,0,9,9,4,4,3,2,3,1,7,6,0,0
22,106,4,0,4,0,9,9,4,4,3,2,3,1,4,6,0,0
22,106,4,0,4,0,9,9,4,4,3,2,3,1,4,6,0,0
22,106,4,0,4,0,9,9,4,4,3,2,3,1,4,6,0,0
22,106,4,0,4,0,9,9,4,4,3,2,3,1,4,6,0,0
22,106,4,0,4,0,9,9,4,4,3,2,3,1,4,6,0,0
22,106,4,0,4,0,9,9,4,4,3,2,3,1,4,6,0,0
22,106,4,0,4,0,9,9,4,4,3,2,3,1,4,6,8,0
22,106,4,0,4,0,10,8,4,4,3,3,4,2,5,6,8,5
22,106,4,0,4,0,10,10,4,4,3,3,4,2,5,6,8,6
22,106,4,0,4,0,10,10,4,4,3,3,4,2,5,6,9,7
22,106,4,0,4,0,10,9,4,4,3,3,4,2,5,6,9,8
22,106,4,0,4,0,10,10,4,4,3,3,4,2,5,6,9,8
22,106,4,0,4,0,10,10,4,4,3,3,4,2,5,6,9,8
22,106,4,0,4,0,10,10,4,4,3,3,4,2,5,5,5,8
22,106,4,0,4,0,10,9,4,4,3,3,4,2,5,5,5,8
22,106,4,0,4,0,10,8,4,4,3,3,4,2,4,5,5,4
22,106,4,0,4,0,9,8,4,3,3,3,3,2,4,5,5,4
22,106,4,0,4,0,9,8,4,3,3,3,3,2,4,5,0,4
22,106,4,0,4,0,9,7,4,3,3,3,3,2,4,5,0,4
22,106,4,0,4,0,9,7,4,2,3,2,3,2,4,5,0,4
22,106,4,0,4,0,9,7,4,1,3,2,3,2,4,5,0,4
22,106,4,0,4,0,9,7,4,1,3,2,3,2,4,5,0,4
22,106,4,0,4,0,9,7,4,1,3,2,3,2,4,5,0,3
22,106,4,0,4,0,9,7,4,1,3,2,3,2,4,5,0,3
23,107,4,0,4,0,9,7,4,1,3,2,3,2,7,7,0,3
23,107,4,0,4,0,9,7,4,1,3,2,3,2,7,7,0,3
23,107,4,0,4,0,9,7,4,1,3,2,3,2,7,7,0,3
23,107,4,0,4,0,9,7,4,1,3,2,3,2,7,7,0,3
23,107,4,0,4,0,9,7,4,1,3,2,3,2,7,7,0,3
23,107,4,0,4,0,9,7,4,1,3,2,3,2,7,7,0,3
23,107,4,0,4,0,9,7,4,1,3,2,3,2,10,7,8,3
23,107,4,0,4,0,10,10,4,2,3,1,4,3,10,9,8,0
23,107,4,0,4,0,10,10,4,2,3,1,4,3,10,10,8,0
23,107,4,0,4,0,10,10,4,3,3,1,4,3,10,10,9,0
23,107,4,0,4,0,10,10,4,4,3,1,4,3,10,10,9,0
23,107,4,0,4,0,10,10,4,4,3,1,4,3,10,10,9,0
23,107,4,0,4,0,10,10,4,4,3,1,4,3,10,10,9,0
23,107,4,0,4,0,10,10,4,4,3,1,4,3,10,10,5,0
23,107,4,0,4,0,10,10,4,4,3,1,4,3,10,10,5,0
23,107,4,0,4,0,10,10,4,4,3,1,4,2,8,10,5,0
23,107,4,0,4,0,9,10,4,4,3,1,3,2,8,10,5,0
23,107,4,0,4,0,9,10,4,4,3,1,3,2,8,10,0,0
23,107,4,0,4,0,9,10,4,4,3,1,3,2,8,10,0,0
23,107,4,0,4,0,9,10,4,3,3,1,3,2,8,10,0,0
23,107,4,0,4,0,9,10,4,3,3,1,3,2,8,10,0,0
23,107,4,0,4,0,9,10,4,3,3,1,3,2,8,10,0,0
23,107,4,0,4,0,9,9,4,3,3,1,3,2,8,8,0,0
23,107,4,0,4,0,9,9,4,3,3,1,3,2,7,8,0,0
24,108,4,0,4,0,9,9,4,3,3,1,3,2,7,8,0,0
24,108,4,0,4,0,9,9,4,3,3,1,3,2,7,8,0,0
24,108,4,0,4,0,9,9,4,3,3,1,3,2,7,8,0,0
24,108,4,0,4,0,9,9,4,3,3,1,3,2,7,8,0,0
24,108,4,0,4,0,9,9,4,3,3,1,3,2,7,8,0,0
24,108,4,0,4,0,9,9,4,3,3,1,3,2,7,8,0,0
24,108,4,0,4,0,9,9,4,3,3,1,3,2,8,8,8,0
24,108,4,0,4,0,10,10,4,4,3,1,4,3,8,8,8,0
24,108,4,0,4,0,10,10,4,4,3,1,4,3,8,8,8,0
24,108,4,0,4,0,10,10,4,4,3,1,4,3,8,8,9,0
24,108,4,0,4,0,10,10,4,4,3,1,4,3,8,8,9,0
24,108,4,0,4,0,10,10,4,4,3,1,4,3,8,7,9,0
24,108,4,0,4,0,10,10,4,3,3,1,4,3,8,7,9,0
24,108,4,0,4,0,10,10,4,3,3,1,4,3,8,7,5,0
24,108,4,0,4,0,10,10,4,3,3,1,4,3,8,7,5,0
24,108,4,0,4,0,10,10,4,3,3,1,4,3,8,7,5,0
24,108,4,0,4,0,9,10,4,3,3,1,3,3,8,7,5,0
24,108,4,0,4,0,9,10,4,3,3,1,3,3,8,7,0,0
24,108,4,0,4,0,9,10,4,3,3,1,3,3,8,7,0,0
24,108,4,0,4,0,9,10,4,3,3,1,3,3,8,7,0,0
24,108,4,0,4,0,9,10,4,3,3,1,3,3,8,7,0,0
24,108,4,0,4,0,9,10,4,3,3,1,3,3,8,7,0,0
24,108,4,0,4,0,9,10,4,3,3,1,3,3,8,7,0,0
24,108,4,0,4,0,9,10,4,3,3,1,3,3,7,7,0,0
25,109,4,0,4,0,9,10,4,3,3,1,3,3,7,7,0,0
25,109,4,0,4,0,9,10,4,3,3,1,3,3,7,7,0,0
25,109,4,0,4,0,9,10,4,3,3,1,3,3,7,7,0,0
25,109,4,0,4,0,9,10,4,3,3,1,3,3,7,7,0,0
25,109,4,0,4,0,9,10,4,3,3,1,3,3,7,7,0,0
25,109,4,0,4,0,9,10,4,3,3,1,3,3,7,7,0,0
25,109,4,0,4,0,9,10,4,3,3,1,3,3,8,7,8,0
25,109,4,0,4,0,10,10,4,2,3,2,4,3,8,8,8,1
25,109,4,0,4,0,10,10,4,3,3,3,4,3,8,8,8,1
25,109,4,0,4,0,10,10,4,4,3,3,4,3,8,8,9,2
25,109,4,0,4,0,10,10,4,4,3,3,4,3,8,8,9,3
25,109,4,0,4,0,10,10,4,4,3,2,4,3,8,8,9,4
25,109,4,0,4,0,10,10,4,4,3,3,4,3,8,8,9,4
25,109,4,0,4,0,10,10,4,4,3,3,4,3,8,8,5,4
25,109,4,0,4,0,10,10,4,3,3,3,4,3,8,8,5,3
25,109,4,0,4,0,10,10,4,3,3,3,4,3,8,8,5,1
25,109,4,0,4,0,9,10,4,3,3,3,3,3,8,8,5,1
25,109,4,0,4,0,9,10,4,3,3,3,3,3,8,8,0,1
25,109,4,0,4,0,9,10,4,3,3,3,3,3,8,8,0,1
25,109,4,0,4,0,9,10,4,3,3,2,3,3,8,8,0,1
25,109,4,0,4,0,9,10,4,3,3,2,3,3,8,8,0,1
25,109,4,0,4,0,9,10,4,3,3,2,3,3,8,8,0,0
25,109,4,0,4,0,9,10,4,3,3,2,3,3,8,8,0,0
25,109,4,0,4,0,9,10,4,3,3,2,3,3,7,8,0,0
26,110,4,0,3,0,8,10,3,3,2,2,2,3,7,8,0,0
26,110,4,0,3,0,8,10,3,3,2,2,2,3,7,8,0,0
26,110,4,0,3,0,8,10,3,3,2,2,2,3,7,8,0,0
26,110,4,0,3,0,8,10,3,3,2,2,2,3,7,8,0,0
26,110,4,0,3,0,8,10,3,3,2,2,2,3,7,8,0,0
26,110,4,0,3,0,8,10,3,3,2,2,2,3,7,8,0,0
26,110,4,0,3,0,8,10,3,3,2,2,3,3,10,8,0,0
26,110,4,0,3,0,8,8,3,3,2,1,3,2,10,5,0,0
26,110,4,0,3,0,8,8,3,3,2,1,3,2,10,5,0,0
26,110,4,0,3,0,8,8,3,3,2,1,3,2,10,4,0,0
26,110,4,0,3,0,8,8,3,3,2,1,3,2,10,4,0,0
26,110,4,0,3,0,8,8,3,3,2,1,3,2,10,4,0,0
26,110,4,0,3,0,8,8,3,3,2,1,3,2,10,4,0,0
26,110,4,0,3,0,8,8,3,3,2,1,3,2,10,4,0,0
26,110,4,0,3,0,8,8,3,3,2,1,3,2,10,4,0,0
26,110,4,0,3,0,8,8,3,3,2,1,2,2,8,4,0,0
26,110,4,0,3,0,8,7,3,2,2,1,2,2,8,4,0,0
26,110,4,0,3,0,8,6,3,2,2,1,2,2,8,4,0,0
26,110,4,0,3,0,8,6,3,2,2,1,2,2,8,4,0,0
26,110,4,0,3,0,8,6,3,2,2,1,2,2,8,4,0,0
26,110,4,0,3,0,8,6,3,2,2,1,2,2,8,4,0,0
26,110,4,0,3,0,8,6,3,2,2,1,2,2,8,4,0,0
26,110,4,0,3,0,8,6,3,2,2,1,2,2,8,4,0,0
26,110,4,0,3,0,8,6,3,2,2,1,2,2,7,4,0,0
27,111,4,0,3,0,8,6,3,2,2,1,2,2,4,4,0,0
27,111,4,0,3,0,8,6,3,2,2,1,2,2,4,4,0,0
27,111,4,0,3,0,8,6,3,2,2,1,2,2,4,4,0,0
27,111,4,0,3,0,8,6,3,2,2,1,2,2,4,4,0,0
27,111,4,0,3,0,8,6,3,2,2,1,2,2,4,4,0,0
27,111,4,0,3,0,8,6,3,2,2,1,2,2,4,4,0,0
27,111,4,0,3,0,8,6,3,2,2,1,3,2,4,4,0,0
27,111,4,0,3,0,8,6,3,2,2,1,3,2,5,4,0,0
27,111,4,0,3,0,8,6,3,2,2,1,3,2,5,4,0,0
27,111,4,0,3,0,8,6,3,2,2,1,3,2,5,4,0,0
27,111,4,0,3,0,8,6,3,2,2,1,3,2,5,4,0,0
27,111,4,0,3,0,8,6,3,2,2,1,3,2,5,4,0,0
27,111,4,0,3,0,8,6,3,2,2,1,3,2,5,4,0,0
27,111,4,0,3,0,8,6,3,2,2,1,3,2,5,4,0,0
27,111,4,0,3,0,8,6,3,2,2,1,3,2,5,4,0,0
27,111,4,0,3,0,8,6,3,2,2,1,2,2,4,4,0,0
27,111,4,0,3,0,8,6,3,2,2,1,2,2,4,4,0,0
27,111,4,0,3,0,8,6,3,2,2,1,2,2,4,4,0,0
27,111,4,0,3,0,8,6,3,2,2,0,2,2,4,4,0,0
27,111,4,0,3,0,8,6,3,2,2,0,2,2,4,4,0,0
27,111,4,0,3,0,8,6,3,2,2,0,2,2,4,4,0,0
27,111,4,0,3,0,8,6,3,2,2,0,2,2,4,4,0,0
27,111,4,0,3,0,8,6,3,2,2,0,2,2,4,4,0,0
27,111,4,0,3,0,8,6,3,2,2,0,2,2,4,4,0,0
0,112,4,0,4,0,9,6,4,2,3,0,3,2,7,4,0,0
0,112,4,0,4,0,9,6,4,2,3,0,3,2,7,4,0,0
0,112,4,0,4,0,9,6,4,2,3,0,3,2,7,4,0,0
0,112,4,0,4,0,9,6,4,2,3,0,3,2,7,4,0,0
0,112,4,0,4,0,9,6,4,2,3,0,3,2,7,4,0,0
0,112,4,0,4,0,9,6,4,2,3,0,3,2,7,4,0,0
0,112,4,0,4,0,9,6,4,2,3,0,3,2,8,4,8,0
0,112,4,0,4,0,10,9,4,4,3,0,4,2,8,4,8,2
0,112,4,0,4,0,10,10,4,4,3,1,4,2,8,4,8,2
0,112,4,0,4,0,10,10,4,3,3,1,4,2,8,6,9,2
0,112,4,0,4,0,10,10,4,3,3,1,4,2,8,7,9,2
0,112,4,0,4,0,10,10,4,4,3,1,4,2,8,7,9,2
0,112,4,0,4,0,10,10,4,4,3,1,4,2,8,8,9,2
0,112,4,0,4,0,10,10,4,4,3,1,4,2,8,8,5,2
0,112,4,0,4,0,10,9,4,3,3,1,4,2,8,6,5,1
0,112,4,0,4,0,10,9,4,2,3,1,4,1,8,5,5,0
0,112,4,0,4,0,9,9,4,2,3,1,3,1,8,5,5,0
0,112,4,0,4,0,9,9,4,2,3,1,3,0,8,5,0,0
0,112,4,0,4,0,9,9,4,2,3,1,3,0,8,5,0,0
0,112,4,0,4,0,9,9,4,2,3,1,3,0,8,5,0,0
0,112,4,0,4,0,9,9,4,2,3,1,3,0,8,5,0,0
0,112,4,0,4,0,9,9,4,2,3,1,3,0,8,5,0,0
0,112,4,0,4,0,9,9,4,2,3,1,3,0,8,5,0,0
0,112,4,0,4,0,9,9,4,2,3,1,3,0,7,5,0,0
1,113,4,0,4,0,9,9,4,2,3,1,3,0,4,5,0,0
1,113,4,0,4,0,9,9,4,2,3,1,3,0,4,5,0,0
1,113,4,0,4,0,9,9,4,2,3,1,3,0,4,5,0,0
1,113,4,0,4,0,9,9,4,2,3,1,3,0,4,5,0,0
1,113,4,0,4,0,9,9,4,2,3,1,3,0,4,5,0,0
1,113,4,0,4,0,9,9,4,2,3,1,3,0,4,5,0,0
1,113,4,0,4,0,9,9,4,2,3,1,3,0,4,5,8,0
1,113,4,0,4,0,10,10,4,2,3,2,4,1,5,5,8,1
1,113,4,0,4,0,10,10,4,3,3,3,4,1,5,5,8,1
1,113,4,0,4,0,10,10,4,4,3,3,4,1,5,5,9,2
1,113,4,0,4,0,10,10,4,4,3,3,4,1,5,5,9,2
1,113,4,0,4,0,10,10,4,3,3,3,4,1,5,6,9,2
1,113,4,0,4,0,10,10,4,4,3,3,4,1,5,5,9,1
1,113,4,0,4,0,10,10,4,4,3,3,4,1,5,5,5,1
1,113,4,0,4,0,10,10,4,4,3,3,4,1,5,5,5,1
1,113,4,0,4,0,10,10,4,3,3,3,4,1,4,6,5,1
1,113,4,0,4,0,9,10,4,3,3,2,3,0,4,5,5,0
1,113,4,0,4,0,9,9,4,3,3,2,3,0,4,5,0,0
1,113,4,0,4,0,9,9,4,3,3,2,3,0,4,5,0,0
1,113,4,0,4,0,9,9,4,3,3,2,3,0,4,5,0,0
1,113,4,0,4,0,9,9,4,3,3,2,3,0,4,5,0,0
1,113,4,0,4,0,9,8,4,3,3,2,3,0,4,4,0,0
1,113,4,0,4,0,9,8,4,3,3,2,3,0,4,4,0,0
1,113,4,0,4,0,9,8,4,3,3,2,3,0,4,4,0,0
2,114,4,0,4,0,9,8,4,3,3,2,3,0,7,4,0,0
2,114,4,0,4,0,9,8,4,3,3,2,3,0,7,4,0,0
2,114,4,0,4,0,9,8,4,3,3,2,3,0,7,4,0,0
2,114,4,0,4,0,9,8,4,3,3,2,3,0,7,4,0,0
2,114,4,0,4,0,9,8,4,3,3,2,3,0,7,4,0,0
2,114,4,0,4,0,9,8,4,3,3,2,3,0,7,4,0,0
2,114,4,0,4,0,9,8,4,3,3,2,3,0,10,4,8,0
2,114,4,0,4,0,10,9,4,4,3,2,4,1,10,9,8,1
2,114,4,0,4,0,10,10,4,4,3,3,4,1,10,10,8,1
2,114,4,0,4,0,10,10,4,3,3,3,4,1,10,10,9,1
2,114,4,0,4,0,10,10,4,3,3,3,4,1,10,10,9,1
2,114,4,0,4,0,10,10,4,3,3,3,4,1,10,10,9,1
2,114,4,0,4,0,10,10,4,3,3,3,4,1,10,11,9,1
2,114,4,0,4,0,10,10,4,3,3,3,4,1,10,10,5,1
2,114,4,0,4,0,10,10,4,3,3,3,4,1,10,10,5,1
2,114,4,0,4,0,10,10,4,3,3,3,4,1,8,9,5,0
2,114,4,0,4,0,9,10,4,3,3,3,3,1,8,9,5,0
2,114,4,0,4,0,9,10,4,3,3,3,3,1,8,9,0,0
2,114,4,0,4,0,9,10,4,3,3,3,3,1,8,9,0,0
2,114,4,0,4,0,9,9,4,3,3,3,3,1,8,9,0,0
2,114,4,0,4,0,9,9,4,3,3,3,3,1,8,8,0,0
2,114,4,0,4,0,9,9,4,2,3,3,3,1,8,8,0,0
2,114,4,0,4,0,9,9,4,2,3,3,3,1,8,8,0,0
2,114,4,0,4,0,9,9,4,2,3,3,3,1,7,8,0,0
3,115,4,0,4,0,9,9,4,2,3,3,3,1,7,8,0,0
3,115,4,0,4,0,9,9,4,2,3,3,3,1,7,8,0,0
3,115,4,0,4,0,9,9,4,2,3,3,3,1,7,8,0,0
3,115,4,0,4,0,9,9,4,2,3,3,3,1,7,8,0,0
3,115,4,0,4,0,9,9,4,2,3,3,3,1,7,8,0,0
3,115,4,0,4,0,9,9,4,2,3,3,3,1,7,8,0,0
3,115,4,0,4,0,9,9,4,2,3,3,3,1,8,8,8,0
3,115,4,0,4,0,10,10,4,3,3,3,4,2,8,8,8,0
3,115,4,0,4,0,10,10,4,3,3,2,4,2,8,8,8,0
3,115,4,0,4,0,10,10,4,3,3,2,4,2,8,8,9,0
3,115,4,0,4,0,10,10,4,3,3,2,4,2,8,8,9,0
3,115,4,0,4,0,10,10,4,3,3,2,4,2,8,8,9,0
3,115,4,0,4,0,10,10,4,3,3,2,4,2,8,8,9,0
3,115,4,0,4,0,10,10,4,3,3,2,4,2,8,8,5,0
3,115,4,0,4,0,10,10,4,2,3,2,4,2,8,8,5,0
3,115,4,0,4,0,10,10,4,2,3,2,4,2,8,8,5,0
3,115,4,0,4,0,9,10,4,2,3,1,3,2,8,8,5,0
3,115,4,0,4,0,9,10,4,2,3,1,3,2,8,8,0,0
3,115,4,0,4,0,9,10,4,2,3,1,3,2,8,8,0,0
3,115,4,0,4,0,9,10,4,2,3,1,3,2,8,7,0,0
3,115,4,0,4,0,9,10,4,2,3,1,3,2,8,7,0,0
3,115,4,0,4,0,9,10,4,2,3,1,3,2,8,7,0,0
3,115,4,0,4,0,9,10,4,2,3,1,3,2,8,7,0,0
3,115,4,0,4,0,9,10,4,2,3,1,3,2,7,7,0,0
4,116,4,0,4,0,9,10,4,2,3,1,3,2,7,7,0,0
4,116,4,0,4,0,9,10,4,2,3,1,3,2,7,7,0,0
4,116,4,0,4,0,9,10,4,2,3,1,3,2,7,7,0,0
4,116,4,0,4,0,9,10,4,2,3,1,3,2,7,7,0,0
4,116,4,0,4,0,9,10,4,2,3,1,3,2,7,7,0,0
4,116,4,0,4,0,9,10,4,2,3,1,3,2,7,7,0,0
4,116,4,0,4,0,9,10,4,2,3,1,3,2,8,7,8,0
4,116,4,0,4,0,10,10,4,2,3,2,4,3,8,7,8,1
4,116,4,0,4,0,10,10,4,3,3,3,4,3,8,8,8,1
4,116,4,0,4,0,10,10,4,4,3,3,4,3,8,8,9,1
4,116,4,0,4,0,10,10,4,4,3,3,4,3,8,8,9,1
4,116,4,0,4,0,10,10,4,4,3,3,4,3,8,8,9,1
4,116,4,0,4,0,10,10,4,4,3,3,4,3,8,8,9,1
4,116,4,0,4,0,10,10,4,4,3,3,4,3,8,8,5,1
4,116,4,0,4,0,10,10,4,3,3,3,4,3,8,8,5,1
4,116,4,0,4,0,10,10,4,2,3,3,4,3,8,8,5,1
4,116,4,0,4,0,9,10,4,2,3,2,3,3,8,8,5,1
4,116,4,0,4,0,9,9,4,2,3,2,3,3,8,8,0,1
4,116,4,0,4,0,9,9,4,2,3,2,3,3,8,8,0,1
4,116,4,0,4,0,9,9,4,2,3,2,3,3,8,8,0,1
4,116,4,0,4,0,9,9,4,1,3,2,3,3,8,8,0,1
4,116,4,0,4,0,9,9,4,1,3,2,3,3,8,8,0,1
4,116,4,0,4,0,9,9,4,1,3,2,3,3,8,7,0,1
4,116,4,0,4,0,9,9,4,1,3,2,3,3,7,7,0,1
5,117,4,0,3,0,8,9,3,1,2,2,2,3,7,7,0,1
5,117,4,0,3,0,8,9,3,1,2,2,2,3,7,7,0,1
5,117,4,0,3,0,8,9,3,1,2,2,2,3,7,7,0,1
5,117,4,0,3,0,8,9,3,1,2,2,2,3,7,7,0,1
5,117,4,0,3,0,8,9,3,1,2,2,2,3,7,7,0,1
5,117,4,0,3,0,8,9,3,1,2,2,2,3,7,7,0,1
5,117,4,0,3,0,8,9,3,1,2,2,3,3,10,7,0,1
5,117,4,0,3,0,8,9,3,1,2,1,3,3,10,7,0,0
5,117,4,0,3,0,8,9,3,0,2,1,3,3,10,7,0,0
5,117,4,0,3,0,8,9,3,0,2,1,3,3,10,7,0,0
5,117,4,0,3,0,8,9,3,0,2,1,3,3,10,7,0,0
5,117,4,0,3,0,8,9,3,0,2,1,3,3,10,7,0,0
5,117,4,0,3,0,8,9,3,0,2,1,3,3,10,7,0,0
5,117,4,0,3,0,8,9,3,0,2,1,3,3,10,7,0,0
5,117,4,0,3,0,8,9,3,0,2,1,3,2,10,7,0,0
5,117,4,0,3,0,8,9,3,0,2,1,2,2,8,7,0,0
5,117,4,0,3,0,8,9,3,0,2,1,2,2,8,7,0,0
5,117,4,0,3,0,8,9,3,0,2,1,2,2,8,7,0,0
5,117,4,0,3,0,8,9,3,0,2,1,2,2,8,7,0,0
5,117,4,0,3,0,8,9,3,0,2,1,2,2,8,7,0,0
5,117,4,0,3,0,8,9,3,0,2,1,2,2,8,7,0,0
5,117,4,0,3,0,8,9,3,0,2,1,2,2,8,7,0,0
5,117,4,0,3,0,8,9,3,0,2,1,2,2,8,7,0,0
5,117,4,0,3,0,8,9,3,0,2,1,2,2,7,7,0,0
6,118,4,0,3,0,8,9,3,0,2,1,2,2,4,7,0,0
6,118,4,0,3,0,8,9,3,0,2,1,2,2,4,7,0,0
6,118,4,0,3,0,8,9,3,0,2,1,2,2,4,7,0,0
6,118,4,0,3,0,8,9,3,0,2,1,2,2,4,7,0,0
6,118,4,0,3,0,8,9,3,0,2,1,2,2,4,7,0,0
6,118,4,0,3,0,8,9,3,0,2,1,2,2,4,7,0,0
6,118,4,0,3,0,8,9,3,0,2,1,3,2,4,7,0,0
6,118,4,0,3,0,8,8,3,0,2,1,3,1,5,6,0,0
6,118,4,0,3,0,8,8,3,0,2,1,3,1,5,6,0,0
6,118,4,0,3,0,8,8,3,0,2,1,3,1,5,5,0,0
6,118,4,0,3,0,8,8,3,0,2,1,3,1,5,5,0,0
6,118,4,0,3,0,8,8,3,0,2,1,3,1,5,5,0,0
6,118,4,0,3,0,8,8,3,0,2,1,3,1,5,4,0,0
6,118,4,0,3,0,8,8,3,0,2,1,3,1,5,4,0,0
6,118,4,0,3,0,8,8,3,0,2,1,3,1,5,4,0,0
6,118,4,0,3,0,8,8,3,0,2,1,2,1,4,4,0,0
6,118,4,0,3,0,8,8,3,0,2,1,2,1,4,4,0,0
6,118,4,0,3,0,8,8,3,0,2,1,2,1,4,4,0,0
6,118,4,0,3,0,8,8,3,0,2,1,2,1,4,4,0,0
6,118,4,0,3,0,8,8,3,0,2,1,2,1,4,4,0,0
6,118,4,0,3,0,8,8,3,0,2,1,2,1,4,4,0,0
6,118,4,0,3,0,8,8,3,0,2,1,2,1,4,4,0,0
6,118,4,0,3,0,8,8,3,0,2,1,2,1,4,4,0,0
6,118,4,0,3,0,8,8,3,0,2,1,2,1,4,4,0,0
7,119,4,0,4,0,9,8,4,0,3,1,3,1,7,4,0,0
7,119,4,0,4,0,9,8,4,0,3,1,3,1,7,4,0,0
7,119,4,0,4,0,9,8,4,0,3,1,3,1,7,4,0,0
7,119,4,0,4,0,9,8,4,0,3,1,3,1,7,4,0,0
7,119,4,0,4,0,9,8,4,0,3,1,3,1,7,4,0,0
7,119,4,0,4,0,9,8,4,0,3,1,3,1,7,4,0,0
7,119,4,0,4,0,9,8,4,0,3,1,3,1,8,4,8,0
7,119,4,0,4,0,10,9,4,2,3,2,4,2,8,7,8,1
7,119,4,0,4,0,10,9,4,2,3,3,4,2,8,8,8,1
7,119,4,0,4,0,10,10,4,4,3,2,4,2,8,8,9,1
7,119,4,0,4,0,10,10,4,4,3,3,4,2,8,8,9,1
7,119,4,0,4,0,10,10,4,3,3,3,4,2,8,8,9,1
7,119,4,0,4,0,10,10,4,4,3,3,4,2,8,8,9,1
7,119,4,0,4,0,10,9,4,3,3,3,4,2,8,8,5,1
7,119,4,0,4,0,10,9,4,3,3,3,4,2,8,8,5,1
7,119,4,0,4,0,10,10,4,3,3,3,4,1,8,8,5,1
7,119,4,0,4,0,9,9,4,3,3,3,3,1,8,8,5,0
7,119,4,0,4,0,9,9,4,3,3,3,3,1,8,8,0,0
7,119,4,0,4,0,9,9,4,3,3,3,3,1,8,8,0,0
7,119,4,0,4,0,9,9,4,3,3,3,3,1,8,8,0,0
7,119,4,0,4,0,9,9,4,3,3,3,3,1,8,8,0,0
7,119,4,0,4,0,9,9,4,3,3,3,3,1,8,7,0,0
7,119,4,0,4,0,9,9,4,3,3,3,3,1,8,7,0,0
7,119,4,0,4,0,9,9,4,3,3,3,3,1,7,7,0,0
8,120,4,0,4,0,9,9,4,3,3,3,3,1,4,7,0,0
8,120,4,0,4,0,9,9,4,3,3,3,3,1,4,7,0,0
8,120,4,0,4,0,9,9,4,3,3,3,3,1,4,7,0,0
8,120,4,0,4,0,9,9,4,3,3,3,3,1,4,7,0,0
8,120,4,0,4,0,9,9,4,3,3,3,3,1,4,7,0,0
8,120,4,0,4,0,9,9,4,3,3,3,3,1,4,7,0,0
8,120,4,0,4,0,9,9,4,3,3,3,3,1,4,7,8,0
8,120,4,0,4,0,10,9,4,4,3,2,4,2,5,7,8,2
8,120,4,0,4,0,10,9,4,4,3,3,4,2,5,7,8,3
8,120,4,0,4,0,10,10,4,4,3,3,4,2,5,7,9,3
8,120,4,0,4,0,10,10,4,4,3,3,4,2,5,7,9,3
8,120,4,0,4,0,10,10,4,4,3,3,4,2,5,7,9,3
8,120,4,0,4,0,10,10,4,4,3,2,4,2,5,7,9,3
8,120,4,0,4,0,10,10,4,4,3,2,4,2,5,7,5,3
8,120,4,0,4,0,10,9,4,4,3,2,4,2,5,7,5,3
8,120,4,0,4,0,10,9,4,4,3,2,4,2,4,7,5,2
8,120,4,0,4,0,9,9,4,4,3,2,3,2,4,7,5,2
8,120,4,0,4,0,9,9,4,4,3,2,3,2,4,7,0,2
8,120,4,0,4,0,9,9,4,4,3,2,3,2,4,7,0,2
8,120,4,0,4,0,9,9,4,4,3,2,3,2,4,7,0,2
8,120,4,0,4,0,9,9,4,3,3,1,3,2,4,7,0,1
8,120,4,0,4,0,9,9,4,3,3,1,3,2,4,7,0,1
8,120,4,0,4,0,9,9,4,3,3,1,3,2,4,7,0,1
8,120,4,0,4,0,9,9,4,3,3,1,3,2,4,7,0,1
9,121,4,0,4,0,9,9,4,3,3,1,3,2,7,7,0,1
9,121,4,0,4,0,9,9,4,3,3,1,3,2,7,7,0,1
9,121,4,0,4,0,9,9,4,3,3,1,3,2,7,7,0,1
9,121,4,0,4,0,9,9,4,3,3,1,3,2,7,7,0,1
9,121,4,0,4,0,9,9,4,3,3,1,3,2,7,7,0,1
9,121,4,0,4,0,9,9,4,3,3,1,3,2,7,7,0,1
9,121,4,0,4,0,9,9,4,3,3,1,3,2,10,8,8,1
9,121,4,0,4,0,10,10,4,3,3,1,4,2,10,10,8,2
9,121,4,0,4,0,10,10,4,3,3,1,4,2,10,10,8,2
9,121,4,0,4,0,10,10,4,4,3,1,4,2,10,10,9,2
9,121,4,0,4,0,10,10,4,4,3,2,4,2,10,10,9,3
9,121,4,0,4,0,10,10,4,4,3,2,4,2,10,10,9,3
9,121,4,0,4,0,10,10,4,4,3,2,4,2,10,10,9,3
9,121,4,0,4,0,10,10,4,4,3,2,4,2,10,10,5,3
9,121,4,0,4,0,10,10,4,4,3,2,4,2,10,11,5,3
9,121,4,0,4,0,10,10,4,4,3,2,4,2,8,11,5,3
9,121,4,0,4,0,9,10,4,4,3,2,3,2,8,9,5,1
9,121,4,0,4,0,9,10,4,4,3,2,3,2,8,9,0,1
9,121,4,0,4,0,9,10,4,4,3,2,3,2,8,9,0,1
9,121,4,0,4,0,9,10,4,4,3,2,3,2,8,9,0,1
9,121,4,0,4,0,9,10,4,4,3,2,3,2,8,9,0,1
9,121,4,0,4,0,9,10,4,4,3,2,3,2,8,9,0,1
9,121,4,0,4,0,9,10,4,4,3,2,3,2,8,9,0,1
9,121,4,0,4,0,9,10,4,4,3,2,3,2,7,9,0,1
10,122,4,0,4,0,9,10,4,4,3,2,3,2,7,9,0,1
10,122,4,0,4,0,9,10,4,4,3,2,3,2,7,9,0,1
10,122,4,0,4,0,9,10,4,4,3,2,3,2,7,9,0,1
10,122,4,0,4,0,9,10,4,4,3,2,3,2,7,9,0,1
10,122,4,0,4,0,9,10,4,4,3,2,3,2,7,9,0,1
10,122,4,0,4,0,9,10,4,4,3,2,3,2,7,9,0,1
10,122,4,0,4,0,9,10,4,4,3,2,3,2,8,9,8,1
10,122,4,0,4,0,10,10,4,4,3,2,4,2,8,8,8,0
10,122,4,0,4,0,10,10,4,4,3,2,4,2,8,8,8,0
10,122,4,0,4,0,10,10,4,4,3,2,4,2,8,8,9,0
10,122,4,0,4,0,10,10,4,4,3,2,4,2,8,8,9,0
10,122,4,0,4,0,10,10,4,4,3,2,4,2,8,8,9,0
10,122,4,0,4,0,10,10,4,4,3,2,4,2,8,8,9,0
10,122,4,0,4,0,10,10,4,4,3,2,4,2,8,8,5,0
10,122,4,0,4,0,10,9,4,4,3,2,4,2,8,8,5,0
10,122,4,0,4,0,10,9,4,4,3,2,4,2,8,8,5,0
10,122,4,0,4,0,9,9,4,4,3,2,3,2,8,8,5,0
10,122,4,0,4,0,9,9,4,4,3,2,3,2,8,8,0,0
10,122,4,0,4,0,9,9,4,4,3,2,3,2,8,8,0,0
10,122,4,0,4,0,9,9,4,4,3,2,3,2,8,8,0,0
10,122,4,0,4,0,9,9,4,4,3,2,3,2,8,8,0,0
10,122,4,0,4,0,9,9,4,4,3,1,3,2,8,8,0,0
10,122,4,0,4,0,9,9,4,4,3,1,3,2,8,8,0,0
10,122,4,0,4,0,9,9,4,4,3,1,3,2,7,8,0,0
11,123,4,0,4,0,9,9,4,4,3,1,3,2,7,8,0,0
11,123,4,0,4,0,9,9,4,4,3,1,3,2,7,8,0,0
11,123,4,0,4,0,9,9,4,4,3,1,3,2,7,8,0,0
11,123,4,0,4,0,9,9,4,4,3,1,3,2,7,8,0,0
11,123,4,0,4,0,9,9,4,4,3,1,3,2,7,8,0,0
11,123,4,0,4,0,9,9,4,4,3,1,3,2,7,8,0,0
11,123,4,0,4,0,9,9,4,4,3,1,3,2,8,8,8,0
11,123,4,0,4,0,10,9,4,3,3,3,4,3,8,8,8,0
11,123,4,0,4,0,10,10,4,4,3,3,4,3,8,8,8,1
11,123,4,0,4,0,10,10,4,4,3,3,4,3,8,8,9,1
11,123,4,0,4,0,10,10,4,4,3,3,4,3,8,8,9,1
11,123,4,0,4,0,10,10,4,4,3,3,4,3,8,8,9,1
11,123,4,0,4,0,10,10,4,4,3,3,4,3,8,8,9,1
11,123,4,0,4,0,10,10,4,4,3,2,4,3,8,8,5,0
11,123,4,0,4,0,10,10,4,4,3,2,4,3,8,8,5,0
11,123,4,0,4,0,10,10,4,4,3,1,4,3,8,8,5,0
11,123,4,0,4,0,9,10,4,4,3,1,3,3,8,8,5,0
11,123,4,0,4,0,9,10,4,3,3,1,3,3,8,8,0,0
11,123,4,0,4,0,9,10,4,3,3,1,3,3,8,8,0,0
11,123,4,0,4,0,9,10,4,2,3,1,3,3,8,8,0,0
11,123,4,0,4,0,9,10,4,2,3,1,3,3,8,8,0,0
11,123,4,0,4,0,9,10,4,2,3,1,3,3,8,8,0,0
11,123,4,0,4,0,9,10,4,2,3,1,3,3,8,8,0,0
11,123,4,0,4,0,9,10,4,2,3,1,3,3,7,8,0,0
12,124,4,0,3,0,8,10,3,2,2,1,2,3,7,8,0,0
12,124,4,0,3,0,8,10,3,2,2,1,2,3,7,8,0,0
12,124,4,0,3,0,8,10,3,2,2,1,2,3,7,8,0,0
12,124,4,0,3,0,8,10,3,2,2,1,2,3,7,8,0,0
12,124,4,0,3,0,8,10,3,2,2,1,2,3,7,8,0,0
12,124,4,0,3,0,8,10,3,2,2,1,2,3,7,8,0,0
12,124,4,0,3,0,8,10,3,2,2,1,3,3,10,8,0,0
12,124,4,0,3,0,8,10,3,2,2,1,3,3,10,8,0,0
12,124,4,0,3,0,8,9,3,2,2,1,3,3,10,7,0,0
12,124,4,0,3,0,8,9,3,2,2,1,3,3,10,7,0,0
12,124,4,0,3,0,8,8,3,2,2,1,3,3,10,7,0,0
12,124,4,0,3,0,8,8,3,2,2,1,3,3,10,7,0,0
12,124,4,0,3,0,8,8,3,2,2,1,3,2,10,7,0,0
12,124,4,0,3,0,8,8,3,2,2,1,3,2,10,7,0,0
12,124,4,0,3,0,8,8,3,2,2,1,3,2,10,7,0,0
12,124,4,0,3,0,8,8,3,2,2,1,2,2,8,7,0,0
12,124,4,0,3,0,8,8,3,2,2,1,2,2,8,7,0,0
12,124,4,0,3,0,8,8,3,2,2,1,2,2,8,7,0,0
12,124,4,0,3,0,8,8,3,2,2,1,2,2,8,6,0,0
12,124,4,0,3,0,8,8,3,2,2,1,2,2,8,6,0,0
12,124,4,0,3,0,8,8,3,2,2,1,2,2,8,6,0,0
12,124,4,0,3,0,8,8,3,2,2,1,2,2,8,6,0,0
12,124,4,0,3,0,8,8,3,2,2,1,2,2,8,6,0,0
12,124,4,0,3,0,8,8,3,2,2,1,2,2,7,6,0,0
13,125,4,0,3,0,8,8,3,2,2,1,2,2,4,6,0,0
13,125,4,0,3,0,8,8,3,2,2,1,2,2,4,6,0,0
13,125,4,0,3,0,8,8,3,2,2,1,2,2,4,6,0,0
13,125,4,0,3,0,8,8,3,2,2,1,2,2,4,6,0,0
13,125,4,0,3,0,8,8,3,2,2,1,2,2,4,6,0,0
13,125,4,0,3,0,8,8,3,2,2,1,2,2,4,6,0,0
13,125,4,0,3,0,8,8,3,2,2,1,3,2,4,6,0,0
13,125,4,0,3,0,8,8,3,2,2,1,3,2,5,5,0,0
13,125,4,0,3,0,8,8,3,2,2,1,3,2,5,5,0,0
13,125,4,0,3,0,8,8,3,2,2,1,3,2,5,5,0,0
13,125,4,0,3,0,8,8,3,2,2,1,3,2,5,5,0,0
13,125,4,0,3,0,8,8,3,2,2,1,3,2,5,5,0,0
13,125,4,0,3,0,8,8,3,2,2,1,3,2,5,5,0,0
13,125,4,0,3,0,8,8,3,2,2,1,3,2,5,5,0,0
13,125,4,0,3,0,8,8,3,2,2,1,3,2,5,5,0,0
13,125,4,0,3,0,8,8,3,2,2,1,2,2,4,5,0,0
13,125,4,0,3,0,8,8,3,2,2,1,2,2,4,5,0,0
13,125,4,0,3,0,8,8,3,2,2,1,2,2,4,5,0,0
13,125,4,0,3,0,8,8,3,2,2,1,2,2,4,5,0,0
13,125,4,0,3,0,8,8,3,2,2,1,2,2,4,5,0,0
13,125,4,0,3,0,8,8,3,2,2,1,2,1,4,5,0,0
13,125,4,0,3,0,8,8,3,2,2,1,2,1,4,5,0,0
13,125,4,0,3,0,8,8,3,2,2,1,2,1,4,5,0,0
13,125,4,0,3,0,8,8,3,2,2,1,2,1,4,5,0,0
14,126,4,0,4,0,9,8,4,2,3,1,3,1,7,5,0,0
14,126,4,0,4,0,9,8,4,2,3,1,3,1,7,5,0,0
14,126,4,0,4,0,9,8,4,2,3,1,3,1,7,5,0,0
14,126,4,0,4,0,9,8,4,2,3,1,3,1,7,5,0,0
14,126,4,0,4,0,9,8,4,2,3,1,3,1,7,5,0,0
14,126,4,0,4,0,9,8,4,2,3,1,3,1,7,5,0,0
14,126,4,0,4,0,9,8,4,2,3,1,3,1,8,5,8,0
14,126,4,0,4,0,10,9,4,4,3,1,4,1,8,8,8,2
14,126,4,0,4,0,10,10,4,4,3,1,4,1,8,8,8,2
14,126,4,0,4,0,10,10,4,4,3,2,4,1,8,8,9,2
14,126,4,0,4,0,10,10,4,4,3,2,4,1,8,8,9,2
14,126,4,0,4,0,10,10,4,4,3,2,4,1,8,8,9,2
14,126,4,0,4,0,10,10,4,4,3,2,4,1,8,8,9,2
14,126,4,0,4,0,10,10,4,4,3,1,4,1,8,8,5,2
14,126,4,0,4,0,10,10,4,4,3,1,4,1,8,8,5,2
14,126,4,0,4,0,10,10,4,4,3,1,4,1,8,8,5,1
14,126,4,0,4,0,9,10,4,4,3,1,3,1,8,8,5,1
14,126,4,0,4,0,9,10,4,4,3,1,3,1,8,8,0,1
14,126,4,0,4,0,9,10,4,4,3,1,3,1,8,8,0,0
14,126,4,0,4,0,9,10,4,4,3,1,3,1,8,7,0,0
14,126,4,0,4,0,9,10,4,4,3,1,3,1,8,7,0,0
14,126,4,0,4,0,9,10,4,4,3,1,3,1,8,7,0,0
14,126,4,0,4,0,9,10,4,4,3,1,3,1,8,7,0,0
14,126,4,0,4,0,9,10,4,4,3,1,3,1,7,7,0,0
15,127,4,0,4,0,9,10,4,4,3,1,3,1,4,7,0,0
15,127,4,0,4,0,9,10,4,4,3,1,3,1,4,7,0,0
15,127,4,0,4,0,9,10,4,4,3,1,3,1,4,7,0,0
15,127,4,0,4,0,9,10,4,4,3,1,3,1,4,7,0,0
15,127,4,0,4,0,9,10,4,4,3,1,3,1,4,7,0,0
15,127,4,0,4,0,9,10,4,4,3,1,3,1,4,7,0,0
15,127,4,0,4,0,9,10,4,4,3,1,3,1,4,7,8,0
15,127,4,0,4,0,10,9,4,4,3,3,4,2,5,6,8,2
15,127,4,0,4,0,10,10,4,4,3,3,4,2,5,6,8,3
15,127,4,0,4,0,10,10,4,4,3,3,4,2,5,6,9,4
15,127,4,0,4,0,10,10,4,4,3,3,4,2,5,6,9,4
15,127,4,0,4,0,10,10,4,4,3,3,4,2,5,6,9,4
15,127,4,0,4,0,10,10,4,4,3,3,4,2,5,6,9,4
15,127,4,0,4,0,10,10,4,4,3,3,4,2,5,6,5,4
15,127,4,0,4,0,10,10,4,4,3,3,4,2,5,6,5,4
15,127,4,0,4,0,10,10,4,4,3,3,4,2,4,6,5,3
15,127,4,0,4,0,9,10,4,4,3,3,3,2,4,6,5,3
15,127,4,0,4,0,9,10,4,4,3,3,3,2,4,6,0,3
15,127,4,0,4,0,9,10,4,4,3,3,3,2,4,6,0,3
15,127,4,0,4,0,9,9,4,4,3,3,3,2,4,6,0,2
15,127,4,0,4,0,9,9,4,3,3,3,3,2,4,6,0,2
15,127,4,0,4,0,9,9,4,3,3,3,3,2,4,6,0,2
15,127,4,0,4,0,9,9,4,3,3,3,3,2,4,6,0,2
15,127,4,0,4,0,9,9,4,3,3,3,3,2,4,6,0,2
16,128,4,0,4,0,9,9,4,3,3,3,3,2,7,7,0,2
16,128,4,0,4,0,9,9,4,3,3,3,3,2,7,7,0,2
16,128,4,0,4,0,9,9,4,3,3,3,3,2,7,7,0,2
16,128,4,0,4,0,9,9,4,3,3,3,3,2,7,7,0,2
16,128,4,0,4,0,9,9,4,3,3,3,3,2,7,7,0,2
16,128,4,0,4,0,9,9,4,3,3,3,3,2,7,7,0,2
16,128,4,0,4,0,9,9,4,3,3,3,3,2,10,7,8,2
16,128,4,0,4,0,10,9,4,4,3,1,4,3,10,10,8,1
16,128,4,0,4,0,10,10,4,4,3,1,4,3,10,10,8,1
16,128,4,0,4,0,10,10,4,4,3,2,4,3,10,11,9,2
16,128,4,0,4,0,10,10,4,4,3,2,4,3,10,11,9,2
16,128,4,0,4,0,10,10,4,4,3,3,4,3,10,11,9,2
16,128,4,0,4,0,10,10,4,4,3,3,4,3,10,11,9,2
16,128,4,0,4,0,10,10,4,4,3,3,4,3,10,11,5,2
16,128,4,0,4,0,10,10,4,4,3,1,4,3,10,10,5,1
16,128,4,0,4,0,10,10,4,4,3,1,4,3,8,9,5,0
16,128,4,0,4,0,9,10,4,4,3,1,3,3,8,9,5,0
16,128,4,0,4,0,9,10,4,4,3,1,3,3,8,9,0,0
16,128,4,0,4,0,9,10,4,4,3,1,3,3,8,9,0,0
16,128,4,0,4,0,9,10,4,4,3,1,3,3,8,9,0,0
16,128,4,0,4,0,9,10,4,4,3,1,3,3,8,9,0,0
16,128,4,0,4,0,9,10,4,4,3,1,3,3,8,9,0,0
16,128,4,0,4,0,9,10,4,4,3,1,3,3,8,9,0,0
16,128,4,0,4,0,9,10,4,4,3,1,3,3,7,9,0,0
17,129,4,0,4,0,9,10,4,4,3,1,3,3,7,9,0,0
17,129,4,0,4,0,9,10,4,4,3,1,3,3,7,9,0,0
17,129,4,0,4,0,9,10,4,4,3,1,3,3,7,9,0,0
17,129,4,0,4,0,9,10,4,4,3,1,3,3,7,9,0,0
17,129,4,0,4,0,9,10,4,4,3,1,3,3,7,9,0,0
17,129,4,0,4,0,9,10,4,4,3,1,3,3,7,9,0,0
17,129,4,0,4,0,9,10,4,4,3,1,3,3,8,9,8,0
17,129,4,0,4,0,10,10,4,4,3,2,4,4,8,8,8,0
17,129,4,0,4,0,10,10,4,4,3,2,4,4,8,8,8,0
17,129,4,0,4,0,10,9,4,4,3,1,4,4,8,8,9,0
17,129,4,0,4,0,10,10,4,4,3,1,4,4,8,8,9,0
17,129,4,0,4,0,10,10,4,3,3,1,4,4,8,8,9,0
17,129,4,0,4,0,10,10,4,3,3,1,4,4,8,8,9,0
17,129,4,0,4,0,10,10,4,3,3,1,4,4,8,8,5,0
17,129,4,0,4,0,10,10,4,3,3,1,4,4,8,8,5,0
17,129,4,0,4,0,10,10,4,3,3,1,4,4,8,8,5,0
17,129,4,0,4,0,9,10,4,3,3,1,3,4,8,8,5,0
17,129,4,0,4,0,9,10,4,3,3,1,3,4,8,8,0,0
17,129,4,0,4,0,9,10,4,3,3,1,3,4,8,8,0,0
17,129,4,0,4,0,9,10,4,3,3,1,3,4,8,8,0,0
17,129,4,0,4,0,9,10,4,3,3,1,3,4,8,8,0,0
17,129,4,0,4,0,9,10,4,3,3,1,3,4,8,8,0,0
17,129,4,0,4,0,9,10,4,3,3,1,3,4,8,8,0,0
17,129,4,0,4,0,9,10,4,3,3,1,3,4,7,8,0,0
18,130,4,0,4,0,9,10,4,3,3,1,3,4,7,8,0,0
18,130,4,0,4,0,9,10,4,3,3,1,3,4,7,8,0,0
18,130,4,0,4,0,9,10,4,3,3,1,3,4,7,8,0,0
18,130,4,0,4,0,9,10,4,3,3,1,3,4,7,8,0,0
18,130,4,0,4,0,9,10,4,3,3,1,3,4,7,8,0,0
18,130,4,0,4,0,9,10,4,3,3,1,3,4,7,8,0,0
18,130,4,0,4,0,9,10,4,3,3,1,3,4,8,8,8,0
18,130,4,0,4,0,10,10,4,3,3,2,4,4,8,8,8,1
18,130,4,0,4,0,10,10,4,4,3,3,4,4,8,8,8,1
18,130,4,0,4,0,10,10,4,4,3,3,4,4,8,8,9,2
18,130,4,0,4,0,10,10,4,4,3,3,4,4,8,8,9,2
18,130,4,0,4,0,10,10,4,4,3,3,4,4,8,9,9,2
18,130,4,0,4,0,10,9,4,4,3,3,4,4,8,9,9,2
18,130,4,0,4,0,10,9,4,4,3,3,4,4,8,8,5,1
18,130,4,0,4,0,10,9,4,3,3,3,4,4,8,8,5,1
18,130,4,0,4,0,10,9,4,3,3,3,4,4,8,8,5,1
18,130,4,0,4,0,9,9,4,3,3,3,3,4,8,8,5,1
18,130,4,0,4,0,9,9,4,3,3,3,3,4,8,8,0,1
18,130,4,0,4,0,9,8,4,3,3,3,3,4,8,7,0,1
18,130,4,0,4,0,9,8,4,3,3,3,3,4,8,7,0,1
18,130,4,0,4,0,9,8,4,3,3,3,3,4,8,7,0,1
18,130,4,0,4,0,9,8,4,3,3,3,3,4,8,7,0,1
18,130,4,0,4,0,9,8,4,3,3,3,3,3,8,7,0,1
18,130,4,0,4,0,9,8,4,3,3,3,3,3,7,7,0,1
19,131,4,0,3,0,8,8,3,3,2,3,2,3,7,7,0,1
19,131,4,0,3,0,8,8,3,3,2,3,2,3,7,7,0,1
19,131,4,0,3,0,8,8,3,3,2,3,2,3,7,7,0,1
19,131,4,0,3,0,8,8,3,3,2,3,2,3,7,7,0,1
19,131,4,0,3,0,8,8,3,3,2,3,2,3,7,7,0,1
19,131,4,0,3,0,8,8,3,3,2,3,2,3,7,7,0,1
19,131,4,0,3,0,8,8,3,3,2,3,3,3,10,7,0,1
19,131,4,0,3,0,8,8,3,3,2,3,3,2,10,5,0,0
19,131,4,0,3,0,8,8,3,3,2,3,3,2,10,5,0,0
19,131,4,0,3,0,8,8,3,2,2,3,3,2,10,5,0,0
19,131,4,0,3,0,8,8,3,2,2,3,3,2,10,5,0,0
19,131,4,0,3,0,8,8,3,2,2,3,3,1,10,5,0,0
19,131,4,0,3,0,8,8,3,2,2,3,3,1,10,5,0,0
19,131,4,0,3,0,8,8,3,2,2,3,3,1,10,5,0,0
19,131,4,0,3,0,8,8,3,2,2,3,3,1,10,5,0,0
19,131,4,0,3,0,8,8,3,2,2,3,2,1,8,5,0,0
19,131,4,0,3,0,8,8,3,2,2,3,2,1,8,5,0,0
19,131,4,0,3,0,8,8,3,2,2,3,2,1,8,5,0,0
19,131,4,0,3,0,8,8,3,2,2,3,2,1,8,5,0,0
19,131,4,0,3,0,8,8,3,2,2,3,2,1,8,5,0,0
19,131,4,0,3,0,8,8,3,2,2,3,2,1,8,5,0,0
19,131,4,0,3,0,8,8,3,2,2,3,2,1,8,5,0,0
19,131,4,0,3,0,8,8,3,2,2,3,2,1,8,5,0,0
19,131,4,0,3,0,8,8,3,2,2,3,2,1,7,5,0,0
20,132,4,0,3,0,8,8,3,2,2,3,2,1,4,5,0,0
20,132,4,0,3,0,8,8,3,2,2,3,2,1,4,5,0,0
20,132,4,0,3,0,8,8,3,2,2,3,2,1,4,5,0,0
20,132,4,0,3,0,8,8,3,2,2,3,2,1,4,5,0,0
20,132,4,0,3,0,8,8,3,2,2,3,2,1,4,5,0,0
20,132,4,0,3,0,8,8,3,2,2,3,2,1,4,5,0,0
20,132,4,0,3,0,8,8,3,2,2,3,3,1,4,5,0,0
20,132,4,0,3,0,8,8,3,2,2,3,3,1,5,5,0,0
20,132,4,0,3,0,8,7,3,2,2,3,3,1,5,5,0,0
20,132,4,0,3,0,8,7,3,2,2,3,3,1,5,5,0,0
20,132,4,0,3,0,8,7,3,2,2,3,3,1,5,5,0,0
20,132,4,0,3,0,8,7,3,2,2,3,3,1,5,5,0,0
20,132,4,0,3,0,8,7,3,2,2,3,3,1,5,5,0,0
20,132,4,0,3,0,8,7,3,2,2,3,3,1,5,5,0,0
20,132,4,0,3,0,8,7,3,2,2,3,3,1,5,5,0,0
20,132,4,0,3,0,8,7,3,2,2,3,2,1,4,5,0,0
20,132,4,0,3,0,8,7,3,2,2,3,2,1,4,5,0,0
20,132,4,0,3,0,8,7,3,2,2,3,2,1,4,5,0,0
20,132,4,0,3,0,8,7,3,2,2,3,2,1,4,5,0,0
20,132,4,0,3,0,8,7,3,2,2,3,2,1,4,5,0,0
20,132,4,0,3,0,8,7,3,2,2,2,2,1,4,5,0,0
20,132,4,0,3,0,8,7,3,2,2,2,2,1,4,4,0,0
20,132,4,0,3,0,8,7,3,2,2,2,2,1,4,4,0,0
20,132,4,0,3,0,8,7,3,2,2,2,2,1,4,4,0,0
21,133,4,0,4,0,9,7,4,2,3,2,3,1,7,4,0,0
21,133,4,0,4,0,9,7,4,2,3,2,3,1,7,4,0,0
21,133,4,0,4,0,9,7,4,2,3,2,3,1,7,4,0,0
21,133,4,0,4,0,9,7,4,2,3,2,3,1,7,4,0,0
21,133,4,0,4,0,9,7,4,2,3,2,3,1,7,4,0,0
21,133,4,0,4,0,9,7,4,2,3,2,3,1,7,4,0,0
21,133,4,0,4,0,9,7,4,2,3,2,3,1,8,4,8,0
21,133,4,0,4,0,10,9,4,4,3,3,4,2,8,6,8,1
21,133,4,0,4,0,10,10,4,4,3,3,4,2,8,6,8,1
21,133,4,0,4,0,10,10,4,3,3,3,4,2,8,8,9,1
21,133,4,0,4,0,10,10,4,4,3,2,4,2,8,8,9,1
21,133,4,0,4,0,10,10,4,4,3,3,4,2,8,8,9,1
21,133,4,0,4,0,10,10,4,4,3,3,4,2,8,8,9,1
21,133,4,0,4,0,10,9,4,4,3,3,4,1,8,6,5,1
21,133,4,0,4,0,10,9,4,4,3,3,4,1,8,7,5,1
21,133,4,0,4,0,10,9,4,4,3,3,4,1,8,7,5,1
21,133,4,0,4,0,9,9,4,4,3,3,3,1,8,6,5,0
21,133,4,0,4,0,9,9,4,4,3,3,3,1,8,6,0,0
21,133,4,0,4,0,9,9,4,4,3,3,3,1,8,6,0,0
21,133,4,0,4,0,9,8,4,4,3,3,3,1,8,6,0,0
21,133,4,0,4,0,9,8,4,4,3,3,3,1,8,6,0,0
21,133,4,0,4,0,9,8,4,4,3,3,3,1,8,6,0,0
21,133,4,0,4,0,9,8,4,4,3,3,3,1,8,6,0,0
21,133,4,0,4,0,9,8,4,4,3,3,3,1,7,6,0,0
22,134,4,0,4,0,9,8,4,4,3,3,3,1,4,6,0,0
22,134,4,0,4,0,9,8,4,4,3,3,3,1,4,6,0,0
22,134,4,0,4,0,9,8,4,4,3,3,3,1,4,6,0,0
22,134,4,0,4,0,9,8,4,4,3,3,3,1,4,6,0,0
22,134,4,0,4,0,9,8,4,4,3,3,3,1,4,6,0,0
22,134,4,0,4,0,9,8,4,4,3,3,3,1,4,6,0,0
22,134,4,0,4,0,9,8,4,4,3,3,3,1,4,6,8,0
22,134,4,0,4,0,10,9,4,4,3,2,4,2,5,6,8,5
22,134,4,0,4,0,10,10,4,4,3,3,4,2,5,6,8,6
22,134,4,0,4,0,10,10,4,4,3,3,4,2,5,7,9,7
22,134,4,0,4,0,10,10,4,4,3,3,4,2,5,7,9,8
22,134,4,0,4,0,10,10,4,4,3,3,4,2,5,7,9,8
22,134,4,0,4,0,10,9,4,4,3,3,4,2,5,7,9,8
22,134,4,0,4,0,10,9,4,4,3,3,4,2,5,7,5,8
22,134,4,0,4,0,10,9,4,4,3,2,4,2,5,7,5,8
22,134,4,0,4,0,10,9,4,4,3,2,4,2,4,7,5,5
22,134,4,0,4,0,9,9,4,4,3,2,3,2,4,6,5,4
22,134,4,0,4,0,9,9,4,4,3,2,3,2,4,6,0,4
22,134,4,0,4,0,9,9,4,4,3,2,3,2,4,6,0,4
22,134,4,0,4,0,9,9,4,4,3,2,3,2,4,6,0,4
22,134,4,0,4,0,9,9,4,4,3,2,3,2,4,6,0,3
22,134,4,0,4,0,9,9,4,3,3,2,3,2,4,6,0,3
22,134,4,0,4,0,9,9,4,3,3,2,3,2,4,6,0,3
22,134,4,0,4,0,9,9,4,3,3,2,3,2,4,6,0,3
23,135,4,0,4,0,9,9,4,3,3,2,3,2,7,7,0,3
23,135,4,0,4,0,9,9,4,3,3,2,3,2,7,7,0,3
23,135,4,0,4,0,9,9,4,3,3,2,3,2,7,7,0,3
23,135,4,0,4,0,9,9,4,3,3,2,3,2,7,7,0,3
23,135,4,0,4,0,9,9,4,3,3,2,3,2,7,7,0,3
23,135,4,0,4,0,9,9,4,3,3,2,3,2,7,7,0,3
23,135,4,0,4,0,9,9,4,3,3,2,3,2,10,8,8,3
23,135,4,0,4,0,10,10,4,4,3,2,4,3,10,10,8,1
23,135,4,0,4,0,10,10,4,4,3,2,4,3,10,9,8,0
23,135,4,0,4,0,10,10,4,4,3,2,4,3,10,10,9,0
23,135,4,0,4,0,10,10,4,4,3,3,4,3,10,10,9,0
23,135,4,0,4,0,10,10,4,4,3,3,4,3,10,10,9,0
23,135,4,0,4,0,10,10,4,4,3,3,4,3,10,10,9,0
23,135,4,0,4,0,10,10,4,4,3,3,4,3,10,10,5,0
23,135,4,0,4,0,10,10,4,3,3,3,4,3,10,10,5,0
23,135,4,0,4,0,10,10,4,3,3,3,4,3,8,10,5,0
23,135,4,0,4,0,9,10,4,3,3,3,3,3,8,10,5,0
23,135,4,0,4,0,9,10,4,3,3,3,3,3,8,10,0,0
23,135,4,0,4,0,9,10,4,3,3,3,3,3,8,9,0,0
23,135,4,0,4,0,9,10,4,3,3,3,3,3,8,9,0,0
23,135,4,0,4,0,9,10,4,3,3,3,3,3,8,9,0,0
23,135,4,0,4,0,9,10,4,3,3,3,3,2,8,9,0,0
23,135,4,0,4,0,9,10,4,3,3,3,3,2,8,9,0,0
23,135,4,0,4,0,9,10,4,3,3,3,3,2,7,9,0,0
24,136,4,0,4,0,9,10,4,3,3,3,3,2,7,9,0,0
24,136,4,0,4,0,9,10,4,3,3,3,3,2,7,9,0,0
24,136,4,0,4,0,9,10,4,3,3,3,3,2,7,9,0,0
24,136,4,0,4,0,9,10,4,3,3,3,3,2,7,9,0,0
24,136,4,0,4,0,9,10,4,3,3,3,3,2,7,9,0,0
24,136,4,0,4,0,9,10,4,3,3,3,3,2,7,9,0,0
24,136,4,0,4,0,9,10,4,3,3,3,3,2,8,9,8,0
24,136,4,0,4,0,10,9,4,4,3,3,4,2,8,8,8,0
24,136,4,0,4,0,10,10,4,4,3,3,4,2,8,8,8,0
24,136,4,0,4,0,10,10,4,4,3,3,4,2,8,8,9,0
24,136,4,0,4,0,10,10,4,4,3,3,4,2,8,8,9,0
24,136,4,0,4,0,10,10,4,3,3,3,4,2,8,8,9,0
24,136,4,0,4,0,10,10,4,3,3,3,4,2,8,8,9,0
24,136,4,0,4,0,10,10,4,3,3,3,4,2,8,8,5,0
24,136,4,0,4,0,10,10,4,3,3,2,4,2,8,8,5,0
24,136,4,0,4,0,10,10,4,3,3,2,4,2,8,8,5,0
24,136,4,0,4,0,9,10,4,3,3,2,3,2,8,8,5,0
24,136,4,0,4,0,9,10,4,3,3,2,3,2,8,8,0,0
24,136,4,0,4,0,9,10,4,3,3,2,3,2,8,8,0,0
24,136,4,0,4,0,9,9,4,3,3,2,3,2,8,7,0,0
24,136,4,0,4,0,9,9,4,3,3,2,3,2,8,7,0,0
24,136,4,0,4,0,9,9,4,3,3,2,3,2,8,7,0,0
24,136,4,0,4,0,9,9,4,3,3,2,3,2,8,7,0,0
24,136,4,0,4,0,9,9,4,3,3,2,3,2,7,7,0,0
25,137,4,0,4,0,9,9,4,3,3,2,3,2,7,7,0,0
25,137,4,0,4,0,9,9,4,3,3,2,3,2,7,7,0,0
25,137,4,0,4,0,9,9,4,3,3,2,3,2,7,7,0,0
25,137,4,0,4,0,9,9,4,3,3,2,3,2,7,7,0,0
25,137,4,0,4,0,9,9,4,3,3,2,3,2,7,7,0,0
25,137,4,0,4,0,9,9,4,3,3,2,3,2,7,7,0,0
25,137,4,0,4,0,9,9,4,3,3,2,3,2,8,7,8,0
25,137,4,0,4,0,10,9,4,3,3,3,4,3,8,8,8,1
25,137,4,0,4,0,10,10,4,4,3,3,4,3,8,8,8,1
25,137,4,0,4,0,10,10,4,4,3,3,4,3,8,8,9,2
25,137,4,0,4,0,10,10,4,4,3,3,4,3,8,8,9,3
25,137,4,0,4,0,10,10,4,3,3,3,4,3,8,8,9,4
25,137,4,0,4,0,10,10,4,4,3,3,4,3,8,8,9,4
25,137,4,0,4,0,10,10,4,4,3,3,4,3,8,8,5,3
25,137,4,0,4,0,10,10,4,4,3,3,4,3,8,8,5,3
25,137,4,0,4,0,10,10,4,4,3,3,4,3,8,8,5,1
25,137,4,0,4,0,9,10,4,4,3,3,3,3,8,7,5,0
25,137,4,0,4,0,9,10,4,4,3,3,3,3,8,7,0,0
25,137,4,0,4,0,9,10,4,4,3,3,3,3,8,7,0,0
25,137,4,0,4,0,9,10,4,3,3,3,3,3,8,7,0,0
25,137,4,0,4,0,9,10,4,3,3,3,3,2,8,7,0,0
25,137,4,0,4,0,9,10,4,3,3,3,3,2,8,7,0,0
25,137,4,0,4,0,9,10,4,3,3,3,3,2,8,7,0,0
25,137,4,0,4,0,9,10,4,3,3,3,3,2,7,7,0,0
26,138,4,0,3,0,8,10,3,3,2,3,2,2,7,7,0,0
26,138,4,0,3,0,8,10,3,3,2,3,2,2,7,7,0,0
26,138,4,0,3,0,8,10,3,3,2,3,2,2,7,7,0,0
26,138,4,0,3,0,8,10,3,3,2,3,2,2,7,7,0,0
26,138,4,0,3,0,8,10,3,3,2,3,2,2,7,7,0,0
26,138,4,0,3,0,8,10,3,3,2,3,2,2,7,7,0,0
26,138,4,0,3,0,8,10,3,3,2,3,3,2,10,7,0,0
26,138,4,0,3,0,8,10,3,3,2,2,3,2,10,6,0,0
26,138,4,0,3,0,8,10,3,3,2,2,3,2,10,6,0,0
26,138,4,0,3,0,8,10,3,3,2,2,3,2,10,6,0,0
26,138,4,0,3,0,8,10,3,3,2,2,3,2,10,6,0,0
26,138,4,0,3,0,8,10,3,3,2,2,3,2,10,6,0,0
26,138,4,0,3,0,8,10,3,3,2,2,3,2,10,6,0,0
26,138,4,0,3,0,8,10,3,3,2,2,3,2,10,6,0,0
26,138,4,0,3,0,8,10,3,3,2,2,3,2,10,6,0,0
26,138,4,0,3,0,8,10,3,3,2,2,2,2,8,6,0,0
26,138,4,0,3,0,8,10,3,3,2,2,2,2,8,6,0,0
26,138,4,0,3,0,8,10,3,3,2,2,2,2,8,6,0,0
26,138,4,0,3,0,8,10,3,3,2,2,2,2,8,6,0,0
26,138,4,0,3,0,8,10,3,3,2,2,2,2,8,6,0,0
26,138,4,0,3,0,8,10,3,3,2,2,2,2,8,6,0,0
26,138,4,0,3,0,8,10,3,3,2,2,2,2,8,6,0,0
26,138,4,0,3,0,8,10,3,3,2,1,2,2,8,6,0,0
26,138,4,0,3,0,8,10,3,3,2,1,2,2,7,6,0,0
27,139,4,0,3,0,8,10,3,3,2,1,2,2,4,6,0,0
27,139,4,0,3,0,8,10,3,3,2,1,2,2,4,6,0,0
27,139,4,0,3,0,8,10,3,3,2,1,2,2,4,6,0,0
27,139,4,0,3,0,8,10,3,3,2,1,2,2,4,6,0,0
27,139,4,0,3,0,8,10,3,3,2,1,2,2,4,6,0,0
27,139,4,0,3,0,8,10,3,3,2,1,2,2,4,6,0,0
27,139,4,0,3,0,8,10,3,3,2,1,3,2,4,6,0,0
27,139,4,0,3,0,8,10,3,3,2,1,3,2,5,6,0,0
27,139,4,0,3,0,8,10,3,3,2,1,3,2,5,6,0,0
27,139,4,0,3,0,8,10,3,3,2,1,3,2,5,6,0,0
27,139,4,0,3,0,8,10,3,3,2,1,3,2,5,6,0,0
27,139,4,0,3,0,8,10,3,3,2,1,3,2,5,6,0,0
27,139,4,0,3,0,8,10,3,3,2,1,3,2,5,6,0,0
27,139,4,0,3,0,8,10,3,3,2,1,3,2,5,6,0,0
27,139,4,0,3,0,8,10,3,3,2,1,3,2,5,6,0,0
27,139,4,0,3,0,8,10,3,3,2,1,2,2,4,6,0,0
27,139,4,0,3,0,8,10,3,3,2,1,2,2,4,6,0,0
27,139,4,0,3,0,8,10,3,3,2,1,2,2,4,6,0,0
27,139,4,0,3,0,8,10,3,3,2,1,2,2,4,6,0,0
27,139,4,0,3,0,8,10,3,3,2,1,2,2,4,6,0,0
27,139,4,0,3,0,8,10,3,3,2,1,2,2,4,6,0,0
27,139,4,0,3,0,8,10,3,3,2,1,2,2,4,6,0,0
27,139,4,0,3,0,8,10,3,3,2,1,2,2,4,6,0,0
27,139,4,0,3,0,8,10,3,3,2,1,2,2,4,6,0,0
0,140,4,0,4,0,9,10,4,3,3,1,3,2,7,6,0,0
0,140,4,0,4,0,9,10,4,3,3,1,3,2,7,6,0,0
0,140,4,0,4,0,9,10,4,3,3,1,3,2,7,6,0,0
0,140,4,0,4,0,9,10,4,3,3,1,3,2,7,6,0,0
0,140,4,0,4,0,9,10,4,3,3,1,3,2,7,6,0,0
0,140,4,0,4,0,9,10,4,3,3,1,3,2,7,6,0,0
0,140,4,0,4,0,9,10,4,3,3,1,3,2,8,6,8,0
0,140,4,0,4,0,10,9,4,4,3,2,4,2,8,8,8,2
0,140,4,0,4,0,10,10,4,4,3,3,4,2,8,8,8,2
0,140,4,0,4,0,10,10,4,4,3,3,4,2,8,7,9,2
0,140,4,0,4,0,10,10,4,4,3,3,4,2,8,8,9,2
0,140,4,0,4,0,10,10,4,4,3,3,4,2,8,8,9,2
0,140,4,0,4,0,10,10,4,4,3,3,4,2,8,8,9,2
0,140,4,0,4,0,10,10,4,4,3,3,4,2,8,8,5,2
0,140,4,0,4,0,10,10,4,4,3,3,4,2,8,8,5,2
0,140,4,0,4,0,10,9,4,4,3,3,4,2,8,7,5,1
0,140,4,0,4,0,9,9,4,4,3,3,3,2,8,7,5,1
0,140,4,0,4,0,9,9,4,4,3,3,3,2,8,7,0,0
0,140,4,0,4,0,9,9,4,4,3,3,3,2,8,7,0,0
0,140,4,0,4,0,9,9,4,4,3,3,3,2,8,7,0,0
0,140,4,0,4,0,9,9,4,4,3,3,3,2,8,7,0,0
0,140,4,0,4,0,9,9,4,4,3,3,3,2,8,7,0,0
0,140,4,0,4,0,9,9,4,4,3,3,3,2,8,7,0,0
0,140,4,0,4,0,9,9,4,4,3,3,3,2,7,7,0,0
1,141,4,0,4,0,9,9,4,4,3,3,3,2,4,7,0,0
1,141,4,0,4,0,9,9,4,4,3,3,3,2,4,7,0,0
1,141,4,0,4,0,9,9,4,4,3,3,3,2,4,7,0,0
1,141,4,0,4,0,9,9,4,4,3,3,3,2,4,7,0,0
1,141,4,0,4,0,9,9,4,4,3,3,3,2,4,7,0,0
1,141,4,0,4,0,9,9,4,4,3,3,3,2,4,7,0,0
1,141,4,0,4,0,9,9,4,4,3,3,3,2,4,7,8,0
1,141,4,0,4,0,10,9,4,4,3,3,4,2,5,7,8,1
1,141,4,0,4,0,10,10,4,4,3,3,4,2,5,7,8,1
1,141,4,0,4,0,10,10,4,4,3,3,4,2,5,7,9,2
1,141,4,0,4,0,10,10,4,4,3,3,4,2,5,7,9,2
1,141,4,0,4,0,10,10,4,4,3,3,4,2,5,7,9,2
1,141,4,0,4,0,10,10,4,4,3,3,4,1,5,7,9,2
1,141,4,0,4,0,10,10,4,4,3,3,4,1,5,7,5,2
1,141,4,0,4,0,10,10,4,4,3,3,4,1,5,7,5,2
1,141,4,0,4,0,10,10,4,4,3,3,4,1,4,7,5,2
1,141,4,0,4,0,9,10,4,4,3,3,3,1,4,7,5,2
1,141,4,0,4,0,9,10,4,4,3,3,3,1,4,7,0,2
1,141,4,0,4,0,9,10,4,4,3,3,3,1,4,7,0,2
1,141,4,0,4,0,9,10,4,4,3,3,3,1,4,7,0,2
1,141,4,0,4,0,9,10,4,4,3,3,3,1,4,6,0,2
1,141,4,0,4,0,9,10,4,4,3,3,3,1,4,6,0,2
1,141,4,0,4,0,9,10,4,4,3,3,3,1,4,6,0,2
1,141,4,0,4,0,9,10,4,4,3,3,3,1,4,6,0,2
2,142,4,0,4,0,9,10,4,4,3,3,3,1,7,7,0,2
2,142,4,0,4,0,9,10,4,4,3,3,3,1,7,7,0,2
2,142,4,0,4,0,9,10,4,4,3,3,3,1,7,7,0,2
2,142,4,0,4,0,9,10,4,4,3,3,3,1,7,7,0,2
2,142,4,0,4,0,9,10,4,4,3,3,3,1,7,7,0,2
2,142,4,0,4,0,9,10,4,4,3,3,3,1,7,7,0,2
2,142,4,0,4,0,9,10,4,4,3,3,3,1,10,8,8,2
2,142,4,0,4,0,10,10,4,4,3,3,4,2,10,10,8,2
2,142,4,0,4,0,10,10,4,4,3,3,4,2,10,10,8,1
2,142,4,0,4,0,10,10,4,4,3,3,4,2,10,10,9,1
2,142,4,0,4,0,10,10,4,4,3,3,4,2,10,10,9,1
2,142,4,0,4,0,10,10,4,4,3,3,4,2,10,11,9,1
2,142,4,0,4,0,10,10,4,4,3,3,4,2,10,11,9,1
2,142,4,0,4,0,10,10,4,4,3,3,4,2,10,10,5,0
2,142,4,0,4,0,10,10,4,4,3,3,4,2,10,10,5,0
2,142,4,0,4,0,10,10,4,4,3,3,4,2,8,10,5,0
2,142,4,0,4,0,9,10,4,4,3,3,3,2,8,10,5,0
2,142,4,0,4,0,9,10,4,4,3,3,3,2,8,10,0,0
2,142,4,0,4,0,9,10,4,4,3,3,3,2,8,10,0,0
2,142,4,0,4,0,9,10,4,4,3,3,3,2,8,10,0,0
2,142,4,0,4,0,9,10,4,4,3,3,3,2,8,10,0,0
2,142,4,0,4,0,9,10,4,4,3,3,3,2,8,9,0,0
2,142,4,0,4,0,9,10,4,4,3,3,3,2,8,9,0,0
2,142,4,0,4,0,9,10,4,4,3,3,3,2,7,9,0,0
3,143,4,0,4,0,9,10,4,4,3,3,3,2,7,9,0,0
3,143,4,0,4,0,9,10,4,4,3,3,3,2,7,9,0,0
3,143,4,0,4,0,9,10,4,4,3,3,3,2,7,9,0,0
3,143,4,0,4,0,9,10,4,4,3,3,3,2,7,9,0,0
3,143,4,0,4,0,9,10,4,4,3,3,3,2,7,9,0,0
3,143,4,0,4,0,9,10,4,4,3,3,3,2,7,9,0,0
3,143,4,0,4,0,9,10,4,4,3,3,3,2,8,9,8,0
3,143,4,0,4,0,10,10,4,4,3,3,4,3,8,7,8,0
3,143,4,0,4,0,10,10,4,4,3,3,4,3,8,8,8,0
3,143,4,0,4,0,10,10,4,4,3,3,4,3,8,8,9,0
3,143,4,0,4,0,10,10,4,3,3,2,4,3,8,8,9,0
3,143,4,0,4,0,10,10,4,3,3,2,4,3,8,8,9,0
3,143,4,0,4,0,10,10,4,3,3,2,4,3,8,8,9,0
3,143,4,0,4,0,10,10,4,3,3,2,4,3,8,8,5,0
3,143,4,0,4,0,10,10,4,3,3,2,4,3,8,8,5,0
3,143,4,0,4,0,10,9,4,3,3,2,4,3,8,7,5,0
3,143,4,0,4,0,9,9,4,3,3,2,3,3,8,7,5,0
3,143,4,0,4,0,9,9,4,3,3,2,3,3,8,7,0,0
3,143,4,0,4,0,9,9,4,3,3,2,3,3,8,7,0,0
3,143,4,0,4,0,9,9,4,3,3,2,3,3,8,7,0,0
3,143,4,0,4,0,9,9,4,3,3,2,3,3,8,7,0,0
3,143,4,0,4,0,9,9,4,3,3,2,3,3,8,7,0,0
3,143,4,0,4,0,9,9,4,3,3,2,3,3,8,7,0,0
3,143,4,0,4,0,9,9,4,3,3,2,3,3,7,7,0,0
4,144,4,0,4,0,9,9,4,3,3,2,3,3,7,7,0,0
4,144,4,0,4,0,9,9,4,3,3,2,3,3,7,7,0,0
4,144,4,0,4,0,9,9,4,3,3,2,3,3,7,7,0,0
4,144,4,0,4,0,9,9,4,3,3,2,3,3,7,7,0,0
4,144,4,0,4,0,9,9,4,3,3,2,3,3,7,7,0,0
4,144,4,0,4,0,9,9,4,3,3,2,3,3,7,7,0,0
4,144,4,0,4,0,9,9,4,3,3,2,3,3,8,7,8,0
4,144,4,0,4,0,10,10,4,3,3,3,4,4,8,8,8,1
4,144,4,0,4,0,10,10,4,4,3,3,4,4,8,8,8,1
4,144,4,0,4,0,10,10,4,4,3,3,4,4,8,8,9,1
4,144,4,0,4,0,10,10,4,3,3,3,4,4,8,8,9,1
4,144,4,0,4,0,10,10,4,4,3,3,4,4,8,8,9,1
4,144,4,0,4,0,10,10,4,4,3,3,4,4,8,8,9,1
4,144,4,0,4,0,10,10,4,4,3,2,4,4,8,8,5,1
4,144,4,0,4,0,10,10,4,4,3,3,4,4,8,8,5,1
4,144,4,0,4,0,10,10,4,4,3,3,4,4,8,8,5,1
4,144,4,0,4,0,9,10,4,4,3,3,3,4,8,8,5,1
4,144,4,0,4,0,9,10,4,4,3,3,3,4,8,8,0,1
4,144,4,0,4,0,9,10,4,4,3,3,3,4,8,8,0,1
4,144,4,0,4,0,9,10,4,4,3,3,3,4,8,8,0,1
4,144,4,0,4,0,9,10,4,3,3,2,3,4,8,8,0,1
4,144,4,0,4,0,9,10,4,3,3,2,3,4,8,8,0,1
4,144,4,0,4,0,9,10,4,3,3,2,3,3,8,8,0,1
4,144,4,0,4,0,9,10,4,3,3,2,3,3,7,8,0,1
5,145,4,0,3,0,8,10,3,3,2,3,2,3,7,8,0,1
5,145,4,0,3,0,8,10,3,3,2,3,2,3,7,8,0,1
5,145,4,0,3,0,8,10,3,3,2,3,2,3,7,8,0,1
5,145,4,0,3,0,8,10,3,3,2,3,2,3,7,8,0,1
5,145,4,0,3,0,8,10,3,3,2,3,2,3,7,8,0,1
5,145,4,0,3,0,8,10,3,3,2,3,2,3,7,8,0,1
5,145,4,0,3,0,8,10,3,3,2,3,3,3,10,8,0,1
5,145,4,0,3,0,8,9,3,3,2,2,3,3,10,7,0,0
5,145,4,0,3,0,8,9,3,3,2,2,3,3,10,7,0,0
5,145,4,0,3,0,8,9,3,3,2,2,3,3,10,7,0,0
5,145,4,0,3,0,8,9,3,3,2,2,3,2,10,6,0,0
5,145,4,0,3,0,8,9,3,3,2,2,3,2,10,6,0,0
5,145,4,0,3,0,8,9,3,3,2,2,3,2,10,6,0,0
5,145,4,0,3,0,8,9,3,3,2,2,3,2,10,6,0,0
5,145,4,0,3,0,8,9,3,3,2,2,3,2,10,6,0,0
5,145,4,0,3,0,8,9,3,3,2,2,2,2,8,6,0,0
5,145,4,0,3,0,8,9,3,3,2,2,2,2,8,6,0,0
5,145,4,0,3,0,8,9,3,3,2,2,2,2,8,6,0,0
5,145,4,0,3,0,8,9,3,3,2,2,2,2,8,6,0,0
5,145,4,0,3,0,8,9,3,3,2,2,2,2,8,6,0,0
5,145,4,0,3,0,8,9,3,3,2,2,2,2,8,6,0,0
5,145,4,0,3,0,8,9,3,3,2,2,2,2,8,6,0,0
5,145,4,0,3,0,8,9,3,3,2,2,2,2,8,6,0,0
5,145,4,0,3,0,8,9,3,3,2,2,2,2,7,6,0,0
6,146,4,0,3,0,8,9,3,3,2,2,2,2,4,6,0,0
6,146,4,0,3,0,8,9,3,3,2,2,2,2,4,6,0,0
6,146,4,0,3,0,8,9,3,3,2,2,2,2,4,6,0,0
6,146,4,0,3,0,8,9,3,3,2,2,2,2,4,6,0,0
6,146,4,0,3,0,8,9,3,3,2,2,2,2,4,6,0,0
6,146,4,0,3,0,8,9,3,3,2,2,2,2,4,6,0,0
6,146,4,0,3,0,8,9,3,3,2,2,3,2,4,6,0,0
6,146,4,0,3,0,8,9,3,3,2,1,3,2,5,6,0,0
6,146,4,0,3,0,8,9,3,3,2,1,3,2,5,6,0,0
6,146,4,0,3,0,8,9,3,3,2,1,3,2,5,6,0,0
6,146,4,0,3,0,8,9,3,3,2,1,3,2,5,6,0,0
6,146,4,0,3,0,8,9,3,3,2,1,3,2,5,6,0,0
6,146,4,0,3,0,8,9,3,3,2,1,3,2,5,6,0,0
6,146,4,0,3,0,8,9,3,3,2,1,3,2,5,6,0,0
6,146,4,0,3,0,8,9,3,3,2,1,3,2,5,6,0,0
6,146,4,0,3,0,8,9,3,3,2,1,2,2,4,6,0,0
6,146,4,0,3,0,8,9,3,3,2,1,2,2,4,5,0,0
6,146,4,0,3,0,8,9,3,3,2,1,2,2,4,5,0,0
6,146,4,0,3,0,8,9,3,3,2,1,2,2,4,5,0,0
6,146,4,0,3,0,8,9,3,3,2,1,2,2,4,5,0,0
6,146,4,0,3,0,8,9,3,3,2,1,2,2,4,5,0,0
6,146,4,0,3,0,8,9,3,2,2,1,2,2,4,5,0,0
6,146,4,0,3,0,8,9,3,2,2,1,2,2,4,5,0,0
6,146,4,0,3,0,8,9,3,2,2,1,2,2,4,5,0,0
7,147,4,0,4,0,9,9,4,2,3,1,3,2,7,5,0,0
7,147,4,0,4,0,9,9,4,2,3,1,3,2,7,5,0,0
7,147,4,0,4,0,9,9,4,2,3,1,3,2,7,5,0,0
7,147,4,0,4,0,9,9,4,2,3,1,3,2,7,5,0,0
7,147,4,0,4,0,9,9,4,2,3,1,3,2,7,5,0,0
7,147,4,0,4,0,9,9,4,2,3,1,3,2,7,5,0,0
7,147,4,0,4,0,9,9,4,2,3,1,3,2,8,5,8,0
7,147,4,0,4,0,10,9,4,4,3,2,4,3,8,8,8,1
7,147,4,0,4,0,10,10,4,4,3,3,4,3,8,8,8,1
7,147,4,0,4,0,10,10,4,4,3,3,4,3,8,8,9,1
7,147,4,0,4,0,10,10,4,4,3,3,4,3,8,8,9,1
7,147,4,0,4,0,10,10,4,4,3,3,4,2,8,8,9,1
7,147,4,0,4,0,10,10,4,4,3,2,4,2,8,9,9,1
7,147,4,0,4,0,10,10,4,4,3,3,4,2,8,9,5,1
7,147,4,0,4,0,10,10,4,4,3,3,4,2,8,9,5,1
7,147,4,0,4,0,10,10,4,4,3,2,4,2,8,9,5,1
7,147,4,0,4,0,9,10,4,4,3,2,3,2,8,9,5,1
7,147,4,0,4,0,9,10,4,4,3,2,3,2,8,9,0,1
7,147,4,0,4,0,9,10,4,3,3,1,3,2,8,8,0,0
7,147,4,0,4,0,9,10,4,3,3,1,3,2,8,8,0,0
7,147,4,0,4,0,9,10,4,3,3,1,3,2,8,8,0,0
7,147,4,0,4,0,9,10,4,3,3,1,3,2,8,8,0,0
7,147,4,0,4,0,9,10,4,3,3,1,3,2,8,8,0,0
7,147,4,0,4,0,9,10,4,3,3,1,3,2,7,8,0,0
8,148,4,0,4,0,9,10,4,3,3,1,3,2,4,8,0,0
8,148,4,0,4,0,9,10,4,3,3,1,3,2,4,8,0,0
8,148,4,0,4,0,9,10,4,3,3,1,3,2,4,8,0,0
8,148,4,0,4,0,9,10,4,3,3,1,3,2,4,8,0,0
8,148,4,0,4,0,9,10,4,3,3,1,3,2,4,8,0,0
8,148,4,0,4,0,9,10,4,3,3,1,3,2,4,8,0,0
8,148,4,0,4,0,9,10,4,3,3,1,3,2,4,8,8,0
8,148,4,0,4,0,10,9,4,2,3,3,4,3,5,8,8,2
8,148,4,0,4,0,10,9,4,4,3,3,4,3,5,8,8,3
8,148,4,0,4,0,10,10,4,4,3,3,4,3,5,8,9,3
8,148,4,0,4,0,10,10,4,4,3,3,4,3,5,8,9,3
8,148,4,0,4,0,10,10,4,3,3,3,4,3,5,8,9,3
8,148,4,0,4,0,10,10,4,4,3,2,4,3,5,8,9,3
8,148,4,0,4,0,10,10,4,4,3,2,4,3,5,8,5,3
8,148,4,0,4,0,10,10,4,4,3,2,4,3,5,8,5,3
8,148,4,0,4,0,10,10,4,3,3,2,4,3,4,8,5,2
8,148,4,0,4,0,9,10,4,3,3,2,3,3,4,8,5,2
8,148,4,0,4,0,9,10,4,3,3,2,3,3,4,8,0,2
8,148,4,0,4,0,9,9,4,3,3,2,3,3,4,8,0,2
8,148,4,0,4,0,9,9,4,3,3,1,3,3,4,8,0,2
8,148,4,0,4,0,9,9,4,3,3,1,3,3,4,8,0,2
8,148,4,0,4,0,9,9,4,3,3,1,3,3,4,8,0,2
8,148,4,0,4,0,9,9,4,3,3,1,3,3,4,7,0,1
8,148,4,0,4,0,9,9,4,3,3,1,3,3,4,7,0,1
9,149,4,0,4,0,9,9,4,3,3,1,3,3,7,7,0,1
9,149,4,0,4,0,9,9,4,3,3,1,3,3,7,7,0,1
9,149,4,0,4,0,9,9,4,3,3,1,3,3,7,7,0,1
9,149,4,0,4,0,9,9,4,3,3,1,3,3,7,7,0,1
9,149,4,0,4,0,9,9,4,3,3,1,3,3,7,7,0,1
9,149,4,0,4,0,9,9,4,3,3,1,3,3,7,7,0,1
9,149,4,0,4,0,9,9,4,3,3,1,3,3,10,8,8,1
9,149,4,0,4,0,10,10,4,4,3,1,4,4,10,9,8,2
9,149,4,0,4,0,10,10,4,4,3,1,4,4,10,10,8,3
9,149,4,0,4,0,10,10,4,4,3,2,4,4,10,11,9,2
9,149,4,0,4,0,10,10,4,4,3,3,4,4,10,11,9,3
9,149,4,0,4,0,10,10,4,4,3,3,4,4,10,11,9,3
9,149,4,0,4,0,10,10,4,4,3,3,4,4,10,11,9,3
9,149,4,0,4,0,10,10,4,4,3,3,4,4,10,11,5,3
9,149,4,0,4,0,10,10,4,4,3,3,4,4,10,10,5,3
9,149,4,0,4,0,10,10,4,4,3,3,4,4,8,9,5,2
9,149,4,0,4,0,9,10,4,4,3,3,3,4,8,8,5,2
9,149,4,0,4,0,9,10,4,4,3,3,3,3,8,8,0,2
9,149,4,0,4,0,9,10,4,4,3,3,3,3,8,8,0,2
9,149,4,0,4,0,9,9,4,4,3,3,3,3,8,8,0,2
9,149,4,0,4,0,9,9,4,4,3,3,3,3,8,8,0,2
9,149,4,0,4,0,9,9,4,4,3,3,3,3,8,8,0,2
9,149,4,0,4,0,9,9,4,4,3,3,3,3,8,8,0,1
9,149,4,0,4,0,9,9,4,4,3,3,3,3,7,8,0,1
10,150,4,0,4,0,9,9,4,4,3,3,3,3,7,8,0,1
10,150,4,0,4,0,9,9,4,4,3,3,3,3,7,8,0,1
10,150,4,0,4,0,9,9,4,4,3,3,3,3,7,8,0,1
10,150,4,0,4,0,9,9,4,4,3,3,3,3,7,8,0,1
10,150,4,0,4,0,9,9,4,4,3,3,3,3,7,8,0,1
10,150,4,0,4,0,9,9,4,4,3,3,3,3,7,8,0,1
10,150,4,0,4,0,9,9,4,4,3,3,3,3,8,8,8,1
10,150,4,0,4,0,10,10,4,4,3,3,4,4,8,8,8,0
10,150,4,0,4,0,10,10,4,4,3,3,4,4,8,8,8,0
10,150,4,0,4,0,10,10,4,4,3,3,4,4,8,8,9,0
10,150,4,0,4,0,10,10,4,4,3,3,4,4,8,8,9,0
10,150,4,0,4,0,10,10,4,4,3,3,4,4,8,8,9,0
10,150,4,0,4,0,10,10,4,4,3,3,4,4,8,8,9,0
10,150,4,0,4,0,10,10,4,4,3,3,4,4,8,8,5,0
10,150,4,0,4,0,10,10,4,4,3,3,4,4,8,8,5,0
10,150,4,0,4,0,10,10,4,4,3,3,4,4,8,8,5,0
10,150,4,0,4,0,9,10,4,4,3,3,3,4,8,8,5,0
10,150,4,0,4,0,9,10,4,4,3,3,3,4,8,8,0,0
10,150,4,0,4,0,9,10,4,3,3,3,3,4,8,8,0,0
10,150,4,0,4,0,9,10,4,3,3,3,3,4,8,8,0,0
10,150,4,0,4,0,9,10,4,3,3,3,3,4,8,8,0,0
10,150,4,0,4,0,9,10,4,3,3,3,3,4,8,8,0,0
10,150,4,0,4,0,9,10,4,3,3,3,3,4,8,8,0,0
10,150,4,0,4,0,9,10,4,3,3,3,3,4,7,8,0,0
11,151,4,0,4,0,9,10,4,3,3,3,3,4,7,8,0,0
11,151,4,0,4,0,9,10,4,3,3,3,3,4,7,8,0,0
11,151,4,0,4,0,9,10,4,3,3,3,3,4,7,8,0,0
11,151,4,0,4,0,9,10,4,3,3,3,3,4,7,8,0,0
11,151,4,0,4,0,9,10,4,3,3,3,3,4,7,8,0,0
11,151,4,0,4,0,9,10,4,3,3,3,3,4,7,8,0,0
11,151,4,0,4,0,9,10,4,3,3,3,3,4,8,8,8,0
11,151,4,0,4,0,10,10,4,4,3,3,4,4,8,8,8,0
11,151,4,0,4,0,10,10,4,4,3,3,4,4,8,8,8,1
11,151,4,0,4,0,10,10,4,4,3,3,4,4,8,8,9,1
11,151,4,0,4,0,10,10,4,4,3,3,4,4,8,8,9,1
11,151,4,0,4,0,10,10,4,4,3,3,4,4,8,8,9,1
11,151,4,0,4,0,10,10,4,4,3,3,4,4,8,9,9,1
11,151,4,0,4,0,10,10,4,4,3,3,4,4,8,8,5,0
11,151,4,0,4,0,10,10,4,4,3,3,4,4,8,8,5,0
11,151,4,0,4,0,10,10,4,4,3,3,4,4,8,8,5,0
11,151,4,0,4,0,9,10,4,4,3,3,3,4,8,8,5,0
11,151,4,0,4,0,9,10,4,4,3,3,3,4,8,8,0,0
11,151,4,0,4,0,9,10,4,4,3,3,3,4,8,8,0,0
11,151,4,0,4,0,9,10,4,4,3,3,3,4,8,8,0,0
11,151,4,0,4,0,9,10,4,3,3,3,3,4,8,8,0,0
11,151,4,0,4,0,9,10,4,3,3,3,3,4,8,8,0,0
11,151,4,0,4,0,9,10,4,3,3,3,3,4,8,8,0,0
11,151,4,0,4,0,9,10,4,3,3,3,3,4,7,8,0,0
12,152,4,0,3,0,8,10,3,3,2,3,2,4,7,8,0,0
12,152,4,0,3,0,8,10,3,3,2,3,2,4,7,8,0,0
12,152,4,0,3,0,8,10,3,3,2,3,2,4,7,8,0,0
12,152,4,0,3,0,8,10,3,3,2,3,2,4,7,8,0,0
12,152,4,0,3,0,8,10,3,3,2,3,2,4,7,8,0,0
12,152,4,0,3,0,8,10,3,3,2,3,2,4,7,8,0,0
12,152,4,0,3,0,8,10,3,3,2,3,3,4,10,8,0,0
12,152,4,0,3,0,8,10,3,3,2,3,3,4,10,8,0,0
12,152,4,0,3,0,8,10,3,3,2,3,3,4,10,8,0,0
12,152,4,0,3,0,8,10,3,3,2,3,3,4,10,8,0,0
12,152,4,0,3,0,8,9,3,3,2,3,3,4,10,8,0,0
12,152,4,0,3,0,8,9,3,3,2,3,3,4,10,8,0,0
12,152,4,0,3,0,8,9,3,3,2,3,3,4,10,8,0,0
12,152,4,0,3,0,8,9,3,3,2,3,3,4,10,8,0,0
12,152,4,0,3,0,8,9,3,3,2,3,3,4,10,8,0,0
12,152,4,0,3,0,8,9,3,3,2,3,2,4,8,8,0,0
12,152,4,0,3,0,8,9,3,3,2,3,2,3,8,8,0,0
12,152,4,0,3,0,8,9,3,3,2,3,2,3,8,8,0,0
12,152,4,0,3,0,8,9,3,3,2,3,2,2,8,8,0,0
12,152,4,0,3,0,8,9,3,3,2,3,2,2,8,8,0,0
12,152,4,0,3,0,8,9,3,3,2,3,2,2,8,8,0,0
12,152,4,0,3,0,8,9,3,3,2,3,2,1,8,8,0,0
12,152,4,0,3,0,8,9,3,3,2,3,2,1,8,8,0,0
12,152,4,0,3,0,8,9,3,3,2,3,2,1,7,8,0,0
13,153,4,0,3,0,8,9,3,3,2,3,2,1,4,8,0,0
13,153,4,0,3,0,8,9,3,3,2,3,2,1,4,8,0,0
13,153,4,0,3,0,8,9,3,3,2,3,2,1,4,8,0,0
13,153,4,0,3,0,8,9,3,3,2,3,2,1,4,8,0,0
13,153,4,0,3,0,8,9,3,3,2,3,2,1,4,8,0,0
13,153,4,0,3,0,8,9,3,3,2,3,2,1,4,8,0,0
13,153,4,0,3,0,8,9,3,3,2,3,3,1,4,8,0,0
13,153,4,0,3,0,8,7,3,3,2,3,3,1,5,6,0,0
13,153,4,0,3,0,8,7,3,3,2,3,3,1,5,6,0,0
13,153,4,0,3,0,8,7,3,3,2,3,3,1,5,6,0,0
13,153,4,0,3,0,8,7,3,3,2,3,3,1,5,6,0,0
13,153,4,0,3,0,8,7,3,3,2,3,3,1,5,6,0,0
13,153,4,0,3,0,8,7,3,3,2,3,3,1,5,6,0,0
13,153,4,0,3,0,8,7,3,3,2,3,3,1,5,6,0,0
13,153,4,0,3,0,8,7,3,3,2,3,3,1,5,6,0,0
13,153,4,0,3,0,8,7,3,3,2,3,2,1,4,6,0,0
13,153,4,0,3,0,8,7,3,3,2,3,2,1,4,6,0,0
13,153,4,0,3,0,8,7,3,3,2,3,2,1,4,6,0,0
13,153,4,0,3,0,8,7,3,3,2,3,2,1,4,6,0,0
13,153,4,0,3,0,8,7,3,3,2,3,2,1,4,6,0,0
13,153,4,0,3,0,8,7,3,3,2,3,2,1,4,6,0,0
13,153,4,0,3,0,8,7,3,3,2,3,2,1,4,6,0,0
13,153,4,0,3,0,8,7,3,3,2,3,2,1,4,6,0,0
13,153,4,0,3,0,8,7,3,3,2,3,2,1,4,6,0,0
14,154,4,0,4,0,9,7,4,3,3,3,3,1,7,6,0,0
14,154,4,0,4,0,9,7,4,3,3,3,3,1,7,6,0,0
14,154,4,0,4,0,9,7,4,3,3,3,3,1,7,6,0,0
14,154,4,0,4,0,9,7,4,3,3,3,3,1,7,6,0,0
14,154,4,0,4,0,9,7,4,3,3,3,3,1,7,6,0,0
14,154,4,0,4,0,9,7,4,3,3,3,3,1,7,6,0,0
14,154,4,0,4,0,9,7,4,3,3,3,3,1,8,6,8,0
14,154,4,0,4,0,10,9,4,4,3,3,4,2,8,7,8,2
14,154,4,0,4,0,10,10,4,4,3,3,4,2,8,7,8,2
14,154,4,0,4,0,10,10,4,4,3,3,4,2,8,8,9,2
14,154,4,0,4,0,10,10,4,4,3,3,4,2,8,8,9,2
14,154,4,0,4,0,10,10,4,4,3,3,4,2,8,8,9,2
14,154,4,0,4,0,10,10,4,4,3,3,4,2,8,8,9,2
14,154,4,0,4,0,10,10,4,4,3,3,4,2,8,7,5,2
14,154,4,0,4,0,10,10,4,4,3,3,4,1,8,7,5,2
14,154,4,0,4,0,10,10,4,4,3,3,4,1,8,7,5,2
14,154,4,0,4,0,9,10,4,4,3,3,3,1,8,7,5,1
14,154,4,0,4,0,9,10,4,4,3,3,3,1,8,7,0,1
14,154,4,0,4,0,9,10,4,4,3,3,3,1,8,7,0,1
14,154,4,0,4,0,9,10,4,4,3,3,3,1,8,7,0,1
14,154,4,0,4,0,9,10,4,4,3,3,3,1,8,7,0,1
14,154,4,0,4,0,9,10,4,4,3,3,3,1,8,7,0,1
14,154,4,0,4,0,9,10,4,4,3,3,3,1,8,7,0,1
14,154,4,0,4,0,9,10,4,4,3,3,3,1,7,7,0,1
15,155,4,0,4,0,9,10,4,4,3,3,3,1,4,7,0,1
15,155,4,0,4,0,9,10,4,4,3,3,3,1,4,7,0,1
15,155,4,0,4,0,9,10,4,4,3,3,3,1,4,7,0,1
15,155,4,0,4,0,9,10,4,4,3,3,3,1,4,7,0,1
15,155,4,0,4,0,9,10,4,4,3,3,3,1,4,7,0,1
15,155,4,0,4,0,9,10,4,4,3,3,3,1,4,7,0,1
15,155,4,0,4,0,9,10,4,4,3,3,3,1,4,7,8,1
15,155,4,0,4,0,10,10,4,4,3,3,4,2,5,6,8,2
15,155,4,0,4,0,10,10,4,4,3,3,4,2,5,6,8,3
15,155,4,0,4,0,10,10,4,4,3,3,4,2,5,6,9,4
15,155,4,0,4,0,10,9,4,4,3,3,4,2,5,6,9,4
15,155,4,0,4,0,10,10,4,4,3,3,4,2,5,6,9,4
15,155,4,0,4,0,10,10,4,4,3,3,4,2,5,6,9,4
15,155,4,0,4,0,10,10,4,4,3,3,4,2,5,6,5,4
15,155,4,0,4,0,10,10,4,4,3,3,4,2,5,6,5,4
15,155,4,0,4,0,10,10,4,4,3,3,4,2,4,6,5,3
15,155,4,0,4,0,9,10,4,4,3,3,3,2,4,6,5,3
15,155,4,0,4,0,9,10,4,4,3,3,3,2,4,6,0,3
15,155,4,0,4,0,9,9,4,4,3,3,3,2,4,6,0,3
15,155,4,0,4,0,9,9,4,4,3,3,3,2,4,6,0,3
15,155,4,0,4,0,9,9,4,4,3,3,3,2,4,6,0,3
15,155,4,0,4,0,9,9,4,4,3,3,3,2,4,6,0,3
15,155,4,0,4,0,9,9,4,4,3,3,3,2,4,6,0,3
15,155,4,0,4,0,9,9,4,4,3,3,3,2,4,6,0,3
16,156,4,0,4,0,9,9,4,4,3,3,3,2,7,7,0,3
16,156,4,0,4,0,9,9,4,4,3,3,3,2,7,7,0,3
16,156,4,0,4,0,9,9,4,4,3,3,3,2,7,7,0,3
16,156,4,0,4,0,9,9,4,4,3,3,3,2,7,7,0,3
16,156,4,0,4,0,9,9,4,4,3,3,3,2,7,7,0,3
16,156,4,0,4,0,9,9,4,4,3,3,3,2,7,7,0,3
16,156,4,0,4,0,9,9,4,4,3,3,3,2,10,7,8,3
16,156,4,0,4,0,10,10,4,4,3,3,4,3,10,10,8,1
16,156,4,0,4,0,10,10,4,4,3,3,4,2,10,10,8,1
16,156,4,0,4,0,10,10,4,4,3,3,4,2,10,10,9,2
16,156,4,0,4,0,10,10,4,4,3,3,4,2,10,11,9,2
16,156,4,0,4,0,10,10,4,4,3,3,4,2,10,11,9,2
16,156,4,0,4,0,10,10,4,4,3,3,4,2,10,11,9,2
16,156,4,0,4,0,10,10,4,4,3,3,4,2,10,10,5,1
16,156,4,0,4,0,10,10,4,3,3,3,4,2,10,10,5,1
16,156,4,0,4,0,10,10,4,3,3,3,4,2,8,10,5,1
16,156,4,0,4,0,9,10,4,3,3,3,3,2,8,9,5,0
16,156,4,0,4,0,9,10,4,3,3,3,3,2,8,9,0,0
16,156,4,0,4,0,9,10,4,2,3,3,3,2,8,9,0,0
16,156,4,0,4,0,9,10,4,2,3,3,3,2,8,9,0,0
16,156,4,0,4,0,9,10,4,2,3,3,3,2,8,9,0,0
16,156,4,0,4,0,9,10,4,2,3,3,3,2,8,9,0,0
16,156,4,0,4,0,9,10,4,2,3,3,3,2,8,9,0,0
16,156,4,0,4,0,9,10,4,2,3,3,3,2,7,9,0,0
17,157,4,0,4,0,9,10,4,2,3,3,3,2,7,9,0,0
17,157,4,0,4,0,9,10,4,2,3,3,3,2,7,9,0,0
17,157,4,0,4,0,9,10,4,2,3,3,3,2,7,9,0,0
17,157,4,0,4,0,9,10,4,2,3,3,3,2,7,9,0,0
17,157,4,0,4,0,9,10,4,2,3,3,3,2,7,9,0,0
17,157,4,0,4,0,9,10,4,2,3,3,3,2,7,9,0,0
17,157,4,0,4,0,9,10,4,2,3,3,3,2,8,9,8,0
17,157,4,0,4,0,10,10,4,3,3,3,4,3,8,9,8,0
17,157,4,0,4,0,10,10,4,3,3,3,4,3,8,9,8,0
17,157,4,0,4,0,10,10,4,2,3,3,4,3,8,9,9,0
17,157,4,0,4,0,10,10,4,2,3,3,4,3,8,9,9,0
17,157,4,0,4,0,10,10,4,2,3,3,4,3,8,9,9,0
17,157,4,0,4,0,10,10,4,2,3,3,4,3,8,8,9,0
17,157,4,0,4,0,10,10,4,2,3,3,4,3,8,8,5,0
17,157,4,0,4,0,10,10,4,2,3,3,4,3,8,8,5,0
17,157,4,0,4,0,10,10,4,2,3,3,4,3,8,8,5,0
17,157,4,0,4,0,9,10,4,2,3,3,3,3,8,8,5,0
17,157,4,0,4,0,9,10,4,2,3,3,3,2,8,8,0,0
17,157,4,0,4,0,9,10,4,2,3,3,3,2,8,8,0,0
17,157,4,0,4,0,9,10,4,2,3,3,3,2,8,8,0,0
17,157,4,0,4,0,9,10,4,2,3,3,3,2,8,8,0,0
17,157,4,0,4,0,9,10,4,2,3,3,3,2,8,8,0,0
17,157,4,0,4,0,9,10,4,2,3,3,3,2,8,8,0,0
17,157,4,0,4,0,9,10,4,2,3,3,3,2,7,8,0,0
18,158,4,0,4,0,9,10,4,2,3,3,3,2,7,8,0,0
18,158,4,0,4,0,9,10,4,2,3,3,3,2,7,8,0,0
18,158,4,0,4,0,9,10,4,2,3,3,3,2,7,8,0,0
18,158,4,0,4,0,9,10,4,2,3,3,3,2,7,8,0,0
18,158,4,0,4,0,9,10,4,2,3,3,3,2,7,8,0,0
18,158,4,0,4,0,9,10,4,2,3,3,3,2,7,8,0,0
18,158,4,0,4,0,9,10,4,2,3,3,3,2,8,8,8,0
18,158,4,0,4,0,10,10,4,3,3,3,4,3,8,8,8,1
18,158,4,0,4,0,10,10,4,4,3,3,4,3,8,8,8,1
18,158,4,0,4,0,10,10,4,4,3,3,4,3,8,8,9,2
18,158,4,0,4,0,10,10,4,4,3,3,4,3,8,8,9,2
18,158,4,0,4,0,10,10,4,4,3,3,4,3,8,8,9,2
18,158,4,0,4,0,10,10,4,4,3,3,4,3,8,8,9,1
18,158,4,0,4,0,10,10,4,4,3,3,4,3,8,8,5,1
18,158,4,0,4,0,10,9,4,3,3,3,4,3,8,8,5,1
18,158,4,0,4,0,10,9,4,3,3,3,4,3,8,8,5,1
18,158,4,0,4,0,9,9,4,3,3,3,3,3,8,8,5,1
18,158,4,0,4,0,9,9,4,3,3,3,3,3,8,8,0,1
18,158,4,0,4,0,9,9,4,3,3,3,3,3,8,8,0,1
18,158,4,0,4,0,9,9,4,3,3,3,3,3,8,8,0,1
18,158,4,0,4,0,9,9,4,3,3,3,3,3,8,8,0,1
18,158,4,0,4,0,9,9,4,3,3,3,3,3,8,8,0,1
18,158,4,0,4,0,9,9,4,3,3,3,3,3,8,8,0,1
18,158,4,0,4,0,9,9,4,3,3,3,3,3,7,8,0,1
19,159,4,0,3,0,8,9,3,3,2,3,2,3,7,8,0,1
19,159,4,0,3,0,8,9,3,3,2,3,2,3,7,8,0,1
19,159,4,0,3,0,8,9,3,3,2,3,2,3,7,8,0,1
19,159,4,0,3,0,8,9,3,3,2,3,2,3,7,8,0,1
19,159,4,0,3,0,8,9,3,3,2,3,2,3,7,8,0,1
19,159,4,0,3,0,8,9,3,3,2,3,2,3,7,8,0,1
19,159,4,0,3,0,8,9,3,3,2,3,3,3,10,8,0,1
19,159,4,0,3,0,8,8,3,3,2,3,3,3,10,7,0,1
19,159,4,0,3,0,8,8,3,3,2,3,3,3,10,7,0,1
19,159,4,0,3,0,8,8,3,3,2,3,3,3,10,7,0,1
19,159,4,0,3,0,8,8,3,3,2,2,3,3,10,7,0,1
19,159,4,0,3,0,8,8,3,3,2,2,3,3,10,7,0,1
19,159,4,0,3,0,8,8,3,3,2,2,3,3,10,7,0,0
19,159,4,0,3,0,8,8,3,3,2,2,3,3,10,7,0,0
19,159,4,0,3,0,8,8,3,3,2,2,3,3,10,7,0,0
19,159,4,0,3,0,8,8,3,3,2,2,2,3,8,7,0,0
19,159,4,0,3,0,8,8,3,3,2,2,2,3,8,7,0,0
19,159,4,0,3,0,8,8,3,3,2,2,2,3,8,7,0,0
19,159,4,0,3,0,8,8,3,3,2,2,2,3,8,7,0,0
19,159,4,0,3,0,8,8,3,3,2,2,2,3,8,7,0,0
19,159,4,0,3,0,8,8,3,3,2,2,2,3,8,7,0,0
19,159,4,0,3,0,8,8,3,3,2,2,2,3,8,7,0,0
19,159,4,0,3,0,8,8,3,3,2,2,2,2,8,7,0,0
19,159,4,0,3,0,8,8,3,3,2,2,2,2,7,7,0,0
20,160,4,0,3,0,8,8,3,3,2,2,2,2,4,7,0,0
20,160,4,0,3,0,8,8,3,3,2,2,2,2,4,7,0,0
20,160,4,0,3,0,8,8,3,3,2,2,2,2,4,7,0,0
20,160,4,0,3,0,8,8,3,3,2,2,2,2,4,7,0,0
20,160,4,0,3,0,8,8,3,3,2,2,2,2,4,7,0,0
20,160,4,0,3,0,8,8,3,3,2,2,2,2,4,7,0,0
20,160,4,0,3,0,8,8,3,3,2,2,3,2,4,7,0,0
20,160,4,0,3,0,8,8,3,2,2,2,3,2,5,7,0,0
20,160,4,0,3,0,8,8,3,2,2,2,3,2,5,7,0,0
20,160,4,0,3,0,8,8,3,2,2,2,3,2,5,7,0,0
20,160,4,0,3,0,8,8,3,2,2,2,3,1,5,7,0,0
20,160,4,0,3,0,8,8,3,2,2,2,3,1,5,7,0,0
20,160,4,0,3,0,8,8,3,2,2,2,3,1,5,7,0,0
20,160,4,0,3,0,8,8,3,2,2,2,3,1,5,7,0,0
20,160,4,0,3,0,8,8,3,2,2,2,3,1,5,7,0,0
20,160,4,0,3,0,8,8,3,1,2,2,2,1,4,7,0,0
20,160,4,0,3,0,8,8,3,1,2,2,2,1,4,7,0,0
20,160,4,0,3,0,8,8,3,1,2,2,2,1,4,7,0,0
20,160,4,0,3,0,8,8,3,1,2,2,2,1,4,7,0,0
20,160,4,0,3,0,8,8,3,1,2,2,2,1,4,7,0,0
20,160,4,0,3,0,8,8,3,1,2,2,2,1,4,7,0,0
20,160,4,0,3,0,8,8,3,1,2,2,2,1,4,6,0,0
20,160,4,0,3,0,8,8,3,1,2,2,2,1,4,6,0,0
20,160,4,0,3,0,8,8,3,1,2,2,2,1,4,6,0,0
21,161,4,0,4,0,9,8,4,1,3,2,3,1,7,6,0,0
21,161,4,0,4,0,9,8,4,1,3,2,3,1,7,6,0,0
21,161,4,0,4,0,9,8,4,1,3,2,3,1,7,6,0,0
21,161,4,0,4,0,9,8,4,1,3,2,3,1,7,6,0,0
21,161,4,0,4,0,9,8,4,1,3,2,3,1,7,6,0,0
21,161,4,0,4,0,9,8,4,1,3,2,3,1,7,6,0,0
21,161,4,0,4,0,9,8,4,1,3,2,3,1,8,6,8,0
21,161,4,0,4,0,10,9,4,2,3,3,4,2,8,8,8,1
21,161,4,0,4,0,10,10,4,4,3,2,4,2,8,8,8,1
21,161,4,0,4,0,10,10,4,4,3,3,4,2,8,8,9,1
21,161,4,0,4,0,10,10,4,3,3,3,4,2,8,8,9,1
21,161,4,0,4,0,10,10,4,4,3,3,4,2,8,8,9,1
21,161,4,0,4,0,10,10,4,4,3,3,4,2,8,8,9,1
21,161,4,0,4,0,10,10,4,4,3,3,4,2,8,8,5,1
21,161,4,0,4,0,10,10,4,3,3,3,4,2,8,8,5,1
21,161,4,0,4,0,10,10,4,3,3,3,4,2,8,8,5,1
21,161,4,0,4,0,9,10,4,3,3,3,3,2,8,8,5,0
21,161,4,0,4,0,9,10,4,3,3,3,3,2,8,8,0,0
21,161,4,0,4,0,9,10,4,3,3,3,3,2,8,8,0,0
21,161,4,0,4,0,9,10,4,3,3,3,3,2,8,8,0,0
21,161,4,0,4,0,9,10,4,3,3,3,3,2,8,8,0,0
21,161,4,0,4,0,9,10,4,2,3,3,3,2,8,7,0,0
21,161,4,0,4,0,9,10,4,2,3,3,3,2,8,7,0,0
21,161,4,0,4,0,9,10,4,2,3,3,3,2,7,7,0,0
22,162,4,0,4,0,9,10,4,2,3,3,3,2,4,7,0,0
22,162,4,0,4,0,9,10,4,2,3,3,3,2,4,7,0,0
22,162,4,0,4,0,9,10,4,2,3,3,3,2,4,7,0,0
22,162,4,0,4,0,9,10,4,2,3,3,3,2,4,7,0,0
22,162,4,0,4,0,9,10,4,2,3,3,3,2,4,7,0,0
22,162,4,0,4,0,9,10,4,2,3,3,3,2,4,7,0,0
22,162,4,0,4,0,9,10,4,2,3,3,3,2,4,7,8,0
22,162,4,0,4,0,10,10,4,4,3,2,4,3,5,7,8,5
22,162,4,0,4,0,10,10,4,4,3,3,4,3,5,7,8,6
22,162,4,0,4,0,10,10,4,4,3,3,4,3,5,7,9,7
22,162,4,0,4,0,10,10,4,4,3,2,4,3,5,7,9,8
22,162,4,0,4,0,10,10,4,4,3,2,4,3,5,7,9,8
22,162,4,0,4,0,10,10,4,4,3,2,4,3,5,7,9,8
22,162,4,0,4,0,10,9,4,4,3,2,4,3,5,7,5,7
22,162,4,0,4,0,10,9,4,4,3,3,4,3,5,7,5,7
22,162,4,0,4,0,10,9,4,4,3,2,4,3,4,7,5,4
22,162,4,0,4,0,9,9,4,4,3,2,3,3,4,7,5,4
22,162,4,0,4,0,9,9,4,4,3,2,3,2,4,7,0,4
22,162,4,0,4,0,9,9,4,4,3,2,3,2,4,7,0,4
22,162,4,0,4,0,9,9,4,4,3,2,3,2,4,7,0,4
22,162,4,0,4,0,9,9,4,4,3,2,3,2,4,7,0,4
22,162,4,0,4,0,9,9,4,3,3,1,3,2,4,7,0,4
22,162,4,0,4,0,9,9,4,3,3,1,3,2,4,7,0,4
22,162,4,0,4,0,9,9,4,3,3,1,3,2,4,7,0,4
23,163,4,0,4,0,9,9,4,3,3,1,3,2,7,7,0,4
23,163,4,0,4,0,9,9,4,3,3,1,3,2,7,7,0,4
23,163,4,0,4,0,9,9,4,3,3,1,3,2,7,7,0,4
23,163,4,0,4,0,9,9,4,3,3,1,3,2,7,7,0,4
23,163,4,0,4,0,9,9,4,3,3,1,3,2,7,7,0,4
23,163,4,0,4,0,9,9,4,3,3,1,3,2,7,7,0,4
23,163,4,0,4,0,9,9,4,3,3,1,3,2,10,10,8,4
23,163,4,0,4,0,10,10,4,3,3,0,4,3,10,10,8,3
23,163,4,0,4,0,10,10,4,3,3,0,4,3,10,10,8,3
23,163,4,0,4,0,10,10,4,4,3,0,4,3,10,10,9,2
23,163,4,0,4,0,10,10,4,4,3,1,4,3,10,10,9,1
23,163,4,0,4,0,10,10,4,3,3,1,4,3,10,8,9,0
23,163,4,0,4,0,10,10,4,3,3,1,4,2,10,9,9,0
23,163,4,0,4,0,10,10,4,2,3,1,4,2,10,9,5,0
23,163,4,0,4,0,10,10,4,2,3,1,4,2,10,9,5,0
23,163,4,0,4,0,10,10,4,2,3,1,4,2,8,9,5,0
23,163,4,0,4,0,9,10,4,2,3,1,3,2,8,9,5,0
23,163,4,0,4,0,9,10,4,2,3,1,3,2,8,9,0,0
23,163,4,0,4,0,9,10,4,2,3,1,3,2,8,9,0,0
23,163,4,0,4,0,9,10,4,2,3,1,3,2,8,9,0,0
23,163,4,0,4,0,9,10,4,2,3,1,3,2,8,9,0,0
23,163,4,0,4,0,9,10,4,2,3,1,3,2,8,9,0,0
23,163,4,0,4,0,9,10,4,2,3,1,3,2,8,9,0,0
23,163,4,0,4,0,9,10,4,2,3,1,3,2,7,9,0,0
24,164,4,0,4,0,9,10,4,2,3,1,3,2,7,9,0,0
24,164,4,0,4,0,9,10,4,2,3,1,3,2,7,9,0,0
24,164,4,0,4,0,9,10,4,2,3,1,3,2,7,9,0,0
24,164,4,0,4,0,9,10,4,2,3,1,3,2,7,9,0,0
24,164,4,0,4,0,9,10,4,2,3,1,3,2,7,9,0,0
24,164,4,0,4,0,9,10,4,2,3,1,3,2,7,9,0,0
24,164,4,0,4,0,9,10,4,2,3,1,3,2,8,9,8,0
24,164,4,0,4,0,10,10,4,3,3,1,4,3,8,8,8,0
24,164,4,0,4,0,10,10,4,3,3,1,4,3,8,8,8,0
24,164,4,0,4,0,10,10,4,3,3,1,4,3,8,8,9,0
24,164,4,0,4,0,10,10,4,3,3,1,4,3,8,8,9,0
24,164,4,0,4,0,10,10,4,3,3,1,4,3,8,7,9,0
24,164,4,0,4,0,10,10,4,3,3,1,4,3,8,7,9,0
24,164,4,0,4,0,10,10,4,3,3,1,4,3,8,7,5,0
24,164,4,0,4,0,10,10,4,3,3,1,4,3,8,7,5,0
24,164,4,0,4,0,10,10,4,3,3,1,4,3,8,7,5,0
24,164,4,0,4,0,9,10,4,3,3,1,3,3,8,7,5,0
24,164,4,0,4,0,9,10,4,3,3,1,3,3,8,7,0,0
24,164,4,0,4,0,9,10,4,3,3,1,3,3,8,7,0,0
24,164,4,0,4,0,9,10,4,3,3,1,3,3,8,7,0,0
24,164,4,0,4,0,9,10,4,3,3,1,3,3,8,7,0,0
24,164,4,0,4,0,9,10,4,3,3,1,3,3,8,7,0,0
24,164,4,0,4,0,9,10,4,3,3,1,3,2,8,7,0,0
24,164,4,0,4,0,9,10,4,3,3,1,3,2,7,7,0,0
25,165,4,0,4,0,9,10,4,3,3,1,3,2,7,7,0,0
25,165,4,0,4,0,9,10,4,3,3,1,3,2,7,7,0,0
25,165,4,0,4,0,9,10,4,3,3,1,3,2,7,7,0,0
25,165,4,0,4,0,9,10,4,3,3,1,3,2,7,7,0,0
25,165,4,0,4,0,9,10,4,3,3,1,3,2,7,7,0,0
25,165,4,0,4,0,9,10,4,3,3,1,3,2,7,7,0,0
25,165,4,0,4,0,9,10,4,3,3,1,3,2,8,7,8,0
25,165,4,0,4,0,10,10,4,3,3,1,4,3,8,8,8,1
25,165,4,0,4,0,10,10,4,3,3,3,4,3,8,8,8,1
25,165,4,0,4,0,10,10,4,4,3,3,4,3,8,8,9,2
25,165,4,0,4,0,10,10,4,4,3,3,4,3,8,8,9,3
25,165,4,0,4,0,10,10,4,4,3,3,4,3,8,8,9,4
25,165,4,0,4,0,10,10,4,4,3,3,4,3,8,8,9,4
25,165,4,0,4,0,10,10,4,4,3,3,4,3,8,9,5,4
25,165,4,0,4,0,10,10,4,4,3,3,4,3,8,8,5,3
25,165,4,0,4,0,10,10,4,4,3,3,4,3,8,8,5,1
25,165,4,0,4,0,9,10,4,4,3,3,3,3,8,8,5,1
25,165,4,0,4,0,9,10,4,4,3,3,3,3,8,8,0,1
25,165,4,0,4,0,9,10,4,4,3,3,3,3,8,8,0,1
25,165,4,0,4,0,9,10,4,3,3,2,3,3,8,8,0,1
25,165,4,0,4,0,9,10,4,3,3,2,3,3,8,8,0,1
25,165,4,0,4,0,9,10,4,3,3,1,3,3,8,8,0,1
25,165,4,0,4,0,9,10,4,3,3,1,3,3,8,8,0,1
25,165,4,0,4,0,9,10,4,3,3,1,3,3,7,8,0,1
26,166,4,0,3,0,8,10,3,3,2,1,2,3,7,8,0,1
26,166,4,0,3,0,8,10,3,3,2,1,2,3,7,8,0,1
26,166,4,0,3,0,8,10,3,3,2,1,2,3,7,8,0,1
26,166,4,0,3,0,8,10,3,3,2,1,2,3,7,8,0,1
26,166,4,0,3,0,8,10,3,3,2,1,2,3,7,8,0,1
26,166,4,0,3,0,8,10,3,3,2,1,2,3,7,8,0,1
26,166,4,0,3,0,8,10,3,3,2,1,3,3,10,8,0,1
26,166,4,0,3,0,8,9,3,2,2,1,3,3,10,5,0,1
26,166,4,0,3,0,8,9,3,2,2,1,3,3,10,5,0,1
26,166,4,0,3,0,8,9,3,2,2,1,3,2,10,5,0,1
26,166,4,0,3,0,8,9,3,2,2,0,3,2,10,5,0,1
26,166,4,0,3,0,8,9,3,2,2,0,3,2,10,5,0,1
26,166,4,0,3,0,8,9,3,2,2,0,3,2,10,5,0,1
26,166,4,0,3,0,8,9,3,2,2,0,3,2,10,5,0,0
26,166,4,0,3,0,8,9,3,2,2,0,3,2,10,5,0,0
26,166,4,0,3,0,8,8,3,2,2,0,2,2,8,5,0,0
26,166,4,0,3,0,8,8,3,2,2,0,2,2,8,5,0,0
26,166,4,0,3,0,8,8,3,2,2,0,2,2,8,5,0,0
26,166,4,0,3,0,8,8,3,2,2,0,2,2,8,5,0,0
26,166,4,0,3,0,8,8,3,2,2,0,2,2,8,5,0,0
26,166,4,0,3,0,8,8,3,2,2,0,2,2,8,5,0,0
26,166,4,0,3,0,8,8,3,2,2,0,2,2,8,5,0,0
26,166,4,0,3,0,8,8,3,2,2,0,2,2,8,5,0,0
26,166,4,0,3,0,8,8,3,2,2,0,2,2,7,5,0,0
27,167,4,0,3,0,8,8,3,2,2,0,2,2,4,5,0,0
27,167,4,0,3,0,8,8,3,2,2,0,2,2,4,5,0,0
27,167,4,0,3,0,8,8,3,2,2,0,2,2,4,5,0,0
27,167,4,0,3,0,8,8,3,2,2,0,2,2,4,5,0,0
27,167,4,0,3,0,8,8,3,2,2,0,2,2,4,5,0,0
27,167,4,0,3,0,8,8,3,2,2,0,2,2,4,5,0,0
27,167,4,0,3,0,8,8,3,2,2,0,3,2,4,5,0,0
27,167,4,0,3,0,8,8,3,2,2,0,3,1,5,5,0,0
27,167,4,0,3,0,8,8,3,2,2,0,3,1,5,5,0,0
27,167,4,0,3,0,8,8,3,2,2,0,3,1,5,5,0,0
27,167,4,0,3,0,8,8,3,2,2,0,3,1,5,4,0,0
27,167,4,0,3,0,8,8,3,2,2,0,3,1,5,4,0,0
27,167,4,0,3,0,8,8,3,2,2,0,3,1,5,4,0,0
27,167,4,0,3,0,8,8,3,2,2,0,3,1,5,4,0,0
27,167,4,0,3,0,8,8,3,2,2,0,3,1,5,4,0,0
27,167,4,0,3,0,8,8,3,2,2,0,2,1,4,4,0,0
27,167,4,0,3,0,8,8,3,2,2,0,2,1,4,4,0,0
27,167,4,0,3,0,8,8,3,2,2,0,2,1,4,4,0,0
27,167,4,0,3,0,8,8,3,2,2,0,2,1,4,4,0,0
27,167,4,0,3,0,8,8,3,2,2,0,2,1,4,4,0,0
27,167,4,0,3,0,8,8,3,2,2,0,2,1,4,4,0,0
27,167,4,0,3,0,8,8,3,2,2,0,2,1,4,4,0,0
27,167,4,0,3,0,8,8,3,2,2,0,2,1,4,4,0,0
27,167,4,0,3,0,8,8,3,2,2,0,2,1,4,4,0,0
0,168,4,0,4,0,9,8,4,2,3,0,3,1,7,4,0,0
0,168,4,0,4,0,9,8,4,2,3,0,3,1,7,4,0,0
0,168,4,0,4,0,9,8,4,2,3,0,3,1,7,4,0,0
0,168,4,0,4,0,9,8,4,2,3,0,3,1,7,4,0,0
0,168,4,0,4,0,9,8,4,2,3,0,3,1,7,4,0,0
0,168,4,0,4,0,9,8,4,2,3,0,3,1,7,4,0,0
0,168,4,0,4,0,9,8,4,2,3,0,3,1,8,4,8,0
0,168,4,0,4,0,10,9,4,4,3,0,4,1,8,7,8,2
0,168,4,0,4,0,10,10,4,4,3,1,4,1,8,7,8,2
0,168,4,0,4,0,10,10,4,3,3,1,4,1,8,8,9,2
0,168,4,0,4,0,10,10,4,3,3,1,4,1,8,8,9,2
0,168,4,0,4,0,10,10,4,4,3,1,4,1,8,8,9,2
0,168,4,0,4,0,10,10,4,4,3,1,4,1,8,8,9,2
0,168,4,0,4,0,10,10,4,4,3,1,4,1,8,7,5,2
0,168,4,0,4,0,10,10,4,3,3,1,4,1,8,9,5,2
0,168,4,0,4,0,10,9,4,3,3,1,4,1,8,7,5,1
0,168,4,0,4,0,9,9,4,3,3,1,3,0,8,7,5,1
0,168,4,0,4,0,9,9,4,3,3,1,3,0,8,7,0,1
0,168,4,0,4,0,9,9,4,3,3,1,3,0,8,7,0,1
0,168,4,0,4,0,9,9,4,3,3,1,3,0,8,7,0,1
0,168,4,0,4,0,9,8,4,3,3,1,3,0,8,7,0,1
0,168,4,0,4,0,9,8,4,3,3,1,3,0,8,7,0,1
0,168,4,0,4,0,9,8,4,3,3,1,3,0,8,7,0,1
0,168,4,0,4,0,9,8,4,3,3,1,3,0,7,7,0,1
1,169,4,0,4,0,9,8,4,3,3,1,3,0,4,7,0,1
1,169,4,0,4,0,9,8,4,3,3,1,3,0,4,7,0,1
1,169,4,0,4,0,9,8,4,3,3,1,3,0,4,7,0,1
1,169,4,0,4,0,9,8,4,3,3,1,3,0,4,7,0,1
1,169,4,0,4,0,9,8,4,3,3,1,3,0,4,7,0,1
1,169,4,0,4,0,9,8,4,3,3,1,3,0,4,7,0,1
1,169,4,0,4,0,9,8,4,3,3,1,3,0,4,7,8,1
1,169,4,0,4,0,10,9,4,3,3,3,4,1,5,6,8,1
1,169,4,0,4,0,10,10,4,4,3,3,4,1,5,6,8,1
1,169,4,0,4,0,10,10,4,4,3,3,4,1,5,6,9,2
1,169,4,0,4,0,10,10,4,4,3,3,4,1,5,6,9,2
1,169,4,0,4,0,10,10,4,3,3,3,4,1,5,6,9,2
1,169,4,0,4,0,10,10,4,4,3,3,4,1,5,6,9,2
1,169,4,0,4,0,10,10,4,4,3,2,4,1,5,6,5,2
1,169,4,0,4,0,10,10,4,4,3,2,4,1,5,6,5,2
1,169,4,0,4,0,10,10,4,4,3,2,4,1,4,6,5,2
1,169,4,0,4,0,9,10,4,4,3,2,3,1,4,6,5,2
1,169,4,0,4,0,9,10,4,4,3,2,3,1,4,6,0,2
1,169,4,0,4,0,9,10,4,4,3,1,3,1,4,6,0,2
1,169,4,0,4,0,9,10,4,4,3,1,3,1,4,6,0,2
1,169,4,0,4,0,9,10,4,4,3,1,3,1,4,6,0,2
1,169,4,0,4,0,9,9,4,4,3,1,3,1,4,5,0,1
1,169,4,0,4,0,9,9,4,4,3,1,3,1,4,5,0,0
1,169,4,0,4,0,9,9,4,4,3,1,3,1,4,5,0,0
2,170,4,0,4,0,9,9,4,4,3,1,3,1,7,5,0,0
2,170,4,0,4,0,9,9,4,4,3,1,3,1,7,5,0,0
2,170,4,0,4,0,9,9,4,4,3,1,3,1,7,5,0,0
2,170,4,0,4,0,9,9,4,4,3,1,3,1,7,5,0,0
2,170,4,0,4,0,9,9,4,4,3,1,3,1,7,5,0,0
2,170,4,0,4,0,9,9,4,4,3,1,3,1,7,5,0,0
2,170,4,0,4,0,9,9,4,4,3,1,3,1,10,5,8,0
2,170,4,0,4,0,10,9,4,3,3,2,4,1,10,10,8,1
2,170,4,0,4,0,10,10,4,4,3,2,4,1,10,10,8,1
2,170,4,0,4,0,10,10,4,4,3,2,4,1,10,10,9,1
2,170,4,0,4,0,10,10,4,4,3,3,4,1,10,10,9,1
2,170,4,0,4,0,10,10,4,4,3,3,4,1,10,11,9,1
2,170,4,0,4,0,10,10,4,4,3,3,4,1,10,10,9,0
2,170,4,0,4,0,10,10,4,4,3,3,4,1,10,10,5,0
2,170,4,0,4,0,10,10,4,4,3,3,4,1,10,10,5,0
2,170,4,0,4,0,10,10,4,4,3,3,4,1,8,10,5,0
2,170,4,0,4,0,9,10,4,4,3,3,3,1,8,10,5,0
2,170,4,0,4,0,9,10,4,4,3,3,3,1,8,10,0,0
2,170,4,0,4,0,9,10,4,4,3,3,3,1,8,10,0,0
2,170,4,0,4,0,9,10,4,4,3,3,3,1,8,10,0,0
2,170,4,0,4,0,9,10,4,4,3,3,3,1,8,10,0,0
2,170,4,0,4,0,9,9,4,4,3,3,3,1,8,9,0,0
2,170,4,0,4,0,9,9,4,4,3,3,3,1,8,9,0,0
2,170,4,0,4,0,9,9,4,4,3,3,3,1,7,9,0,0
3,171,4,0,4,0,9,9,4,4,3,3,3,1,7,9,0,0
3,171,4,0,4,0,9,9,4,4,3,3,3,1,7,9,0,0
3,171,4,0,4,0,9,9,4,4,3,3,3,1,7,9,0,0
3,171,4,0,4,0,9,9,4,4,3,3,3,1,7,9,0,0
3,171,4,0,4,0,9,9,4,4,3,3,3,1,7,9,0,0
3,171,4,0,4,0,9,9,4,4,3,3,3,1,7,9,0,0
3,171,4,0,4,0,9,9,4,4,3,3,3,1,8,9,8,0
3,171,4,0,4,0,10,10,4,4,3,3,4,2,8,8,8,0
3,171,4,0,4,0,10,10,4,4,3,3,4,2,8,8,8,0
3,171,4,0,4,0,10,10,4,4,3,3,4,2,8,8,9,0
3,171,4,0,4,0,10,9,4,4,3,3,4,2,8,8,9,0
3,171,4,0,4,0,10,9,4,4,3,3,4,2,8,8,9,0
3,171,4,0,4,0,10,9,4,4,3,2,4,2,8,8,9,0
3,171,4,0,4,0,10,9,4,4,3,2,4,2,8,8,5,0
3,171,4,0,4,0,10,9,4,4,3,2,4,2,8,8,5,0
3,171,4,0,4,0,10,9,4,4,3,2,4,2,8,8,5,0
3,171,4,0,4,0,9,9,4,4,3,2,3,2,8,8,5,0
3,171,4,0,4,0,9,9,4,4,3,2,3,2,8,8,0,0
3,171,4,0,4,0,9,9,4,4,3,2,3,2,8,8,0,0
3,171,4,0,4,0,9,9,4,4,3,2,3,2,8,8,0,0
3,171,4,0,4,0,9,9,4,4,3,2,3,2,8,8,0,0
3,171,4,0,4,0,9,9,4,4,3,2,3,2,8,8,0,0
3,171,4,0,4,0,9,9,4,4,3,2,3,2,8,8,0,0
3,171,4,0,4,0,9,9,4,4,3,2,3,2,7,8,0,0
4,172,4,0,4,0,9,9,4,4,3,2,3,2,7,8,0,0
4,172,4,0,4,0,9,9,4,4,3,2,3,2,7,8,0,0
4,172,4,0,4,0,9,9,4,4,3,2,3,2,7,8,0,0
4,172,4,0,4,0,9,9,4,4,3,2,3,2,7,8,0,0
4,172,4,0,4,0,9,9,4,4,3,2,3,2,7,8,0,0
4,172,4,0,4,0,9,9,4,4,3,2,3,2,7,8,0,0
4,172,4,0,4,0,9,9,4,4,3,2,3,2,8,8,8,0
4,172,4,0,4,0,10,10,4,4,3,2,4,3,8,8,8,1
4,172,4,0,4,0,10,10,4,4,3,3,4,3,8,8,8,1
4,172,4,0,4,0,10,10,4,4,3,3,4,3,8,8,9,1
4,172,4,0,4,0,10,10,4,4,3,3,4,3,8,8,9,1
4,172,4,0,4,0,10,10,4,4,3,3,4,3,8,8,9,1
4,172,4,0,4,0,10,10,4,4,3,3,4,3,8,8,9,1
4,172,4,0,4,0,10,10,4,4,3,3,4,3,8,8,5,1
4,172,4,0,4,0,10,10,4,4,3,3,4,3,8,8,5,1
4,172,4,0,4,0,10,10,4,4,3,3,4,3,8,8,5,1
4,172,4,0,4,0,9,10,4,4,3,3,3,3,8,8,5,1
4,172,4,0,4,0,9,10,4,4,3,3,3,3,8,8,0,1
4,172,4,0,4,0,9,9,4,4,3,3,3,3,8,7,0,1
4,172,4,0,4,0,9,9,4,4,3,3,3,2,8,7,0,1
4,172,4,0,4,0,9,9,4,4,3,3,3,2,8,7,0,1
4,172,4,0,4,0,9,9,4,4,3,3,3,2,8,7,0,0
4,172,4,0,4,0,9,9,4,4,3,3,3,2,8,7,0,0
4,172,4,0,4,0,9,9,4,4,3,3,3,2,7,7,0,0
5,173,4,0,3,0,8,9,3,4,2,3,2,2,7,7,0,0
5,173,4,0,3,0,8,9,3,4,2,3,2,2,7,7,0,0
5,173,4,0,3,0,8,9,3,4,2,3,2,2,7,7,0,0
5,173,4,0,3,0,8,9,3,4,2,3,2,2,7,7,0,0
5,173,4,0,3,0,8,9,3,4,2,3,2,2,7,7,0,0
5,173,4,0,3,0,8,9,3,4,2,3,2,2,7,7,0,0
5,173,4,0,3,0,8,9,3,4,2,3,3,2,10,7,0,0
5,173,4,0,3,0,8,9,3,4,2,3,3,2,10,5,0,0
5,173,4,0,3,0,8,9,3,4,2,3,3,2,10,5,0,0
5,173,4,0,3,0,8,9,3,4,2,3,3,2,10,5,0,0
5,173,4,0,3,0,8,9,3,4,2,3,3,2,10,5,0,0
5,173,4,0,3,0,8,9,3,4,2,3,3,2,10,5,0,0
5,173,4,0,3,0,8,9,3,4,2,3,3,2,10,5,0,0
5,173,4,0,3,0,8,9,3,4,2,3,3,2,10,4,0,0
5,173,4,0,3,0,8,9,3,4,2,3,3,2,10,4,0,0
5,173,4,0,3,0,8,9,3,4,2,3,2,1,8,4,0,0
5,173,4,0,3,0,8,9,3,4,2,3,2,1,8,4,0,0
5,173,4,0,3,0,8,9,3,4,2,3,2,1,8,4,0,0
5,173,4,0,3,0,8,9,3,4,2,3,2,1,8,4,0,0
5,173,4,0,3,0,8,9,3,4,2,3,2,1,8,4,0,0
5,173,4,0,3,0,8,9,3,3,2,3,2,1,8,4,0,0
5,173,4,0,3,0,8,9,3,3,2,3,2,1,8,4,0,0
5,173,4,0,3,0,8,9,3,3,2,3,2,1,8,4,0,0
5,173,4,0,3,0,8,9,3,3,2,3,2,1,7,4,0,0
6,174,4,0,3,0,8,9,3,3,2,3,2,1,4,4,0,0
6,174,4,0,3,0,8,9,3,3,2,3,2,1,4,4,0,0
6,174,4,0,3,0,8,9,3,3,2,3,2,1,4,4,0,0
6,174,4,0,3,0,8,9,3,3,2,3,2,1,4,4,0,0
6,174,4,0,3,0,8,9,3,3,2,3,2,1,4,4,0,0
6,174,4,0,3,0,8,9,3,3,2,3,2,1,4,4,0,0
6,174,4,0,3,0,8,9,3,3,2,3,3,1,4,4,0,0
6,174,4,0,3,0,8,8,3,3,2,3,3,0,5,3,0,0
6,174,4,0,3,0,8,8,3,3,2,3,3,0,5,3,0,0
6,174,4,0,3,0,8,8,3,3,2,3,3,0,5,3,0,0
6,174,4,0,3,0,8,8,3,3,2,3,3,0,5,3,0,0
6,174,4,0,3,0,8,8,3,3,2,3,3,0,5,3,0,0
6,174,4,0,3,0,8,8,3,3,2,3,3,0,5,3,0,0
6,174,4,0,3,0,8,8,3,3,2,3,3,0,5,3,0,0
6,174,4,0,3,0,8,8,3,3,2,3,3,0,5,3,0,0
6,174,4,0,3,0,8,8,3,3,2,3,2,0,4,3,0,0
6,174,4,0,3,0,8,7,3,3,2,3,2,0,4,2,0,0
6,174,4,0,3,0,8,7,3,3,2,3,2,0,4,2,0,0
6,174,4,0,3,0,8,7,3,3,2,3,2,0,4,2,0,0
6,174,4,0,3,0,8,7,3,3,2,3,2,0,4,2,0,0
6,174,4,0,3,0,8,7,3,3,2,3,2,0,4,2,0,0
6,174,4,0,3,0,8,7,3,3,2,3,2,0,4,2,0,0
6,174,4,0,3,0,8,7,3,3,2,3,2,0,4,2,0,0
6,174,4,0,3,0,8,7,3,3,2,3,2,0,4,2,0,0
7,175,4,0,4,0,9,7,4,3,3,3,3,0,7,2,0,0
7,175,4,0,4,0,9,7,4,3,3,3,3,0,7,2,0,0
7,175,4,0,4,0,9,7,4,3,3,3,3,0,7,2,0,0
7,175,4,0,4,0,9,7,4,3,3,3,3,0,7,2,0,0
7,175,4,0,4,0,9,7,4,3,3,3,3,0,7,2,0,0
7,175,4,0,4,0,9,7,4,3,3,3,3,0,7,2,0,0
7,175,4,0,4,0,9,7,4,3,3,3,3,0,8,2,8,0
7,175,4,0,4,0,10,9,4,4,3,3,4,1,8,4,8,1
7,175,4,0,4,0,10,9,4,4,3,3,4,1,8,5,8,1
7,175,4,0,4,0,10,9,4,4,3,3,4,1,8,6,9,1
7,175,4,0,4,0,10,10,4,4,3,3,4,1,8,6,9,1
7,175,4,0,4,0,10,10,4,4,3,3,4,1,8,7,9,1
7,175,4,0,4,0,10,10,4,4,3,3,4,1,8,7,9,1
7,175,4,0,4,0,10,9,4,4,3,3,4,1,8,6,5,1
7,175,4,0,4,0,10,9,4,4,3,3,4,1,8,6,5,1
7,175,4,0,4,0,10,9,4,4,3,3,4,1,8,6,5,1
7,175,4,0,4,0,9,9,4,4,3,3,3,1,8,6,5,1
7,175,4,0,4,0,9,9,4,4,3,3,3,1,8,6,0,1
7,175,4,0,4,0,9,9,4,4,3,3,3,1,8,6,0,1
7,175,4,0,4,0,9,9,4,4,3,3,3,1,8,6,0,0
7,175,4,0,4,0,9,9,4,4,3,3,3,1,8,6,0,0
7,175,4,0,4,0,9,9,4,4,3,3,3,1,8,6,0,0
7,175,4,0,4,0,9,9,4,4,3,3,3,1,8,6,0,0
7,175,4,0,4,0,9,9,4,4,3,3,3,1,7,6,0,0
8,176,4,0,4,0,9,9,4,4,3,3,3,1,4,6,0,0
8,176,4,0,4,0,9,9,4,4,3,3,3,1,4,6,0,0
8,176,4,0,4,0,9,9,4,4,3,3,3,1,4,6,0,0
8,176,4,0,4,0,9,9,4,4,3,3,3,1,4,6,0,0
8,176,4,0,4,0,9,9,4,4,3,3,3,1,4,6,0,0
8,176,4,0,4,0,9,9,4,4,3,3,3,1,4,6,0,0
8,176,4,0,4,0,9,9,4,4,3,3,3,1,4,6,8,0
8,176,4,0,4,0,10,9,4,3,3,3,4,2,5,5,8,2
8,176,4,0,4,0,10,9,4,4,3,3,4,2,5,5,8,3
8,176,4,0,4,0,10,10,4,4,3,3,4,2,5,5,9,3
8,176,4,0,4,0,10,10,4,4,3,3,4,2,5,5,9,3
8,176,4,0,4,0,10,10,4,4,3,3,4,2,5,5,9,3
8,176,4,0,4,0,10,10,4,4,3,3,4,2,5,6,9,3
8,176,4,0,4,0,10,10,4,4,3,2,4,2,5,6,5,3
8,176,4,0,4,0,10,10,4,4,3,2,4,2,5,5,5,3
8,176,4,0,4,0,10,10,4,3,3,2,4,2,4,4,5,1
8,176,4,0,4,0,9,9,4,3,3,2,3,2,4,4,5,1
8,176,4,0,4,0,9,9,4,2,3,2,3,2,4,4,0,1
8,176,4,0,4,0,9,9,4,2,3,2,3,2,4,4,0,1
8,176,4,0,4,0,9,9,4,2,3,2,3,2,4,4,0,1
8,176,4,0,4,0,9,9,4,2,3,2,3,2,4,4,0,1
8,176,4,0,4,0,9,9,4,2,3,2,3,2,4,4,0,0
8,176,4,0,4,0,9,8,4,2,3,2,3,2,4,4,0,0
8,176,4,0,4,0,9,8,4,2,3,2,3,2,4,4,0,0
9,177,4,0,4,0,9,8,4,2,3,2,3,2,7,4,0,0
9,177,4,0,4,0,9,8,4,2,3,2,3,2,7,4,0,0
9,177,4,0,4,0,9,8,4,2,3,2,3,2,7,4,0,0
9,177,4,0,4,0,9,8,4,2,3,2,3,2,7,4,0,0
9,177,4,0,4,0,9,8,4,2,3,2,3,2,7,4,0,0
9,177,4,0,4,0,9,8,4,2,3,2,3,2,7,4,0,0
9,177,4,0,4,0,9,8,4,2,3,2,3,2,10,4,8,0
9,177,4,0,4,0,10,9,4,3,3,2,4,3,10,7,8,1
9,177,4,0,4,0,10,10,4,3,3,2,4,3,10,8,8,2
9,177,4,0,4,0,10,10,4,4,3,2,4,3,10,10,9,2
9,177,4,0,4,0,10,9,4,4,3,3,4,3,10,10,9,3
9,177,4,0,4,0,10,10,4,4,3,3,4,3,10,10,9,3
9,177,4,0,4,0,10,10,4,4,3,3,4,3,10,9,9,3
9,177,4,0,4,0,10,10,4,4,3,3,4,3,10,9,5,3
9,177,4,0,4,0,10,10,4,4,3,3,4,3,10,9,5,3
9,177,4,0,4,0,10,10,4,4,3,3,4,3,8,9,5,3
9,177,4,0,4,0,9,10,4,4,3,3,3,3,8,8,5,3
9,177,4,0,4,0,9,10,4,4,3,3,3,3,8,9,0,3
9,177,4,0,4,0,9,10,4,4,3,3,3,3,8,7,0,2
9,177,4,0,4,0,9,10,4,4,3,3,3,3,8,7,0,2
9,177,4,0,4,0,9,10,4,4,3,3,3,3,8,7,0,1
9,177,4,0,4,0,9,9,4,4,3,3,3,3,8,7,0,1
9,177,4,0,4,0,9,9,4,4,3,3,3,3,8,7,0,1
9,177,4,0,4,0,9,9,4,4,3,3,3,3,7,7,0,1
10,178,4,0,4,0,9,9,4,4,3,3,3,3,7,7,0,1
10,178,4,0,4,0,9,9,4,4,3,3,3,3,7,7,0,1
10,178,4,0,4,0,9,9,4,4,3,3,3,3,7,7,0,1
10,178,4,0,4,0,9,9,4,4,3,3,3,3,7,7,0,1
10,178,4,0,4,0,9,9,4,4,3,3,3,3,7,7,0,1
10,178,4,0,4,0,9,9,4,4,3,3,3,3,7,7,0,1
10,178,4,0,4,0,9,9,4,4,3,3,3,3,8,7,8,1
10,178,4,0,4,0,10,10,4,4,3,3,4,4,8,7,8,0
10,178,4,0,4,0,10,10,4,4,3,2,4,4,8,8,8,0
10,178,4,0,4,0,10,10,4,4,3,2,4,4,8,8,9,0
10,178,4,0,4,0,10,10,4,4,3,2,4,3,8,8,9,0
10,178,4,0,4,0,10,10,4,4,3,2,4,3,8,8,9,0
10,178,4,0,4,0,10,10,4,4,3,2,4,3,8,8,9,0
10,178,4,0,4,0,10,10,4,4,3,2,4,3,8,8,5,0
10,178,4,0,4,0,10,10,4,4,3,2,4,3,8,8,5,0
10,178,4,0,4,0,10,10,4,4,3,2,4,3,8,7,5,0
10,178,4,0,4,0,9,10,4,4,3,2,3,3,8,7,5,0
10,178,4,0,4,0,9,10,4,4,3,2,3,3,8,7,0,0
10,178,4,0,4,0,9,10,4,4,3,2,3,3,8,7,0,0
10,178,4,0,4,0,9,10,4,4,3,2,3,3,8,7,0,0
10,178,4,0,4,0,9,10,4,4,3,2,3,3,8,7,0,0
10,178,4,0,4,0,9,10,4,4,3,2,3,3,8,7,0,0
10,178,4,0,4,0,9,9,4,4,3,2,3,3,8,6,0,0
10,178,4,0,4,0,9,9,4,4,3,2,3,3,7,6,0,0
11,179,4,0,4,0,9,9,4,4,3,2,3,3,7,6,0,0
11,179,4,0,4,0,9,9,4,4,3,2,3,3,7,6,0,0
11,179,4,0,4,0,9,9,4,4,3,2,3,3,7,6,0,0
11,179,4,0,4,0,9,9,4,4,3,2,3,3,7,6,0,0
11,179,4,0,4,0,9,9,4,4,3,2,3,3,7,6,0,0
11,179,4,0,4,0,9,9,4,4,3,2,3,3,7,6,0,0
11,179,4,0,4,0,9,9,4,4,3,2,3,3,8,6,8,0
11,179,4,0,4,0,10,9,4,4,3,3,4,4,8,8,8,0
11,179,4,0,4,0,10,10,4,4,3,3,4,4,8,8,8,1
11,179,4,0,4,0,10,10,4,3,3,3,4,4,8,8,9,1
11,179,4,0,4,0,10,10,4,4,3,3,4,4,8,8,9,1
11,179,4,0,4,0,10,10,4,4,3,3,4,4,8,7,9,1
11,179,4,0,4,0,10,10,4,4,3,3,4,4,8,7,9,1
11,179,4,0,4,0,10,10,4,4,3,3,4,4,8,8,5,1
11,179,4,0,4,0,10,10,4,4,3,3,4,3,8,7,5,0
11,179,4,0,4,0,10,9,4,4,3,3,4,3,8,7,5,0
11,179,4,0,4,0,9,9,4,4,3,3,3,3,8,7,5,0
11,179,4,0,4,0,9,8,4,4,3,3,3,3,8,6,0,0
11,179,4,0,4,0,9,8,4,4,3,3,3,3,8,6,0,0
11,179,4,0,4,0,9,8,4,4,3,3,3,3,8,6,0,0
11,179,4,0,4,0,9,8,4,4,3,3,3,3,8,6,0,0
11,179,4,0,4,0,9,8,4,4,3,3,3,3,8,6,0,0
11,179,4,0,4,0,9,8,4,4,3,3,3,3,8,6,0,0
11,179,4,0,4,0,9,8,4,4,3,3,3,3,7,6,0,0
12,180,4,0,3,0,8,8,3,4,2,3,2,3,7,6,0,0
12,180,4,0,3,0,8,8,3,4,2,3,2,3,7,6,0,0
12,180,4,0,3,0,8,8,3,4,2,3,2,3,7,6,0,0
12,180,4,0,3,0,8,8,3,4,2,3,2,3,7,6,0,0
12,180,4,0,3,0,8,8,3,4,2,3,2,3,7,6,0,0
12,180,4,0,3,0,8,8,3,4,2,3,2,3,7,6,0,0
12,180,4,0,3,0,8,8,3,4,2,3,3,3,10,6,0,0
12,180,4,0,3,0,8,8,3,4,2,3,3,3,10,5,0,0
12,180,4,0,3,0,8,8,3,4,2,3,3,3,10,5,0,0
12,180,4,0,3,0,8,8,3,4,2,3,3,3,10,4,0,0
12,180,4,0,3,0,8,8,3,4,2,3,3,3,10,4,0,0
12,180,4,0,3,0,8,8,3,4,2,3,3,3,10,4,0,0
12,180,4,0,3,0,8,8,3,4,2,3,3,3,10,4,0,0
12,180,4,0,3,0,8,8,3,4,2,3,3,2,10,4,0,0
12,180,4,0,3,0,8,8,3,4,2,3,3,2,10,4,0,0
12,180,4,0,3,0,8,8,3,4,2,3,2,1,8,4,0,0
12,180,4,0,3,0,8,8,3,4,2,3,2,1,8,4,0,0
12,180,4,0,3,0,8,8,3,4,2,3,2,1,8,4,0,0
12,180,4,0,3,0,8,8,3,4,2,3,2,1,8,4,0,0
12,180,4,0,3,0,8,8,3,4,2,3,2,1,8,4,0,0
12,180,4,0,3,0,8,8,3,4,2,3,2,1,8,4,0,0
12,180,4,0,3,0,8,8,3,4,2,3,2,1,8,4,0,0
12,180,4,0,3,0,8,8,3,4,2,3,2,1,8,4,0,0
12,180,4,0,3,0,8,8,3,4,2,3,2,1,7,4,0,0
13,181,4,0,3,0,8,8,3,4,2,3,2,1,4,4,0,0
13,181,4,0,3,0,8,8,3,4,2,3,2,1,4,4,0,0
13,181,4,0,3,0,8,8,3,4,2,3,2,1,4,4,0,0
13,181,4,0,3,0,8,8,3,4,2,3,2,1,4,4,0,0
13,181,4,0,3,0,8,8,3,4,2,3,2,1,4,4,0,0
13,181,4,0,3,0,8,8,3,4,2,3,2,1,4,4,0,0
13,181,4,0,3,0,8,8,3,4,2,3,3,1,4,4,0,0
13,181,4,0,3,0,8,8,3,3,2,3,3,0,5,4,0,0
13,181,4,0,3,0,8,8,3,3,2,3,3,0,5,4,0,0
13,181,4,0,3,0,8,8,3,3,2,3,3,0,5,4,0,0
13,181,4,0,3,0,8,8,3,3,2,3,3,0,5,4,0,0
13,181,4,0,3,0,8,8,3,3,2,3,3,0,5,4,0,0
13,181,4,0,3,0,8,8,3,3,2,3,3,0,5,4,0,0
13,181,4,0,3,0,8,8,3,3,2,3,3,0,5,4,0,0
13,181,4,0,3,0,8,8,3,3,2,3,3,0,5,4,0,0
13,181,4,0,3,0,8,8,3,3,2,3,2,0,4,4,0,0
13,181,4,0,3,0,8,8,3,3,2,3,2,0,4,4,0,0
13,181,4,0,3,0,8,8,3,3,2,3,2,0,4,4,0,0
13,181,4,0,3,0,8,8,3,3,2,3,2,0,4,4,0,0
13,181,4,0,3,0,8,8,3,3,2,3,2,0,4,4,0,0
13,181,4,0,3,0,8,8,3,3,2,3,2,0,4,4,0,0
13,181,4,0,3,0,8,8,3,3,2,3,2,0,4,4,0,0
13,181,4,0,3,0,8,8,3,3,2,3,2,0,4,4,0,0
13,181,4,0,3,0,8,8,3,3,2,3,2,0,4,4,0,0
14,182,4,0,4,0,9,8,4,3,3,3,3,0,7,4,0,0
14,182,4,0,4,0,9,8,4,3,3,3,3,0,7,4,0,0
14,182,4,0,4,0,9,8,4,3,3,3,3,0,7,4,0,0
14,182,4,0,4,0,9,8,4,3,3,3,3,0,7,4,0,0
14,182,4,0,4,0,9,8,4,3,3,3,3,0,7,4,0,0
14,182,4,0,4,0,9,8,4,3,3,3,3,0,7,4,0,0
14,182,4,0,4,0,9,8,4,3,3,3,3,0,8,4,8,0
14,182,4,0,4,0,10,9,4,4,3,3,4,1,8,7,8,2
14,182,4,0,4,0,10,10,4,4,3,3,4,1,8,7,8,2
14,182,4,0,4,0,10,10,4,4,3,3,4,1,8,8,9,2
14,182,4,0,4,0,10,10,4,4,3,3,4,1,8,8,9,2
14,182,4,0,4,0,10,10,4,4,3,3,4,1,8,8,9,2
14,182,4,0,4,0,10,10,4,4,3,3,4,1,8,8,9,2
14,182,4,0,4,0,10,10,4,4,3,3,4,1,8,7,5,2
14,182,4,0,4,0,10,10,4,4,3,3,4,1,8,7,5,2
14,182,4,0,4,0,10,10,4,3,3,3,4,1,8,8,5,2
14,182,4,0,4,0,9,10,4,3,3,3,3,1,8,8,5,2
14,182,4,0,4,0,9,10,4,3,3,3,3,1,8,8,0,2
14,182,4,0,4,0,9,10,4,3,3,3,3,1,8,7,0,1
14,182,4,0,4,0,9,10,4,3,3,3,3,1,8,7,0,1
14,182,4,0,4,0,9,10,4,3,3,3,3,1,8,7,0,1
14,182,4,0,4,0,9,10,4,3,3,3,3,1,8,7,0,1
14,182,4,0,4,0,9,10,4,3,3,3,3,1,8,7,0,1
14,182,4,0,4,0,9,10,4,3,3,3,3,1,7,7,0,1
15,183,4,0,4,0,9,10,4,3,3,3,3,1,4,7,0,1
15,183,4,0,4,0,9,10,4,3,3,3,3,1,4,7,0,1
15,183,4,0,4,0,9,10,4,3,3,3,3,1,4,7,0,1
15,183,4,0,4,0,9,10,4,3,3,3,3,1,4,7,0,1
15,183,4,0,4,0,9,10,4,3,3,3,3,1,4,7,0,1
15,183,4,0,4,0,9,10,4,3,3,3,3,1,4,7,0,1
15,183,4,0,4,0,9,10,4,3,3,3,3,1,4,7,8,1
15,183,4,0,4,0,10,8,4,4,3,3,4,2,5,6,8,2
15,183,4,0,4,0,10,9,4,4,3,3,4,2,5,6,8,3
15,183,4,0,4,0,10,9,4,3,3,3,4,2,5,6,9,4
15,183,4,0,4,0,10,10,4,4,3,3,4,2,5,6,9,4
15,183,4,0,4,0,10,10,4,4,3,3,4,2,5,6,9,4
15,183,4,0,4,0,10,9,4,4,3,3,4,1,5,6,9,4
15,183,4,0,4,0,10,10,4,4,3,3,4,1,5,6,5,4
15,183,4,0,4,0,10,10,4,4,3,3,4,1,5,6,5,4
15,183,4,0,4,0,10,9,4,4,3,3,4,1,4,6,5,2
15,183,4,0,4,0,9,8,4,3,3,3,3,1,4,6,5,1
15,183,4,0,4,0,9,8,4,3,3,3,3,1,4,6,0,1
15,183,4,0,4,0,9,8,4,3,3,3,3,1,4,6,0,1
15,183,4,0,4,0,9,8,4,3,3,2,3,1,4,6,0,1
15,183,4,0,4,0,9,8,4,3,3,2,3,1,4,6,0,0
15,183,4,0,4,0,9,8,4,3,3,2,3,1,4,6,0,0
15,183,4,0,4,0,9,8,4,3,3,2,3,1,4,6,0,0
15,183,4,0,4,0,9,8,4,3,3,2,3,1,4,6,0,0
16,184,4,0,4,0,9,8,4,3,3,2,3,1,7,6,0,0
16,184,4,0,4,0,9,8,4,3,3,2,3,1,7,6,0,0
16,184,4,0,4,0,9,8,4,3,3,2,3,1,7,6,0,0
16,184,4,0,4,0,9,8,4,3,3,2,3,1,7,6,0,0
16,184,4,0,4,0,9,8,4,3,3,2,3,1,7,6,0,0
16,184,4,0,4,0,9,8,4,3,3,2,3,1,7,6,0,0
16,184,4,0,4,0,9,8,4,3,3,2,3,1,10,6,8,0
16,184,4,0,4,0,10,9,4,4,3,2,4,2,10,10,8,1
16,184,4,0,4,0,10,10,4,4,3,2,4,2,10,10,8,1
16,184,4,0,4,0,10,10,4,4,3,3,4,2,10,10,9,2
16,184,4,0,4,0,10,10,4,4,3,3,4,2,10,10,9,2
16,184,4,0,4,0,10,10,4,4,3,3,4,2,10,10,9,2
16,184,4,0,4,0,10,10,4,4,3,3,4,2,10,11,9,2
16,184,4,0,4,0,10,10,4,4,3,3,4,2,10,11,5,2
16,184,4,0,4,0,10,10,4,4,3,2,4,2,10,10,5,1
16,184,4,0,4,0,10,10,4,4,3,2,4,2,8,10,5,1
16,184,4,0,4,0,9,10,4,4,3,2,3,2,8,9,5,1
16,184,4,0,4,0,9,10,4,4,3,2,3,2,8,9,0,1
16,184,4,0,4,0,9,10,4,4,3,2,3,2,8,8,0,0
16,184,4,0,4,0,9,10,4,4,3,2,3,2,8,8,0,0
16,184,4,0,4,0,9,10,4,4,3,2,3,2,8,7,0,0
16,184,4,0,4,0,9,10,4,4,3,2,3,2,8,7,0,0
16,184,4,0,4,0,9,10,4,4,3,2,3,2,8,7,0,0
16,184,4,0,4,0,9,10,4,4,3,2,3,2,7,7,0,0
17,185,4,0,4,0,9,10,4,4,3,2,3,2,7,7,0,0
17,185,4,0,4,0,9,10,4,4,3,2,3,2,7,7,0,0
17,185,4,0,4,0,9,10,4,4,3,2,3,2,7,7,0,0
17,185,4,0,4,0,9,10,4,4,3,2,3,2,7,7,0,0
17,185,4,0,4,0,9,10,4,4,3,2,3,2,7,7,0,0
17,185,4,0,4,0,9,10,4,4,3,2,3,2,7,7,0,0
17,185,4,0,4,0,9,10,4,4,3,2,3,2,8,7,8,0
17,185,4,0,4,0,10,10,4,4,3,3,4,2,8,8,8,0
17,185,4,0,4,0,10,10,4,4,3,3,4,2,8,8,8,0
17,185,4,0,4,0,10,10,4,3,3,3,4,2,8,8,9,0
17,185,4,0,4,0,10,10,4,3,3,3,4,2,8,8,9,0
17,185,4,0,4,0,10,10,4,3,3,3,4,1,8,8,9,0
17,185,4,0,4,0,10,10,4,3,3,3,4,1,8,8,9,0
17,185,4,0,4,0,10,10,4,3,3,3,4,1,8,7,5,0
17,185,4,0,4,0,10,10,4,3,3,3,4,1,8,7,5,0
17,185,4,0,4,0,10,10,4,3,3,3,4,1,8,7,5,0
17,185,4,0,4,0,9,10,4,3,3,3,3,1,8,7,5,0
17,185,4,0,4,0,9,10,4,3,3,3,3,1,8,7,0,0
17,185,4,0,4,0,9,10,4,3,3,3,3,1,8,7,0,0
17,185,4,0,4,0,9,10,4,3,3,3,3,1,8,7,0,0
17,185,4,0,4,0,9,10,4,3,3,3,3,1,8,7,0,0
17,185,4,0,4,0,9,10,4,3,3,3,3,1,8,7,0,0
17,185,4,0,4,0,9,10,4,3,3,3,3,1,8,7,0,0
17,185,4,0,4,0,9,10,4,3,3,3,3,1,7,7,0,0
18,186,4,0,4,0,9,10,4,3,3,3,3,1,7,7,0,0
18,186,4,0,4,0,9,10,4,3,3,3,3,1,7,7,0,0
18,186,4,0,4,0,9,10,4,3,3,3,3,1,7,7,0,0
18,186,4,0,4,0,9,10,4,3,3,3,3,1,7,7,0,0
18,186,4,0,4,0,9,10,4,3,3,3,3,1,7,7,0,0
18,186,4,0,4,0,9,10,4,3,3,3,3,1,7,7,0,0
18,186,4,0,4,0,9,10,4,3,3,3,3,1,8,7,8,0
18,186,4,0,4,0,10,10,4,3,3,3,4,2,8,8,8,1
18,186,4,0,4,0,10,10,4,4,3,3,4,2,8,8,8,1
18,186,4,0,4,0,10,10,4,3,3,3,4,2,8,8,9,2
18,186,4,0,4,0,10,10,4,3,3,3,4,2,8,8,9,2
18,186,4,0,4,0,10,10,4,4,3,3,4,2,8,8,9,2
18,186,4,0,4,0,10,10,4,4,3,3,4,2,8,8,9,2
18,186,4,0,4,0,10,10,4,4,3,3,4,2,8,9,5,2
18,186,4,0,4,0,10,10,4,3,3,3,4,2,8,8,5,1
18,186,4,0,4,0,10,10,4,3,3,3,4,2,8,8,5,1
18,186,4,0,4,0,9,10,4,3,3,3,3,2,8,8,5,1
18,186,4,0,4,0,9,10,4,3,3,3,3,2,8,8,0,1
18,186,4,0,4,0,9,9,4,3,3,3,3,2,8,8,0,1
18,186,4,0,4,0,9,9,4,3,3,3,3,2,8,8,0,1
18,186,4,0,4,0,9,9,4,3,3,3,3,2,8,8,0,1
18,186,4,0,4,0,9,8,4,3,3,3,3,2,8,7,0,1
18,186,4,0,4,0,9,8,4,3,3,3,3,2,8,6,0,1
18,186,4,0,4,0,9,8,4,3,3,3,3,2,7,6,0,1
19,187,4,0,3,0,8,8,3,3,2,3,2,2,7,6,0,1
19,187,4,0,3,0,8,8,3,3,2,3,2,2,7,6,0,1
19,187,4,0,3,0,8,8,3,3,2,3,2,2,7,6,0,1
19,187,4,0,3,0,8,8,3,3,2,3,2,2,7,6,0,1
19,187,4,0,3,0,8,8,3,3,2,3,2,2,7,6,0,1
19,187,4,0,3,0,8,8,3,3,2,3,2,2,7,6,0,1
19,187,4,0,3,0,8,8,3,3,2,3,3,2,10,6,0,1
19,187,4,0,3,0,8,8,3,3,2,3,3,2,10,6,0,0
19,187,4,0,3,0,8,8,3,3,2,3,3,2,10,6,0,0
19,187,4,0,3,0,8,8,3,3,2,3,3,1,10,6,0,0
19,187,4,0,3,0,8,8,3,3,2,3,3,1,10,6,0,0
19,187,4,0,3,0,8,8,3,3,2,3,3,1,10,6,0,0
19,187,4,0,3,0,8,8,3,3,2,3,3,1,10,6,0,0
19,187,4,0,3,0,8,8,3,3,2,3,3,1,10,6,0,0
19,187,4,0,3,0,8,8,3,3,2,3,3,1,10,6,0,0
19,187,4,0,3,0,8,8,3,3,2,3,2,1,8,6,0,0
19,187,4,0,3,0,8,8,3,3,2,3,2,1,8,6,0,0
19,187,4,0,3,0,8,8,3,3,2,3,2,1,8,6,0,0
19,187,4,0,3,0,8,8,3,3,2,3,2,1,8,5,0,0
19,187,4,0,3,0,8,8,3,3,2,3,2,1,8,5,0,0
19,187,4,0,3,0,8,8,3,3,2,3,2,1,8,5,0,0
19,187,4,0,3,0,8,8,3,3,2,3,2,1,8,5,0,0
19,187,4,0,3,0,8,8,3,3,2,3,2,1,8,5,0,0
19,187,4,0,3,0,8,8,3,3,2,3,2,1,7,5,0,0
20,188,4,0,3,0,8,8,3,3,2,3,2,1,4,5,0,0
20,188,4,0,3,0,8,8,3,3,2,3,2,1,4,5,0,0
20,188,4,0,3,0,8,8,3,3,2,3,2,1,4,5,0,0
20,188,4,0,3,0,8,8,3,3,2,3,2,1,4,5,0,0
20,188,4,0,3,0,8,8,3,3,2,3,2,1,4,5,0,0
20,188,4,0,3,0,8,8,3,3,2,3,2,1,4,5,0,0
20,188,4,0,3,0,8,8,3,3,2,3,3,1,4,5,0,0
20,188,4,0,3,0,8,8,3,2,2,3,3,0,5,4,0,0
20,188,4,0,3,0,8,8,3,2,2,3,3,0,5,4,0,0
20,188,4,0,3,0,8,8,3,2,2,3,3,0,5,4,0,0
20,188,4,0,3,0,8,8,3,2,2,3,3,0,5,4,0,0
20,188,4,0,3,0,8,8,3,2,2,3,3,0,5,4,0,0
20,188,4,0,3,0,8,8,3,2,2,3,3,0,5,4,0,0
20,188,4,0,3,0,8,8,3,2,2,3,3,0,5,4,0,0
20,188,4,0,3,0,8,8,3,2,2,3,3,0,5,4,0,0
20,188,4,0,3,0,8,8,3,2,2,3,2,0,4,4,0,0
20,188,4,0,3,0,8,8,3,2,2,3,2,0,4,4,0,0
20,188,4,0,3,0,8,8,3,2,2,3,2,0,4,4,0,0
20,188,4,0,3,0,8,7,3,2,2,3,2,0,4,4,0,0
20,188,4,0,3,0,8,7,3,2,2,3,2,0,4,4,0,0
20,188,4,0,3,0,8,7,3,2,2,3,2,0,4,4,0,0
20,188,4,0,3,0,8,7,3,2,2,3,2,0,4,4,0,0
20,188,4,0,3,0,8,7,3,2,2,3,2,0,4,4,0,0
20,188,4,0,3,0,8,7,3,2,2,3,2,0,4,4,0,0
21,189,4,0,4,0,9,7,4,2,3,3,3,0,7,4,0,0
21,189,4,0,4,0,9,7,4,2,3,3,3,0,7,4,0,0
21,189,4,0,4,0,9,7,4,2,3,3,3,0,7,4,0,0
21,189,4,0,4,0,9,7,4,2,3,3,3,0,7,4,0,0
21,189,4,0,4,0,9,7,4,2,3,3,3,0,7,4,0,0
21,189,4,0,4,0,9,7,4,2,3,3,3,0,7,4,0,0
21,189,4,0,4,0,9,7,4,2,3,3,3,0,8,4,8,0
21,189,4,0,4,0,10,9,4,4,3,3,4,1,8,6,8,1
21,189,4,0,4,0,10,10,4,4,3,3,4,1,8,6,8,1
21,189,4,0,4,0,10,10,4,4,3,3,4,1,8,8,9,1
21,189,4,0,4,0,10,10,4,4,3,3,4,1,8,8,9,1
21,189,4,0,4,0,10,10,4,4,3,3,4,1,8,8,9,1
21,189,4,0,4,0,10,10,4,4,3,3,4,1,8,8,9,1
21,189,4,0,4,0,10,10,4,3,3,3,4,1,8,8,5,1
21,189,4,0,4,0,10,10,4,3,3,3,4,1,8,7,5,0
21,189,4,0,4,0,10,10,4,3,3,3,4,1,8,7,5,0
21,189,4,0,4,0,9,10,4,3,3,3,3,1,8,7,5,0
21,189,4,0,4,0,9,10,4,3,3,3,3,1,8,7,0,0
21,189,4,0,4,0,9,10,4,3,3,3,3,1,8,7,0,0
21,189,4,0,4,0,9,10,4,3,3,3,3,1,8,7,0,0
21,189,4,0,4,0,9,10,4,3,3,3,3,1,8,7,0,0
21,189,4,0,4,0,9,10,4,3,3,3,3,1,8,6,0,0
21,189,4,0,4,0,9,10,4,3,3,3,3,1,8,6,0,0
21,189,4,0,4,0,9,10,4,3,3,3,3,1,7,6,0,0
22,190,4,0,4,0,9,10,4,3,3,3,3,1,4,6,0,0
22,190,4,0,4,0,9,10,4,3,3,3,3,1,4,6,0,0
22,190,4,0,4,0,9,10,4,3,3,3,3,1,4,6,0,0
22,190,4,0,4,0,9,10,4,3,3,3,3,1,4,6,0,0
22,190,4,0,4,0,9,10,4,3,3,3,3,1,4,6,0,0
22,190,4,0,4,0,9,10,4,3,3,3,3,1,4,6,0,0
22,190,4,0,4,0,9,10,4,3,3,3,3,1,4,6,8,0
22,190,4,0,4,0,10,10,4,3,3,3,4,2,5,6,8,5
22,190,4,0,4,0,10,10,4,4,3,3,4,2,5,6,8,6
22,190,4,0,4,0,10,10,4,4,3,3,4,2,5,6,9,7
22,190,4,0,4,0,10,10,4,4,3,3,4,2,5,6,9,8
22,190,4,0,4,0,10,10,4,4,3,3,4,2,5,6,9,8
22,190,4,0,4,0,10,10,4,4,3,3,4,2,5,6,9,8
22,190,4,0,4,0,10,10,4,4,3,3,4,2,5,6,5,8
22,190,4,0,4,0,10,10,4,4,3,3,4,2,5,6,5,8
22,190,4,0,4,0,10,10,4,4,3,3,4,2,4,6,5,3
22,190,4,0,4,0,9,10,4,4,3,3,3,2,4,6,5,3
22,190,4,0,4,0,9,10,4,4,3,3,3,2,4,6,0,3
22,190,4,0,4,0,9,10,4,4,3,3,3,2,4,6,0,3
22,190,4,0,4,0,9,10,4,3,3,3,3,2,4,6,0,3
22,190,4,0,4,0,9,10,4,3,3,3,3,2,4,6,0,3
22,190,4,0,4,0,9,10,4,3,3,3,3,2,4,6,0,3
22,190,4,0,4,0,9,10,4,3,3,3,3,2,4,6,0,3
22,190,4,0,4,0,9,10,4,3,3,3,3,2,4,6,0,3
23,191,4,0,4,0,9,10,4,3,3,3,3,2,7,7,0,3
23,191,4,0,4,0,9,10,4,3,3,3,3,2,7,7,0,3
23,191,4,0,4,0,9,10,4,3,3,3,3,2,7,7,0,3
23,191,4,0,4,0,9,10,4,3,3,3,3,2,7,7,0,3
23,191,4,0,4,0,9,10,4,3,3,3,3,2,7,7,0,3
23,191,4,0,4,0,9,10,4,3,3,3,3,2,7,7,0,3
23,191,4,0,4,0,9,10,4,3,3,3,3,2,10,9,8,3
23,191,4,0,4,0,10,10,4,2,3,3,4,3,10,9,8,2
23,191,4,0,4,0,10,10,4,2,3,3,4,3,10,10,8,0
23,191,4,0,4,0,10,10,4,3,3,3,4,3,10,10,9,0
23,191,4,0,4,0,10,10,4,4,3,3,4,3,10,10,9,0
23,191,4,0,4,0,10,10,4,4,3,3,4,3,10,9,9,0
23,191,4,0,4,0,10,10,4,4,3,3,4,3,10,10,9,0
23,191,4,0,4,0,10,10,4,3,3,3,4,3,10,10,5,0
23,191,4,0,4,0,10,10,4,2,3,3,4,3,10,10,5,0
23,191,4,0,4,0,10,10,4,2,3,3,4,3,8,10,5,0
23,191,4,0,4,0,9,10,4,2,3,3,3,3,8,10,5,0
23,191,4,0,4,0,9,10,4,2,3,3,3,3,8,10,0,0
23,191,4,0,4,0,9,10,4,2,3,3,3,3,8,9,0,0
23,191,4,0,4,0,9,9,4,2,3,3,3,3,8,8,0,0
23,191,4,0,4,0,9,9,4,2,3,3,3,3,8,8,0,0
23,191,4,0,4,0,9,9,4,2,3,3,3,3,8,8,0,0
23,191,4,0,4,0,9,9,4,2,3,3,3,3,8,8,0,0
23,191,4,0,4,0,9,9,4,2,3,3,3,3,7,8,0,0
24,192,4,0,4,0,9,9,4,2,3,3,3,3,7,8,0,0
24,192,4,0,4,0,9,9,4,2,3,3,3,3,7,8,0,0
24,192,4,0,4,0,9,9,4,2,3,3,3,3,7,8,0,0
24,192,4,0,4,0,9,9,4,2,3,3,3,3,7,8,0,0
24,192,4,0,4,0,9,9,4,2,3,3,3,3,7,8,0,0
24,192,4,0,4,0,9,9,4,2,3,3,3,3,7,8,0,0
24,192,4,0,4,0,9,9,4,2,3,3,3,3,8,8,8,0
24,192,4,0,4,0,10,9,4,3,3,3,4,4,8,8,8,0
24,192,4,0,4,0,10,10,4,3,3,3,4,4,8,8,8,0
24,192,4,0,4,0,10,10,4,3,3,3,4,4,8,8,9,0
24,192,4,0,4,0,10,10,4,2,3,3,4,3,8,8,9,0
24,192,4,0,4,0,10,10,4,2,3,3,4,3,8,8,9,0
24,192,4,0,4,0,10,10,4,2,3,3,4,3,8,8,9,0
24,192,4,0,4,0,10,10,4,2,3,3,4,3,8,8,5,0
24,192,4,0,4,0,10,10,4,2,3,3,4,3,8,8,5,0
24,192,4,0,4,0,10,10,4,2,3,3,4,3,8,8,5,0
24,192,4,0,4,0,9,10,4,2,3,3,3,3,8,8,5,0
24,192,4,0,4,0,9,10,4,2,3,3,3,3,8,8,0,0
24,192,4,0,4,0,9,10,4,2,3,3,3,3,8,8,0,0
24,192,4,0,4,0,9,10,4,2,3,3,3,3,8,8,0,0
24,192,4,0,4,0,9,10,4,2,3,3,3,3,8,8,0,0
24,192,4,0,4,0,9,10,4,2,3,3,3,3,8,8,0,0
24,192,4,0,4,0,9,10,4,2,3,3,3,3,8,8,0,0
24,192,4,0,4,0,9,10,4,2,3,3,3,3,7,8,0,0
25,193,4,0,4,0,9,10,4,2,3,3,3,3,7,8,0,0
25,193,4,0,4,0,9,10,4,2,3,3,3,3,7,8,0,0
25,193,4,0,4,0,9,10,4,2,3,3,3,3,7,8,0,0
25,193,4,0,4,0,9,10,4,2,3,3,3,3,7,8,0,0
25,193,4,0,4,0,9,10,4,2,3,3,3,3,7,8,0,0
25,193,4,0,4,0,9,10,4,2,3,3,3,3,7,8,0,0
25,193,4,0,4,0,9,10,4,2,3,3,3,3,8,8,8,0
25,193,4,0,4,0,10,10,4,3,3,3,4,3,8,8,8,1
25,193,4,0,4,0,10,10,4,4,3,3,4,3,8,8,8,1
25,193,4,0,4,0,10,10,4,4,3,3,4,3,8,8,9,2
25,193,4,0,4,0,10,10,4,4,3,3,4,3,8,8,9,3
25,193,4,0,4,0,10,10,4,4,3,3,4,3,8,8,9,4
25,193,4,0,4,0,10,10,4,4,3,3,4,3,8,9,9,4
25,193,4,0,4,0,10,10,4,4,3,3,4,3,8,9,5,4
25,193,4,0,4,0,10,10,4,4,3,3,4,3,8,9,5,4
25,193,4,0,4,0,10,10,4,4,3,3,4,3,8,8,5,1
25,193,4,0,4,0,9,10,4,4,3,3,3,3,8,8,5,1
25,193,4,0,4,0,9,10,4,3,3,3,3,3,8,8,0,1
25,193,4,0,4,0,9,10,4,3,3,3,3,3,8,8,0,1
25,193,4,0,4,0,9,10,4,3,3,3,3,3,8,8,0,1
25,193,4,0,4,0,9,10,4,3,3,3,3,3,8,8,0,0
25,193,4,0,4,0,9,10,4,3,3,3,3,3,8,8,0,0
25,193,4,0,4,0,9,10,4,2,3,3,3,3,8,8,0,0
25,193,4,0,4,0,9,10,4,2,3,3,3,3,7,8,0,0
26,194,4,0,3,0,8,10,3,2,2,3,2,3,7,8,0,0
26,194,4,0,3,0,8,10,3,2,2,3,2,3,7,8,0,0
26,194,4,0,3,0,8,10,3,2,2,3,2,3,7,8,0,0
26,194,4,0,3,0,8,10,3,2,2,3,2,3,7,8,0,0
26,194,4,0,3,0,8,10,3,2,2,3,2,3,7,8,0,0
26,194,4,0,3,0,8,10,3,2,2,3,2,3,7,8,0,0
26,194,4,0,3,0,8,10,3,2,2,3,3,3,10,8,0,0
26,194,4,0,3,0,8,9,3,2,2,3,3,3,10,8,0,0
26,194,4,0,3,0,8,9,3,2,2,3,3,3,10,8,0,0
26,194,4,0,3,0,8,9,3,2,2,3,3,3,10,8,0,0
26,194,4,0,3,0,8,9,3,2,2,3,3,3,10,8,0,0
26,194,4,0,3,0,8,9,3,2,2,3,3,3,10,8,0,0
26,194,4,0,3,0,8,9,3,2,2,3,3,3,10,8,0,0
26,194,4,0,3,0,8,9,3,2,2,3,3,3,10,8,0,0
26,194,4,0,3,0,8,9,3,2,2,3,3,3,10,7,0,0
26,194,4,0,3,0,8,9,3,2,2,3,2,3,8,7,0,0
26,194,4,0,3,0,8,9,3,2,2,3,2,3,8,7,0,0
26,194,4,0,3,0,8,9,3,2,2,3,2,3,8,7,0,0
26,194,4,0,3,0,8,8,3,2,2,3,2,3,8,7,0,0
26,194,4,0,3,0,8,8,3,2,2,3,2,3,8,7,0,0
26,194,4,0,3,0,8,8,3,2,2,3,2,3,8,7,0,0
26,194,4,0,3,0,8,8,3,2,2,3,2,3,8,7,0,0
26,194,4,0,3,0,8,8,3,2,2,3,2,3,8,7,0,0
26,194,4,0,3,0,8,8,3,2,2,3,2,3,7,7,0,0
27,195,4,0,3,0,8,8,3,2,2,3,2,3,4,7,0,0
27,195,4,0,3,0,8,8,3,2,2,3,2,3,4,7,0,0
27,195,4,0,3,0,8,8,3,2,2,3,2,3,4,7,0,0
27,195,4,0,3,0,8,8,3,2,2,3,2,3,4,7,0,0
27,195,4,0,3,0,8,8,3,2,2,3,2,3,4,7,0,0
27,195,4,0,3,0,8,8,3,2,2,3,2,3,4,7,0,0
27,195,4,0,3,0,8,8,3,2,2,3,3,3,4,7,0,0
27,195,4,0,3,0,8,8,3,1,2,3,3,2,5,7,0,0
27,195,4,0,3,0,8,8,3,1,2,3,3,2,5,7,0,0
27,195,4,0,3,0,8,8,3,1,2,3,3,2,5,7,0,0
27,195,4,0,3,0,8,8,3,1,2,3,3,2,5,7,0,0
27,195,4,0,3,0,8,8,3,1,2,3,3,2,5,7,0,0
27,195,4,0,3,0,8,8,3,1,2,3,3,2,5,7,0,0
27,195,4,0,3,0,8,8,3,1,2,3,3,2,5,7,0,0
27,195,4,0,3,0,8,8,3,1,2,3,3,2,5,7,0,0
27,195,4,0,3,0,8,8,3,1,2,3,2,2,4,7,0,0
27,195,4,0,3,0,8,8,3,1,2,3,2,1,4,7,0,0
27,195,4,0,3,0,8,8,3,1,2,3,2,1,4,7,0,0
27,195,4,0,3,0,8,8,3,1,2,3,2,1,4,7,0,0
27,195,4,0,3,0,8,8,3,1,2,3,2,1,4,7,0,0
27,195,4,0,3,0,8,8,3,1,2,3,2,1,4,6,0,0
27,195,4,0,3,0,8,8,3,1,2,3,2,1,4,6,0,0
27,195,4,0,3,0,8,8,3,1,2,3,2,1,4,6,0,0
27,195,4,0,3,0,8,8,3,1,2,3,2,1,4,6,0,0
0,196,4,0,4,0,9,8,4,1,3,3,3,1,7,6,0,0
0,196,4,0,4,0,9,8,4,1,3,3,3,1,7,6,0,0
0,196,4,0,4,0,9,8,4,1,3,3,3,1,7,6,0,0
0,196,4,0,4,0,9,8,4,1,3,3,3,1,7,6,0,0
0,196,4,0,4,0,9,8,4,1,3,3,3,1,7,6,0,0
0,196,4,0,4,0,9,8,4,1,3,3,3,1,7,6,0,0
0,196,4,0,4,0,9,8,4,1,3,3,3,1,8,6,8,0
0,196,4,0,4,0,10,9,4,3,3,2,4,1,8,8,8,2
0,196,4,0,4,0,10,10,4,4,3,2,4,1,8,8,8,2
0,196,4,0,4,0,10,10,4,4,3,2,4,1,8,8,9,2
0,196,4,0,4,0,10,10,4,4,3,2,4,1,8,8,9,2
0,196,4,0,4,0,10,10,4,4,3,3,4,1,8,8,9,2
0,196,4,0,4,0,10,10,4,4,3,3,4,1,8,8,9,2
0,196,4,0,4,0,10,10,4,4,3,3,4,1,8,8,5,2
0,196,4,0,4,0,10,9,4,4,3,2,4,1,8,8,5,2
0,196,4,0,4,0,10,9,4,4,3,2,4,0,8,8,5,2
0,196,4,0,4,0,9,9,4,4,3,2,3,0,8,8,5,2
0,196,4,0,4,0,9,9,4,4,3,2,3,0,8,8,0,2
0,196,4,0,4,0,9,9,4,4,3,2,3,0,8,8,0,2
0,196,4,0,4,0,9,9,4,4,3,2,3,0,8,8,0,2
0,196,4,0,4,0,9,9,4,4,3,2,3,0,8,8,0,2
0,196,4,0,4,0,9,9,4,4,3,2,3,0,8,8,0,2
0,196,4,0,4,0,9,9,4,4,3,2,3,0,8,8,0,2
0,196,4,0,4,0,9,9,4,4,3,2,3,0,7,8,0,2
1,197,4,0,4,0,9,9,4,4,3,2,3,0,4,8,0,2
1,197,4,0,4,0,9,9,4,4,3,2,3,0,4,8,0,2
1,197,4,0,4,0,9,9,4,4,3,2,3,0,4,8,0,2
1,197,4,0,4,0,9,9,4,4,3,2,3,0,4,8,0,2
1,197,4,0,4,0,9,9,4,4,3,2,3,0,4,8,0,2
1,197,4,0,4,0,9,9,4,4,3,2,3,0,4,8,0,2
1,197,4,0,4,0,9,9,4,4,3,2,3,0,4,8,8,2
1,197,4,0,4,0,10,9,4,3,3,3,4,1,5,8,8,1
1,197,4,0,4,0,10,10,4,4,3,3,4,1,5,8,8,1
1,197,4,0,4,0,10,10,4,4,3,3,4,1,5,8,9,2
1,197,4,0,4,0,10,10,4,4,3,3,4,1,5,8,9,2
1,197,4,0,4,0,10,10,4,4,3,3,4,1,5,8,9,2
1,197,4,0,4,0,10,10,4,4,3,3,4,1,5,8,9,2
1,197,4,0,4,0,10,10,4,4,3,2,4,1,5,8,5,2
1,197,4,0,4,0,10,10,4,4,3,2,4,1,5,8,5,2
1,197,4,0,4,0,10,9,4,4,3,2,4,0,4,8,5,2
1,197,4,0,4,0,9,9,4,4,3,2,3,0,4,8,5,2
1,197,4,0,4,0,9,9,4,4,3,2,3,0,4,8,0,2
1,197,4,0,4,0,9,9,4,4,3,2,3,0,4,8,0,2
1,197,4,0,4,0,9,9,4,4,3,2,3,0,4,8,0,2
1,197,4,0,4,0,9,9,4,4,3,2,3,0,4,8,0,2
1,197,4,0,4,0,9,9,4,3,3,2,3,0,4,8,0,2
1,197,4,0,4,0,9,9,4,3,3,2,3,0,4,8,0,2
1,197,4,0,4,0,9,9,4,3,3,2,3,0,4,8,0,2
2,198,4,0,4,0,9,9,4,3,3,2,3,0,7,8,0,2
2,198,4,0,4,0,9,9,4,3,3,2,3,0,7,8,0,2
2,198,4,0,4,0,9,9,4,3,3,2,3,0,7,8,0,2
2,198,4,0,4,0,9,9,4,3,3,2,3,0,7,8,0,2
2,198,4,0,4,0,9,9,4,3,3,2,3,0,7,8,0,2
2,198,4,0,4,0,9,9,4,3,3,2,3,0,7,8,0,2
2,198,4,0,4,0,9,9,4,3,3,2,3,0,10,9,8,2
2,198,4,0,4,0,10,10,4,3,3,2,4,1,10,10,8,1
2,198,4,0,4,0,10,10,4,4,3,2,4,1,10,10,8,1
2,198,4,0,4,0,10,10,4,4,3,2,4,1,10,10,9,1
2,198,4,0,4,0,10,10,4,4,3,3,4,1,10,10,9,1
2,198,4,0,4,0,10,10,4,4,3,3,4,1,10,10,9,1
2,198,4,0,4,0,10,10,4,4,3,3,4,1,10,10,9,1
2,198,4,0,4,0,10,10,4,4,3,3,4,1,10,10,5,1
2,198,4,0,4,0,10,10,4,4,3,3,4,1,10,11,5,1
2,198,4,0,4,0,10,10,4,4,3,3,4,1,8,11,5,1
2,198,4,0,4,0,9,9,4,4,3,3,3,1,8,9,5,0
2,198,4,0,4,0,9,9,4,4,3,3,3,1,8,9,0,0
2,198,4,0,4,0,9,9,4,4,3,3,3,1,8,9,0,0
2,198,4,0,4,0,9,9,4,4,3,3,3,1,8,8,0,0
2,198,4,0,4,0,9,9,4,4,3,3,3,1,8,8,0,0
2,198,4,0,4,0,9,9,4,4,3,3,3,1,8,8,0,0
2,198,4,0,4,0,9,9,4,4,3,3,3,1,8,8,0,0
2,198,4,0,4,0,9,9,4,4,3,3,3,1,7,8,0,0
3,199,4,0,4,0,9,9,4,4,3,3,3,1,7,8,0,0
3,199,4,0,4,0,9,9,4,4,3,3,3,1,7,8,0,0
3,199,4,0,4,0,9,9,4,4,3,3,3,1,7,8,0,0
3,199,4,0,4,0,9,9,4,4,3,3,3,1,7,8,0,0
3,199,4,0,4,0,9,9,4,4,3,3,3,1,7,8,0,0
3,199,4,0,4,0,9,9,4,4,3,3,3,1,7,8,0,0
3,199,4,0,4,0,9,9,4,4,3,3,3,1,8,8,8,0
3,199,4,0,4,0,10,10,4,4,3,3,4,2,8,8,8,0
3,199,4,0,4,0,10,10,4,4,3,3,4,2,8,8,8,0
3,199,4,0,4,0,10,10,4,4,3,3,4,2,8,8,9,0
3,199,4,0,4,0,10,10,4,4,3,3,4,2,8,8,9,0
3,199,4,0,4,0,10,10,4,4,3,3,4,2,8,8,9,0
3,199,4,0,4,0,10,10,4,4,3,3,4,2,8,8,9,0
3,199,4,0,4,0,10,10,4,4,3,3,4,2,8,8,5,0
3,199,4,0,4,0,10,10,4,4,3,3,4,2,8,8,5,0
3,199,4,0,4,0,10,10,4,4,3,3,4,2,8,8,5,0
3,199,4,0,4,0,9,10,4,4,3,3,3,2,8,8,5,0
3,199,4,0,4,0,9,10,4,4,3,3,3,2,8,8,0,0
3,199,4,0,4,0,9,10,4,4,3,3,3,2,8,8,0,0
3,199,4,0,4,0,9,10,4,4,3,3,3,2,8,8,0,0
3,199,4,0,4,0,9,10,4,4,3,3,3,2,8,8,0,0
3,199,4,0,4,0,9,10,4,4,3,3,3,2,8,8,0,0
3,199,4,0,4,0,9,10,4,4,3,3,3,2,8,8,0,0
3,199,4,0,4,0,9,10,4,4,3,3,3,2,7,8,0,0
4,200,4,0,4,0,9,10,4,4,3,3,3,2,7,8,0,0
4,200,4,0,4,0,9,10,4,4,3,3,3,2,7,8,0,0
4,200,4,0,4,0,9,10,4,4,3,3,3,2,7,8,0,0
4,200,4,0,4,0,9,10,4,4,3,3,3,2,7,8,0,0
4,200,4,0,4,0,9,10,4,4,3,3,3,2,7,8,0,0
4,200,4,0,4,0,9,10,4,4,3,3,3,2,7,8,0,0
4,200,4,0,4,0,9,10,4,4,3,3,3,2,8,8,8,0
4,200,4,0,4,0,10,10,4,4,3,3,4,3,8,8,8,1
4,200,4,0,4,0,10,10,4,4,3,3,4,3,8,8,8,1
4,200,4,0,4,0,10,10,4,4,3,3,4,3,8,8,9,1
4,200,4,0,4,0,10,10,4,4,3,3,4,3,8,8,9,1
4,200,4,0,4,0,10,10,4,4,3,3,4,3,8,8,9,1
4,200,4,0,4,0,10,10,4,4,3,3,4,3,8,8,9,1
4,200,4,0,4,0,10,10,4,4,3,3,4,3,8,8,5,1
4,200,4,0,4,0,10,10,4,4,3,2,4,3,8,8,5,1
4,200,4,0,4,0,10,10,4,4,3,2,4,3,8,8,5,1
4,200,4,0,4,0,9,10,4,4,3,2,3,3,8,8,5,1
4,200,4,0,4,0,9,10,4,4,3,2,3,3,8,8,0,1
4,200,4,0,4,0,9,10,4,3,3,2,3,3,8,8,0,1
4,200,4,0,4,0,9,10,4,2,3,2,3,3,8,8,0,1
4,200,4,0,4,0,9,10,4,2,3,2,3,3,8,8,0,1
4,200,4,0,4,0,9,10,4,2,3,2,3,3,8,8,0,1
4,200,4,0,4,0,9,10,4,2,3,2,3,3,8,8,0,1
4,200,4,0,4,0,9,10,4,2,3,2,3,3,7,8,0,1
5,201,4,0,3,0,8,10,3,2,2,2,2,3,7,8,0,1
5,201,4,0,3,0,8,10,3,2,2,2,2,3,7,8,0,1
5,201,4,0,3,0,8,10,3,2,2,2,2,3,7,8,0,1
5,201,4,0,3,0,8,10,3,2,2,2,2,3,7,8,0,1
5,201,4,0,3,0,8,10,3,2,2,2,2,3,7,8,0,1
5,201,4,0,3,0,8,10,3,2,2,2,2,3,7,8,0,1
5,201,4,0,3,0,8,10,3,2,2,2,3,3,10,8,0,1
5,201,4,0,3,0,8,9,3,2,2,2,3,1,10,5,0,0
5,201,4,0,3,0,8,9,3,2,2,2,3,1,10,5,0,0
5,201,4,0,3,0,8,9,3,2,2,2,3,1,10,5,0,0
5,201,4,0,3,0,8,9,3,2,2,2,3,1,10,5,0,0
5,201,4,0,3,0,8,9,3,2,2,2,3,1,10,5,0,0
5,201,4,0,3,0,8,9,3,2,2,2,3,1,10,5,0,0
5,201,4,0,3,0,8,9,3,2,2,2,3,1,10,5,0,0
5,201,4,0,3,0,8,9,3,2,2,2,3,1,10,5,0,0
5,201,4,0,3,0,8,9,3,2,2,2,2,1,8,5,0,0
5,201,4,0,3,0,8,9,3,2,2,2,2,1,8,5,0,0
5,201,4,0,3,0,8,9,3,2,2,2,2,1,8,5,0,0
5,201,4,0,3,0,8,9,3,2,2,2,2,1,8,5,0,0
5,201,4,0,3,0,8,9,3,2,2,2,2,1,8,5,0,0
5,201,4,0,3,0,8,9,3,2,2,2,2,1,8,5,0,0
5,201,4,0,3,0,8,9,3,2,2,2,2,1,8,5,0,0
5,201,4,0,3,0,8,9,3,2,2,2,2,1,8,5,0,0
5,201,4,0,3,0,8,9,3,2,2,2,2,1,7,5,0,0
6,202,4,0,3,0,8,9,3,2,2,2,2,1,4,5,0,0
6,202,4,0,3,0,8,9,3,2,2,2,2,1,4,5,0,0
6,202,4,0,3,0,8,9,3,2,2,2,2,1,4,5,0,0
6,202,4,0,3,0,8,9,3,2,2,2,2,1,4,5,0,0
6,202,4,0,3,0,8,9,3,2,2,2,2,1,4,5,0,0
6,202,4,0,3,0,8,9,3,2,2,2,2,1,4,5,0,0
6,202,4,0,3,0,8,9,3,2,2,2,3,1,4,5,0,0
6,202,4,0,3,0,8,9,3,2,2,2,3,1,5,5,0,0
6,202,4,0,3,0,8,9,3,2,2,2,3,1,5,5,0,0
6,202,4,0,3,0,8,9,3,2,2,2,3,1,5,5,0,0
6,202,4,0,3,0,8,9,3,2,2,2,3,1,5,5,0,0
6,202,4,0,3,0,8,9,3,2,2,2,3,1,5,5,0,0
6,202,4,0,3,0,8,9,3,2,2,2,3,1,5,5,0,0
6,202,4,0,3,0,8,8,3,2,2,2,3,1,5,4,0,0
6,202,4,0,3,0,8,8,3,2,2,2,3,1,5,4,0,0
6,202,4,0,3,0,8,8,3,2,2,2,2,1,4,4,0,0
6,202,4,0,3,0,8,8,3,2,2,2,2,1,4,4,0,0
6,202,4,0,3,0,8,8,3,2,2,2,2,1,4,4,0,0
6,202,4,0,3,0,8,8,3,2,2,2,2,1,4,4,0,0
6,202,4,0,3,0,8,8,3,2,2,2,2,1,4,4,0,0
6,202,4,0,3,0,8,8,3,2,2,2,2,1,4,4,0,0
6,202,4,0,3,0,8,8,3,2,2,2,2,1,4,4,0,0
6,202,4,0,3,0,8,8,3,2,2,2,2,1,4,4,0,0
6,202,4,0,3,0,8,8,3,2,2,2,2,1,4,4,0,0
7,203,4,0,4,0,9,8,4,2,3,2,3,1,7,4,0,0
7,203,4,0,4,0,9,8,4,2,3,2,3,1,7,4,0,0
7,203,4,0,4,0,9,8,4,2,3,2,3,1,7,4,0,0
7,203,4,0,4,0,9,8,4,2,3,2,3,1,7,4,0,0
7,203,4,0,4,0,9,8,4,2,3,2,3,1,7,4,0,0
7,203,4,0,4,0,9,8,4,2,3,2,3,1,7,4,0,0
7,203,4,0,4,0,9,8,4,2,3,2,3,1,8,4,8,0
7,203,4,0,4,0,10,9,4,4,3,3,4,1,8,7,8,1
7,203,4,0,4,0,10,9,4,4,3,3,4,1,8,8,8,1
7,203,4,0,4,0,10,10,4,4,3,3,4,1,8,8,9,1
7,203,4,0,4,0,10,10,4,4,3,3,4,1,8,8,9,1
7,203,4,0,4,0,10,10,4,4,3,3,4,1,8,8,9,1
7,203,4,0,4,0,10,10,4,4,3,3,4,1,8,9,9,1
7,203,4,0,4,0,10,10,4,4,3,2,4,1,8,9,5,1
7,203,4,0,4,0,10,10,4,4,3,2,4,1,8,9,5,1
7,203,4,0,4,0,10,10,4,4,3,2,4,1,8,8,5,0
7,203,4,0,4,0,9,10,4,4,3,2,3,1,8,8,5,0
7,203,4,0,4,0,9,10,4,4,3,2,3,1,8,8,0,0
7,203,4,0,4,0,9,10,4,4,3,2,3,1,8,7,0,0
7,203,4,0,4,0,9,10,4,4,3,2,3,1,8,7,0,0
7,203,4,0,4,0,9,10,4,4,3,2,3,1,8,7,0,0
7,203,4,0,4,0,9,10,4,4,3,2,3,1,8,7,0,0
7,203,4,0,4,0,9,9,4,4,3,2,3,1,8,7,0,0
7,203,4,0,4,0,9,9,4,4,3,2,3,1,7,7,0,0
8,204,4,0,4,0,9,9,4,4,3,2,3,1,4,7,0,0
8,204,4,0,4,0,9,9,4,4,3,2,3,1,4,7,0,0
8,204,4,0,4,0,9,9,4,4,3,2,3,1,4,7,0,0
8,204,4,0,4,0,9,9,4,4,3,2,3,1,4,7,0,0
8,204,4,0,4,0,9,9,4,4,3,2,3,1,4,7,0,0
8,204,4,0,4,0,9,9,4,4,3,2,3,1,4,7,0,0
8,204,4,0,4,0,9,9,4,4,3,2,3,1,4,7,8,0
8,204,4,0,4,0,10,9,4,4,3,3,4,2,5,6,8,2
8,204,4,0,4,0,10,9,4,4,3,3,4,2,5,6,8,3
8,204,4,0,4,0,10,10,4,4,3,3,4,2,5,6,9,3
8,204,4,0,4,0,10,10,4,4,3,3,4,2,5,6,9,3
8,204,4,0,4,0,10,10,4,4,3,3,4,2,5,6,9,3
8,204,4,0,4,0,10,10,4,4,3,3,4,2,5,6,9,3
8,204,4,0,4,0,10,10,4,4,3,3,4,2,5,6,5,3
8,204,4,0,4,0,10,10,4,4,3,3,4,2,5,6,5,3
8,204,4,0,4,0,10,10,4,4,3,3,4,2,4,6,5,3
8,204,4,0,4,0,9,10,4,4,3,3,3,2,4,6,5,3
8,204,4,0,4,0,9,10,4,4,3,3,3,2,4,6,0,3
8,204,4,0,4,0,9,10,4,4,3,2,3,2,4,6,0,3
8,204,4,0,4,0,9,9,4,4,3,2,3,2,4,6,0,3
8,204,4,0,4,0,9,9,4,4,3,2,3,2,4,6,0,3
8,204,4,0,4,0,9,9,4,4,3,2,3,2,4,6,0,2
8,204,4,0,4,0,9,9,4,4,3,2,3,2,4,6,0,2
8,204,4,0,4,0,9,9,4,4,3,2,3,2,4,6,0,2
9,205,4,0,4,0,9,9,4,4,3,2,3,2,7,7,0,2
9,205,4,0,4,0,9,9,4,4,3,2,3,2,7,7,0,2
9,205,4,0,4,0,9,9,4,4,3,2,3,2,7,7,0,2
9,205,4,0,4,0,9,9,4,4,3,2,3,2,7,7,0,2
9,205,4,0,4,0,9,9,4,4,3,2,3,2,7,7,0,2
9,205,4,0,4,0,9,9,4,4,3,2,3,2,7,7,0,2
9,205,4,0,4,0,9,9,4,4,3,2,3,2,10,8,8,2
9,205,4,0,4,0,10,10,4,4,3,3,4,3,10,9,8,2
9,205,4,0,4,0,10,10,4,4,3,3,4,3,10,10,8,3
9,205,4,0,4,0,10,10,4,4,3,3,4,2,10,10,9,3
9,205,4,0,4,0,10,10,4,4,3,3,4,2,10,9,9,3
9,205,4,0,4,0,10,10,4,4,3,2,4,2,10,10,9,3
9,205,4,0,4,0,10,10,4,4,3,2,4,2,10,10,9,3
9,205,4,0,4,0,10,10,4,4,3,2,4,2,10,10,5,3
9,205,4,0,4,0,10,10,4,4,3,2,4,2,10,10,5,2
9,205,4,0,4,0,10,10,4,4,3,2,4,2,8,10,5,2
9,205,4,0,4,0,9,10,4,4,3,2,3,2,8,10,5,2
9,205,4,0,4,0,9,10,4,4,3,2,3,2,8,10,0,2
9,205,4,0,4,0,9,9,4,4,3,2,3,2,8,9,0,2
9,205,4,0,4,0,9,9,4,4,3,2,3,2,8,8,0,1
9,205,4,0,4,0,9,9,4,4,3,2,3,2,8,8,0,1
9,205,4,0,4,0,9,9,4,4,3,2,3,2,8,8,0,1
9,205,4,0,4,0,9,9,4,4,3,2,3,2,8,8,0,1
9,205,4,0,4,0,9,9,4,4,3,2,3,2,7,8,0,1
10,206,4,0,4,0,9,9,4,4,3,2,3,2,7,8,0,1
10,206,4,0,4,0,9,9,4,4,3,2,3,2,7,8,0,1
10,206,4,0,4,0,9,9,4,4,3,2,3,2,7,8,0,1
10,206,4,0,4,0,9,9,4,4,3,2,3,2,7,8,0,1
10,206,4,0,4,0,9,9,4,4,3,2,3,2,7,8,0,1
10,206,4,0,4,0,9,9,4,4,3,2,3,2,7,8,0,1
10,206,4,0,4,0,9,9,4,4,3,2,3,2,8,8,8,1
10,206,4,0,4,0,10,9,4,4,3,3,4,3,8,8,8,1
10,206,4,0,4,0,10,10,4,4,3,3,4,3,8,8,8,1
10,206,4,0,4,0,10,10,4,4,3,2,4,3,8,8,9,0
10,206,4,0,4,0,10,10,4,4,3,2,4,3,8,8,9,0
10,206,4,0,4,0,10,10,4,4,3,2,4,3,8,8,9,0
10,206,4,0,4,0,10,10,4,4,3,2,4,3,8,8,9,0
10,206,4,0,4,0,10,10,4,4,3,2,4,3,8,8,5,0
10,206,4,0,4,0,10,10,4,4,3,2,4,3,8,8,5,0
10,206,4,0,4,0,10,10,4,4,3,2,4,3,8,8,5,0
10,206,4,0,4,0,9,10,4,4,3,2,3,3,8,8,5,0
10,206,4,0,4,0,9,10,4,4,3,2,3,3,8,8,0,0
10,206,4,0,4,0,9,10,4,4,3,2,3,3,8,7,0,0
10,206,4,0,4,0,9,10,4,4,3,2,3,3,8,6,0,0
10,206,4,0,4,0,9,10,4,4,3,2,3,3,8,6,0,0
10,206,4,0,4,0,9,10,4,4,3,2,3,3,8,6,0,0
10,206,4,0,4,0,9,10,4,4,3,2,3,3,8,6,0,0
10,206,4,0,4,0,9,10,4,4,3,2,3,3,7,6,0,0
11,207,4,0,4,0,9,10,4,4,3,2,3,3,7,6,0,0
11,207,4,0,4,0,9,10,4,4,3,2,3,3,7,6,0,0
11,207,4,0,4,0,9,10,4,4,3,2,3,3,7,6,0,0
11,207,4,0,4,0,9,10,4,4,3,2,3,3,7,6,0,0
11,207,4,0,4,0,9,10,4,4,3,2,3,3,7,6,0,0
11,207,4,0,4,0,9,10,4,4,3,2,3,3,7,6,0,0
11,207,4,0,4,0,9,10,4,4,3,2,3,3,8,6,8,0
11,207,4,0,4,0,10,10,4,4,3,3,4,4,8,8,8,0
11,207,4,0,4,0,10,10,4,4,3,3,4,4,8,8,8,1
11,207,4,0,4,0,10,10,4,4,3,3,4,4,8,8,9,1
11,207,4,0,4,0,10,10,4,4,3,3,4,4,8,8,9,1
11,207,4,0,4,0,10,10,4,4,3,3,4,4,8,8,9,1
11,207,4,0,4,0,10,10,4,4,3,3,4,3,8,8,9,1
11,207,4,0,4,0,10,10,4,4,3,3,4,3,8,8,5,1
11,207,4,0,4,0,10,9,4,4,3,3,4,3,8,8,5,1
11,207,4,0,4,0,10,9,4,4,3,3,4,3,8,7,5,0
11,207,4,0,4,0,9,9,4,4,3,3,3,3,8,7,5,0
11,207,4,0,4,0,9,9,4,4,3,3,3,3,8,7,0,0
11,207,4,0,4,0,9,9,4,4,3,3,3,3,8,7,0,0
11,207,4,0,4,0,9,9,4,4,3,3,3,3,8,7,0,0
11,207,4,0,4,0,9,9,4,4,3,3,3,3,8,7,0,0
11,207,4,0,4,0,9,9,4,4,3,3,3,3,8,7,0,0
11,207,4,0,4,0,9,9,4,4,3,3,3,3,8,6,0,0
11,207,4,0,4,0,9,9,4,4,3,3,3,3,7,6,0,0
12,208,4,0,3,0,8,9,3,4,2,3,2,3,7,6,0,0
12,208,4,0,3,0,8,9,3,4,2,3,2,3,7,6,0,0
12,208,4,0,3,0,8,9,3,4,2,3,2,3,7,6,0,0
12,208,4,0,3,0,8,9,3,4,2,3,2,3,7,6,0,0
12,208,4,0,3,0,8,9,3,4,2,3,2,3,7,6,0,0
12,208,4,0,3,0,8,9,3,4,2,3,2,3,7,6,0,0
12,208,4,0,3,0,8,9,3,4,2,3,3,3,10,6,0,0
12,208,4,0,3,0,8,9,3,4,2,3,3,3,10,5,0,0
12,208,4,0,3,0,8,9,3,4,2,3,3,3,10,5,0,0
12,208,4,0,3,0,8,9,3,4,2,3,3,3,10,5,0,0
12,208,4,0,3,0,8,9,3,4,2,3,3,3,10,5,0,0
12,208,4,0,3,0,8,9,3,4,2,3,3,3,10,5,0,0
12,208,4,0,3,0,8,9,3,4,2,3,3,3,10,5,0,0
12,208,4,0,3,0,8,9,3,4,2,3,3,3,10,5,0,0
12,208,4,0,3,0,8,9,3,4,2,2,3,3,10,5,0,0
12,208,4,0,3,0,8,9,3,4,2,2,2,3,8,5,0,0
12,208,4,0,3,0,8,9,3,4,2,2,2,3,8,5,0,0
12,208,4,0,3,0,8,9,3,4,2,2,2,3,8,5,0,0
12,208,4,0,3,0,8,8,3,4,2,2,2,3,8,5,0,0
12,208,4,0,3,0,8,8,3,4,2,2,2,3,8,5,0,0
12,208,4,0,3,0,8,8,3,4,2,2,2,3,8,5,0,0
12,208,4,0,3,0,8,8,3,4,2,2,2,3,8,5,0,0
12,208,4,0,3,0,8,8,3,4,2,2,2,3,8,5,0,0
12,208,4,0,3,0,8,8,3,4,2,2,2,3,7,5,0,0
13,209,4,0,3,0,8,8,3,4,2,2,2,3,4,5,0,0
13,209,4,0,3,0,8,8,3,4,2,2,2,3,4,5,0,0
13,209,4,0,3,0,8,8,3,4,2,2,2,3,4,5,0,0
13,209,4,0,3,0,8,8,3,4,2,2,2,3,4,5,0,0
13,209,4,0,3,0,8,8,3,4,2,2,2,3,4,5,0,0
13,209,4,0,3,0,8,8,3,4,2,2,2,3,4,5,0,0
13,209,4,0,3,0,8,8,3,4,2,2,3,3,4,5,0,0
13,209,4,0,3,0,8,8,3,3,2,2,3,3,5,5,0,0
13,209,4,0,3,0,8,8,3,3,2,2,3,3,5,5,0,0
13,209,4,0,3,0,8,8,3,3,2,2,3,3,5,5,0,0
13,209,4,0,3,0,8,8,3,3,2,2,3,3,5,5,0,0
13,209,4,0,3,0,8,8,3,3,2,2,3,3,5,5,0,0
13,209,4,0,3,0,8,8,3,3,2,2,3,3,5,5,0,0
13,209,4,0,3,0,8,7,3,3,2,2,3,3,5,5,0,0
13,209,4,0,3,0,8,7,3,3,2,2,3,3,5,5,0,0
13,209,4,0,3,0,8,7,3,3,2,2,2,3,4,5,0,0
13,209,4,0,3,0,8,7,3,3,2,2,2,3,4,5,0,0
13,209,4,0,3,0,8,7,3,3,2,2,2,3,4,5,0,0
13,209,4,0,3,0,8,7,3,3,2,2,2,3,4,5,0,0
13,209,4,0,3,0,8,7,3,3,2,2,2,3,4,5,0,0
13,209,4,0,3,0,8,7,3,3,2,2,2,3,4,5,0,0
13,209,4,0,3,0,8,7,3,3,2,2,2,3,4,5,0,0
13,209,4,0,3,0,8,7,3,3,2,2,2,3,4,5,0,0
13,209,4,0,3,0,8,7,3,3,2,2,2,3,4,5,0,0
14,210,4,0,4,0,9,7,4,3,3,2,3,3,7,5,0,0
14,210,4,0,4,0,9,7,4,3,3,2,3,3,7,5,0,0
14,210,4,0,4,0,9,7,4,3,3,2,3,3,7,5,0,0
14,210,4,0,4,0,9,7,4,3,3,2,3,3,7,5,0,0
14,210,4,0,4,0,9,7,4,3,3,2,3,3,7,5,0,0
14,210,4,0,4,0,9,7,4,3,3,2,3,3,7,5,0,0
14,210,4,0,4,0,9,7,4,3,3,2,3,3,8,5,8,0
14,210,4,0,4,0,10,9,4,4,3,3,4,4,8,7,8,2
14,210,4,0,4,0,10,10,4,4,3,3,4,4,8,7,8,2
14,210,4,0,4,0,10,10,4,4,3,3,4,4,8,8,9,2
14,210,4,0,4,0,10,9,4,4,3,3,4,4,8,8,9,2
14,210,4,0,4,0,10,10,4,4,3,3,4,4,8,8,9,2
14,210,4,0,4,0,10,10,4,4,3,3,4,4,8,8,9,2
14,210,4,0,4,0,10,10,4,4,3,3,4,4,8,7,5,2
14,210,4,0,4,0,10,10,4,4,3,3,4,4,8,8,5,2
14,210,4,0,4,0,10,10,4,4,3,3,4,4,8,8,5,2
14,210,4,0,4,0,9,10,4,4,3,3,3,4,8,9,5,2
14,210,4,0,4,0,9,10,4,4,3,3,3,4,8,9,0,2
14,210,4,0,4,0,9,10,4,4,3,3,3,4,8,8,0,1
14,210,4,0,4,0,9,10,4,4,3,3,3,4,8,8,0,0
14,210,4,0,4,0,9,10,4,4,3,3,3,4,8,8,0,0
14,210,4,0,4,0,9,10,4,4,3,3,3,4,8,8,0,0
14,210,4,0,4,0,9,10,4,4,3,3,3,4,8,8,0,0
14,210,4,0,4,0,9,10,4,4,3,3,3,4,7,8,0,0
15,211,4,0,4,0,9,10,4,4,3,3,3,4,4,8,0,0
15,211,4,0,4,0,9,10,4,4,3,3,3,4,4,8,0,0
15,211,4,0,4,0,9,10,4,4,3,3,3,4,4,8,0,0
15,211,4,0,4,0,9,10,4,4,3,3,3,4,4,8,0,0
15,211,4,0,4,0,9,10,4,4,3,3,3,4,4,8,0,0
15,211,4,0,4,0,9,10,4,4,3,3,3,4,4,8,0,0
15,211,4,0,4,0,9,10,4,4,3,3,3,4,4,8,8,0
15,211,4,0,4,0,10,8,4,4,3,3,4,4,5,7,8,2
15,211,4,0,4,0,10,9,4,4,3,3,4,4,5,7,8,3
15,211,4,0,4,0,10,10,4,4,3,3,4,4,5,7,9,4
15,211,4,0,4,0,10,10,4,4,3,3,4,4,5,7,9,4
15,211,4,0,4,0,10,10,4,4,3,3,4,4,5,7,9,4
15,211,4,0,4,0,10,10,4,4,3,3,4,4,5,7,9,4
15,211,4,0,4,0,10,10,4,4,3,3,4,4,5,7,5,4
15,211,4,0,4,0,10,10,4,4,3,3,4,4,5,7,5,4
15,211,4,0,4,0,10,10,4,4,3,3,4,4,4,7,5,2
15,211,4,0,4,0,9,9,4,4,3,3,3,4,4,7,5,2
15,211,4,0,4,0,9,9,4,4,3,3,3,4,4,7,0,2
15,211,4,0,4,0,9,9,4,4,3,3,3,4,4,7,0,2
15,211,4,0,4,0,9,9,4,4,3,3,3,4,4,7,0,1
15,211,4,0,4,0,9,9,4,4,3,3,3,4,4,7,0,1
15,211,4,0,4,0,9,9,4,4,3,3,3,4,4,7,0,1
15,211,4,0,4,0,9,9,4,4,3,3,3,4,4,7,0,1
15,211,4,0,4,0,9,9,4,4,3,3,3,4,4,7,0,1
16,212,4,0,4,0,9,9,4,4,3,3,3,4,7,7,0,1
16,212,4,0,4,0,9,9,4,4,3,3,3,4,7,7,0,1
16,212,4,0,4,0,9,9,4,4,3,3,3,4,7,7,0,1
16,212,4,0,4,0,9,9,4,4,3,3,3,4,7,7,0,1
16,212,4,0,4,0,9,9,4,4,3,3,3,4,7,7,0,1
16,212,4,0,4,0,9,9,4,4,3,3,3,4,7,7,0,1
16,212,4,0,4,0,9,9,4,4,3,3,3,4,10,8,8,1
16,212,4,0,4,0,10,10,4,4,3,3,4,4,10,10,8,2
16,212,4,0,4,0,10,10,4,4,3,3,4,4,10,10,8,1
16,212,4,0,4,0,10,10,4,4,3,3,4,4,10,11,9,2
16,212,4,0,4,0,10,10,4,4,3,3,4,4,10,11,9,2
16,212,4,0,4,0,10,10,4,4,3,3,4,4,10,11,9,2
16,212,4,0,4,0,10,10,4,4,3,3,4,4,10,11,9,2
16,212,4,0,4,0,10,10,4,4,3,3,4,4,10,10,5,0
16,212,4,0,4,0,10,10,4,4,3,3,4,4,10,10,5,0
16,212,4,0,4,0,10,10,4,4,3,3,4,4,8,10,5,0
16,212,4,0,4,0,9,10,4,4,3,3,3,4,8,10,5,0
16,212,4,0,4,0,9,10,4,4,3,3,3,4,8,10,0,0
16,212,4,0,4,0,9,10,4,4,3,3,3,4,8,10,0,0
16,212,4,0,4,0,9,10,4,4,3,3,3,4,8,10,0,0
16,212,4,0,4,0,9,10,4,4,3,3,3,4,8,10,0,0
16,212,4,0,4,0,9,10,4,4,3,3,3,4,8,10,0,0
16,212,4,0,4,0,9,10,4,4,3,3,3,4,8,9,0,0
16,212,4,0,4,0,9,10,4,4,3,3,3,4,7,9,0,0
17,213,4,0,4,0,9,10,4,4,3,3,3,4,7,9,0,0
17,213,4,0,4,0,9,10,4,4,3,3,3,4,7,9,0,0
17,213,4,0,4,0,9,10,4,4,3,3,3,4,7,9,0,0
17,213,4,0,4,0,9,10,4,4,3,3,3,4,7,9,0,0
17,213,4,0,4,0,9,10,4,4,3,3,3,4,7,9,0,0
17,213,4,0,4,0,9,10,4,4,3,3,3,4,7,9,0,0
17,213,4,0,4,0,9,10,4,4,3,3,3,4,8,9,8,0
17,213,4,0,4,0,10,10,4,4,3,3,4,4,8,9,8,0
17,213,4,0,4,0,10,10,4,4,3,3,4,4,8,9,8,0
17,213,4,0,4,0,10,10,4,4,3,3,4,4,8,9,9,0
17,213,4,0,4,0,10,10,4,4,3,3,4,3,8,9,9,0
17,213,4,0,4,0,10,9,4,4,3,3,4,3,8,8,9,0
17,213,4,0,4,0,10,9,4,4,3,3,4,3,8,8,9,0
17,213,4,0,4,0,10,9,4,4,3,3,4,3,8,8,5,0
17,213,4,0,4,0,10,9,4,4,3,3,4,3,8,8,5,0
17,213,4,0,4,0,10,9,4,4,3,3,4,3,8,8,5,0
17,213,4,0,4,0,9,9,4,4,3,3,3,3,8,8,5,0
17,213,4,0,4,0,9,9,4,4,3,3,3,3,8,8,0,0
17,213,4,0,4,0,9,9,4,4,3,3,3,3,8,8,0,0
17,213,4,0,4,0,9,9,4,4,3,3,3,3,8,8,0,0
17,213,4,0,4,0,9,9,4,4,3,3,3,3,8,8,0,0
17,213,4,0,4,0,9,9,4,4,3,3,3,3,8,8,0,0
17,213,4,0,4,0,9,9,4,4,3,3,3,3,8,8,0,0
17,213,4,0,4,0,9,9,4,4,3,3,3,3,7,8,0,0
18,214,4,0,4,0,9,9,4,4,3,3,3,3,7,8,0,0
18,214,4,0,4,0,9,9,4,4,3,3,3,3,7,8,0,0
18,214,4,0,4,0,9,9,4,4,3,3,3,3,7,8,0,0
18,214,4,0,4,0,9,9,4,4,3,3,3,3,7,8,0,0
18,214,4,0,4,0,9,9,4,4,3,3,3,3,7,8,0,0
18,214,4,0,4,0,9,9,4,4,3,3,3,3,7,8,0,0
18,214,4,0,4,0,9,9,4,4,3,3,3,3,8,8,8,0
18,214,4,0,4,0,10,9,4,4,3,3,4,4,8,8,8,1
18,214,4,0,4,0,10,10,4,4,3,3,4,4,8,8,8,1
18,214,4,0,4,0,10,10,4,4,3,3,4,4,8,8,9,2
18,214,4,0,4,0,10,10,4,4,3,3,4,4,8,8,9,2
18,214,4,0,4,0,10,10,4,4,3,3,4,4,8,8,9,2
18,214,4,0,4,0,10,10,4,4,3,3,4,4,8,8,9,2
18,214,4,0,4,0,10,10,4,4,3,3,4,4,8,9,5,2
18,214,4,0,4,0,10,10,4,4,3,3,4,4,8,9,5,2
18,214,4,0,4,0,10,10,4,4,3,3,4,4,8,9,5,2
18,214,4,0,4,0,9,10,4,4,3,3,3,4,8,9,5,2
18,214,4,0,4,0,9,10,4,3,3,2,3,4,8,8,0,1
18,214,4,0,4,0,9,10,4,3,3,2,3,4,8,8,0,1
18,214,4,0,4,0,9,10,4,3,3,2,3,4,8,8,0,1
18,214,4,0,4,0,9,10,4,3,3,2,3,4,8,8,0,1
18,214,4,0,4,0,9,10,4,3,3,2,3,4,8,8,0,1
18,214,4,0,4,0,9,10,4,3,3,2,3,4,8,8,0,1
18,214,4,0,4,0,9,10,4,3,3,2,3,4,7,8,0,1
19,215,4,0,3,0,8,10,3,3,2,2,2,4,7,8,0,1
19,215,4,0,3,0,8,10,3,3,2,2,2,4,7,8,0,1
19,215,4,0,3,0,8,10,3,3,2,2,2,4,7,8,0,1
19,215,4,0,3,0,8,10,3,3,2,2,2,4,7,8,0,1
19,215,4,0,3,0,8,10,3,3,2,2,2,4,7,8,0,1
19,215,4,0,3,0,8,10,3,3,2,2,2,4,7,8,0,1
19,215,4,0,3,0,8,10,3,3,2,2,3,4,10,8,0,1
19,215,4,0,3,0,8,10,3,3,2,2,3,2,10,7,0,1
19,215,4,0,3,0,8,9,3,3,2,2,3,2,10,7,0,1
19,215,4,0,3,0,8,9,3,3,2,2,3,2,10,7,0,1
19,215,4,0,3,0,8,9,3,3,2,2,3,2,10,7,0,1
19,215,4,0,3,0,8,9,3,3,2,2,3,2,10,7,0,1
19,215,4,0,3,0,8,9,3,3,2,2,3,2,10,7,0,1
19,215,4,0,3,0,8,9,3,3,2,2,3,2,10,7,0,1
19,215,4,0,3,0,8,9,3,3,2,2,3,2,10,7,0,1
19,215,4,0,3,0,8,9,3,3,2,2,2,2,8,7,0,0
19,215,4,0,3,0,8,9,3,2,2,2,2,2,8,7,0,0
19,215,4,0,3,0,8,9,3,2,2,2,2,2,8,7,0,0
19,215,4,0,3,0,8,9,3,2,2,2,2,2,8,7,0,0
19,215,4,0,3,0,8,9,3,2,2,2,2,2,8,7,0,0
19,215,4,0,3,0,8,9,3,2,2,2,2,2,8,7,0,0
19,215,4,0,3,0,8,9,3,2,2,2,2,2,8,7,0,0
19,215,4,0,3,0,8,9,3,2,2,2,2,2,8,7,0,0
19,215,4,0,3,0,8,9,3,2,2,2,2,2,7,7,0,0
20,216,4,0,3,0,8,9,3,2,2,2,2,2,4,7,0,0
20,216,4,0,3,0,8,9,3,2,2,2,2,2,4,7,0,0
20,216,4,0,3,0,8,9,3,2,2,2,2,2,4,7,0,0
20,216,4,0,3,0,8,9,3,2,2,2,2,2,4,7,0,0
20,216,4,0,3,0,8,9,3,2,2,2,2,2,4,7,0,0
20,216,4,0,3,0,8,9,3,2,2,2,2,2,4,7,0,0
20,216,4,0,3,0,8,9,3,2,2,2,3,2,4,7,0,0
20,216,4,0,3,0,8,9,3,2,2,2,3,1,5,7,0,0
20,216,4,0,3,0,8,9,3,2,2,2,3,1,5,7,0,0
20,216,4,0,3,0,8,9,3,2,2,2,3,1,5,7,0,0
20,216,4,0,3,0,8,9,3,2,2,2,3,1,5,7,0,0
20,216,4,0,3,0,8,9,3,2,2,2,3,1,5,7,0,0
20,216,4,0,3,0,8,9,3,2,2,2,3,1,5,7,0,0
20,216,4,0,3,0,8,9,3,2,2,2,3,1,5,7,0,0
20,216,4,0,3,0,8,9,3,2,2,2,3,1,5,7,0,0
20,216,4,0,3,0,8,9,3,2,2,2,2,1,4,7,0,0
20,216,4,0,3,0,8,9,3,2,2,2,2,1,4,7,0,0
20,216,4,0,3,0,8,9,3,2,2,2,2,1,4,7,0,0
20,216,4,0,3,0,8,9,3,2,2,2,2,1,4,7,0,0
20,216,4,0,3,0,8,9,3,2,2,2,2,1,4,7,0,0
20,216,4,0,3,0,8,9,3,2,2,2,2,1,4,7,0,0
20,216,4,0,3,0,8,9,3,2,2,2,2,1,4,7,0,0
20,216,4,0,3,0,8,9,3,2,2,2,2,1,4,7,0,0
20,216,4,0,3,0,8,9,3,2,2,2,2,1,4,7,0,0
21,217,4,0,4,0,9,9,4,2,3,2,3,1,7,7,0,0
21,217,4,0,4,0,9,9,4,2,3,2,3,1,7,7,0,0
21,217,4,0,4,0,9,9,4,2,3,2,3,1,7,7,0,0
21,217,4,0,4,0,9,9,4,2,3,2,3,1,7,7,0,0
21,217,4,0,4,0,9,9,4,2,3,2,3,1,7,7,0,0
21,217,4,0,4,0,9,9,4,2,3,2,3,1,7,7,0,0
21,217,4,0,4,0,9,9,4,2,3,2,3,1,8,7,8,0
21,217,4,0,4,0,10,8,4,4,3,3,4,2,8,8,8,1
21,217,4,0,4,0,10,9,4,4,3,3,4,2,8,8,8,1
21,217,4,0,4,0,10,10,4,4,3,3,4,2,8,8,9,1
21,217,4,0,4,0,10,10,4,4,3,3,4,2,8,8,9,1
21,217,4,0,4,0,10,10,4,4,3,3,4,2,8,8,9,1
21,217,4,0,4,0,10,10,4,4,3,3,4,2,8,8,9,1
21,217,4,0,4,0,10,10,4,4,3,3,4,2,8,8,5,1
21,217,4,0,4,0,10,10,4,4,3,3,4,2,8,8,5,1
21,217,4,0,4,0,10,9,4,4,3,3,4,2,8,7,5,1
21,217,4,0,4,0,9,9,4,4,3,3,3,2,8,7,5,1
21,217,4,0,4,0,9,9,4,4,3,3,3,2,8,7,0,1
21,217,4,0,4,0,9,9,4,4,3,3,3,2,8,7,0,1
21,217,4,0,4,0,9,9,4,4,3,3,3,2,8,7,0,1
21,217,4,0,4,0,9,9,4,4,3,3,3,2,8,7,0,0
21,217,4,0,4,0,9,9,4,4,3,3,3,2,8,7,0,0
21,217,4,0,4,0,9,9,4,4,3,3,3,2,8,7,0,0
21,217,4,0,4,0,9,9,4,4,3,3,3,2,7,7,0,0
22,218,4,0,4,0,9,9,4,4,3,3,3,2,4,7,0,0
22,218,4,0,4,0,9,9,4,4,3,3,3,2,4,7,0,0
22,218,4,0,4,0,9,9,4,4,3,3,3,2,4,7,0,0
22,218,4,0,4,0,9,9,4,4,3,3,3,2,4,7,0,0
22,218,4,0,4,0,9,9,4,4,3,3,3,2,4,7,0,0
22,218,4,0,4,0,9,9,4,4,3,3,3,2,4,7,0,0
22,218,4,0,4,0,9,9,4,4,3,3,3,2,4,7,8,0
22,218,4,0,4,0,10,9,4,4,3,3,4,2,5,7,8,5
22,218,4,0,4,0,10,10,4,4,3,3,4,2,5,7,8,6
22,218,4,0,4,0,10,10,4,4,3,3,4,2,5,7,9,7
22,218,4,0,4,0,10,10,4,4,3,3,4,2,5,7,9,8
22,218,4,0,4,0,10,10,4,4,3,3,4,2,5,7,9,8
22,218,4,0,4,0,10,10,4,4,3,3,4,2,5,7,9,8
22,218,4,0,4,0,10,9,4,4,3,3,4,2,5,7,5,8
22,218,4,0,4,0,10,9,4,4,3,3,4,2,5,7,5,8
22,218,4,0,4,0,10,9,4,4,3,3,4,2,4,7,5,3
22,218,4,0,4,0,9,9,4,4,3,3,3,2,4,7,5,3
22,218,4,0,4,0,9,9,4,4,3,3,3,2,4,7,0,3
22,218,4,0,4,0,9,9,4,4,3,3,3,2,4,7,0,2
22,218,4,0,4,0,9,9,4,4,3,3,3,2,4,7,0,2
22,218,4,0,4,0,9,9,4,4,3,3,3,2,4,6,0,2
22,218,4,0,4,0,9,8,4,4,3,3,3,2,4,5,0,1
22,218,4,0,4,0,9,7,4,4,3,3,3,2,4,5,0,1
22,218,4,0,4,0,9,7,4,4,3,3,3,2,4,5,0,1
23,219,4,0,4,0,9,7,4,4,3,3,3,2,7,6,0,1
23,219,4,0,4,0,9,7,4,4,3,3,3,2,7,6,0,1
23,219,4,0,4,0,9,7,4,4,3,3,3,2,7,6,0,1
23,219,4,0,4,0,9,7,4,4,3,3,3,2,7,6,0,1
23,219,4,0,4,0,9,7,4,4,3,3,3,2,7,6,0,1
23,219,4,0,4,0,9,7,4,4,3,3,3,2,7,6,0,1
23,219,4,0,4,0,9,7,4,4,3,3,3,2,10,6,8,1
23,219,4,0,4,0,10,9,4,3,3,3,4,3,10,9,8,0
23,219,4,0,4,0,10,10,4,3,3,3,4,3,10,10,8,0
23,219,4,0,4,0,10,10,4,4,3,3,4,3,10,10,9,0
23,219,4,0,4,0,10,10,4,4,3,3,4,3,10,10,9,0
23,219,4,0,4,0,10,10,4,4,3,3,4,3,10,10,9,0
23,219,4,0,4,0,10,10,4,4,3,3,4,3,10,10,9,0
23,219,4,0,4,0,10,10,4,4,3,3,4,3,10,10,5,0
23,219,4,0,4,0,10,10,4,4,3,3,4,3,10,10,5,0
23,219,4,0,4,0,10,9,4,4,3,3,4,3,8,9,5,0
23,219,4,0,4,0,9,9,4,4,3,3,3,3,8,9,5,0
23,219,4,0,4,0,9,8,4,4,3,3,3,3,8,9,0,0
23,219,4,0,4,0,9,8,4,4,3,3,3,2,8,9,0,0
23,219,4,0,4,0,9,8,4,4,3,2,3,2,8,9,0,0
23,219,4,0,4,0,9,8,4,4,3,2,3,2,8,9,0,0
23,219,4,0,4,0,9,8,4,4,3,2,3,2,8,8,0,0
23,219,4,0,4,0,9,8,4,4,3,1,3,2,8,8,0,0
23,219,4,0,4,0,9,8,4,4,3,1,3,2,7,8,0,0
24,220,4,0,4,0,9,8,4,4,3,1,3,2,7,8,0,0
24,220,4,0,4,0,9,8,4,4,3,1,3,2,7,8,0,0
24,220,4,0,4,0,9,8,4,4,3,1,3,2,7,8,0,0
24,220,4,0,4,0,9,8,4,4,3,1,3,2,7,8,0,0
24,220,4,0,4,0,9,8,4,4,3,1,3,2,7,8,0,0
24,220,4,0,4,0,9,8,4,4,3,1,3,2,7,8,0,0
24,220,4,0,4,0,9,8,4,4,3,1,3,2,8,8,8,0
24,220,4,0,4,0,10,10,4,4,3,1,4,3,8,7,8,0
24,220,4,0,4,0,10,10,4,4,3,1,4,3,8,8,8,0
24,220,4,0,4,0,10,10,4,4,3,1,4,3,8,8,9,0
24,220,4,0,4,0,10,10,4,4,3,1,4,3,8,8,9,0
24,220,4,0,4,0,10,10,4,4,3,1,4,3,8,8,9,0
24,220,4,0,4,0,10,10,4,4,3,1,4,3,8,8,9,0
24,220,4,0,4,0,10,10,4,4,3,0,4,3,8,8,5,0
24,220,4,0,4,0,10,10,4,4,3,0,4,3,8,8,5,0
24,220,4,0,4,0,10,10,4,4,3,0,4,3,8,7,5,0
24,220,4,0,4,0,9,10,4,4,3,0,3,3,8,7,5,0
24,220,4,0,4,0,9,10,4,4,3,0,3,3,8,6,0,0
24,220,4,0,4,0,9,10,4,4,3,0,3,3,8,6,0,0
24,220,4,0,4,0,9,10,4,4,3,0,3,3,8,6,0,0
24,220,4,0,4,0,9,9,4,4,3,0,3,3,8,5,0,0
24,220,4,0,4,0,9,9,4,4,3,0,3,3,8,4,0,0
24,220,4,0,4,0,9,9,4,4,3,0,3,3,8,4,0,0
24,220,4,0,4,0,9,9,4,4,3,0,3,3,7,4,0,0
25,221,4,0,4,0,9,9,4,4,3,0,3,3,7,4,0,0
25,221,4,0,4,0,9,9,4,4,3,0,3,3,7,4,0,0
25,221,4,0,4,0,9,9,4,4,3,0,3,3,7,4,0,0
25,221,4,0,4,0,9,9,4,4,3,0,3,3,7,4,0,0
25,221,4,0,4,0,9,9,4,4,3,0,3,3,7,4,0,0
25,221,4,0,4,0,9,9,4,4,3,0,3,3,7,4,0,0
25,221,4,0,4,0,9,9,4,4,3,0,3,3,8,4,8,0
25,221,4,0,4,0,10,9,4,3,3,1,4,4,8,8,8,1
25,221,4,0,4,0,10,10,4,3,3,3,4,4,8,8,8,1
25,221,4,0,4,0,10,10,4,4,3,3,4,4,8,8,9,2
25,221,4,0,4,0,10,10,4,4,3,2,4,4,8,8,9,3
25,221,4,0,4,0,10,9,4,4,3,3,4,4,8,8,9,4
25,221,4,0,4,0,10,10,4,4,3,3,4,4,8,8,9,4
25,221,4,0,4,0,10,10,4,4,3,3,4,4,8,8,5,3
25,221,4,0,4,0,10,10,4,4,3,2,4,4,8,8,5,3
25,221,4,0,4,0,10,10,4,3,3,1,4,4,8,8,5,1
25,221,4,0,4,0,9,10,4,3,3,1,3,4,8,8,5,1
25,221,4,0,4,0,9,10,4,3,3,1,3,4,8,8,0,1
25,221,4,0,4,0,9,10,4,3,3,1,3,4,8,8,0,1
25,221,4,0,4,0,9,10,4,3,3,1,3,4,8,8,0,1
25,221,4,0,4,0,9,10,4,3,3,1,3,4,8,8,0,1
25,221,4,0,4,0,9,10,4,3,3,1,3,4,8,7,0,1
25,221,4,0,4,0,9,10,4,3,3,1,3,4,8,7,0,1
25,221,4,0,4,0,9,10,4,3,3,1,3,4,7,7,0,1
26,222,4,0,3,0,8,10,3,3,2,1,2,4,7,7,0,1
26,222,4,0,3,0,8,10,3,3,2,1,2,4,7,7,0,1
26,222,4,0,3,0,8,10,3,3,2,1,2,4,7,7,0,1
26,222,4,0,3,0,8,10,3,3,2,1,2,4,7,7,0,1
26,222,4,0,3,0,8,10,3,3,2,1,2,4,7,7,0,1
26,222,4,0,3,0,8,10,3,3,2,1,2,4,7,7,0,1
26,222,4,0,3,0,8,10,3,3,2,1,3,4,10,7,0,1
26,222,4,0,3,0,8,8,3,3,2,1,3,3,10,5,0,1
26,222,4,0,3,0,8,8,3,3,2,1,3,3,10,5,0,0
26,222,4,0,3,0,8,8,3,3,2,1,3,3,10,5,0,0
26,222,4,0,3,0,8,8,3,3,2,1,3,3,10,5,0,0
26,222,4,0,3,0,8,8,3,2,2,0,3,3,10,5,0,0
26,222,4,0,3,0,8,8,3,2,2,0,3,3,10,5,0,0
26,222,4,0,3,0,8,8,3,2,2,0,3,3,10,5,0,0
26,222,4,0,3,0,8,8,3,2,2,0,3,3,10,5,0,0
26,222,4,0,3,0,8,8,3,2,2,0,2,3,8,5,0,0
26,222,4,0,3,0,8,8,3,2,2,0,2,3,8,5,0,0
26,222,4,0,3,0,8,8,3,2,2,0,2,3,8,5,0,0
26,222,4,0,3,0,8,8,3,2,2,0,2,3,8,5,0,0
26,222,4,0,3,0,8,8,3,2,2,0,2,3,8,5,0,0
26,222,4,0,3,0,8,8,3,2,2,0,2,2,8,5,0,0
26,222,4,0,3,0,8,8,3,2,2,0,2,2,8,5,0,0
26,222,4,0,3,0,8,8,3,2,2,0,2,2,8,5,0,0
26,222,4,0,3,0,8,8,3,2,2,0,2,2,7,5,0,0
27,223,4,0,3,0,8,8,3,2,2,0,2,2,4,5,0,0
27,223,4,0,3,0,8,8,3,2,2,0,2,2,4,5,0,0
27,223,4,0,3,0,8,8,3,2,2,0,2,2,4,5,0,0
27,223,4,0,3,0,8,8,3,2,2,0,2,2,4,5,0,0
27,223,4,0,3,0,8,8,3,2,2,0,2,2,4,5,0,0
27,223,4,0,3,0,8,8,3,2,2,0,2,2,4,5,0,0
27,223,4,0,3,0,8,8,3,2,2,0,3,2,4,5,0,0
27,223,4,0,3,0,8,8,3,2,2,0,3,2,5,4,0,0
27,223,4,0,3,0,8,8,3,2,2,0,3,2,5,4,0,0
27,223,4,0,3,0,8,8,3,2,2,0,3,2,5,4,0,0
27,223,4,0,3,0,8,8,3,2,2,0,3,2,5,4,0,0
27,223,4,0,3,0,8,8,3,2,2,0,3,1,5,4,0,0
27,223,4,0,3,0,8,8,3,2,2,0,3,1,5,4,0,0
27,223,4,0,3,0,8,8,3,2,2,0,3,1,5,4,0,0
27,223,4,0,3,0,8,8,3,2,2,0,3,1,5,4,0,0
27,223,4,0,3,0,8,8,3,2,2,0,2,1,4,4,0,0
27,223,4,0,3,0,8,8,3,2,2,0,2,1,4,4,0,0
27,223,4,0,3,0,8,8,3,2,2,0,2,1,4,4,0,0
27,223,4,0,3,0,8,8,3,2,2,0,2,1,4,4,0,0
27,223,4,0,3,0,8,8,3,2,2,0,2,1,4,4,0,0
27,223,4,0,3,0,8,8,3,2,2,0,2,1,4,4,0,0
27,223,4,0,3,0,8,8,3,2,2,0,2,1,4,4,0,0
27,223,4,0,3,0,8,8,3,2,2,0,2,1,4,4,0,0
27,223,4,0,3,0,8,8,3,2,2,0,2,1,4,4,0,0
0,224,4,0,4,0,9,8,4,2,3,0,3,1,7,4,0,0
0,224,4,0,4,0,9,8,4,2,3,0,3,1,7,4,0,0
0,224,4,0,4,0,9,8,4,2,3,0,3,1,7,4,0,0
0,224,4,0,4,0,9,8,4,2,3,0,3,1,7,4,0,0
0,224,4,0,4,0,9,8,4,2,3,0,3,1,7,4,0,0
0,224,4,0,4,0,9,8,4,2,3,0,3,1,7,4,0,0
0,224,4,0,4,0,9,8,4,2,3,0,3,1,8,4,8,0
0,224,4,0,4,0,10,9,4,3,3,0,4,2,8,6,8,2
0,224,4,0,4,0,10,10,4,4,3,0,4,2,8,6,8,2
0,224,4,0,4,0,10,10,4,4,3,0,4,2,8,8,9,2
0,224,4,0,4,0,10,10,4,4,3,0,4,2,8,8,9,2
0,224,4,0,4,0,10,10,4,4,3,1,4,2,8,8,9,2
0,224,4,0,4,0,10,10,4,4,3,1,4,2,8,8,9,2
0,224,4,0,4,0,10,10,4,4,3,1,4,2,8,6,5,2
0,224,4,0,4,0,10,10,4,4,3,0,4,2,8,7,5,2
0,224,4,0,4,0,10,9,4,4,3,0,4,2,8,6,5,2
0,224,4,0,4,0,9,9,4,4,3,0,3,2,8,6,5,2
0,224,4,0,4,0,9,9,4,4,3,0,3,2,8,6,0,2
0,224,4,0,4,0,9,9,4,3,3,0,3,2,8,6,0,1
0,224,4,0,4,0,9,9,4,3,3,0,3,2,8,6,0,1
0,224,4,0,4,0,9,9,4,3,3,0,3,2,8,6,0,1
0,224,4,0,4,0,9,9,4,3,3,0,3,2,8,6,0,0
0,224,4,0,4,0,9,9,4,3,3,0,3,2,8,6,0,0
0,224,4,0,4,0,9,9,4,3,3,0,3,2,7,6,0,0
1,225,4,0,4,0,9,9,4,3,3,0,3,2,4,6,0,0
1,225,4,0,4,0,9,9,4,3,3,0,3,2,4,6,0,0
1,225,4,0,4,0,9,9,4,3,3,0,3,2,4,6,0,0
1,225,4,0,4,0,9,9,4,3,3,0,3,2,4,6,0,0
1,225,4,0,4,0,9,9,4,3,3,0,3,2,4,6,0,0
1,225,4,0,4,0,9,9,4,3,3,0,3,2,4,6,0,0
1,225,4,0,4,0,9,9,4,3,3,0,3,2,4,6,8,0
1,225,4,0,4,0,10,9,4,3,3,2,4,2,5,6,8,1
1,225,4,0,4,0,10,10,4,4,3,3,4,2,5,6,8,1
1,225,4,0,4,0,10,10,4,4,3,2,4,2,5,6,9,2
1,225,4,0,4,0,10,10,4,4,3,3,4,2,5,6,9,2
1,225,4,0,4,0,10,10,4,4,3,3,4,2,5,6,9,2
1,225,4,0,4,0,10,10,4,4,3,3,4,2,5,6,9,2
1,225,4,0,4,0,10,10,4,4,3,3,4,2,5,6,5,2
1,225,4,0,4,0,10,10,4,4,3,3,4,2,5,6,5,2
1,225,4,0,4,0,10,10,4,4,3,3,4,2,4,6,5,2
1,225,4,0,4,0,9,10,4,4,3,3,3,2,4,5,5,2
1,225,4,0,4,0,9,10,4,4,3,3,3,2,4,5,0,2
1,225,4,0,4,0,9,10,4,4,3,3,3,2,4,5,0,2
1,225,4,0,4,0,9,10,4,4,3,3,3,2,4,5,0,2
1,225,4,0,4,0,9,10,4,3,3,3,3,2,4,5,0,2
1,225,4,0,4,0,9,10,4,3,3,3,3,2,4,5,0,1
1,225,4,0,4,0,9,10,4,3,3,3,3,2,4,5,0,1
1,225,4,0,4,0,9,10,4,3,3,3,3,2,4,5,0,1
2,226,4,0,4,0,9,10,4,3,3,3,3,2,7,6,0,1
2,226,4,0,4,0,9,10,4,3,3,3,3,2,7,6,0,1
2,226,4,0,4,0,9,10,4,3,3,3,3,2,7,6,0,1
2,226,4,0,4,0,9,10,4,3,3,3,3,2,7,6,0,1
2,226,4,0,4,0,9,10,4,3,3,3,3,2,7,6,0,1
2,226,4,0,4,0,9,10,4,3,3,3,3,2,7,6,0,1
2,226,4,0,4,0,9,10,4,3,3,3,3,2,10,6,8,1
2,226,4,0,4,0,10,10,4,4,3,1,4,2,10,10,8,1
2,226,4,0,4,0,10,10,4,4,3,2,4,2,10,10,8,1
2,226,4,0,4,0,10,10,4,4,3,2,4,2,10,10,9,1
2,226,4,0,4,0,10,10,4,4,3,3,4,2,10,11,9,1
2,226,4,0,4,0,10,10,4,4,3,3,4,2,10,11,9,1
2,226,4,0,4,0,10,10,4,4,3,3,4,2,10,10,9,0
2,226,4,0,4,0,10,10,4,4,3,3,4,2,10,10,5,0
2,226,4,0,4,0,10,10,4,4,3,3,4,2,10,10,5,0
2,226,4,0,4,0,10,9,4,4,3,3,4,2,8,10,5,0
2,226,4,0,4,0,9,9,4,4,3,3,3,1,8,10,5,0
2,226,4,0,4,0,9,9,4,4,3,3,3,1,8,10,0,0
2,226,4,0,4,0,9,9,4,4,3,3,3,1,8,10,0,0
2,226,4,0,4,0,9,9,4,4,3,3,3,1,8,10,0,0
2,226,4,0,4,0,9,9,4,4,3,3,3,1,8,10,0,0
2,226,4,0,4,0,9,8,4,4,3,3,3,1,8,10,0,0
2,226,4,0,4,0,9,8,4,4,3,3,3,1,8,9,0,0
2,226,4,0,4,0,9,8,4,4,3,3,3,1,7,9,0,0
3,227,4,0,4,0,9,8,4,4,3,3,3,1,7,9,0,0
3,227,4,0,4,0,9,8,4,4,3,3,3,1,7,9,0,0
3,227,4,0,4,0,9,8,4,4,3,3,3,1,7,9,0,0
3,227,4,0,4,0,9,8,4,4,3,3,3,1,7,9,0,0
3,227,4,0,4,0,9,8,4,4,3,3,3,1,7,9,0,0
3,227,4,0,4,0,9,8,4,4,3,3,3,1,7,9,0,0
3,227,4,0,4,0,9,8,4,4,3,3,3,1,8,9,8,0
3,227,4,0,4,0,10,10,4,4,3,3,4,2,8,8,8,0
3,227,4,0,4,0,10,10,4,4,3,3,4,2,8,8,8,0
3,227,4,0,4,0,10,10,4,4,3,3,4,2,8,8,9,0
3,227,4,0,4,0,10,10,4,4,3,3,4,2,8,8,9,0
3,227,4,0,4,0,10,10,4,4,3,3,4,2,8,8,9,0
3,227,4,0,4,0,10,10,4,4,3,3,4,2,8,8,9,0
3,227,4,0,4,0,10,10,4,4,3,3,4,2,8,8,5,0
3,227,4,0,4,0,10,10,4,4,3,2,4,2,8,8,5,0
3,227,4,0,4,0,10,10,4,4,3,2,4,2,8,8,5,0
3,227,4,0,4,0,9,10,4,4,3,2,3,2,8,8,5,0
3,227,4,0,4,0,9,10,4,4,3,2,3,2,8,8,0,0
3,227,4,0,4,0,9,10,4,4,3,2,3,2,8,8,0,0
3,227,4,0,4,0,9,10,4,4,3,2,3,2,8,8,0,0
3,227,4,0,4,0,9,10,4,4,3,2,3,2,8,8,0,0
3,227,4,0,4,0,9,10,4,4,3,2,3,2,8,8,0,0
3,227,4,0,4,0,9,10,4,4,3,2,3,2,8,8,0,0
3,227,4,0,4,0,9,10,4,4,3,2,3,2,7,8,0,0
4,228,4,0,4,0,9,10,4,4,3,2,3,2,7,8,0,0
4,228,4,0,4,0,9,10,4,4,3,2,3,2,7,8,0,0
4,228,4,0,4,0,9,10,4,4,3,2,3,2,7,8,0,0
4,228,4,0,4,0,9,10,4,4,3,2,3,2,7,8,0,0
4,228,4,0,4,0,9,10,4,4,3,2,3,2,7,8,0,0
4,228,4,0,4,0,9,10,4,4,3,2,3,2,7,8,0,0
4,228,4,0,4,0,9,10,4,4,3,2,3,2,8,8,8,0
4,228,4,0,4,0,10,10,4,3,3,2,4,3,8,7,8,1
4,228,4,0,4,0,10,10,4,4,3,3,4,3,8,8,8,1
4,228,4,0,4,0,10,10,4,4,3,3,4,3,8,8,9,1
4,228,4,0,4,0,10,10,4,4,3,3,4,3,8,8,9,1
4,228,4,0,4,0,10,10,4,4,3,3,4,3,8,8,9,1
4,228,4,0,4,0,10,10,4,4,3,3,4,3,8,8,9,1
4,228,4,0,4,0,10,10,4,4,3,2,4,3,8,8,5,1
4,228,4,0,4,0,10,10,4,4,3,3,4,3,8,8,5,1
4,228,4,0,4,0,10,10,4,4,3,3,4,3,8,8,5,1
4,228,4,0,4,0,9,10,4,4,3,3,3,3,8,8,5,1
4,228,4,0,4,0,9,10,4,4,3,3,3,3,8,8,0,1
4,228,4,0,4,0,9,10,4,4,3,3,3,3,8,7,0,1
4,228,4,0,4,0,9,9,4,4,3,3,3,3,8,6,0,1
4,228,4,0,4,0,9,9,4,4,3,3,3,3,8,6,0,1
4,228,4,0,4,0,9,9,4,4,3,3,3,3,8,6,0,1
4,228,4,0,4,0,9,9,4,4,3,3,3,3,8,6,0,0
4,228,4,0,4,0,9,9,4,4,3,3,3,3,7,6,0,0
5,229,4,0,3,0,8,9,3,4,2,3,2,3,7,6,0,0
5,229,4,0,3,0,8,9,3,4,2,3,2,3,7,6,0,0
5,229,4,0,3,0,8,9,3,4,2,3,2,3,7,6,0,0
5,229,4,0,3,0,8,9,3,4,2,3,2,3,7,6,0,0
5,229,4,0,3,0,8,9,3,4,2,3,2,3,7,6,0,0
5,229,4,0,3,0,8,9,3,4,2,3,2,3,7,6,0,0
5,229,4,0,3,0,8,9,3,4,2,3,3,3,10,6,0,0
5,229,4,0,3,0,8,8,3,4,2,2,3,3,10,5,0,0
5,229,4,0,3,0,8,8,3,4,2,2,3,3,10,5,0,0
5,229,4,0,3,0,8,8,3,4,2,2,3,3,10,5,0,0
5,229,4,0,3,0,8,8,3,4,2,2,3,3,10,5,0,0
5,229,4,0,3,0,8,8,3,4,2,2,3,3,10,5,0,0
5,229,4,0,3,0,8,7,3,4,2,2,3,3,10,5,0,0
5,229,4,0,3,0,8,7,3,4,2,2,3,3,10,5,0,0
5,229,4,0,3,0,8,7,3,4,2,2,3,3,10,5,0,0
5,229,4,0,3,0,8,7,3,4,2,2,2,3,8,5,0,0
5,229,4,0,3,0,8,7,3,4,2,2,2,3,8,5,0,0
5,229,4,0,3,0,8,7,3,4,2,2,2,3,8,5,0,0
5,229,4,0,3,0,8,7,3,4,2,2,2,3,8,5,0,0
5,229,4,0,3,0,8,7,3,4,2,2,2,3,8,5,0,0
5,229,4,0,3,0,8,7,3,4,2,2,2,3,8,5,0,0
5,229,4,0,3,0,8,7,3,4,2,2,2,3,8,5,0,0
5,229,4,0,3,0,8,7,3,4,2,2,2,3,8,5,0,0
5,229,4,0,3,0,8,7,3,4,2,2,2,3,7,5,0,0
6,230,4,0,3,0,8,7,3,4,2,2,2,3,4,5,0,0
6,230,4,0,3,0,8,7,3,4,2,2,2,3,4,5,0,0
6,230,4,0,3,0,8,7,3,4,2,2,2,3,4,5,0,0
6,230,4,0,3,0,8,7,3,4,2,2,2,3,4,5,0,0
6,230,4,0,3,0,8,7,3,4,2,2,2,3,4,5,0,0
6,230,4,0,3,0,8,7,3,4,2,2,2,3,4,5,0,0
6,230,4,0,3,0,8,7,3,4,2,2,3,3,4,5,0,0
6,230,4,0,3,0,8,7,3,3,2,1,3,2,5,4,0,0
6,230,4,0,3,0,8,7,3,3,2,1,3,2,5,4,0,0
6,230,4,0,3,0,8,7,3,3,2,1,3,2,5,4,0,0
6,230,4,0,3,0,8,7,3,3,2,1,3,2,5,4,0,0
6,230,4,0,3,0,8,7,3,3,2,1,3,2,5,4,0,0
6,230,4,0,3,0,8,7,3,3,2,1,3,2,5,4,0,0
6,230,4,0,3,0,8,7,3,3,2,1,3,2,5,4,0,0
6,230,4,0,3,0,8,7,3,3,2,1,3,2,5,4,0,0
6,230,4,0,3,0,8,7,3,3,2,1,2,2,4,4,0,0
6,230,4,0,3,0,8,7,3,3,2,1,2,2,4,4,0,0
6,230,4,0,3,0,8,7,3,3,2,1,2,2,4,3,0,0
6,230,4,0,3,0,8,7,3,3,2,1,2,2,4,3,0,0
6,230,4,0,3,0,8,7,3,3,2,1,2,2,4,3,0,0
6,230,4,0,3,0,8,7,3,3,2,1,2,2,4,3,0,0
6,230,4,0,3,0,8,7,3,3,2,1,2,2,4,3,0,0
6,230,4,0,3,0,8,7,3,3,2,1,2,2,4,3,0,0
6,230,4,0,3,0,8,7,3,3,2,1,2,2,4,3,0,0
7,231,4,0,4,0,9,7,4,3,3,1,3,2,7,3,0,0
7,231,4,0,4,0,9,7,4,3,3,1,3,2,7,3,0,0
7,231,4,0,4,0,9,7,4,3,3,1,3,2,7,3,0,0
7,231,4,0,4,0,9,7,4,3,3,1,3,2,7,3,0,0
7,231,4,0,4,0,9,7,4,3,3,1,3,2,7,3,0,0
7,231,4,0,4,0,9,7,4,3,3,1,3,2,7,3,0,0
7,231,4,0,4,0,9,7,4,3,3,1,3,2,8,3,8,0
7,231,4,0,4,0,10,8,4,4,3,2,4,3,8,5,8,1
7,231,4,0,4,0,10,8,4,4,3,3,4,3,8,6,8,1
7,231,4,0,4,0,10,8,4,4,3,3,4,3,8,7,9,1
7,231,4,0,4,0,10,9,4,4,3,3,4,3,8,7,9,1
7,231,4,0,4,0,10,9,4,4,3,3,4,3,8,8,9,1
7,231,4,0,4,0,10,9,4,4,3,3,4,3,8,8,9,1
7,231,4,0,4,0,10,8,4,4,3,2,4,3,8,7,5,1
7,231,4,0,4,0,10,8,4,4,3,2,4,3,8,7,5,1
7,231,4,0,4,0,10,8,4,4,3,2,4,3,8,7,5,1
7,231,4,0,4,0,9,8,4,4,3,2,3,3,8,7,5,1
7,231,4,0,4,0,9,8,4,4,3,1,3,3,8,7,0,1
7,231,4,0,4,0,9,8,4,4,3,1,3,3,8,7,0,1
7,231,4,0,4,0,9,8,4,4,3,1,3,3,8,7,0,0
7,231,4,0,4,0,9,8,4,4,3,1,3,3,8,7,0,0
7,231,4,0,4,0,9,8,4,3,3,1,3,3,8,7,0,0
7,231,4,0,4,0,9,8,4,3,3,1,3,3,8,7,0,0
7,231,4,0,4,0,9,8,4,3,3,1,3,3,7,7,0,0
8,232,4,0,4,0,9,8,4,3,3,1,3,3,4,7,0,0
8,232,4,0,4,0,9,8,4,3,3,1,3,3,4,7,0,0
8,232,4,0,4,0,9,8,4,3,3,1,3,3,4,7,0,0
8,232,4,0,4,0,9,8,4,3,3,1,3,3,4,7,0,0
8,232,4,0,4,0,9,8,4,3,3,1,3,3,4,7,0,0
8,232,4,0,4,0,9,8,4,3,3,1,3,3,4,7,0,0
8,232,4,0,4,0,9,8,4,3,3,1,3,3,4,7,8,0
8,232,4,0,4,0,10,10,4,2,3,2,4,4,5,5,8,2
8,232,4,0,4,0,10,10,4,3,3,3,4,4,5,5,8,3
8,232,4,0,4,0,10,10,4,4,3,3,4,4,5,6,9,3
8,232,4,0,4,0,10,10,4,4,3,3,4,4,5,6,9,3
8,232,4,0,4,0,10,10,4,4,3,2,4,4,5,5,9,2
8,232,4,0,4,0,10,10,4,4,3,3,4,4,5,6,9,2
8,232,4,0,4,0,10,10,4,4,3,3,4,4,5,6,5,2
8,232,4,0,4,0,10,10,4,4,3,1,4,4,5,6,5,2
8,232,4,0,4,0,10,10,4,3,3,1,4,4,4,6,5,2
8,232,4,0,4,0,9,10,4,2,3,1,3,4,4,5,5,1
8,232,4,0,4,0,9,10,4,2,3,1,3,4,4,5,0,1
8,232,4,0,4,0,9,10,4,2,3,1,3,4,4,5,0,1
8,232,4,0,4,0,9,10,4,2,3,1,3,4,4,5,0,1
8,232,4,0,4,0,9,10,4,2,3,1,3,4,4,5,0,1
8,232,4,0,4,0,9,10,4,2,3,1,3,4,4,5,0,1
8,232,4,0,4,0,9,10,4,2,3,1,3,4,4,5,0,1
8,232,4,0,4,0,9,10,4,2,3,1,3,4,4,5,0,1
9,233,4,0,4,0,9,10,4,2,3,1,3,4,7,5,0,1
9,233,4,0,4,0,9,10,4,2,3,1,3,4,7,5,0,1
9,233,4,0,4,0,9,10,4,2,3,1,3,4,7,5,0,1
9,233,4,0,4,0,9,10,4,2,3,1,3,4,7,5,0,1
9,233,4,0,4,0,9,10,4,2,3,1,3,4,7,5,0,1
9,233,4,0,4,0,9,10,4,2,3,1,3,4,7,5,0,1
9,233,4,0,4,0,9,10,4,2,3,1,3,4,10,5,8,1
9,233,4,0,4,0,10,9,4,3,3,1,4,4,10,9,8,1
9,233,4,0,4,0,10,10,4,3,3,1,4,4,10,10,8,2
9,233,4,0,4,0,10,10,4,4,3,1,4,4,10,10,9,2
9,233,4,0,4,0,10,10,4,4,3,2,4,4,10,10,9,3
9,233,4,0,4,0,10,10,4,4,3,2,4,4,10,11,9,3
9,233,4,0,4,0,10,10,4,4,3,2,4,4,10,10,9,3
9,233,4,0,4,0,10,10,4,4,3,2,4,4,10,9,5,3
9,233,4,0,4,0,10,10,4,4,3,2,4,4,10,9,5,2
9,233,4,0,4,0,10,10,4,4,3,2,4,3,8,9,5,2
9,233,4,0,4,0,9,10,4,4,3,2,3,3,8,9,5,2
9,233,4,0,4,0,9,10,4,4,3,2,3,3,8,9,0,2
9,233,4,0,4,0,9,10,4,4,3,2,3,3,8,8,0,1
9,233,4,0,4,0,9,10,4,3,3,2,3,3,8,7,0,1
9,233,4,0,4,0,9,10,4,3,3,2,3,3,8,7,0,1
9,233,4,0,4,0,9,9,4,3,3,2,3,3,8,7,0,0
9,233,4,0,4,0,9,9,4,3,3,2,3,3,8,7,0,0
9,233,4,0,4,0,9,9,4,3,3,2,3,3,7,7,0,0
10,234,4,0,4,0,9,9,4,3,3,2,3,3,7,7,0,0
10,234,4,0,4,0,9,9,4,3,3,2,3,3,7,7,0,0
10,234,4,0,4,0,9,9,4,3,3,2,3,3,7,7,0,0
10,234,4,0,4,0,9,9,4,3,3,2,3,3,7,7,0,0
10,234,4,0,4,0,9,9,4,3,3,2,3,3,7,7,0,0
10,234,4,0,4,0,9,9,4,3,3,2,3,3,7,7,0,0
10,234,4,0,4,0,9,9,4,3,3,2,3,3,8,7,8,0
10,234,4,0,4,0,10,10,4,4,3,2,4,3,8,7,8,0
10,234,4,0,4,0,10,10,4,4,3,2,4,3,8,7,8,0
10,234,4,0,4,0,10,10,4,4,3,1,4,3,8,8,9,0
10,234,4,0,4,0,10,10,4,4,3,1,4,3,8,8,9,0
10,234,4,0,4,0,10,10,4,4,3,1,4,3,8,8,9,0
10,234,4,0,4,0,10,10,4,4,3,1,4,3,8,7,9,0
10,234,4,0,4,0,10,10,4,4,3,1,4,3,8,7,5,0
10,234,4,0,4,0,10,10,4,3,3,1,4,3,8,7,5,0
10,234,4,0,4,0,10,10,4,3,3,1,4,3,8,6,5,0
10,234,4,0,4,0,9,10,4,2,3,1,3,3,8,6,5,0
10,234,4,0,4,0,9,10,4,2,3,1,3,3,8,6,0,0
10,234,4,0,4,0,9,10,4,2,3,1,3,3,8,6,0,0
10,234,4,0,4,0,9,10,4,2,3,1,3,3,8,6,0,0
10,234,4,0,4,0,9,10,4,2,3,1,3,3,8,6,0,0
10,234,4,0,4,0,9,10,4,2,3,1,3,3,8,6,0,0
10,234,4,0,4,0,9,10,4,2,3,1,3,3,8,6,0,0
10,234,4,0,4,0,9,10,4,2,3,1,3,3,7,6,0,0
11,235,4,0,4,0,9,10,4,2,3,1,3,3,7,6,0,0
11,235,4,0,4,0,9,10,4,2,3,1,3,3,7,6,0,0
11,235,4,0,4,0,9,10,4,2,3,1,3,3,7,6,0,0
11,235,4,0,4,0,9,10,4,2,3,1,3,3,7,6,0,0
11,235,4,0,4,0,9,10,4,2,3,1,3,3,7,6,0,0
11,235,4,0,4,0,9,10,4,2,3,1,3,3,7,6,0,0
11,235,4,0,4,0,9,10,4,2,3,1,3,3,8,6,8,0
11,235,4,0,4,0,10,10,4,2,3,3,4,3,8,8,8,0
11,235,4,0,4,0,10,10,4,3,3,3,4,3,8,8,8,1
11,235,4,0,4,0,10,10,4,4,3,3,4,3,8,8,9,1
11,235,4,0,4,0,10,10,4,3,3,3,4,3,8,8,9,1
11,235,4,0,4,0,10,10,4,4,3,3,4,3,8,8,9,1
11,235,4,0,4,0,10,10,4,4,3,3,4,3,8,8,9,1
11,235,4,0,4,0,10,10,4,4,3,3,4,3,8,9,5,1
11,235,4,0,4,0,10,10,4,4,3,3,4,3,8,8,5,0
11,235,4,0,4,0,10,10,4,4,3,3,4,3,8,8,5,0
11,235,4,0,4,0,9,10,4,4,3,2,3,3,8,8,5,0
11,235,4,0,4,0,9,10,4,4,3,2,3,3,8,8,0,0
11,235,4,0,4,0,9,10,4,4,3,2,3,3,8,8,0,0
11,235,4,0,4,0,9,10,4,4,3,1,3,3,8,8,0,0
11,235,4,0,4,0,9,10,4,4,3,1,3,3,8,8,0,0
11,235,4,0,4,0,9,10,4,4,3,1,3,3,8,8,0,0
11,235,4,0,4,0,9,10,4,4,3,1,3,3,8,7,0,0
11,235,4,0,4,0,9,10,4,4,3,1,3,3,7,7,0,0
12,236,4,0,3,0,8,10,3,4,2,1,2,3,7,7,0,0
12,236,4,0,3,0,8,10,3,4,2,1,2,3,7,7,0,0
12,236,4,0,3,0,8,10,3,4,2,1,2,3,7,7,0,0
12,236,4,0,3,0,8,10,3,4,2,1,2,3,7,7,0,0
12,236,4,0,3,0,8,10,3,4,2,1,2,3,7,7,0,0
12,236,4,0,3,0,8,10,3,4,2,1,2,3,7,7,0,0
12,236,4,0,3,0,8,10,3,4,2,1,3,3,10,7,0,0
12,236,4,0,3,0,8,9,3,4,2,1,3,3,10,7,0,0
12,236,4,0,3,0,8,9,3,4,2,1,3,3,10,7,0,0
12,236,4,0,3,0,8,9,3,4,2,1,3,3,10,7,0,0
12,236,4,0,3,0,8,9,3,4,2,1,3,3,10,7,0,0
12,236,4,0,3,0,8,9,3,4,2,1,3,3,10,7,0,0
12,236,4,0,3,0,8,9,3,4,2,1,3,3,10,7,0,0
12,236,4,0,3,0,8,9,3,4,2,1,3,3,10,7,0,0
12,236,4,0,3,0,8,9,3,4,2,1,3,3,10,7,0,0
12,236,4,0,3,0,8,9,3,4,2,1,2,3,8,7,0,0
12,236,4,0,3,0,8,9,3,3,2,1,2,3,8,7,0,0
12,236,4,0,3,0,8,9,3,3,2,1,2,3,8,7,0,0
12,236,4,0,3,0,8,9,3,3,2,1,2,3,8,7,0,0
12,236,4,0,3,0,8,8,3,3,2,1,2,3,8,6,0,0
12,236,4,0,3,0,8,8,3,3,2,1,2,3,8,6,0,0
12,236,4,0,3,0,8,8,3,3,2,1,2,3,8,6,0,0
12,236,4,0,3,0,8,8,3,3,2,1,2,3,8,6,0,0
12,236,4,0,3,0,8,8,3,3,2,1,2,3,7,6,0,0
13,237,4,0,3,0,8,8,3,3,2,1,2,3,4,6,0,0
13,237,4,0,3,0,8,8,3,3,2,1,2,3,4,6,0,0
13,237,4,0,3,0,8,8,3,3,2,1,2,3,4,6,0,0
13,237,4,0,3,0,8,8,3,3,2,1,2,3,4,6,0,0
13,237,4,0,3,0,8,8,3,3,2,1,2,3,4,6,0,0
13,237,4,0,3,0,8,8,3,3,2,1,2,3,4,6,0,0
13,237,4,0,3,0,8,8,3,3,2,1,3,3,4,6,0,0
13,237,4,0,3,0,8,8,3,2,2,1,3,3,5,5,0,0
13,237,4,0,3,0,8,8,3,2,2,1,3,3,5,5,0,0
13,237,4,0,3,0,8,8,3,2,2,1,3,3,5,5,0,0
13,237,4,0,3,0,8,8,3,2,2,1,3,3,5,5,0,0
13,237,4,0,3,0,8,8,3,2,2,1,3,3,5,5,0,0
13,237,4,0,3,0,8,8,3,2,2,1,3,3,5,5,0,0
13,237,4,0,3,0,8,8,3,2,2,1,3,3,5,5,0,0
13,237,4,0,3,0,8,8,3,2,2,1,3,3,5,5,0,0
13,237,4,0,3,0,8,8,3,2,2,1,2,3,4,5,0,0
13,237,4,0,3,0,8,8,3,2,2,1,2,3,4,5,0,0
13,237,4,0,3,0,8,8,3,2,2,1,2,2,4,5,0,0
13,237,4,0,3,0,8,8,3,2,2,1,2,2,4,4,0,0
13,237,4,0,3,0,8,8,3,2,2,1,2,2,4,4,0,0
13,237,4,0,3,0,8,8,3,2,2,1,2,2,4,4,0,0
13,237,4,0,3,0,8,8,3,2,2,1,2,2,4,4,0,0
13,237,4,0,3,0,8,8,3,2,2,1,2,2,4,4,0,0
13,237,4,0,3,0,8,8,3,2,2,1,2,2,4,4,0,0
14,238,4,0,4,0,9,8,4,2,3,1,3,2,7,4,0,0
14,238,4,0,4,0,9,8,4,2,3,1,3,2,7,4,0,0
14,238,4,0,4,0,9,8,4,2,3,1,3,2,7,4,0,0
14,238,4,0,4,0,9,8,4,2,3,1,3,2,7,4,0,0
14,238,4,0,4,0,9,8,4,2,3,1,3,2,7,4,0,0
14,238,4,0,4,0,9,8,4,2,3,1,3,2,7,4,0,0
14,238,4,0,4,0,9,8,4,2,3,1,3,2,8,4,8,0
14,238,4,0,4,0,10,9,4,4,3,1,4,3,8,7,8,2
14,238,4,0,4,0,10,10,4,4,3,1,4,3,8,7,8,2
14,238,4,0,4,0,10,10,4,4,3,2,4,3,8,8,9,2
14,238,4,0,4,0,10,10,4,4,3,2,4,2,8,8,9,2
14,238,4,0,4,0,10,10,4,4,3,2,4,2,8,8,9,2
14,238,4,0,4,0,10,10,4,4,3,2,4,2,8,8,9,2
14,238,4,0,4,0,10,10,4,4,3,1,4,2,8,7,5,2
14,238,4,0,4,0,10,10,4,4,3,1,4,2,8,7,5,2
14,238,4,0,4,0,10,10,4,4,3,1,4,2,8,7,5,2
14,238,4,0,4,0,9,10,4,4,3,1,3,2,8,7,5,2
14,238,4,0,4,0,9,10,4,4,3,1,3,2,8,7,0,2
14,238,4,0,4,0,9,10,4,4,3,1,3,1,8,7,0,2
14,238,4,0,4,0,9,10,4,4,3,1,3,1,8,7,0,1
14,238,4,0,4,0,9,10,4,4,3,1,3,1,8,7,0,1
14,238,4,0,4,0,9,10,4,4,3,1,3,1,8,7,0,0
14,238,4,0,4,0,9,10,4,4,3,1,3,1,8,7,0,0
14,238,4,0,4,0,9,10,4,4,3,1,3,1,7,7,0,0
15,239,4,0,4,0,9,10,4,4,3,1,3,1,4,7,0,0
15,239,4,0,4,0,9,10,4,4,3,1,3,1,4,7,0,0
15,239,4,0,4,0,9,10,4,4,3,1,3,1,4,7,0,0
15,239,4,0,4,0,9,10,4,4,3,1,3,1,4,7,0,0
15,239,4,0,4,0,9,10,4,4,3,1,3,1,4,7,0,0
15,239,4,0,4,0,9,10,4,4,3,1,3,1,4,7,0,0
15,239,4,0,4,0,9,10,4,4,3,1,3,1,4,7,8,0
15,239,4,0,4,0,10,10,4,4,3,3,4,2,5,5,8,2
15,239,4,0,4,0,10,10,4,4,3,3,4,2,5,5,8,3
15,239,4,0,4,0,10,10,4,4,3,3,4,2,5,5,9,4
15,239,4,0,4,0,10,10,4,4,3,2,4,2,5,6,9,4
15,239,4,0,4,0,10,10,4,4,3,3,4,2,5,5,9,3
15,239,4,0,4,0,10,10,4,4,3,3,4,2,5,5,9,3
15,239,4,0,4,0,10,9,4,4,3,3,4,2,5,5,5,3
15,239,4,0,4,0,10,9,4,4,3,3,4,2,5,5,5,3
15,239,4,0,4,0,10,9,4,4,3,3,4,2,4,5,5,1
15,239,4,0,4,0,9,9,4,4,3,3,3,2,4,5,5,1
15,239,4,0,4,0,9,9,4,4,3,3,3,2,4,5,0,1
15,239,4,0,4,0,9,9,4,4,3,3,3,2,4,5,0,1
15,239,4,0,4,0,9,9,4,4,3,3,3,2,4,5,0,1
15,239,4,0,4,0,9,9,4,4,3,3,3,2,4,5,0,1
15,239,4,0,4,0,9,9,4,4,3,3,3,2,4,5,0,1
15,239,4,0,4,0,9,9,4,3,3,3,3,2,4,5,0,1
15,239,4,0,4,0,9,9,4,3,3,3,3,2,4,5,0,1
16,240,4,0,4,0,9,9,4,3,3,3,3,2,7,5,0,1
16,240,4,0,4,0,9,9,4,3,3,3,3,2,7,5,0,1
16,240,4,0,4,0,9,9,4,3,3,3,3,2,7,5,0,1
16,240,4,0,4,0,9,9,4,3,3,3,3,2,7,5,0,1
16,240,4,0,4,0,9,9,4,3,3,3,3,2,7,5,0,1
16,240,4,0,4,0,9,9,4,3,3,3,3,2,7,5,0,1
16,240,4,0,4,0,9,9,4,3,3,3,3,2,10,5,8,1
16,240,4,0,4,0,10,9,4,4,3,2,4,2,10,10,8,1
16,240,4,0,4,0,10,10,4,4,3,2,4,2,10,10,8,1
16,240,4,0,4,0,10,10,4,4,3,3,4,2,10,10,9,2
16,240,4,0,4,0,10,9,4,4,3,3,4,2,10,10,9,2
16,240,4,0,4,0,10,10,4,4,3,3,4,2,10,10,9,2
16,240,4,0,4,0,10,10,4,4,3,3,4,2,10,9,9,1
16,240,4,0,4,0,10,10,4,4,3,3,4,2,10,10,5,1
16,240,4,0,4,0,10,10,4,4,3,2,4,2,10,10,5,1
16,240,4,0,4,0,10,10,4,4,3,2,4,2,8,9,5,0
16,240,4,0,4,0,9,10,4,4,3,2,3,2,8,9,5,0
16,240,4,0,4,0,9,10,4,4,3,2,3,2,8,9,0,0
16,240,4,0,4,0,9,10,4,4,3,2,3,2,8,9,0,0
16,240,4,0,4,0,9,10,4,4,3,2,3,2,8,9,0,0
16,240,4,0,4,0,9,10,4,4,3,2,3,2,8,9,0,0
16,240,4,0,4,0,9,10,4,4,3,2,3,2,8,8,0,0
16,240,4,0,4,0,9,10,4,4,3,2,3,2,8,8,0,0
16,240,4,0,4,0,9,10,4,4,3,2,3,2,7,8,0,0
17,241,4,0,4,0,9,10,4,4,3,2,3,2,7,8,0,0
17,241,4,0,4,0,9,10,4,4,3,2,3,2,7,8,0,0
17,241,4,0,4,0,9,10,4,4,3,2,3,2,7,8,0,0
17,241,4,0,4,0,9,10,4,4,3,2,3,2,7,8,0,0
17,241,4,0,4,0,9,10,4,4,3,2,3,2,7,8,0,0
17,241,4,0,4,0,9,10,4,4,3,2,3,2,7,8,0,0
17,241,4,0,4,0,9,10,4,4,3,2,3,2,8,8,8,0
17,241,4,0,4,0,10,10,4,4,3,3,4,3,8,8,8,0
17,241,4,0,4,0,10,10,4,4,3,3,4,2,8,8,8,0
17,241,4,0,4,0,10,10,4,3,3,3,4,2,8,8,9,0
17,241,4,0,4,0,10,10,4,3,3,3,4,2,8,8,9,0
17,241,4,0,4,0,10,10,4,3,3,3,4,2,8,8,9,0
17,241,4,0,4,0,10,10,4,3,3,3,4,2,8,8,9,0
17,241,4,0,4,0,10,10,4,3,3,3,4,2,8,8,5,0
17,241,4,0,4,0,10,10,4,3,3,3,4,2,8,8,5,0
17,241,4,0,4,0,10,10,4,3,3,3,4,2,8,7,5,0
17,241,4,0,4,0,9,10,4,3,3,3,3,2,8,7,5,0
17,241,4,0,4,0,9,10,4,3,3,3,3,2,8,7,0,0
17,241,4,0,4,0,9,10,4,3,3,3,3,2,8,7,0,0
17,241,4,0,4,0,9,10,4,3,3,2,3,2,8,7,0,0
17,241,4,0,4,0,9,10,4,3,3,2,3,2,8,7,0,0
17,241,4,0,4,0,9,10,4,3,3,2,3,2,8,7,0,0
17,241,4,0,4,0,9,10,4,3,3,2,3,2,8,7,0,0
17,241,4,0,4,0,9,10,4,3,3,2,3,2,7,7,0,0
18,242,4,0,4,0,9,10,4,3,3,2,3,2,7,7,0,0
18,242,4,0,4,0,9,10,4,3,3,2,3,2,7,7,0,0
18,242,4,0,4,0,9,10,4,3,3,2,3,2,7,7,0,0
18,242,4,0,4,0,9,10,4,3,3,2,3,2,7,7,0,0
18,242,4,0,4,0,9,10,4,3,3,2,3,2,7,7,0,0
18,242,4,0,4,0,9,10,4,3,3,2,3,2,7,7,0,0
18,242,4,0,4,0,9,10,4,3,3,2,3,2,8,7,8,0
18,242,4,0,4,0,10,10,4,3,3,3,4,2,8,8,8,1
18,242,4,0,4,0,10,10,4,4,3,3,4,2,8,8,8,1
18,242,4,0,4,0,10,10,4,4,3,3,4,2,8,8,9,2
18,242,4,0,4,0,10,10,4,4,3,3,4,2,8,8,9,2
18,242,4,0,4,0,10,10,4,3,3,3,4,2,8,8,9,2
18,242,4,0,4,0,10,10,4,4,3,3,4,2,8,8,9,2
18,242,4,0,4,0,10,10,4,4,3,3,4,2,8,8,5,2
18,242,4,0,4,0,10,10,4,3,3,3,4,2,8,8,5,2
18,242,4,0,4,0,10,10,4,3,3,3,4,2,8,7,5,1
18,242,4,0,4,0,9,10,4,3,3,3,3,2,8,7,5,1
18,242,4,0,4,0,9,10,4,3,3,3,3,2,8,7,0,1
18,242,4,0,4,0,9,10,4,3,3,3,3,2,8,7,0,1
18,242,4,0,4,0,9,10,4,3,3,3,3,1,8,7,0,1
18,242,4,0,4,0,9,10,4,3,3,3,3,1,8,7,0,1
18,242,4,0,4,0,9,10,4,3,3,3,3,1,8,7,0,1
18,242,4,0,4,0,9,10,4,3,3,3,3,1,8,7,0,1
18,242,4,0,4,0,9,10,4,3,3,3,3,1,7,7,0,1
19,243,4,0,3,0,8,10,3,3,2,3,2,1,7,7,0,1
19,243,4,0,3,0,8,10,3,3,2,3,2,1,7,7,0,1
19,243,4,0,3,0,8,10,3,3,2,3,2,1,7,7,0,1
19,243,4,0,3,0,8,10,3,3,2,3,2,1,7,7,0,1
19,243,4,0,3,0,8,10,3,3,2,3,2,1,7,7,0,1
19,243,4,0,3,0,8,10,3,3,2,3,2,1,7,7,0,1
19,243,4,0,3,0,8,10,3,3,2,3,3,1,10,7,0,1
19,243,4,0,3,0,8,9,3,2,2,2,3,1,10,5,0,0
19,243,4,0,3,0,8,9,3,2,2,2,3,1,10,5,0,0
19,243,4,0,3,0,8,9,3,2,2,2,3,1,10,5,0,0
19,243,4,0,3,0,8,8,3,2,2,2,3,1,10,4,0,0
19,243,4,0,3,0,8,8,3,2,2,2,3,1,10,4,0,0
19,243,4,0,3,0,8,8,3,2,2,2,3,1,10,4,0,0
19,243,4,0,3,0,8,8,3,2,2,2,3,1,10,4,0,0
19,243,4,0,3,0,8,8,3,2,2,2,3,1,10,4,0,0
19,243,4,0,3,0,8,8,3,2,2,2,2,1,8,4,0,0
19,243,4,0,3,0,8,8,3,2,2,2,2,1,8,4,0,0
19,243,4,0,3,0,8,8,3,2,2,2,2,1,8,4,0,0
19,243,4,0,3,0,8,8,3,2,2,2,2,1,8,4,0,0
19,243,4,0,3,0,8,8,3,2,2,2,2,1,8,4,0,0
19,243,4,0,3,0,8,8,3,2,2,2,2,1,8,4,0,0
19,243,4,0,3,0,8,8,3,2,2,2,2,1,8,4,0,0
19,243,4,0,3,0,8,8,3,2,2,2,2,1,8,4,0,0
19,243,4,0,3,0,8,8,3,2,2,2,2,1,7,4,0,0
20,244,4,0,3,0,8,8,3,2,2,2,2,1,4,4,0,0
20,244,4,0,3,0,8,8,3,2,2,2,2,1,4,4,0,0
20,244,4,0,3,0,8,8,3,2,2,2,2,1,4,4,0,0
20,244,4,0,3,0,8,8,3,2,2,2,2,1,4,4,0,0
20,244,4,0,3,0,8,8,3,2,2,2,2,1,4,4,0,0
20,244,4,0,3,0,8,8,3,2,2,2,2,1,4,4,0,0
20,244,4,0,3,0,8,8,3,2,2,2,3,1,4,4,0,0
20,244,4,0,3,0,8,8,3,2,2,2,3,1,5,4,0,0
20,244,4,0,3,0,8,8,3,2,2,2,3,1,5,4,0,0
20,244,4,0,3,0,8,8,3,2,2,2,3,1,5,4,0,0
20,244,4,0,3,0,8,8,3,2,2,2,3,1,5,4,0,0
20,244,4,0,3,0,8,8,3,2,2,2,3,1,5,4,0,0
20,244,4,0,3,0,8,8,3,2,2,2,3,1,5,4,0,0
20,244,4,0,3,0,8,8,3,2,2,2,3,1,5,4,0,0
20,244,4,0,3,0,8,8,3,2,2,2,3,1,5,4,0,0
20,244,4,0,3,0,8,8,3,2,2,2,2,1,4,4,0,0
20,244,4,0,3,0,8,8,3,2,2,2,2,1,4,3,0,0
20,244,4,0,3,0,8,8,3,2,2,2,2,1,4,3,0,0
20,244,4,0,3,0,8,8,3,2,2,2,2,1,4,3,0,0
20,244,4,0,3,0,8,8,3,2,2,2,2,1,4,3,0,0
20,244,4,0,3,0,8,8,3,2,2,2,2,1,4,3,0,0
20,244,4,0,3,0,8,8,3,2,2,2,2,1,4,3,0,0
20,244,4,0,3,0,8,8,3,2,2,2,2,1,4,3,0,0
20,244,4,0,3,0,8,8,3,2,2,2,2,1,4,3,0,0
21,245,4,0,4,0,9,8,4,2,3,2,3,1,7,3,0,0
21,245,4,0,4,0,9,8,4,2,3,2,3,1,7,3,0,0
21,245,4,0,4,0,9,8,4,2,3,2,3,1,7,3,0,0
21,245,4,0,4,0,9,8,4,2,3,2,3,1,7,3,0,0
21,245,4,0,4,0,9,8,4,2,3,2,3,1,7,3,0,0
21,245,4,0,4,0,9,8,4,2,3,2,3,1,7,3,0,0
21,245,4,0,4,0,9,8,4,2,3,2,3,1,8,3,8,0
21,245,4,0,4,0,10,9,4,4,3,3,4,2,8,6,8,1
21,245,4,0,4,0,10,10,4,4,3,3,4,2,8,6,8,1
21,245,4,0,4,0,10,10,4,4,3,2,4,2,8,8,9,1
21,245,4,0,4,0,10,10,4,4,3,3,4,2,8,8,9,1
21,245,4,0,4,0,10,10,4,4,3,2,4,2,8,8,9,1
21,245,4,0,4,0,10,10,4,4,3,3,4,2,8,9,9,1
21,245,4,0,4,0,10,10,4,4,3,3,4,2,8,7,5,0
21,245,4,0,4,0,10,10,4,4,3,3,4,2,8,7,5,0
21,245,4,0,4,0,10,10,4,4,3,3,4,2,8,7,5,0
21,245,4,0,4,0,9,10,4,4,3,3,3,2,8,7,5,0
21,245,4,0,4,0,9,10,4,4,3,3,3,2,8,7,0,0
21,245,4,0,4,0,9,10,4,4,3,3,3,2,8,7,0,0
21,245,4,0,4,0,9,10,4,4,3,3,3,2,8,7,0,0
21,245,4,0,4,0,9,10,4,4,3,3,3,2,8,7,0,0
21,245,4,0,4,0,9,10,4,4,3,3,3,2,8,7,0,0
21,245,4,0,4,0,9,10,4,4,3,3,3,2,8,7,0,0
21,245,4,0,4,0,9,10,4,4,3,3,3,2,7,7,0,0
22,246,4,0,4,0,9,10,4,4,3,3,3,2,4,7,0,0
22,246,4,0,4,0,9,10,4,4,3,3,3,2,4,7,0,0
22,246,4,0,4,0,9,10,4,4,3,3,3,2,4,7,0,0
22,246,4,0,4,0,9,10,4,4,3,3,3,2,4,7,0,0
22,246,4,0,4,0,9,10,4,4,3,3,3,2,4,7,0,0
22,246,4,0,4,0,9,10,4,4,3,3,3,2,4,7,0,0
22,246,4,0,4,0,9,10,4,4,3,3,3,2,4,7,8,0
22,246,4,0,4,0,10,10,4,4,3,2,4,3,5,6,8,5
22,246,4,0,4,0,10,10,4,4,3,3,4,3,5,6,8,6
22,246,4,0,4,0,10,10,4,4,3,3,4,3,5,7,9,7
22,246,4,0,4,0,10,10,4,4,3,3,4,3,5,7,9,8
22,246,4,0,4,0,10,10,4,4,3,3,4,3,5,7,9,8
22,246,4,0,4,0,10,10,4,4,3,3,4,3,5,7,9,8
22,246,4,0,4,0,10,10,4,4,3,3,4,3,5,7,5,8
22,246,4,0,4,0,10,10,4,4,3,3,4,3,5,6,5,8
22,246,4,0,4,0,10,10,4,4,3,3,4,3,4,6,5,5
22,246,4,0,4,0,9,10,4,4,3,3,3,3,4,6,5,5
22,246,4,0,4,0,9,10,4,4,3,3,3,3,4,5,0,4
22,246,4,0,4,0,9,10,4,4,3,3,3,3,4,5,0,4
22,246,4,0,4,0,9,10,4,4,3,3,3,3,4,5,0,4
22,246,4,0,4,0,9,10,4,4,3,3,3,3,4,5,0,4
22,246,4,0,4,0,9,10,4,4,3,3,3,3,4,5,0,3
22,246,4,0,4,0,9,10,4,4,3,2,3,3,4,5,0,3
22,246,4,0,4,0,9,10,4,4,3,2,3,3,4,5,0,3
23,247,4,0,4,0,9,10,4,4,3,2,3,3,7,7,0,3
23,247,4,0,4,0,9,10,4,4,3,2,3,3,7,7,0,3
23,247,4,0,4,0,9,10,4,4,3,2,3,3,7,7,0,3
23,247,4,0,4,0,9,10,4,4,3,2,3,3,7,7,0,3
23,247,4,0,4,0,9,10,4,4,3,2,3,3,7,7,0,3
23,247,4,0,4,0,9,10,4,4,3,2,3,3,7,7,0,3
23,247,4,0,4,0,9,10,4,4,3,2,3,3,10,8,8,3
23,247,4,0,4,0,10,10,4,3,3,2,4,4,10,8,8,1
23,247,4,0,4,0,10,10,4,3,3,2,4,4,10,10,8,1
23,247,4,0,4,0,10,10,4,4,3,2,4,4,10,10,9,1
23,247,4,0,4,0,10,10,4,4,3,3,4,4,10,10,9,0
23,247,4,0,4,0,10,10,4,3,3,3,4,3,10,10,9,0
23,247,4,0,4,0,10,10,4,3,3,3,4,3,10,10,9,0
23,247,4,0,4,0,10,10,4,2,3,3,4,3,10,10,5,0
23,247,4,0,4,0,10,10,4,2,3,3,4,3,10,10,5,0
23,247,4,0,4,0,10,10,4,2,3,3,4,3,8,9,5,0
23,247,4,0,4,0,9,10,4,2,3,3,3,3,8,9,5,0
23,247,4,0,4,0,9,10,4,2,3,3,3,3,8,9,0,0
23,247,4,0,4,0,9,10,4,2,3,3,3,3,8,9,0,0
23,247,4,0,4,0,9,10,4,2,3,3,3,3,8,9,0,0
23,247,4,0,4,0,9,10,4,2,3,3,3,3,8,9,0,0
23,247,4,0,4,0,9,10,4,2,3,3,3,3,8,9,0,0
23,247,4,0,4,0,9,10,4,2,3,3,3,3,8,9,0,0
23,247,4,0,4,0,9,10,4,2,3,3,3,3,7,9,0,0
24,248,4,0,4,0,9,10,4,2,3,3,3,3,7,9,0,0
24,248,4,0,4,0,9,10,4,2,3,3,3,3,7,9,0,0
24,248,4,0,4,0,9,10,4,2,3,3,3,3,7,9,0,0
24,248,4,0,4,0,9,10,4,2,3,3,3,3,7,9,0,0
24,248,4,0,4,0,9,10,4,2,3,3,3,3,7,9,0,0
24,248,4,0,4,0,9,10,4,2,3,3,3,3,7,9,0,0
24,248,4,0,4,0,9,10,4,2,3,3,3,3,8,9,8,0
24,248,4,0,4,0,10,10,4,3,3,2,4,4,8,8,8,0
24,248,4,0,4,0,10,10,4,3,3,2,4,4,8,8,8,0
24,248,4,0,4,0,10,10,4,3,3,2,4,4,8,8,9,0
24,248,4,0,4,0,10,10,4,3,3,2,4,4,8,8,9,0
24,248,4,0,4,0,10,10,4,3,3,2,4,4,8,8,9,0
24,248,4,0,4,0,10,10,4,3,3,2,4,4,8,8,9,0
24,248,4,0,4,0,10,10,4,3,3,2,4,4,8,8,5,0
24,248,4,0,4,0,10,10,4,3,3,2,4,4,8,8,5,0
24,248,4,0,4,0,10,10,4,3,3,2,4,4,8,8,5,0
24,248,4,0,4,0,9,10,4,3,3,2,3,4,8,8,5,0
24,248,4,0,4,0,9,10,4,3,3,2,3,4,8,8,0,0
24,248,4,0,4,0,9,10,4,3,3,2,3,4,8,8,0,0
24,248,4,0,4,0,9,10,4,3,3,2,3,4,8,8,0,0
24,248,4,0,4,0,9,10,4,3,3,2,3,4,8,8,0,0
24,248,4,0,4,0,9,10,4,3,3,2,3,4,8,8,0,0
24,248,4,0,4,0,9,10,4,3,3,2,3,4,8,8,0,0
24,248,4,0,4,0,9,10,4,3,3,2,3,4,7,8,0,0
25,249,4,0,4,0,9,10,4,3,3,2,3,4,7,8,0,0
25,249,4,0,4,0,9,10,4,3,3,2,3,4,7,8,0,0
25,249,4,0,4,0,9,10,4,3,3,2,3,4,7,8,0,0
25,249,4,0,4,0,9,10,4,3,3,2,3,4,7,8,0,0
25,249,4,0,4,0,9,10,4,3,3,2,3,4,7,8,0,0
25,249,4,0,4,0,9,10,4,3,3,2,3,4,7,8,0,0
25,249,4,0,4,0,9,10,4,3,3,2,3,4,8,8,8,0
25,249,4,0,4,0,10,10,4,3,3,3,4,4,8,8,8,1
25,249,4,0,4,0,10,10,4,4,3,3,4,4,8,8,8,1
25,249,4,0,4,0,10,10,4,4,3,3,4,4,8,8,9,2
25,249,4,0,4,0,10,10,4,4,3,2,4,4,8,8,9,3
25,249,4,0,4,0,10,10,4,4,3,3,4,4,8,8,9,4
25,249,4,0,4,0,10,10,4,4,3,3,4,4,8,9,9,4
25,249,4,0,4,0,10,9,4,4,3,3,4,4,8,8,5,4
25,249,4,0,4,0,10,9,4,4,3,3,4,4,8,8,5,4
25,249,4,0,4,0,10,8,4,4,3,3,4,4,8,6,5,1
25,249,4,0,4,0,9,8,4,4,3,3,3,4,8,6,5,1
25,249,4,0,4,0,9,8,4,4,3,3,3,3,8,6,0,1
25,249,4,0,4,0,9,8,4,4,3,3,3,3,8,6,0,1
25,249,4,0,4,0,9,8,4,4,3,3,3,3,8,6,0,0
25,249,4,0,4,0,9,8,4,4,3,3,3,3,8,6,0,0
25,249,4,0,4,0,9,8,4,4,3,3,3,3,8,6,0,0
25,249,4,0,4,0,9,8,4,4,3,3,3,3,8,6,0,0
25,249,4,0,4,0,9,8,4,4,3,3,3,3,7,6,0,0
26,250,4,0,3,0,8,8,3,4,2,3,2,3,7,6,0,0
26,250,4,0,3,0,8,8,3,4,2,3,2,3,7,6,0,0
26,250,4,0,3,0,8,8,3,4,2,3,2,3,7,6,0,0
26,250,4,0,3,0,8,8,3,4,2,3,2,3,7,6,0,0
26,250,4,0,3,0,8,8,3,4,2,3,2,3,7,6,0,0
26,250,4,0,3,0,8,8,3,4,2,3,2,3,7,6,0,0
26,250,4,0,3,0,8,8,3,4,2,3,3,3,10,6,0,0
26,250,4,0,3,0,8,8,3,4,2,3,3,3,10,6,0,0
26,250,4,0,3,0,8,8,3,4,2,3,3,3,10,6,0,0
26,250,4,0,3,0,8,8,3,4,2,3,3,3,10,6,0,0
26,250,4,0,3,0,8,8,3,4,2,3,3,3,10,6,0,0
26,250,4,0,3,0,8,8,3,4,2,3,3,3,10,6,0,0
26,250,4,0,3,0,8,8,3,4,2,3,3,3,10,6,0,0
26,250,4,0,3,0,8,8,3,4,2,3,3,3,10,5,0,0
26,250,4,0,3,0,8,8,3,4,2,3,3,3,10,5,0,0
26,250,4,0,3,0,8,8,3,4,2,3,2,3,8,5,0,0
26,250,4,0,3,0,8,8,3,4,2,3,2,2,8,5,0,0
26,250,4,0,3,0,8,8,3,4,2,3,2,2,8,5,0,0
26,250,4,0,3,0,8,7,3,4,2,2,2,2,8,5,0,0
26,250,4,0,3,0,8,7,3,4,2,2,2,2,8,5,0,0
26,250,4,0,3,0,8,7,3,4,2,2,2,2,8,5,0,0
26,250,4,0,3,0,8,7,3,4,2,2,2,2,8,5,0,0
26,250,4,0,3,0,8,7,3,4,2,2,2,2,8,5,0,0
26,250,4,0,3,0,8,7,3,4,2,2,2,2,7,5,0,0
27,251,4,0,3,0,8,7,3,4,2,2,2,2,4,5,0,0
27,251,4,0,3,0,8,7,3,4,2,2,2,2,4,5,0,0
27,251,4,0,3,0,8,7,3,4,2,2,2,2,4,5,0,0
27,251,4,0,3,0,8,7,3,4,2,2,2,2,4,5,0,0
27,251,4,0,3,0,8,7,3,4,2,2,2,2,4,5,0,0
27,251,4,0,3,0,8,7,3,4,2,2,2,2,4,5,0,0
27,251,4,0,3,0,8,7,3,4,2,2,3,2,4,5,0,0
27,251,4,0,3,0,8,6,3,3,2,1,3,2,5,4,0,0
27,251,4,0,3,0,8,6,3,3,2,1,3,1,5,4,0,0
27,251,4,0,3,0,8,6,3,3,2,1,3,1,5,4,0,0
27,251,4,0,3,0,8,6,3,3,2,1,3,1,5,4,0,0
27,251,4,0,3,0,8,6,3,3,2,1,3,1,5,4,0,0
27,251,4,0,3,0,8,6,3,3,2,1,3,1,5,4,0,0
27,251,4,0,3,0,8,6,3,3,2,1,3,1,5,4,0,0
27,251,4,0,3,0,8,6,3,3,2,1,3,1,5,4,0,0
27,251,4,0,3,0,8,6,3,3,2,1,2,1,4,4,0,0
27,251,4,0,3,0,8,6,3,3,2,1,2,1,4,4,0,0
27,251,4,0,3,0,8,6,3,3,2,1,2,1,4,4,0,0
27,251,4,0,3,0,8,6,3,3,2,1,2,1,4,4,0,0
27,251,4,0,3,0,8,6,3,3,2,1,2,1,4,4,0,0
27,251,4,0,3,0,8,6,3,3,2,1,2,1,4,4,0,0
27,251,4,0,3,0,8,6,3,3,2,1,2,1,4,4,0,0
27,251,4,0,3,0,8,6,3,3,2,1,2,1,4,4,0,0
27,251,4,0,3,0,8,6,3,3,2,1,2,1,4,4,0,0
0,252,4,0,4,0,9,6,4,3,3,1,3,1,7,4,0,0
0,252,4,0,4,0,9,6,4,3,3,1,3,1,7,4,0,0
0,252,4,0,4,0,9,6,4,3,3,1,3,1,7,4,0,0
0,252,4,0,4,0,9,6,4,3,3,1,3,1,7,4,0,0
0,252,4,0,4,0,9,6,4,3,3,1,3,1,7,4,0,0
0,252,4,0,4,0,9,6,4,3,3,1,3,1,7,4,0,0
0,252,4,0,4,0,9,6,4,3,3,1,3,1,8,4,8,0
0,252,4,0,4,0,10,9,4,4,3,2,4,2,8,5,8,2
0,252,4,0,4,0,10,10,4,4,3,3,4,2,8,5,8,2
0,252,4,0,4,0,10,10,4,4,3,3,4,2,8,7,9,2
0,252,4,0,4,0,10,10,4,4,3,3,4,2,8,8,9,2
0,252,4,0,4,0,10,10,4,3,3,3,4,2,8,8,9,2
0,252,4,0,4,0,10,10,4,3,3,3,4,2,8,8,9,2
0,252,4,0,4,0,10,10,4,3,3,3,4,2,8,6,5,2
0,252,4,0,4,0,10,10,4,3,3,3,4,2,8,6,5,2
0,252,4,0,4,0,10,9,4,3,3,3,4,2,8,5,5,2
0,252,4,0,4,0,9,9,4,3,3,3,3,2,8,5,5,2
0,252,4,0,4,0,9,9,4,3,3,3,3,2,8,5,0,0
0,252,4,0,4,0,9,9,4,3,3,3,3,2,8,5,0,0
0,252,4,0,4,0,9,9,4,3,3,3,3,2,8,5,0,0
0,252,4,0,4,0,9,9,4,3,3,3,3,2,8,5,0,0
0,252,4,0,4,0,9,9,4,3,3,3,3,2,8,5,0,0
0,252,4,0,4,0,9,9,4,3,3,3,3,2,8,5,0,0
0,252,4,0,4,0,9,9,4,3,3,3,3,2,7,5,0,0
1,253,4,0,4,0,9,9,4,3,3,3,3,2,4,5,0,0
1,253,4,0,4,0,9,9,4,3,3,3,3,2,4,5,0,0
1,253,4,0,4,0,9,9,4,3,3,3,3,2,4,5,0,0
1,253,4,0,4,0,9,9,4,3,3,3,3,2,4,5,0,0
1,253,4,0,4,0,9,9,4,3,3,3,3,2,4,5,0,0
1,253,4,0,4,0,9,9,4,3,3,3,3,2,4,5,0,0
1,253,4,0,4,0,9,9,4,3,3,3,3,2,4,5,8,0
1,253,4,0,4,0,10,9,4,4,3,3,4,2,5,5,8,1
1,253,4,0,4,0,10,10,4,4,3,3,4,2,5,5,8,1
1,253,4,0,4,0,10,10,4,4,3,3,4,2,5,5,9,2
1,253,4,0,4,0,10,10,4,4,3,3,4,2,5,5,9,2
1,253,4,0,4,0,10,10,4,4,3,3,4,2,5,5,9,2
1,253,4,0,4,0,10,10,4,4,3,3,4,2,5,5,9,2
1,253,4,0,4,0,10,10,4,4,3,3,4,2,5,5,5,2
1,253,4,0,4,0,10,9,4,4,3,3,4,2,5,5,5,2
1,253,4,0,4,0,10,9,4,4,3,3,4,2,4,5,5,0
1,253,4,0,4,0,9,9,4,4,3,3,3,2,4,5,5,0
1,253,4,0,4,0,9,9,4,4,3,3,3,2,4,5,0,0
1,253,4,0,4,0,9,9,4,4,3,3,3,2,4,5,0,0
1,253,4,0,4,0,9,9,4,4,3,3,3,2,4,5,0,0
1,253,4,0,4,0,9,9,4,4,3,3,3,2,4,5,0,0
1,253,4,0,4,0,9,9,4,4,3,3,3,2,4,5,0,0
1,253,4,0,4,0,9,9,4,4,3,3,3,2,4,5,0,0
1,253,4,0,4,0,9,9,4,4,3,3,3,2,4,5,0,0
2,254,4,0,4,0,9,9,4,4,3,3,3,2,7,5,0,0
2,254,4,0,4,0,9,9,4,4,3,3,3,2,7,5,0,0
2,254,4,0,4,0,9,9,4,4,3,3,3,2,7,5,0,0
2,254,4,0,4,0,9,9,4,4,3,3,3,2,7,5,0,0
2,254,4,0,4,0,9,9,4,4,3,3,3,2,7,5,0,0
2,254,4,0,4,0,9,9,4,4,3,3,3,2,7,5,0,0
2,254,4,0,4,0,9,9,4,4,3,3,3,2,10,5,8,0
2,254,4,0,4,0,10,9,4,3,3,3,4,3,10,10,8,1
2,254,4,0,4,0,10,10,4,4,3,3,4,2,10,10,8,1
2,254,4,0,4,0,10,10,4,4,3,3,4,2,10,10,9,1
2,254,4,0,4,0,10,10,4,4,3,3,4,2,10,11,9,1
2,254,4,0,4,0,10,10,4,4,3,3,4,2,10,11,9,1
2,254,4,0,4,0,10,10,4,4,3,3,4,2,10,11,9,1
2,254,4,0,4,0,10,10,4,4,3,3,4,2,10,11,5,1
2,254,4,0,4,0,10,10,4,4,3,3,4,2,10,11,5,1
2,254,4,0,4,0,10,10,4,4,3,3,4,2,8,11,5,1
2,254,4,0,4,0,9,10,4,4,3,3,3,2,8,11,5,1
2,254,4,0,4,0,9,10,4,4,3,3,3,2,8,10,0,0
2,254,4,0,4,0,9,10,4,4,3,3,3,2,8,10,0,0
2,254,4,0,4,0,9,10,4,4,3,3,3,2,8,10,0,0
2,254,4,0,4,0,9,10,4,4,3,3,3,2,8,10,0,0
2,254,4,0,4,0,9,10,4,4,3,3,3,2,8,10,0,0
2,254,4,0,4,0,9,10,4,4,3,3,3,2,8,9,0,0
2,254,4,0,4,0,9,10,4,4,3,3,3,2,7,9,0,0
3,255,4,0,4,0,9,10,4,4,3,3,3,2,7,9,0,0
3,255,4,0,4,0,9,10,4,4,3,3,3,2,7,9,0,0
3,255,4,0,4,0,9,10,4,4,3,3,3,2,7,9,0,0
3,255,4,0,4,0,9,10,4,4,3,3,3,2,7,9,0,0
3,255,4,0,4,0,9,10,4,4,3,3,3,2,7,9,0,0
3,255,4,0,4,0,9,10,4,4,3,3,3,2,7,9,0,0
3,255,4,0,4,0,9,10,4,4,3,3,3,2,8,9,8,0
3,255,4,0,4,0,10,10,4,4,3,3,4,3,8,6,8,0
3,255,4,0,4,0,10,10,4,4,3,3,4,3,8,7,8,0
3,255,4,0,4,0,10,10,4,4,3,3,4,3,8,8,9,0
3,255,4,0,4,0,10,10,4,4,3,3,4,3,8,7,9,0
3,255,4,0,4,0,10,10,4,4,3,3,4,3,8,7,9,0
3,255,4,0,4,0,10,10,4,4,3,3,4,3,8,7,9,0
3,255,4,0,4,0,10,10,4,4,3,2,4,3,8,7,5,0
3,255,4,0,4,0,10,10,4,4,3,2,4,3,8,8,5,0
3,255,4,0,4,0,10,10,4,4,3,2,4,3,8,8,5,0
3,255,4,0,4,0,9,10,4,4,3,2,3,3,8,8,5,0
3,255,4,0,4,0,9,10,4,4,3,2,3,3,8,8,0,0
3,255,4,0,4,0,9,10,4,4,3,2,3,3,8,8,0,0
3,255,4,0,4,0,9,10,4,4,3,2,3,3,8,8,0,0
3,255,4,0,4,0,9,10,4,4,3,2,3,3,8,8,0,0
3,255,4,0,4,0,9,9,4,4,3,2,3,3,8,7,0,0
3,255,4,0,4,0,9,8,4,4,3,2,3,3,8,7,0,0
3,255,4,0,4,0,9,8,4,4,3,2,3,3,7,7,0,0
4,256,4,0,4,0,9,8,4,4,3,2,3,3,7,7,0,0
4,256,4,0,4,0,9,8,4,4,3,2,3,3,7,7,0,0
4,256,4,0,4,0,9,8,4,4,3,2,3,3,7,7,0,0
4,256,4,0,4,0,9,8,4,4,3,2,3,3,7,7,0,0
4,256,4,0,4,0,9,8,4,4,3,2,3,3,7,7,0,0
4,256,4,0,4,0,9,8,4,4,3,2,3,3,7,7,0,0
4,256,4,0,4,0,9,8,4,4,3,2,3,3,8,7,8,0
4,256,4,0,4,0,10,10,4,4,3,2,4,4,8,8,8,1
4,256,4,0,4,0,10,10,4,4,3,3,4,3,8,8,8,1
4,256,4,0,4,0,10,10,4,4,3,2,4,3,8,8,9,1
4,256,4,0,4,0,10,10,4,4,3,3,4,3,8,8,9,1
4,256,4,0,4,0,10,10,4,4,3,1,4,3,8,8,9,1
4,256,4,0,4,0,10,10,4,4,3,3,4,2,8,8,9,1
4,256,4,0,4,0,10,10,4,4,3,3,4,2,8,8,5,1
4,256,4,0,4,0,10,10,4,4,3,2,4,2,8,8,5,1
4,256,4,0,4,0,10,10,4,4,3,1,4,2,8,8,5,1
4,256,4,0,4,0,9,10,4,4,3,1,3,2,8,8,5,1
4,256,4,0,4,0,9,10,4,4,3,1,3,2,8,8,0,1
4,256,4,0,4,0,9,10,4,4,3,1,3,2,8,7,0,1
4,256,4,0,4,0,9,10,4,4,3,1,3,2,8,7,0,1
4,256,4,0,4,0,9,10,4,4,3,1,3,2,8,7,0,1
4,256,4,0,4,0,9,10,4,4,3,1,3,2,8,7,0,1
4,256,4,0,4,0,9,10,4,4,3,1,3,2,8,7,0,1
4,256,4,0,4,0,9,10,4,4,3,1,3,2,7,7,0,1
5,257,4,0,3,0,8,10,3,4,2,1,2,2,7,7,0,1
5,257,4,0,3,0,8,10,3,4,2,1,2,2,7,7,0,1
5,257,4,0,3,0,8,10,3,4,2,1,2,2,7,7,0,1
5,257,4,0,3,0,8,10,3,4,2,1,2,2,7,7,0,1
5,257,4,0,3,0,8,10,3,4,2,1,2,2,7,7,0,1
5,257,4,0,3,0,8,10,3,4,2,1,2,2,7,7,0,1
5,257,4,0,3,0,8,10,3,4,2,1,3,2,10,7,0,1
5,257,4,0,3,0,8,9,3,4,2,1,3,2,10,7,0,0
5,257,4,0,3,0,8,9,3,4,2,1,3,2,10,7,0,0
5,257,4,0,3,0,8,9,3,4,2,1,3,2,10,6,0,0
5,257,4,0,3,0,8,9,3,3,2,1,3,2,10,6,0,0
5,257,4,0,3,0,8,9,3,3,2,1,3,2,10,6,0,0
5,257,4,0,3,0,8,9,3,3,2,1,3,2,10,6,0,0
5,257,4,0,3,0,8,9,3,3,2,1,3,2,10,6,0,0
5,257,4,0,3,0,8,9,3,2,2,1,3,2,10,6,0,0
5,257,4,0,3,0,8,9,3,2,2,1,2,2,8,6,0,0
5,257,4,0,3,0,8,9,3,2,2,1,2,2,8,6,0,0
5,257,4,0,3,0,8,9,3,2,2,1,2,2,8,6,0,0
5,257,4,0,3,0,8,9,3,2,2,1,2,2,8,6,0,0
5,257,4,0,3,0,8,9,3,2,2,1,2,2,8,6,0,0
5,257,4,0,3,0,8,9,3,2,2,1,2,2,8,6,0,0
5,257,4,0,3,0,8,9,3,2,2,1,2,2,8,6,0,0
5,257,4,0,3,0,8,9,3,2,2,1,2,2,8,6,0,0
5,257,4,0,3,0,8,9,3,2,2,1,2,2,7,6,0,0
6,258,4,0,3,0,8,9,3,2,2,1,2,2,4,6,0,0
6,258,4,0,3,0,8,9,3,2,2,1,2,2,4,6,0,0
6,258,4,0,3,0,8,9,3,2,2,1,2,2,4,6,0,0
6,258,4,0,3,0,8,9,3,2,2,1,2,2,4,6,0,0
6,258,4,0,3,0,8,9,3,2,2,1,2,2,4,6,0,0
6,258,4,0,3,0,8,9,3,2,2,1,2,2,4,6,0,0
6,258,4,0,3,0,8,9,3,2,2,1,3,2,4,6,0,0
6,258,4,0,3,0,8,9,3,1,2,1,3,2,5,6,0,0
6,258,4,0,3,0,8,9,3,1,2,1,3,2,5,6,0,0
6,258,4,0,3,0,8,9,3,1,2,1,3,2,5,6,0,0
6,258,4,0,3,0,8,9,3,1,2,1,3,2,5,6,0,0
6,258,4,0,3,0,8,8,3,1,2,1,3,2,5,5,0,0
6,258,4,0,3,0,8,8,3,1,2,1,3,2,5,5,0,0
6,258,4,0,3,0,8,8,3,1,2,1,3,2,5,5,0,0
6,258,4,0,3,0,8,8,3,1,2,1,3,2,5,5,0,0
6,258,4,0,3,0,8,8,3,1,2,1,2,2,4,5,0,0
6,258,4,0,3,0,8,8,3,1,2,1,2,2,4,5,0,0
6,258,4,0,3,0,8,8,3,1,2,1,2,2,4,5,0,0
6,258,4,0,3,0,8,8,3,1,2,1,2,2,4,5,0,0
6,258,4,0,3,0,8,8,3,1,2,1,2,2,4,5,0,0
6,258,4,0,3,0,8,8,3,1,2,1,2,2,4,5,0,0
6,258,4,0,3,0,8,7,3,1,2,1,2,2,4,5,0,0
6,258,4,0,3,0,8,7,3,1,2,1,2,2,4,5,0,0
6,258,4,0,3,0,8,7,3,1,2,1,2,2,4,5,0,0
7,259,4,0,4,0,9,7,4,1,3,1,3,2,7,5,0,0
7,259,4,0,4,0,9,7,4,1,3,1,3,2,7,5,0,0
7,259,4,0,4,0,9,7,4,1,3,1,3,2,7,5,0,0
7,259,4,0,4,0,9,7,4,1,3,1,3,2,7,5,0,0
7,259,4,0,4,0,9,7,4,1,3,1,3,2,7,5,0,0
7,259,4,0,4,0,9,7,4,1,3,1,3,2,7,5,0,0
7,259,4,0,4,0,9,7,4,1,3,1,3,2,8,5,8,0
7,259,4,0,4,0,10,9,4,3,3,2,4,3,8,7,8,1
7,259,4,0,4,0,10,9,4,3,3,3,4,3,8,8,8,1
7,259,4,0,4,0,10,10,4,4,3,3,4,3,8,8,9,1
7,259,4,0,4,0,10,10,4,4,3,3,4,3,8,8,9,1
7,259,4,0,4,0,10,10,4,4,3,3,4,3,8,8,9,1
7,259,4,0,4,0,10,10,4,3,3,3,4,3,8,8,9,1
7,259,4,0,4,0,10,9,4,3,3,3,4,3,8,8,5,1
7,259,4,0,4,0,10,9,4,3,3,3,4,3,8,7,5,1
7,259,4,0,4,0,10,9,4,3,3,3,4,3,8,7,5,1
7,259,4,0,4,0,9,9,4,3,3,3,3,3,8,7,5,1
7,259,4,0,4,0,9,9,4,3,3,3,3,3,8,7,0,1
7,259,4,0,4,0,9,9,4,3,3,3,3,3,8,7,0,1
7,259,4,0,4,0,9,9,4,3,3,3,3,3,8,7,0,1
7,259,4,0,4,0,9,9,4,3,3,3,3,3,8,7,0,1
7,259,4,0,4,0,9,9,4,3,3,3,3,3,8,7,0,1
7,259,4,0,4,0,9,9,4,3,3,3,3,3,8,7,0,1
7,259,4,0,4,0,9,9,4,3,3,3,3,3,7,7,0,1
8,260,4,0,4,0,9,9,4,3,3,3,3,3,4,7,0,1
8,260,4,0,4,0,9,9,4,3,3,3,3,3,4,7,0,1
8,260,4,0,4,0,9,9,4,3,3,3,3,3,4,7,0,1
8,260,4,0,4,0,9,9,4,3,3,3,3,3,4,7,0,1
8,260,4,0,4,0,9,9,4,3,3,3,3,3,4,7,0,1
8,260,4,0,4,0,9,9,4,3,3,3,3,3,4,7,0,1
8,260,4,0,4,0,9,9,4,3,3,3,3,3,4,7,8,1
8,260,4,0,4,0,10,8,4,4,3,3,4,3,5,6,8,2
8,260,4,0,4,0,10,8,4,4,3,3,4,3,5,6,8,3
8,260,4,0,4,0,10,10,4,4,3,3,4,3,5,6,9,3
8,260,4,0,4,0,10,10,4,4,3,3,4,3,5,6,9,3
8,260,4,0,4,0,10,10,4,4,3,3,4,3,5,5,9,3
8,260,4,0,4,0,10,10,4,4,3,3,4,3,5,6,9,3
8,260,4,0,4,0,10,9,4,4,3,3,4,3,5,6,5,3
8,260,4,0,4,0,10,8,4,4,3,3,4,3,5,5,5,2
8,260,4,0,4,0,10,8,4,4,3,3,4,3,4,5,5,2
8,260,4,0,4,0,9,8,4,4,3,3,3,3,4,5,5,2
8,260,4,0,4,0,9,8,4,4,3,3,3,3,4,5,0,2
8,260,4,0,4,0,9,8,4,4,3,3,3,3,4,5,0,2
8,260,4,0,4,0,9,8,4,4,3,3,3,3,4,5,0,2
8,260,4,0,4,0,9,8,4,4,3,3,3,3,4,5,0,2
8,260,4,0,4,0,9,8,4,4,3,3,3,3,4,5,0,2
8,260,4,0,4,0,9,8,4,4,3,3,3,3,4,5,0,1
8,260,4,0,4,0,9,8,4,4,3,3,3,3,4,5,0,1
9,261,4,0,4,0,9,8,4,4,3,3,3,3,7,5,0,1
9,261,4,0,4,0,9,8,4,4,3,3,3,3,7,5,0,1
9,261,4,0,4,0,9,8,4,4,3,3,3,3,7,5,0,1
9,261,4,0,4,0,9,8,4,4,3,3,3,3,7,5,0,1
9,261,4,0,4,0,9,8,4,4,3,3,3,3,7,5,0,1
9,261,4,0,4,0,9,8,4,4,3,3,3,3,7,5,0,1
9,261,4,0,4,0,9,8,4,4,3,3,3,3,10,5,8,1
9,261,4,0,4,0,10,9,4,3,3,3,4,4,10,9,8,1
9,261,4,0,4,0,10,10,4,3,3,3,4,4,10,10,8,2
9,261,4,0,4,0,10,10,4,4,3,3,4,4,10,11,9,2
9,261,4,0,4,0,10,10,4,4,3,3,4,4,10,11,9,3
9,261,4,0,4,0,10,10,4,4,3,3,4,3,10,10,9,3
9,261,4,0,4,0,10,10,4,4,3,3,4,3,10,10,9,3
9,261,4,0,4,0,10,10,4,4,3,3,4,3,10,10,5,3
9,261,4,0,4,0,10,9,4,4,3,3,4,3,10,10,5,3
9,261,4,0,4,0,10,9,4,4,3,3,4,3,8,9,5,2
9,261,4,0,4,0,9,9,4,4,3,3,3,3,8,9,5,2
9,261,4,0,4,0,9,9,4,4,3,3,3,3,8,9,0,2
9,261,4,0,4,0,9,9,4,4,3,3,3,3,8,8,0,2
9,261,4,0,4,0,9,9,4,4,3,3,3,3,8,8,0,2
9,261,4,0,4,0,9,9,4,4,3,3,3,3,8,8,0,2
9,261,4,0,4,0,9,9,4,4,3,3,3,3,8,8,0,2
9,261,4,0,4,0,9,9,4,4,3,2,3,3,8,7,0,2
9,261,4,0,4,0,9,9,4,4,3,2,3,3,7,7,0,2
10,262,4,0,4,0,9,9,4,4,3,2,3,3,7,7,0,2
10,262,4,0,4,0,9,9,4,4,3,2,3,3,7,7,0,2
10,262,4,0,4,0,9,9,4,4,3,2,3,3,7,7,0,2
10,262,4,0,4,0,9,9,4,4,3,2,3,3,7,7,0,2
10,262,4,0,4,0,9,9,4,4,3,2,3,3,7,7,0,2
10,262,4,0,4,0,9,9,4,4,3,2,3,3,7,7,0,2
10,262,4,0,4,0,9,9,4,4,3,2,3,3,8,7,8,2
10,262,4,0,4,0,10,10,4,3,3,2,4,4,8,8,8,0
10,262,4,0,4,0,10,10,4,3,3,2,4,4,8,8,8,0
10,262,4,0,4,0,10,10,4,3,3,2,4,4,8,8,9,0
10,262,4,0,4,0,10,10,4,3,3,2,4,4,8,8,9,0
10,262,4,0,4,0,10,10,4,3,3,2,4,4,8,8,9,0
10,262,4,0,4,0,10,10,4,3,3,2,4,4,8,8,9,0
10,262,4,0,4,0,10,10,4,3,3,2,4,4,8,8,5,0
10,262,4,0,4,0,10,10,4,3,3,2,4,4,8,8,5,0
10,262,4,0,4,0,10,10,4,3,3,2,4,4,8,8,5,0
10,262,4,0,4,0,9,10,4,3,3,2,3,4,8,7,5,0
10,262,4,0,4,0,9,10,4,3,3,2,3,4,8,7,0,0
10,262,4,0,4,0,9,9,4,3,3,2,3,4,8,6,0,0
10,262,4,0,4,0,9,9,4,3,3,2,3,4,8,6,0,0
10,262,4,0,4,0,9,9,4,3,3,2,3,4,8,6,0,0
10,262,4,0,4,0,9,9,4,3,3,2,3,4,8,6,0,0
10,262,4,0,4,0,9,9,4,3,3,2,3,4,8,6,0,0
10,262,4,0,4,0,9,9,4,3,3,2,3,4,7,6,0,0
11,263,4,0,4,0,9,9,4,3,3,2,3,4,7,6,0,0
11,263,4,0,4,0,9,9,4,3,3,2,3,4,7,6,0,0
11,263,4,0,4,0,9,9,4,3,3,2,3,4,7,6,0,0
11,263,4,0,4,0,9,9,4,3,3,2,3,4,7,6,0,0
11,263,4,0,4,0,9,9,4,3,3,2,3,4,7,6,0,0
11,263,4,0,4,0,9,9,4,3,3,2,3,4,7,6,0,0
11,263,4,0,4,0,9,9,4,3,3,2,3,4,8,6,8,0
11,263,4,0,4,0,10,9,4,4,3,3,4,4,8,8,8,0
11,263,4,0,4,0,10,10,4,4,3,3,4,4,8,8,8,1
11,263,4,0,4,0,10,10,4,4,3,3,4,4,8,8,9,1
11,263,4,0,4,0,10,10,4,4,3,3,4,4,8,8,9,1
11,263,4,0,4,0,10,10,4,4,3,3,4,4,8,8,9,1
11,263,4,0,4,0,10,10,4,4,3,3,4,4,8,9,9,1
11,263,4,0,4,0,10,10,4,4,3,3,4,4,8,9,5,1
11,263,4,0,4,0,10,10,4,3,3,3,4,4,8,8,5,1
11,263,4,0,4,0,10,9,4,3,3,3,4,4,8,8,5,1
11,263,4,0,4,0,9,9,4,3,3,2,3,4,8,8,5,1
11,263,4,0,4,0,9,9,4,3,3,2,3,4,8,8,0,1
11,263,4,0,4,0,9,9,4,3,3,2,3,4,8,7,0,0
11,263,4,0,4,0,9,9,4,3,3,2,3,4,8,7,0,0
11,263,4,0,4,0,9,9,4,3,3,2,3,4,8,6,0,0
11,263,4,0,4,0,9,9,4,3,3,2,3,4,8,6,0,0
11,263,4,0,4,0,9,9,4,3,3,2,3,4,8,6,0,0
11,263,4,0,4,0,9,9,4,3,3,2,3,4,7,6,0,0
12,264,4,0,3,0,8,9,3,3,2,2,2,4,7,6,0,0
12,264,4,0,3,0,8,9,3,3,2,2,2,4,7,6,0,0
12,264,4,0,3,0,8,9,3,3,2,2,2,4,7,6,0,0
12,264,4,0,3,0,8,9,3,3,2,2,2,4,7,6,0,0
12,264,4,0,3,0,8,9,3,3,2,2,2,4,7,6,0,0
12,264,4,0,3,0,8,9,3,3,2,2,2,4,7,6,0,0
12,264,4,0,3,0,8,9,3,3,2,2,3,4,10,6,0,0
12,264,4,0,3,0,8,9,3,1,2,2,3,3,10,5,0,0
12,264,4,0,3,0,8,9,3,1,2,2,3,3,10,5,0,0
12,264,4,0,3,0,8,9,3,1,2,2,3,3,10,4,0,0
12,264,4,0,3,0,8,9,3,1,2,2,3,3,10,4,0,0
12,264,4,0,3,0,8,9,3,1,2,2,3,3,10,4,0,0
12,264,4,0,3,0,8,9,3,1,2,2,3,3,10,4,0,0
12,264,4,0,3,0,8,9,3,1,2,2,3,3,10,4,0,0
12,264,4,0,3,0,8,9,3,1,2,2,3,3,10,4,0,0
12,264,4,0,3,0,8,9,3,1,2,2,2,3,8,4,0,0
12,264,4,0,3,0,8,9,3,1,2,2,2,3,8,4,0,0
12,264,4,0,3,0,8,9,3,1,2,2,2,3,8,4,0,0
12,264,4,0,3,0,8,9,3,1,2,2,2,3,8,4,0,0
12,264,4,0,3,0,8,9,3,1,2,2,2,3,8,4,0,0
12,264,4,0,3,0,8,9,3,1,2,2,2,3,8,4,0,0
12,264,4,0,3,0,8,9,3,1,2,2,2,3,8,4,0,0
12,264,4,0,3,0,8,9,3,1,2,2,2,3,8,4,0,0
12,264,4,0,3,0,8,9,3,1,2,2,2,3,7,4,0,0
13,265,4,0,3,0,8,9,3,1,2,2,2,3,4,4,0,0
13,265,4,0,3,0,8,9,3,1,2,2,2,3,4,4,0,0
13,265,4,0,3,0,8,9,3,1,2,2,2,3,4,4,0,0
13,265,4,0,3,0,8,9,3,1,2,2,2,3,4,4,0,0
13,265,4,0,3,0,8,9,3,1,2,2,2,3,4,4,0,0
13,265,4,0,3,0,8,9,3,1,2,2,2,3,4,4,0,0
13,265,4,0,3,0,8,9,3,1,2,2,3,3,4,4,0,0
13,265,4,0,3,0,8,9,3,1,2,2,3,3,5,4,0,0
13,265,4,0,3,0,8,9,3,1,2,2,3,3,5,4,0,0
13,265,4,0,3,0,8,9,3,1,2,2,3,3,5,4,0,0
13,265,4,0,3,0,8,9,3,1,2,2,3,2,5,4,0,0
13,265,4,0,3,0,8,9,3,1,2,2,3,2,5,4,0,0
13,265,4,0,3,0,8,9,3,1,2,2,3,2,5,4,0,0
13,265,4,0,3,0,8,9,3,1,2,2,3,2,5,4,0,0
13,265,4,0,3,0,8,9,3,1,2,2,3,2,5,4,0,0
13,265,4,0,3,0,8,9,3,1,2,2,2,2,4,4,0,0
13,265,4,0,3,0,8,9,3,1,2,2,2,2,4,4,0,0
13,265,4,0,3,0,8,9,3,1,2,2,2,2,4,4,0,0
13,265,4,0,3,0,8,9,3,1,2,2,2,2,4,4,0,0
13,265,4,0,3,0,8,9,3,1,2,2,2,2,4,4,0,0
13,265,4,0,3,0,8,9,3,1,2,2,2,2,4,4,0,0
13,265,4,0,3,0,8,9,3,1,2,2,2,2,4,4,0,0
13,265,4,0,3,0,8,9,3,1,2,2,2,2,4,4,0,0
13,265,4,0,3,0,8,9,3,1,2,2,2,2,4,4,0,0
14,266,4,0,4,0,9,9,4,1,3,2,3,2,7,4,0,0
14,266,4,0,4,0,9,9,4,1,3,2,3,2,7,4,0,0
14,266,4,0,4,0,9,9,4,1,3,2,3,2,7,4,0,0
14,266,4,0,4,0,9,9,4,1,3,2,3,2,7,4,0,0
14,266,4,0,4,0,9,9,4,1,3,2,3,2,7,4,0,0
14,266,4,0,4,0,9,9,4,1,3,2,3,2,7,4,0,0
14,266,4,0,4,0,9,9,4,1,3,2,3,2,8,4,8,0
14,266,4,0,4,0,10,9,4,3,3,2,4,2,8,8,8,2
14,266,4,0,4,0,10,10,4,3,3,2,4,2,8,8,8,2
14,266,4,0,4,0,10,10,4,4,3,2,4,2,8,8,9,2
14,266,4,0,4,0,10,10,4,4,3,2,4,2,8,7,9,2
14,266,4,0,4,0,10,10,4,4,3,2,4,2,8,8,9,2
14,266,4,0,4,0,10,10,4,4,3,2,4,2,8,8,9,2
14,266,4,0,4,0,10,10,4,3,3,2,4,2,8,8,5,2
14,266,4,0,4,0,10,10,4,3,3,2,4,2,8,9,5,2
14,266,4,0,4,0,10,10,4,3,3,2,4,2,8,8,5,1
14,266,4,0,4,0,9,10,4,3,3,2,3,2,8,7,5,1
14,266,4,0,4,0,9,10,4,3,3,2,3,2,8,6,0,1
14,266,4,0,4,0,9,10,4,3,3,2,3,2,8,6,0,1
14,266,4,0,4,0,9,10,4,3,3,2,3,2,8,6,0,0
14,266,4,0,4,0,9,10,4,3,3,2,3,2,8,6,0,0
14,266,4,0,4,0,9,10,4,3,3,2,3,2,8,5,0,0
14,266,4,0,4,0,9,10,4,3,3,2,3,2,8,5,0,0
14,266,4,0,4,0,9,10,4,3,3,2,3,2,7,5,0,0
15,267,4,0,4,0,9,10,4,3,3,2,3,2,4,5,0,0
15,267,4,0,4,0,9,10,4,3,3,2,3,2,4,5,0,0
15,267,4,0,4,0,9,10,4,3,3,2,3,2,4,5,0,0
15,267,4,0,4,0,9,10,4,3,3,2,3,2,4,5,0,0
15,267,4,0,4,0,9,10,4,3,3,2,3,2,4,5,0,0
15,267,4,0,4,0,9,10,4,3,3,2,3,2,4,5,0,0
15,267,4,0,4,0,9,10,4,3,3,2,3,2,4,5,8,0
15,267,4,0,4,0,10,9,4,4,3,3,4,3,5,5,8,2
15,267,4,0,4,0,10,10,4,4,3,3,4,3,5,5,8,3
15,267,4,0,4,0,10,10,4,4,3,3,4,3,5,5,9,4
15,267,4,0,4,0,10,10,4,4,3,3,4,3,5,5,9,4
15,267,4,0,4,0,10,9,4,4,3,3,4,3,5,5,9,4
15,267,4,0,4,0,10,9,4,4,3,3,4,3,5,5,9,4
15,267,4,0,4,0,10,9,4,4,3,3,4,3,5,5,5,4
15,267,4,0,4,0,10,9,4,4,3,3,4,3,5,5,5,4
15,267,4,0,4,0,10,9,4,4,3,3,4,3,4,5,5,0
15,267,4,0,4,0,9,9,4,4,3,3,3,3,4,5,5,0
15,267,4,0,4,0,9,8,4,4,3,3,3,3,4,5,0,0
15,267,4,0,4,0,9,6,4,4,3,3,3,3,4,4,0,0
15,267,4,0,4,0,9,6,4,4,3,3,3,3,4,4,0,0
15,267,4,0,4,0,9,6,4,4,3,3,3,3,4,4,0,0
15,267,4,0,4,0,9,6,4,4,3,3,3,3,4,4,0,0
15,267,4,0,4,0,9,6,4,4,3,2,3,3,4,4,0,0
15,267,4,0,4,0,9,6,4,4,3,2,3,3,4,4,0,0
16,268,4,0,4,0,9,6,4,4,3,2,3,3,7,4,0,0
16,268,4,0,4,0,9,6,4,4,3,2,3,3,7,4,0,0
16,268,4,0,4,0,9,6,4,4,3,2,3,3,7,4,0,0
16,268,4,0,4,0,9,6,4,4,3,2,3,3,7,4,0,0
16,268,4,0,4,0,9,6,4,4,3,2,3,3,7,4,0,0
16,268,4,0,4,0,9,6,4,4,3,2,3,3,7,4,0,0
16,268,4,0,4,0,9,6,4,4,3,2,3,3,10,4,8,0
16,268,4,0,4,0,10,9,4,3,3,2,4,3,10,6,8,1
16,268,4,0,4,0,10,10,4,3,3,2,4,3,10,8,8,1
16,268,4,0,4,0,10,10,4,4,3,2,4,3,10,10,9,2
16,268,4,0,4,0,10,10,4,3,3,2,4,3,10,11,9,2
16,268,4,0,4,0,10,10,4,4,3,2,4,3,10,11,9,2
16,268,4,0,4,0,10,10,4,4,3,2,4,3,10,11,9,2
16,268,4,0,4,0,10,10,4,4,3,2,4,3,10,11,5,2
16,268,4,0,4,0,10,10,4,2,3,2,4,3,10,10,5,2
16,268,4,0,4,0,10,10,4,2,3,2,4,3,8,9,5,2
16,268,4,0,4,0,9,10,4,2,3,2,3,3,8,8,5,1
16,268,4,0,4,0,9,9,4,2,3,2,3,3,8,8,0,1
16,268,4,0,4,0,9,9,4,2,3,2,3,3,8,8,0,1
16,268,4,0,4,0,9,9,4,2,3,2,3,3,8,8,0,1
16,268,4,0,4,0,9,9,4,2,3,2,3,3,8,8,0,1
16,268,4,0,4,0,9,8,4,2,3,2,3,3,8,8,0,1
16,268,4,0,4,0,9,8,4,2,3,2,3,3,8,8,0,0
16,268,4,0,4,0,9,8,4,2,3,2,3,3,7,8,0,0
17,269,4,0,4,0,9,8,4,2,3,2,3,3,7,8,0,0
17,269,4,0,4,0,9,8,4,2,3,2,3,3,7,8,0,0
17,269,4,0,4,0,9,8,4,2,3,2,3,3,7,8,0,0
17,269,4,0,4,0,9,8,4,2,3,2,3,3,7,8,0,0
17,269,4,0,4,0,9,8,4,2,3,2,3,3,7,8,0,0
17,269,4,0,4,0,9,8,4,2,3,2,3,3,7,8,0,0
17,269,4,0,4,0,9,8,4,2,3,2,3,3,8,8,8,0
17,269,4,0,4,0,10,10,4,3,3,2,4,3,8,7,8,0
17,269,4,0,4,0,10,10,4,3,3,2,4,3,8,8,8,0
17,269,4,0,4,0,10,10,4,3,3,2,4,3,8,8,9,0
17,269,4,0,4,0,10,10,4,3,3,2,4,3,8,8,9,0
17,269,4,0,4,0,10,10,4,3,3,2,4,3,8,8,9,0
17,269,4,0,4,0,10,10,4,3,3,1,4,3,8,7,9,0
17,269,4,0,4,0,10,10,4,3,3,1,4,3,8,6,5,0
17,269,4,0,4,0,10,10,4,3,3,1,4,3,8,7,5,0
17,269,4,0,4,0,10,10,4,3,3,1,4,3,8,7,5,0
17,269,4,0,4,0,9,10,4,3,3,1,3,3,8,7,5,0
17,269,4,0,4,0,9,10,4,3,3,1,3,3,8,7,0,0
17,269,4,0,4,0,9,10,4,3,3,1,3,3,8,7,0,0
17,269,4,0,4,0,9,10,4,3,3,1,3,3,8,7,0,0
17,269,4,0,4,0,9,10,4,3,3,1,3,3,8,7,0,0
17,269,4,0,4,0,9,10,4,3,3,1,3,3,8,7,0,0
17,269,4,0,4,0,9,10,4,3,3,1,3,3,8,7,0,0
17,269,4,0,4,0,9,10,4,3,3,1,3,3,7,7,0,0
18,270,4,0,4,0,9,10,4,3,3,1,3,3,7,7,0,0
18,270,4,0,4,0,9,10,4,3,3,1,3,3,7,7,0,0
18,270,4,0,4,0,9,10,4,3,3,1,3,3,7,7,0,0
18,270,4,0,4,0,9,10,4,3,3,1,3,3,7,7,0,0
18,270,4,0,4,0,9,10,4,3,3,1,3,3,7,7,0,0
18,270,4,0,4,0,9,10,4,3,3,1,3,3,7,7,0,0
18,270,4,0,4,0,9,10,4,3,3,1,3,3,8,7,8,0
18,270,4,0,4,0,10,9,4,1,3,2,4,4,8,8,8,1
18,270,4,0,4,0,10,10,4,2,3,3,4,4,8,8,8,1
18,270,4,0,4,0,10,10,4,3,3,3,4,4,8,8,9,2
18,270,4,0,4,0,10,10,4,4,3,3,4,4,8,8,9,2
18,270,4,0,4,0,10,10,4,3,3,3,4,4,8,8,9,2
18,270,4,0,4,0,10,10,4,3,3,3,4,4,8,8,9,2
18,270,4,0,4,0,10,10,4,4,3,2,4,4,8,9,5,2
18,270,4,0,4,0,10,10,4,2,3,2,4,4,8,9,5,2
18,270,4,0,4,0,10,10,4,2,3,2,4,4,8,9,5,2
18,270,4,0,4,0,9,10,4,2,3,2,3,4,8,8,5,1
18,270,4,0,4,0,9,10,4,0,3,1,3,4,8,8,0,1
18,270,4,0,4,0,9,10,4,0,3,1,3,4,8,8,0,1
18,270,4,0,4,0,9,10,4,0,3,1,3,4,8,8,0,1
18,270,4,0,4,0,9,10,4,0,3,1,3,4,8,8,0,1
18,270,4,0,4,0,9,8,4,0,3,1,3,4,8,6,0,1
18,270,4,0,4,0,9,8,4,0,3,1,3,4,8,6,0,0
18,270,4,0,4,0,9,8,4,0,3,1,3,4,7,6,0,0
19,271,4,0,3,0,8,8,3,0,2,1,2,4,7,6,0,0
19,271,4,0,3,0,8,8,3,0,2,1,2,4,7,6,0,0
19,271,4,0,3,0,8,8,3,0,2,1,2,4,7,6,0,0
19,271,4,0,3,0,8,8,3,0,2,1,2,4,7,6,0,0
19,271,4,0,3,0,8,8,3,0,2,1,2,4,7,6,0,0
19,271,4,0,3,0,8,8,3,0,2,1,2,4,7,6,0,0
19,271,4,0,3,0,8,8,3,0,2,1,3,4,10,6,0,0
19,271,4,0,3,0,8,6,3,0,2,1,3,4,10,4,0,0
19,271,4,0,3,0,8,6,3,0,2,1,3,4,10,4,0,0
19,271,4,0,3,0,8,6,3,0,2,1,3,4,10,4,0,0
19,271,4,0,3,0,8,6,3,0,2,1,3,4,10,4,0,0
19,271,4,0,3,0,8,6,3,0,2,1,3,3,10,4,0,0
19,271,4,0,3,0,8,6,3,0,2,1,3,2,10,4,0,0
19,271,4,0,3,0,8,6,3,0,2,1,3,2,10,4,0,0
19,271,4,0,3,0,8,6,3,0,2,1,3,2,10,4,0,0
19,271,4,0,3,0,8,6,3,0,2,1,2,2,8,4,0,0
19,271,4,0,3,0,8,6,3,0,2,1,2,2,8,4,0,0
19,271,4,0,3,0,8,6,3,0,2,1,2,2,8,4,0,0
19,271,4,0,3,0,8,6,3,0,2,1,2,2,8,4,0,0
19,271,4,0,3,0,8,6,3,0,2,1,2,2,8,4,0,0
19,271,4,0,3,0,8,6,3,0,2,1,2,2,8,4,0,0
19,271,4,0,3,0,8,6,3,0,2,1,2,2,8,4,0,0
19,271,4,0,3,0,8,6,3,0,2,1,2,2,8,4,0,0
19,271,4,0,3,0,8,6,3,0,2,1,2,2,7,4,0,0
20,272,4,0,3,0,8,6,3,0,2,1,2,2,4,4,0,0
20,272,4,0,3,0,8,6,3,0,2,1,2,2,4,4,0,0
20,272,4,0,3,0,8,6,3,0,2,1,2,2,4,4,0,0
20,272,4,0,3,0,8,6,3,0,2,1,2,2,4,4,0,0
20,272,4,0,3,0,8,6,3,0,2,1,2,2,4,4,0,0
20,272,4,0,3,0,8,6,3,0,2,1,2,2,4,4,0,0
20,272,4,0,3,0,8,6,3,0,2,1,3,2,4,4,0,0
20,272,4,0,3,0,8,6,3,0,2,1,3,2,5,4,0,0
20,272,4,0,3,0,8,6,3,0,2,1,3,2,5,4,0,0
20,272,4,0,3,0,8,6,3,0,2,1,3,2,5,4,0,0
20,272,4,0,3,0,8,6,3,0,2,1,3,2,5,4,0,0
20,272,4,0,3,0,8,6,3,0,2,1,3,2,5,4,0,0
20,272,4,0,3,0,8,6,3,0,2,1,3,2,5,4,0,0
20,272,4,0,3,0,8,6,3,0,2,1,3,2,5,4,0,0
20,272,4,0,3,0,8,6,3,0,2,1,3,2,5,4,0,0
20,272,4,0,3,0,8,6,3,0,2,1,2,2,4,4,0,0
20,272,4,0,3,0,8,6,3,0,2,1,2,2,4,4,0,0
20,272,4,0,3,0,8,6,3,0,2,1,2,2,4,4,0,0
20,272,4,0,3,0,8,6,3,0,2,1,2,2,4,4,0,0
20,272,4,0,3,0,8,6,3,0,2,1,2,2,4,3,0,0
20,272,4,0,3,0,8,6,3,0,2,1,2,2,4,3,0,0
20,272,4,0,3,0,8,6,3,0,2,1,2,2,4,3,0,0
20,272,4,0,3,0,8,6,3,0,2,1,2,2,4,3,0,0
20,272,4,0,3,0,8,6,3,0,2,1,2,2,4,3,0,0
21,273,4,0,4,0,9,6,4,0,3,1,3,2,7,3,0,0
21,273,4,0,4,0,9,6,4,0,3,1,3,2,7,3,0,0
21,273,4,0,4,0,9,6,4,0,3,1,3,2,7,3,0,0
21,273,4,0,4,0,9,6,4,0,3,1,3,2,7,3,0,0
21,273,4,0,4,0,9,6,4,0,3,1,3,2,7,3,0,0
21,273,4,0,4,0,9,6,4,0,3,1,3,2,7,3,0,0
21,273,4,0,4,0,9,6,4,0,3,1,3,2,8,3,8,0
21,273,4,0,4,0,10,9,4,2,3,2,4,3,8,4,8,1
21,273,4,0,4,0,10,10,4,3,3,3,4,3,8,4,8,1
21,273,4,0,4,0,10,10,4,3,3,3,4,3,8,6,9,1
21,273,4,0,4,0,10,10,4,4,3,3,4,2,8,6,9,1
21,273,4,0,4,0,10,10,4,3,3,3,4,2,8,6,9,1
21,273,4,0,4,0,10,10,4,4,3,3,4,2,8,5,9,1
21,273,4,0,4,0,10,10,4,4,3,3,4,2,8,3,5,1
21,273,4,0,4,0,10,10,4,4,3,3,4,2,8,3,5,1
21,273,4,0,4,0,10,10,4,4,3,3,4,2,8,3,5,1
21,273,4,0,4,0,9,10,4,4,3,3,3,2,8,3,5,1
21,273,4,0,4,0,9,10,4,4,3,3,3,2,8,3,0,1
21,273,4,0,4,0,9,10,4,4,3,3,3,2,8,3,0,1
21,273,4,0,4,0,9,10,4,4,3,3,3,2,8,3,0,0
21,273,4,0,4,0,9,9,4,4,3,3,3,2,8,3,0,0
21,273,4,0,4,0,9,9,4,4,3,3,3,2,8,3,0,0
21,273,4,0,4,0,9,9,4,4,3,3,3,2,8,3,0,0
21,273,4,0,4,0,9,9,4,4,3,3,3,2,7,3,0,0
22,274,4,0,4,0,9,9,4,4,3,3,3,2,4,3,0,0
22,274,4,0,4,0,9,9,4,4,3,3,3,2,4,3,0,0
22,274,4,0,4,0,9,9,4,4,3,3,3,2,4,3,0,0
22,274,4,0,4,0,9,9,4,4,3,3,3,2,4,3,0,0
22,274,4,0,4,0,9,9,4,4,3,3,3,2,4,3,0,0
22,274,4,0,4,0,9,9,4,4,3,3,3,2,4,3,0,0
22,274,4,0,4,0,9,9,4,4,3,3,3,2,4,3,8,0
22,274,4,0,4,0,10,10,4,4,3,2,4,3,5,5,8,5
22,274,4,0,4,0,10,10,4,4,3,3,4,3,5,5,8,6
22,274,4,0,4,0,10,10,4,4,3,3,4,2,5,5,9,7
22,274,4,0,4,0,10,10,4,4,3,3,4,2,5,5,9,8
22,274,4,0,4,0,10,10,4,4,3,3,4,2,5,6,9,8
22,274,4,0,4,0,10,10,4,4,3,3,4,2,5,5,9,7
22,274,4,0,4,0,10,10,4,4,3,3,4,2,5,5,5,6
22,274,4,0,4,0,10,10,4,4,3,3,4,2,5,5,5,6
22,274,4,0,4,0,10,10,4,4,3,3,4,2,4,4,5,2
22,274,4,0,4,0,9,10,4,4,3,3,3,2,4,4,5,2
22,274,4,0,4,0,9,10,4,4,3,3,3,2,4,4,0,2
22,274,4,0,4,0,9,10,4,4,3,3,3,2,4,4,0,2
22,274,4,0,4,0,9,10,4,4,3,3,3,2,4,4,0,2
22,274,4,0,4,0,9,10,4,4,3,3,3,2,4,4,0,2
22,274,4,0,4,0,9,10,4,4,3,3,3,2,4,4,0,2
22,274,4,0,4,0,9,10,4,4,3,3,3,2,4,4,0,2
22,274,4,0,4,0,9,10,4,4,3,3,3,2,4,4,0,2
23,275,4,0,4,0,9,10,4,4,3,3,3,2,7,4,0,2
23,275,4,0,4,0,9,10,4,4,3,3,3,2,7,4,0,2
23,275,4,0,4,0,9,10,4,4,3,3,3,2,7,4,0,2
23,275,4,0,4,0,9,10,4,4,3,3,3,2,7,4,0,2
23,275,4,0,4,0,9,10,4,4,3,3,3,2,7,4,0,2
23,275,4,0,4,0,9,10,4,4,3,3,3,2,7,4,0,2
23,275,4,0,4,0,9,10,4,4,3,3,3,2,10,4,8,2
23,275,4,0,4,0,10,9,4,3,3,3,4,3,10,10,8,1
23,275,4,0,4,0,10,10,4,3,3,3,4,3,10,10,8,1
23,275,4,0,4,0,10,10,4,4,3,3,4,3,10,10,9,1
23,275,4,0,4,0,10,10,4,4,3,3,4,2,10,10,9,1
23,275,4,0,4,0,10,10,4,4,3,3,4,2,10,10,9,1
23,275,4,0,4,0,10,10,4,4,3,3,4,2,10,10,9,1
23,275,4,0,4,0,10,10,4,4,3,3,4,2,10,10,5,1
23,275,4,0,4,0,10,10,4,4,3,3,4,2,10,10,5,1
23,275,4,0,4,0,10,10,4,4,3,3,4,2,8,10,5,1
23,275,4,0,4,0,9,10,4,4,3,3,3,2,8,10,5,1
23,275,4,0,4,0,9,10,4,4,3,3,3,2,8,10,0,1
23,275,4,0,4,0,9,10,4,4,3,3,3,2,8,10,0,1
23,275,4,0,4,0,9,10,4,4,3,3,3,2,8,10,0,1
23,275,4,0,4,0,9,10,4,4,3,3,3,2,8,10,0,1
23,275,4,0,4,0,9,10,4,3,3,3,3,2,8,10,0,1
23,275,4,0,4,0,9,10,4,3,3,3,3,2,8,10,0,1
23,275,4,0,4,0,9,10,4,3,3,3,3,2,7,10,0,1
24,276,4,0,4,0,9,10,4,3,3,3,3,2,7,10,0,1
24,276,4,0,4,0,9,10,4,3,3,3,3,2,7,10,0,1
24,276,4,0,4,0,9,10,4,3,3,3,3,2,7,10,0,1
24,276,4,0,4,0,9,10,4,3,3,3,3,2,7,10,0,1
24,276,4,0,4,0,9,10,4,3,3,3,3,2,7,10,0,1
24,276,4,0,4,0,9,10,4,3,3,3,3,2,7,10,0,1
24,276,4,0,4,0,9,10,4,3,3,3,3,2,8,10,8,1
24,276,4,0,4,0,10,9,4,4,3,3,4,3,8,8,8,1
24,276,4,0,4,0,10,10,4,4,3,3,4,3,8,7,8,1
24,276,4,0,4,0,10,10,4,3,3,3,4,3,8,8,9,1
24,276,4,0,4,0,10,10,4,3,3,3,4,3,8,8,9,0
24,276,4,0,4,0,10,10,4,3,3,3,4,3,8,7,9,0
24,276,4,0,4,0,10,10,4,3,3,3,4,3,8,7,9,0
24,276,4,0,4,0,10,10,4,3,3,3,4,3,8,7,5,0
24,276,4,0,4,0,10,10,4,3,3,3,4,3,8,7,5,0
24,276,4,0,4,0,10,9,4,3,3,3,4,3,8,7,5,0
24,276,4,0,4,0,9,9,4,3,3,3,3,3,8,7,5,0
24,276,4,0,4,0,9,8,4,3,3,3,3,3,8,6,0,0
24,276,4,0,4,0,9,8,4,3,3,3,3,3,8,6,0,0
24,276,4,0,4,0,9,8,4,3,3,3,3,3,8,6,0,0
24,276,4,0,4,0,9,8,4,3,3,3,3,3,8,6,0,0
24,276,4,0,4,0,9,8,4,3,3,3,3,3,8,6,0,0
24,276,4,0,4,0,9,8,4,3,3,3,3,3,8,6,0,0
24,276,4,0,4,0,9,8,4,3,3,3,3,3,7,6,0,0
25,277,4,0,4,0,9,8,4,3,3,3,3,3,7,6,0,0
25,277,4,0,4,0,9,8,4,3,3,3,3,3,7,6,0,0
25,277,4,0,4,0,9,8,4,3,3,3,3,3,7,6,0,0
25,277,4,0,4,0,9,8,4,3,3,3,3,3,7,6,0,0
25,277,4,0,4,0,9,8,4,3,3,3,3,3,7,6,0,0
25,277,4,0,4,0,9,8,4,3,3,3,3,3,7,6,0,0
25,277,4,0,4,0,9,8,4,3,3,3,3,3,8,6,8,0
25,277,4,0,4,0,10,10,4,4,3,3,4,4,8,7,8,1
25,277,4,0,4,0,10,10,4,4,3,3,4,4,8,8,8,1
25,277,4,0,4,0,10,10,4,4,3,3,4,4,8,8,9,2
25,277,4,0,4,0,10,10,4,4,3,3,4,4,8,8,9,3
25,277,4,0,4,0,10,10,4,4,3,3,4,4,8,8,9,4
25,277,4,0,4,0,10,10,4,4,3,3,4,4,8,8,9,4
25,277,4,0,4,0,10,10,4,4,3,3,4,4,8,8,5,4
25,277,4,0,4,0,10,10,4,4,3,3,4,4,8,8,5,4
25,277,4,0,4,0,10,9,4,4,3,3,4,4,8,6,5,2
25,277,4,0,4,0,9,9,4,4,3,3,3,4,8,6,5,2
25,277,4,0,4,0,9,9,4,4,3,3,3,4,8,6,0,1
25,277,4,0,4,0,9,9,4,4,3,3,3,4,8,6,0,1
25,277,4,0,4,0,9,9,4,4,3,3,3,4,8,6,0,1
25,277,4,0,4,0,9,9,4,4,3,3,3,4,8,5,0,1
25,277,4,0,4,0,9,9,4,4,3,3,3,4,8,5,0,1
25,277,4,0,4,0,9,9,4,4,3,3,3,4,8,5,0,1
25,277,4,0,4,0,9,9,4,4,3,3,3,4,7,5,0,1
26,278,4,0,3,0,8,9,3,4,2,3,2,4,7,5,0,1
26,278,4,0,3,0,8,9,3,4,2,3,2,4,7,5,0,1
26,278,4,0,3,0,8,9,3,4,2,3,2,4,7,5,0,1
26,278,4,0,3,0,8,9,3,4,2,3,2,4,7,5,0,1
26,278,4,0,3,0,8,9,3,4,2,3,2,4,7,5,0,1
26,278,4,0,3,0,8,9,3,4,2,3,2,4,7,5,0,1
26,278,4,0,3,0,8,9,3,4,2,3,3,4,10,5,0,1
26,278,4,0,3,0,8,9,3,4,2,3,3,3,10,5,0,0
26,278,4,0,3,0,8,9,3,4,2,3,3,3,10,5,0,0
26,278,4,0,3,0,8,9,3,4,2,2,3,3,10,5,0,0
26,278,4,0,3,0,8,8,3,4,2,2,3,3,10,4,0,0
26,278,4,0,3,0,8,8,3,4,2,2,3,3,10,4,0,0
26,278,4,0,3,0,8,8,3,4,2,2,3,3,10,4,0,0
26,278,4,0,3,0,8,8,3,4,2,2,3,3,10,4,0,0
26,278,4,0,3,0,8,8,3,4,2,2,3,3,10,4,0,0
26,278,4,0,3,0,8,8,3,4,2,2,2,3,8,4,0,0
26,278,4,0,3,0,8,8,3,4,2,2,2,3,8,4,0,0
26,278,4,0,3,0,8,8,3,4,2,2,2,2,8,4,0,0
26,278,4,0,3,0,8,8,3,4,2,2,2,2,8,4,0,0
26,278,4,0,3,0,8,8,3,3,2,2,2,2,8,4,0,0
26,278,4,0,3,0,8,8,3,3,2,2,2,2,8,4,0,0
26,278,4,0,3,0,8,7,3,3,2,2,2,2,8,4,0,0
26,278,4,0,3,0,8,7,3,3,2,2,2,2,8,4,0,0
26,278,4,0,3,0,8,7,3,3,2,2,2,2,7,4,0,0
27,279,4,0,3,0,8,7,3,3,2,2,2,2,4,4,0,0
27,279,4,0,3,0,8,7,3,3,2,2,2,2,4,4,0,0
27,279,4,0,3,0,8,7,3,3,2,2,2,2,4,4,0,0
27,279,4,0,3,0,8,7,3,3,2,2,2,2,4,4,0,0
27,279,4,0,3,0,8,7,3,3,2,2,2,2,4,4,0,0
27,279,4,0,3,0,8,7,3,3,2,2,2,2,4,4,0,0
27,279,4,0,3,0,8,7,3,3,2,2,3,2,4,4,0,0
27,279,4,0,3,0,8,7,3,3,2,2,3,2,5,4,0,0
27,279,4,0,3,0,8,7,3,3,2,2,3,2,5,4,0,0
27,279,4,0,3,0,8,7,3,3,2,2,3,2,5,4,0,0
27,279,4,0,3,0,8,7,3,2,2,2,3,2,5,4,0,0
27,279,4,0,3,0,8,7,3,2,2,2,3,2,5,4,0,0
27,279,4,0,3,0,8,6,3,2,2,2,3,2,5,4,0,0
27,279,4,0,3,0,8,6,3,2,2,2,3,2,5,4,0,0
27,279,4,0,3,0,8,6,3,2,2,2,3,2,5,4,0,0
27,279,4,0,3,0,8,6,3,2,2,2,2,2,4,4,0,0
27,279,4,0,3,0,8,6,3,2,2,2,2,2,4,4,0,0
27,279,4,0,3,0,8,6,3,2,2,2,2,2,4,4,0,0
27,279,4,0,3,0,8,5,3,2,2,2,2,2,4,4,0,0
27,279,4,0,3,0,8,5,3,2,2,2,2,2,4,4,0,0
27,279,4,0,3,0,8,5,3,2,2,2,2,2,4,4,0,0
27,279,4,0,3,0,8,5,3,2,2,2,2,2,4,4,0,0
27,279,4,0,3,0,8,5,3,2,2,2,2,2,4,4,0,0
27,279,4,0,3,0,8,5,3,2,2,2,2,2,4,4,0,0
0,280,4,0,4,0,9,5,4,2,3,2,3,2,7,4,0,0
0,280,4,0,4,0,9,5,4,2,3,2,3,2,7,4,0,0
0,280,4,0,4,0,9,5,4,2,3,2,3,2,7,4,0,0
0,280,4,0,4,0,9,5,4,2,3,2,3,2,7,4,0,0
0,280,4,0,4,0,9,5,4,2,3,2,3,2,7,4,0,0
0,280,4,0,4,0,9,5,4,2,3,2,3,2,7,4,0,0
0,280,4,0,4,0,9,5,4,2,3,2,3,2,8,4,8,0
0,280,4,0,4,0,10,8,4,4,3,2,4,3,8,5,8,2
0,280,4,0,4,0,10,9,4,4,3,3,4,3,8,5,8,2
0,280,4,0,4,0,10,9,4,4,3,3,4,3,8,7,9,2
0,280,4,0,4,0,10,10,4,4,3,3,4,3,8,7,9,2
0,280,4,0,4,0,10,10,4,4,3,3,4,3,8,7,9,2
0,280,4,0,4,0,10,10,4,4,3,3,4,3,8,8,9,2
0,280,4,0,4,0,10,10,4,4,3,3,4,3,8,6,5,2
0,280,4,0,4,0,10,7,4,4,3,3,4,3,8,5,5,2
0,280,4,0,4,0,10,7,4,4,3,3,4,3,8,4,5,1
0,280,4,0,4,0,9,7,4,4,3,3,3,3,8,4,5,0
0,280,4,0,4,0,9,7,4,4,3,3,3,3,8,4,0,0
0,280,4,0,4,0,9,7,4,4,3,3,3,2,8,3,0,0
0,280,4,0,4,0,9,7,4,4,3,3,3,2,8,3,0,0
0,280,4,0,4,0,9,7,4,4,3,3,3,2,8,3,0,0
0,280,4,0,4,0,9,7,4,4,3,3,3,2,8,3,0,0
0,280,4,0,4,0,9,6,4,4,3,3,3,2,8,3,0,0
0,280,4,0,4,0,9,6,4,4,3,3,3,2,7,3,0,0
1,281,4,0,4,0,9,6,4,4,3,3,3,2,4,3,0,0
1,281,4,0,4,0,9,6,4,4,3,3,3,2,4,3,0,0
1,281,4,0,4,0,9,6,4,4,3,3,3,2,4,3,0,0
1,281,4,0,4,0,9,6,4,4,3,3,3,2,4,3,0,0
1,281,4,0,4,0,9,6,4,4,3,3,3,2,4,3,0,0
1,281,4,0,4,0,9,6,4,4,3,3,3,2,4,3,0,0
1,281,4,0,4,0,9,6,4,4,3,3,3,2,4,3,8,0
1,281,4,0,4,0,10,9,4,4,3,2,4,3,5,4,8,1
1,281,4,0,4,0,10,10,4,4,3,3,4,3,5,5,8,1
1,281,4,0,4,0,10,10,4,4,3,3,4,3,5,5,9,2
1,281,4,0,4,0,10,10,4,4,3,3,4,3,5,5,9,2
1,281,4,0,4,0,10,10,4,4,3,3,4,3,5,5,9,2
1,281,4,0,4,0,10,10,4,4,3,3,4,3,5,5,9,1
1,281,4,0,4,0,10,10,4,4,3,3,4,3,5,5,5,1
1,281,4,0,4,0,10,10,4,3,3,3,4,3,5,4,5,1
1,281,4,0,4,0,10,10,4,4,3,3,4,3,4,4,5,1
1,281,4,0,4,0,9,10,4,4,3,3,3,3,4,4,5,1
1,281,4,0,4,0,9,10,4,4,3,3,3,3,4,4,0,1
1,281,4,0,4,0,9,10,4,4,3,3,3,3,4,4,0,1
1,281,4,0,4,0,9,9,4,4,3,3,3,2,4,4,0,1
1,281,4,0,4,0,9,9,4,4,3,3,3,2,4,4,0,1
1,281,4,0,4,0,9,8,4,4,3,3,3,2,4,4,0,0
1,281,4,0,4,0,9,8,4,3,3,3,3,2,4,4,0,0
1,281,4,0,4,0,9,8,4,3,3,3,3,2,4,4,0,0
2,282,4,0,4,0,9,8,4,3,3,3,3,2,7,4,0,0
2,282,4,0,4,0,9,8,4,3,3,3,3,2,7,4,0,0
2,282,4,0,4,0,9,8,4,3,3,3,3,2,7,4,0,0
2,282,4,0,4,0,9,8,4,3,3,3,3,2,7,4,0,0
2,282,4,0,4,0,9,8,4,3,3,3,3,2,7,4,0,0
2,282,4,0,4,0,9,8,4,3,3,3,3,2,7,4,0,0
2,282,4,0,4,0,9,8,4,3,3,3,3,2,10,4,8,0
2,282,4,0,4,0,10,7,4,3,3,3,4,3,10,9,8,1
2,282,4,0,4,0,10,9,4,4,3,3,4,3,10,10,8,1
2,282,4,0,4,0,10,10,4,4,3,3,4,3,10,11,9,1
2,282,4,0,4,0,10,10,4,4,3,3,4,3,10,11,9,1
2,282,4,0,4,0,10,10,4,4,3,3,4,3,10,11,9,1
2,282,4,0,4,0,10,10,4,4,3,3,4,3,10,11,9,1
2,282,4,0,4,0,10,10,4,4,3,3,4,3,10,10,5,0
2,282,4,0,4,0,10,10,4,4,3,3,4,3,10,10,5,0
2,282,4,0,4,0,10,8,4,4,3,3,4,3,8,10,5,0
2,282,4,0,4,0,9,8,4,4,3,3,3,3,8,10,5,0
2,282,4,0,4,0,9,8,4,4,3,3,3,3,8,10,0,0
2,282,4,0,4,0,9,8,4,4,3,3,3,3,8,9,0,0
2,282,4,0,4,0,9,8,4,4,3,3,3,3,8,9,0,0
2,282,4,0,4,0,9,8,4,4,3,3,3,3,8,9,0,0
2,282,4,0,4,0,9,8,4,3,3,3,3,3,8,9,0,0
2,282,4,0,4,0,9,8,4,3,3,3,3,3,8,9,0,0
2,282,4,0,4,0,9,8,4,3,3,3,3,3,7,9,0,0
3,283,4,0,4,0,9,8,4,3,3,3,3,3,7,9,0,0
3,283,4,0,4,0,9,8,4,3,3,3,3,3,7,9,0,0
3,283,4,0,4,0,9,8,4,3,3,3,3,3,7,9,0,0
3,283,4,0,4,0,9,8,4,3,3,3,3,3,7,9,0,0
3,283,4,0,4,0,9,8,4,3,3,3,3,3,7,9,0,0
3,283,4,0,4,0,9,8,4,3,3,3,3,3,7,9,0,0
3,283,4,0,4,0,9,8,4,3,3,3,3,3,8,9,8,0
3,283,4,0,4,0,10,9,4,3,3,2,4,4,8,8,8,0
3,283,4,0,4,0,10,10,4,3,3,2,4,4,8,8,8,0
3,283,4,0,4,0,10,10,4,3,3,2,4,4,8,7,9,0
3,283,4,0,4,0,10,10,4,3,3,2,4,4,8,7,9,0
3,283,4,0,4,0,10,10,4,3,3,2,4,4,8,7,9,0
3,283,4,0,4,0,10,10,4,3,3,2,4,4,8,6,9,0
3,283,4,0,4,0,10,10,4,3,3,2,4,4,8,6,5,0
3,283,4,0,4,0,10,10,4,3,3,2,4,4,8,8,5,0
3,283,4,0,4,0,10,10,4,3,3,2,4,4,8,8,5,0
3,283,4,0,4,0,9,10,4,3,3,2,3,4,8,8,5,0
3,283,4,0,4,0,9,10,4,3,3,2,3,4,8,8,0,0
3,283,4,0,4,0,9,10,4,3,3,2,3,4,8,8,0,0
3,283,4,0,4,0,9,10,4,3,3,2,3,4,8,8,0,0
3,283,4,0,4,0,9,10,4,3,3,2,3,3,8,8,0,0
3,283,4,0,4,0,9,10,4,3,3,2,3,3,8,8,0,0
3,283,4,0,4,0,9,10,4,3,3,2,3,3,8,8,0,0
3,283,4,0,4,0,9,10,4,3,3,2,3,3,7,8,0,0
4,284,4,0,4,0,9,10,4,3,3,2,3,3,7,8,0,0
4,284,4,0,4,0,9,10,4,3,3,2,3,3,7,8,0,0
4,284,4,0,4,0,9,10,4,3,3,2,3,3,7,8,0,0
4,284,4,0,4,0,9,10,4,3,3,2,3,3,7,8,0,0
4,284,4,0,4,0,9,10,4,3,3,2,3,3,7,8,0,0
4,284,4,0,4,0,9,10,4,3,3,2,3,3,7,8,0,0
4,284,4,0,4,0,9,10,4,3,3,2,3,3,8,8,8,0
4,284,4,0,4,0,10,10,4,3,3,3,4,4,8,8,8,1
4,284,4,0,4,0,10,10,4,4,3,3,4,4,8,8,8,1
4,284,4,0,4,0,10,10,4,4,3,3,4,3,8,7,9,1
4,284,4,0,4,0,10,10,4,4,3,3,4,3,8,8,9,1
4,284,4,0,4,0,10,10,4,4,3,3,4,3,8,8,9,1
4,284,4,0,4,0,10,10,4,4,3,3,4,3,8,8,9,1
4,284,4,0,4,0,10,10,4,3,3,3,4,3,8,8,5,1
4,284,4,0,4,0,10,10,4,3,3,3,4,3,8,8,5,1
4,284,4,0,4,0,10,10,4,3,3,2,4,3,8,8,5,1
4,284,4,0,4,0,9,10,4,3,3,2,3,3,8,7,5,1
4,284,4,0,4,0,9,10,4,3,3,2,3,3,8,6,0,1
4,284,4,0,4,0,9,10,4,3,3,2,3,3,8,6,0,1
4,284,4,0,4,0,9,10,4,3,3,2,3,3,8,6,0,1
4,284,4,0,4,0,9,10,4,3,3,2,3,3,8,6,0,1
4,284,4,0,4,0,9,10,4,3,3,2,3,3,8,6,0,1
4,284,4,0,4,0,9,10,4,3,3,2,3,3,8,6,0,1
4,284,4,0,4,0,9,10,4,3,3,2,3,3,7,6,0,1
5,285,4,0,3,0,8,10,3,3,2,2,2,3,7,6,0,1
5,285,4,0,3,0,8,10,3,3,2,2,2,3,7,6,0,1
5,285,4,0,3,0,8,10,3,3,2,2,2,3,7,6,0,1
5,285,4,0,3,0,8,10,3,3,2,2,2,3,7,6,0,1
5,285,4,0,3,0,8,10,3,3,2,2,2,3,7,6,0,1
5,285,4,0,3,0,8,10,3,3,2,2,2,3,7,6,0,1
5,285,4,0,3,0,8,10,3,3,2,2,3,3,10,6,0,1
5,285,4,0,3,0,8,9,3,3,2,2,3,3,10,5,0,1
5,285,4,0,3,0,8,9,3,3,2,2,3,3,10,5,0,1
5,285,4,0,3,0,8,9,3,2,2,2,3,3,10,5,0,0
5,285,4,0,3,0,8,9,3,2,2,2,3,2,10,5,0,0
5,285,4,0,3,0,8,9,3,2,2,2,3,2,10,5,0,0
5,285,4,0,3,0,8,9,3,2,2,2,3,2,10,5,0,0
5,285,4,0,3,0,8,9,3,2,2,2,3,2,10,5,0,0
5,285,4,0,3,0,8,9,3,2,2,2,3,2,10,5,0,0
5,285,4,0,3,0,8,9,3,2,2,2,2,2,8,5,0,0
5,285,4,0,3,0,8,9,3,2,2,2,2,2,8,5,0,0
5,285,4,0,3,0,8,9,3,2,2,2,2,2,8,5,0,0
5,285,4,0,3,0,8,9,3,2,2,2,2,2,8,5,0,0
5,285,4,0,3,0,8,9,3,2,2,2,2,2,8,5,0,0
5,285,4,0,3,0,8,9,3,2,2,2,2,2,8,5,0,0
5,285,4,0,3,0,8,9,3,2,2,2,2,2,8,5,0,0
5,285,4,0,3,0,8,9,3,2,2,2,2,2,8,5,0,0
5,285,4,0,3,0,8,9,3,2,2,2,2,2,7,5,0,0
6,286,4,0,3,0,8,9,3,2,2,2,2,2,4,5,0,0
6,286,4,0,3,0,8,9,3,2,2,2,2,2,4,5,0,0
6,286,4,0,3,0,8,9,3,2,2,2,2,2,4,5,0,0
6,286,4,0,3,0,8,9,3,2,2,2,2,2,4,5,0,0
6,286,4,0,3,0,8,9,3,2,2,2,2,2,4,5,0,0
6,286,4,0,3,0,8,9,3,2,2,2,2,2,4,5,0,0
6,286,4,0,3,0,8,9,3,2,2,2,3,2,4,5,0,0
6,286,4,0,3,0,8,8,3,2,2,2,3,1,5,5,0,0
6,286,4,0,3,0,8,8,3,2,2,2,3,1,5,5,0,0
6,286,4,0,3,0,8,8,3,2,2,2,3,1,5,5,0,0
6,286,4,0,3,0,8,8,3,2,2,2,3,1,5,5,0,0
6,286,4,0,3,0,8,8,3,2,2,2,3,1,5,5,0,0
6,286,4,0,3,0,8,8,3,2,2,2,3,1,5,5,0,0
6,286,4,0,3,0,8,8,3,2,2,2,3,1,5,5,0,0
6,286,4,0,3,0,8,8,3,2,2,2,3,1,5,5,0,0
6,286,4,0,3,0,8,8,3,2,2,2,2,1,4,5,0,0
6,286,4,0,3,0,8,8,3,2,2,2,2,1,4,5,0,0
6,286,4,0,3,0,8,8,3,2,2,2,2,1,4,5,0,0
6,286,4,0,3,0,8,8,3,2,2,2,2,1,4,5,0,0
6,286,4,0,3,0,8,8,3,2,2,2,2,1,4,5,0,0
6,286,4,0,3,0,8,8,3,2,2,2,2,1,4,5,0,0
6,286,4,0,3,0,8,8,3,2,2,2,2,1,4,5,0,0
6,286,4,0,3,0,8,8,3,2,2,2,2,1,4,5,0,0
6,286,4,0,3,0,8,8,3,2,2,2,2,1,4,5,0,0
7,287,4,0,4,0,9,8,4,2,3,2,3,1,7,5,0,0
7,287,4,0,4,0,9,8,4,2,3,2,3,1,7,5,0,0
7,287,4,0,4,0,9,8,4,2,3,2,3,1,7,5,0,0
7,287,4,0,4,0,9,8,4,2,3,2,3,1,7,5,0,0
7,287,4,0,4,0,9,8,4,2,3,2,3,1,7,5,0,0
7,287,4,0,4,0,9,8,4,2,3,2,3,1,7,5,0,0
7,287,4,0,4,0,9,8,4,2,3,2,3,1,8,5,8,0
7,287,4,0,4,0,10,8,4,4,3,3,4,2,8,7,8,1
7,287,4,0,4,0,10,8,4,4,3,3,4,2,8,8,8,1
7,287,4,0,4,0,10,9,4,4,3,3,4,2,8,8,9,1
7,287,4,0,4,0,10,10,4,4,3,3,4,2,8,8,9,1
7,287,4,0,4,0,10,10,4,4,3,3,4,2,8,8,9,1
7,287,4,0,4,0,10,10,4,4,3,3,4,2,8,8,9,1
7,287,4,0,4,0,10,8,4,4,3,3,4,2,8,8,5,1
7,287,4,0,4,0,10,8,4,4,3,3,4,2,8,8,5,1
7,287,4,0,4,0,10,8,4,4,3,3,4,2,8,8,5,1
7,287,4,0,4,0,9,8,4,4,3,3,3,2,8,8,5,1
7,287,4,0,4,0,9,8,4,4,3,3,3,2,8,8,0,1
7,287,4,0,4,0,9,8,4,4,3,3,3,2,8,8,0,1
7,287,4,0,4,0,9,8,4,4,3,3,3,2,8,8,0,1
7,287,4,0,4,0,9,8,4,4,3,3,3,2,8,7,0,0
7,287,4,0,4,0,9,8,4,4,3,3,3,2,8,7,0,0
7,287,4,0,4,0,9,8,4,4,3,2,3,2,8,7,0,0
7,287,4,0,4,0,9,8,4,4,3,2,3,2,7,7,0,0
8,288,4,0,4,0,9,8,4,4,3,2,3,2,4,7,0,0
8,288,4,0,4,0,9,8,4,4,3,2,3,2,4,7,0,0
8,288,4,0,4,0,9,8,4,4,3,2,3,2,4,7,0,0
8,288,4,0,4,0,9,8,4,4,3,2,3,2,4,7,0,0
8,288,4,0,4,0,9,8,4,4,3,2,3,2,4,7,0,0
8,288,4,0,4,0,9,8,4,4,3,2,3,2,4,7,0,0
8,288,4,0,4,0,9,8,4,4,3,2,3,2,4,7,8,0
8,288,4,0,4,0,10,8,4,3,3,3,4,3,5,5,8,2
8,288,4,0,4,0,10,8,4,4,3,3,4,3,5,5,8,3
8,288,4,0,4,0,10,10,4,4,3,3,4,3,5,5,9,3
8,288,4,0,4,0,10,10,4,3,3,3,4,3,5,6,9,3
8,288,4,0,4,0,10,10,4,4,3,3,4,3,5,6,9,3
8,288,4,0,4,0,10,10,4,4,3,3,4,3,5,6,9,3
8,288,4,0,4,0,10,10,4,4,3,3,4,3,5,5,5,2
8,288,4,0,4,0,10,10,4,4,3,3,4,3,5,5,5,2
8,288,4,0,4,0,10,10,4,3,3,3,4,3,4,5,5,2
8,288,4,0,4,0,9,10,4,3,3,3,3,2,4,5,5,2
8,288,4,0,4,0,9,9,4,3,3,3,3,2,4,4,0,1
8,288,4,0,4,0,9,8,4,3,3,3,3,2,4,3,0,1
8,288,4,0,4,0,9,8,4,3,3,3,3,2,4,3,0,1
8,288,4,0,4,0,9,8,4,3,3,3,3,2,4,3,0,1
8,288,4,0,4,0,9,8,4,3,3,3,3,2,4,3,0,0
8,288,4,0,4,0,9,8,4,3,3,3,3,2,4,3,0,0
8,288,4,0,4,0,9,8,4,3,3,3,3,2,4,3,0,0
9,289,4,0,4,0,9,8,4,3,3,3,3,2,7,3,0,0
9,289,4,0,4,0,9,8,4,3,3,3,3,2,7,3,0,0
9,289,4,0,4,0,9,8,4,3,3,3,3,2,7,3,0,0
9,289,4,0,4,0,9,8,4,3,3,3,3,2,7,3,0,0
9,289,4,0,4,0,9,8,4,3,3,3,3,2,7,3,0,0
9,289,4,0,4,0,9,8,4,3,3,3,3,2,7,3,0,0
9,289,4,0,4,0,9,8,4,3,3,3,3,2,10,3,8,0
9,289,4,0,4,0,10,8,4,4,3,3,4,3,10,7,8,1
9,289,4,0,4,0,10,10,4,4,3,2,4,3,10,7,8,2
9,289,4,0,4,0,10,10,4,4,3,3,4,3,10,10,9,2
9,289,4,0,4,0,10,10,4,4,3,3,4,3,10,10,9,3
9,289,4,0,4,0,10,10,4,4,3,3,4,3,10,10,9,3
9,289,4,0,4,0,10,9,4,4,3,3,4,3,10,10,9,3
9,289,4,0,4,0,10,10,4,4,3,3,4,3,10,10,5,3
9,289,4,0,4,0,10,9,4,4,3,3,4,3,10,10,5,2
9,289,4,0,4,0,10,9,4,4,3,3,4,3,8,10,5,2
9,289,4,0,4,0,9,9,4,4,3,3,3,3,8,10,5,2
9,289,4,0,4,0,9,9,4,4,3,3,3,3,8,10,0,2
9,289,4,0,4,0,9,8,4,4,3,3,3,3,8,10,0,2
9,289,4,0,4,0,9,8,4,4,3,3,3,3,8,9,0,2
9,289,4,0,4,0,9,8,4,4,3,3,3,3,8,7,0,2
9,289,4,0,4,0,9,8,4,4,3,3,3,2,8,7,0,2
9,289,4,0,4,0,9,8,4,4,3,3,3,1,8,7,0,2
9,289,4,0,4,0,9,8,4,4,3,3,3,1,7,7,0,2
10,290,4,0,4,0,9,8,4,4,3,3,3,1,7,7,0,2
10,290,4,0,4,0,9,8,4,4,3,3,3,1,7,7,0,2
10,290,4,0,4,0,9,8,4,4,3,3,3,1,7,7,0,2
10,290,4,0,4,0,9,8,4,4,3,3,3,1,7,7,0,2
10,290,4,0,4,0,9,8,4,4,3,3,3,1,7,7,0,2
10,290,4,0,4,0,9,8,4,4,3,3,3,1,7,7,0,2
10,290,4,0,4,0,9,8,4,4,3,3,3,1,8,7,8,2
10,290,4,0,4,0,10,10,4,4,3,3,4,2,8,8,8,0
10,290,4,0,4,0,10,10,4,4,3,3,4,2,8,8,8,0
10,290,4,0,4,0,10,10,4,4,3,3,4,2,8,8,9,0
10,290,4,0,4,0,10,10,4,4,3,3,4,2,8,8,9,0
10,290,4,0,4,0,10,10,4,4,3,3,4,2,8,8,9,0
10,290,4,0,4,0,10,10,4,4,3,3,4,2,8,8,9,0
10,290,4,0,4,0,10,10,4,4,3,3,4,2,8,8,5,0
10,290,4,0,4,0,10,10,4,4,3,3,4,2,8,8,5,0
10,290,4,0,4,0,10,10,4,4,3,3,4,2,8,7,5,0
10,290,4,0,4,0,9,9,4,4,3,3,3,2,8,6,5,0
10,290,4,0,4,0,9,9,4,4,3,3,3,2,8,6,0,0
10,290,4,0,4,0,9,8,4,4,3,3,3,2,8,6,0,0
10,290,4,0,4,0,9,8,4,4,3,3,3,2,8,6,0,0
10,290,4,0,4,0,9,8,4,4,3,2,3,2,8,6,0,0
10,290,4,0,4,0,9,7,4,4,3,2,3,2,8,5,0,0
10,290,4,0,4,0,9,7,4,4,3,2,3,2,8,5,0,0
10,290,4,0,4,0,9,7,4,4,3,2,3,2,7,5,0,0
11,291,4,0,4,0,9,7,4,4,3,2,3,2,7,5,0,0
11,291,4,0,4,0,9,7,4,4,3,2,3,2,7,5,0,0
11,291,4,0,4,0,9,7,4,4,3,2,3,2,7,5,0,0
11,291,4,0,4,0,9,7,4,4,3,2,3,2,7,5,0,0
11,291,4,0,4,0,9,7,4,4,3,2,3,2,7,5,0,0
11,291,4,0,4,0,9,7,4,4,3,2,3,2,7,5,0,0
11,291,4,0,4,0,9,7,4,4,3,2,3,2,8,5,8,0
11,291,4,0,4,0,10,9,4,4,3,3,4,3,8,8,8,0
11,291,4,0,4,0,10,10,4,4,3,3,4,3,8,8,8,1
11,291,4,0,4,0,10,10,4,4,3,3,4,3,8,8,9,1
11,291,4,0,4,0,10,10,4,4,3,3,4,3,8,8,9,1
11,291,4,0,4,0,10,10,4,4,3,3,4,3,8,8,9,1
11,291,4,0,4,0,10,9,4,4,3,3,4,3,8,8,9,1
11,291,4,0,4,0,10,9,4,4,3,3,4,3,8,8,5,1
11,291,4,0,4,0,10,9,4,4,3,3,4,3,8,8,5,1
11,291,4,0,4,0,10,8,4,4,3,3,4,3,8,8,5,1
11,291,4,0,4,0,9,8,4,4,3,3,3,3,8,8,5,1
11,291,4,0,4,0,9,8,4,4,3,3,3,3,8,8,0,1
11,291,4,0,4,0,9,8,4,4,3,3,3,3,8,7,0,1
11,291,4,0,4,0,9,8,4,4,3,3,3,3,8,7,0,1
11,291,4,0,4,0,9,8,4,4,3,3,3,3,8,7,0,0
11,291,4,0,4,0,9,8,4,4,3,2,3,3,8,7,0,0
11,291,4,0,4,0,9,8,4,4,3,2,3,3,8,7,0,0
11,291,4,0,4,0,9,8,4,4,3,2,3,3,7,7,0,0
12,292,4,0,3,0,8,8,3,4,2,2,2,3,7,7,0,0
12,292,4,0,3,0,8,8,3,4,2,2,2,3,7,7,0,0
12,292,4,0,3,0,8,8,3,4,2,2,2,3,7,7,0,0
12,292,4,0,3,0,8,8,3,4,2,2,2,3,7,7,0,0
12,292,4,0,3,0,8,8,3,4,2,2,2,3,7,7,0,0
12,292,4,0,3,0,8,8,3,4,2,2,2,3,7,7,0,0
12,292,4,0,3,0,8,8,3,4,2,2,3,3,10,7,0,0
12,292,4,0,3,0,8,7,3,4,2,2,3,3,10,7,0,0
12,292,4,0,3,0,8,7,3,4,2,2,3,3,10,6,0,0
12,292,4,0,3,0,8,7,3,4,2,2,3,3,10,6,0,0
12,292,4,0,3,0,8,7,3,4,2,2,3,3,10,6,0,0
12,292,4,0,3,0,8,7,3,4,2,2,3,3,10,6,0,0
12,292,4,0,3,0,8,7,3,4,2,2,3,3,10,6,0,0
12,292,4,0,3,0,8,7,3,4,2,2,3,3,10,6,0,0
12,292,4,0,3,0,8,7,3,4,2,2,3,3,10,6,0,0
12,292,4,0,3,0,8,7,3,4,2,2,2,3,8,6,0,0
12,292,4,0,3,0,8,7,3,4,2,2,2,3,8,6,0,0
12,292,4,0,3,0,8,7,3,4,2,2,2,3,8,6,0,0
12,292,4,0,3,0,8,7,3,4,2,2,2,3,8,5,0,0
12,292,4,0,3,0,8,7,3,4,2,2,2,3,8,5,0,0
12,292,4,0,3,0,8,7,3,4,2,2,2,3,8,5,0,0
12,292,4,0,3,0,8,7,3,4,2,2,2,3,8,5,0,0
12,292,4,0,3,0,8,7,3,4,2,2,2,3,8,5,0,0
12,292,4,0,3,0,8,7,3,4,2,2,2,3,7,5,0,0
13,293,4,0,3,0,8,7,3,4,2,2,2,3,4,5,0,0
13,293,4,0,3,0,8,7,3,4,2,2,2,3,4,5,0,0
13,293,4,0,3,0,8,7,3,4,2,2,2,3,4,5,0,0
13,293,4,0,3,0,8,7,3,4,2,2,2,3,4,5,0,0
13,293,4,0,3,0,8,7,3,4,2,2,2,3,4,5,0,0
13,293,4,0,3,0,8,7,3,4,2,2,2,3,4,5,0,0
13,293,4,0,3,0,8,7,3,4,2,2,3,3,4,5,0,0
13,293,4,0,3,0,8,7,3,4,2,2,3,3,5,3,0,0
13,293,4,0,3,0,8,6,3,4,2,2,3,3,5,3,0,0
13,293,4,0,3,0,8,6,3,4,2,2,3,3,5,3,0,0
13,293,4,0,3,0,8,6,3,4,2,2,3,3,5,3,0,0
13,293,4,0,3,0,8,6,3,4,2,2,3,3,5,3,0,0
13,293,4,0,3,0,8,6,3,4,2,2,3,3,5,3,0,0
13,293,4,0,3,0,8,6,3,4,2,2,3,3,5,3,0,0
13,293,4,0,3,0,8,6,3,4,2,2,3,3,5,3,0,0
13,293,4,0,3,0,8,6,3,4,2,2,2,3,4,3,0,0
13,293,4,0,3,0,8,6,3,4,2,2,2,3,4,3,0,0
13,293,4,0,3,0,8,5,3,4,2,2,2,3,4,2,0,0
13,293,4,0,3,0,8,5,3,4,2,2,2,3,4,2,0,0
13,293,4,0,3,0,8,5,3,4,2,2,2,3,4,2,0,0
13,293,4,0,3,0,8,5,3,4,2,2,2,3,4,2,0,0
13,293,4,0,3,0,8,5,3,4,2,2,2,3,4,2,0,0
13,293,4,0,3,0,8,5,3,4,2,2,2,3,4,2,0,0
13,293,4,0,3,0,8,5,3,4,2,2,2,3,4,2,0,0
14,294,4,0,4,0,9,5,4,4,3,2,3,3,7,2,0,0
14,294,4,0,4,0,9,5,4,4,3,2,3,3,7,2,0,0
14,294,4,0,4,0,9,5,4,4,3,2,3,3,7,2,0,0
14,294,4,0,4,0,9,5,4,4,3,2,3,3,7,2,0,0
14,294,4,0,4,0,9,5,4,4,3,2,3,3,7,2,0,0
14,294,4,0,4,0,9,5,4,4,3,2,3,3,7,2,0,0
14,294,4,0,4,0,9,5,4,4,3,2,3,3,8,2,8,0
14,294,4,0,4,0,10,8,4,4,3,2,4,4,8,3,8,2
14,294,4,0,4,0,10,9,4,4,3,2,4,4,8,3,8,2
14,294,4,0,4,0,10,10,4,4,3,3,4,4,8,6,9,2
14,294,4,0,4,0,10,10,4,4,3,3,4,3,8,6,9,2
14,294,4,0,4,0,10,10,4,4,3,3,4,3,8,7,9,2
14,294,4,0,4,0,10,10,4,4,3,3,4,3,8,7,9,2
14,294,4,0,4,0,10,9,4,4,3,3,4,3,8,5,5,2
14,294,4,0,4,0,10,9,4,4,3,3,4,3,8,5,5,2
14,294,4,0,4,0,10,9,4,4,3,3,4,3,8,5,5,2
14,294,4,0,4,0,9,9,4,4,3,3,3,3,8,5,5,2
14,294,4,0,4,0,9,9,4,4,3,3,3,3,8,5,0,2
14,294,4,0,4,0,9,9,4,4,3,3,3,3,8,5,0,2
14,294,4,0,4,0,9,9,4,4,3,3,3,3,8,5,0,1
14,294,4,0,4,0,9,9,4,4,3,3,3,3,8,5,0,0
14,294,4,0,4,0,9,9,4,4,3,3,3,3,8,5,0,0
14,294,4,0,4,0,9,9,4,4,3,3,3,3,8,5,0,0
14,294,4,0,4,0,9,9,4,4,3,3,3,3,7,5,0,0
15,295,4,0,4,0,9,9,4,4,3,3,3,3,4,5,0,0
15,295,4,0,4,0,9,9,4,4,3,3,3,3,4,5,0,0
15,295,4,0,4,0,9,9,4,4,3,3,3,3,4,5,0,0
15,295,4,0,4,0,9,9,4,4,3,3,3,3,4,5,0,0
15,295,4,0,4,0,9,9,4,4,3,3,3,3,4,5,0,0
15,295,4,0,4,0,9,9,4,4,3,3,3,3,4,5,0,0
15,295,4,0,4,0,9,9,4,4,3,3,3,3,4,5,8,0
15,295,4,0,4,0,10,8,4,4,3,3,4,4,5,5,8,2
15,295,4,0,4,0,10,9,4,4,3,3,4,4,5,5,8,3
15,295,4,0,4,0,10,10,4,4,3,3,4,4,5,5,9,4
15,295,4,0,4,0,10,10,4,4,3,3,4,4,5,5,9,4
15,295,4,0,4,0,10,10,4,4,3,3,4,4,5,5,9,4
15,295,4,0,4,0,10,10,4,4,3,3,4,4,5,5,9,3
15,295,4,0,4,0,10,10,4,4,3,3,4,4,5,5,5,3
15,295,4,0,4,0,10,9,4,3,3,3,4,4,5,5,5,3
15,295,4,0,4,0,10,9,4,3,3,3,4,4,4,5,5,2
15,295,4,0,4,0,9,9,4,3,3,3,3,4,4,5,5,2
15,295,4,0,4,0,9,9,4,3,3,3,3,4,4,5,0,2
15,295,4,0,4,0,9,9,4,3,3,3,3,4,4,5,0,2
15,295,4,0,4,0,9,9,4,3,3,3,3,4,4,5,0,2
15,295,4,0,4,0,9,9,4,3,3,3,3,4,4,5,0,2
15,295,4,0,4,0,9,9,4,3,3,3,3,4,4,5,0,2
15,295,4,0,4,0,9,9,4,3,3,3,3,4,4,5,0,1
15,295,4,0,4,0,9,9,4,3,3,3,3,4,4,5,0,1
16,296,4,0,4,0,9,9,4,3,3,3,3,4,7,5,0,1
16,296,4,0,4,0,9,9,4,3,3,3,3,4,7,5,0,1
16,296,4,0,4,0,9,9,4,3,3,3,3,4,7,5,0,1
16,296,4,0,4,0,9,9,4,3,3,3,3,4,7,5,0,1
16,296,4,0,4,0,9,9,4,3,3,3,3,4,7,5,0,1
16,296,4,0,4,0,9,9,4,3,3,3,3,4,7,5,0,1
16,296,4,0,4,0,9,9,4,3,3,3,3,4,10,5,8,1
16,296,4,0,4,0,10,7,4,4,3,3,4,3,10,10,8,1
16,296,4,0,4,0,10,10,4,4,3,3,4,3,10,10,8,1
16,296,4,0,4,0,10,10,4,4,3,3,4,3,10,9,9,2
16,296,4,0,4,0,10,10,4,4,3,3,4,3,10,10,9,2
16,296,4,0,4,0,10,10,4,4,3,3,4,3,10,9,9,1
16,296,4,0,4,0,10,10,4,4,3,3,4,3,10,9,9,1
16,296,4,0,4,0,10,10,4,4,3,3,4,3,10,8,5,1
16,296,4,0,4,0,10,10,4,4,3,3,4,3,10,8,5,1
16,296,4,0,4,0,10,10,4,4,3,3,4,3,8,8,5,1
16,296,4,0,4,0,9,10,4,4,3,3,3,3,8,8,5,1
16,296,4,0,4,0,9,10,4,4,3,3,3,3,8,8,0,1
16,296,4,0,4,0,9,10,4,4,3,3,3,3,8,8,0,1
16,296,4,0,4,0,9,10,4,4,3,3,3,3,8,8,0,0
16,296,4,0,4,0,9,10,4,4,3,3,3,3,8,7,0,0
16,296,4,0,4,0,9,10,4,4,3,3,3,3,8,6,0,0
16,296,4,0,4,0,9,10,4,4,3,3,3,3,8,6,0,0
16,296,4,0,4,0,9,10,4,4,3,3,3,3,7,6,0,0
17,297,4,0,4,0,9,10,4,4,3,3,3,3,7,6,0,0
17,297,4,0,4,0,9,10,4,4,3,3,3,3,7,6,0,0
17,297,4,0,4,0,9,10,4,4,3,3,3,3,7,6,0,0
17,297,4,0,4,0,9,10,4,4,3,3,3,3,7,6,0,0
17,297,4,0,4,0,9,10,4,4,3,3,3,3,7,6,0,0
17,297,4,0,4,0,9,10,4,4,3,3,3,3,7,6,0,0
17,297,4,0,4,0,9,10,4,4,3,3,3,3,8,6,8,0
17,297,4,0,4,0,10,10,4,4,3,3,4,4,8,8,8,0
17,297,4,0,4,0,10,10,4,4,3,3,4,3,8,8,8,0
17,297,4,0,4,0,10,10,4,4,3,3,4,2,8,8,9,0
17,297,4,0,4,0,10,10,4,3,3,3,4,2,8,8,9,0
17,297,4,0,4,0,10,10,4,3,3,3,4,2,8,8,9,0
17,297,4,0,4,0,10,10,4,3,3,3,4,2,8,8,9,0
17,297,4,0,4,0,10,10,4,3,3,3,4,2,8,7,5,0
17,297,4,0,4,0,10,10,4,3,3,3,4,2,8,7,5,0
17,297,4,0,4,0,10,10,4,3,3,3,4,2,8,6,5,0
17,297,4,0,4,0,9,10,4,3,3,3,3,2,8,5,5,0
17,297,4,0,4,0,9,10,4,3,3,3,3,2,8,5,0,0
17,297,4,0,4,0,9,10,4,3,3,3,3,2,8,5,0,0
17,297,4,0,4,0,9,10,4,3,3,3,3,2,8,5,0,0
17,297,4,0,4,0,9,9,4,3,3,3,3,2,8,5,0,0
17,297,4,0,4,0,9,9,4,3,3,3,3,2,8,5,0,0
17,297,4,0,4,0,9,9,4,3,3,3,3,2,8,5,0,0
17,297,4,0,4,0,9,9,4,3,3,3,3,2,7,5,0,0
18,298,4,0,4,0,9,9,4,3,3,3,3,2,7,5,0,0
18,298,4,0,4,0,9,9,4,3,3,3,3,2,7,5,0,0
18,298,4,0,4,0,9,9,4,3,3,3,3,2,7,5,0,0
18,298,4,0,4,0,9,9,4,3,3,3,3,2,7,5,0,0
18,298,4,0,4,0,9,9,4,3,3,3,3,2,7,5,0,0
18,298,4,0,4,0,9,9,4,3,3,3,3,2,7,5,0,0
18,298,4,0,4,0,9,9,4,3,3,3,3,2,8,5,8,0
18,298,4,0,4,0,10,10,4,4,3,3,4,3,8,8,8,1
18,298,4,0,4,0,10,10,4,4,3,3,4,3,8,8,8,1
18,298,4,0,4,0,10,10,4,4,3,3,4,3,8,8,9,2
18,298,4,0,4,0,10,10,4,4,3,3,4,3,8,8,9,2
18,298,4,0,4,0,10,10,4,4,3,3,4,3,8,8,9,2
18,298,4,0,4,0,10,10,4,4,3,3,4,3,8,8,9,2
18,298,4,0,4,0,10,10,4,4,3,3,4,3,8,9,5,2
18,298,4,0,4,0,10,10,4,4,3,3,4,3,8,9,5,2
18,298,4,0,4,0,10,10,4,4,3,3,4,3,8,9,5,2
18,298,4,0,4,0,9,10,4,4,3,3,3,3,8,9,5,2
18,298,4,0,4,0,9,10,4,4,3,3,3,3,8,7,0,1
18,298,4,0,4,0,9,10,4,4,3,3,3,3,8,7,0,1
18,298,4,0,4,0,9,10,4,4,3,3,3,3,8,7,0,1
18,298,4,0,4,0,9,10,4,4,3,3,3,3,8,7,0,1
18,298,4,0,4,0,9,10,4,4,3,3,3,3,8,7,0,1
18,298,4,0,4,0,9,10,4,4,3,3,3,3,8,7,0,1
18,298,4,0,4,0,9,10,4,4,3,3,3,3,7,7,0,1
19,299,4,0,3,0,8,10,3,4,2,3,2,3,7,7,0,1
19,299,4,0,3,0,8,10,3,4,2,3,2,3,7,7,0,1
19,299,4,0,3,0,8,10,3,4,2,3,2,3,7,7,0,1
19,299,4,0,3,0,8,10,3,4,2,3,2,3,7,7,0,1
19,299,4,0,3,0,8,10,3,4,2,3,2,3,7,7,0,1
19,299,4,0,3,0,8,10,3,4,2,3,2,3,7,7,0,1
19,299,4,0,3,0,8,10,3,4,2,3,3,3,10,7,0,1
19,299,4,0,3,0,8,10,3,3,2,3,3,3,10,6,0,0
19,299,4,0,3,0,8,10,3,3,2,3,3,3,10,6,0,0
19,299,4,0,3,0,8,10,3,2,2,3,3,3,10,6,0,0
19,299,4,0,3,0,8,10,3,2,2,3,3,3,10,6,0,0
19,299,4,0,3,0,8,10,3,2,2,3,3,3,10,6,0,0
19,299,4,0,3,0,8,10,3,2,2,3,3,3,10,6,0,0
19,299,4,0,3,0,8,10,3,2,2,3,3,3,10,6,0,0
19,299,4,0,3,0,8,10,3,2,2,3,3,3,10,6,0,0
19,299,4,0,3,0,8,10,3,2,2,3,2,3,8,6,0,0
19,299,4,0,3,0,8,10,3,2,2,3,2,3,8,6,0,0
19,299,4,0,3,0,8,10,3,2,2,3,2,3,8,6,0,0
19,299,4,0,3,0,8,10,3,2,2,3,2,3,8,6,0,0
19,299,4,0,3,0,8,10,3,2,2,3,2,3,8,6,0,0
19,299,4,0,3,0,8,10,3,2,2,3,2,3,8,6,0,0
19,299,4,0,3,0,8,10,3,2,2,3,2,3,8,6,0,0
19,299,4,0,3,0,8,10,3,2,2,3,2,3,8,6,0,0
19,299,4,0,3,0,8,10,3,2,2,3,2,3,7,6,0,0
20,300,4,0,3,0,8,10,3,2,2,3,2,3,4,6,0,0
20,300,4,0,3,0,8,10,3,2,2,3,2,3,4,6,0,0
20,300,4,0,3,0,8,10,3,2,2,3,2,3,4,6,0,0
20,300,4,0,3,0,8,10,3,2,2,3,2,3,4,6,0,0
20,300,4,0,3,0,8,10,3,2,2,3,2,3,4,6,0,0
20,300,4,0,3,0,8,10,3,2,2,3,2,3,4,6,0,0
20,300,4,0,3,0,8,10,3,2,2,3,3,3,4,6,0,0
20,300,4,0,3,0,8,8,3,2,2,3,3,3,5,5,0,0
20,300,4,0,3,0,8,8,3,2,2,3,3,3,5,5,0,0
20,300,4,0,3,0,8,8,3,2,2,3,3,3,5,5,0,0
20,300,4,0,3,0,8,8,3,2,2,3,3,3,5,5,0,0
20,300,4,0,3,0,8,7,3,2,2,3,3,3,5,5,0,0
20,300,4,0,3,0,8,7,3,2,2,3,3,3,5,5,0,0
20,300,4,0,3,0,8,7,3,2,2,3,3,3,5,5,0,0
20,300,4,0,3,0,8,7,3,2,2,3,3,3,5,5,0,0
20,300,4,0,3,0,8,7,3,2,2,3,2,3,4,5,0,0
20,300,4,0,3,0,8,7,3,2,2,3,2,3,4,5,0,0
20,300,4,0,3,0,8,7,3,2,2,3,2,3,4,5,0,0
20,300,4,0,3,0,8,7,3,2,2,3,2,3,4,5,0,0
20,300,4,0,3,0,8,7,3,2,2,3,2,3,4,5,0,0
20,300,4,0,3,0,8,7,3,2,2,3,2,3,4,5,0,0
20,300,4,0,3,0,8,7,3,2,2,3,2,3,4,5,0,0
20,300,4,0,3,0,8,7,3,2,2,3,2,3,4,5,0,0
20,300,4,0,3,0,8,7,3,2,2,3,2,3,4,5,0,0
21,301,4,0,4,0,9,7,4,2,3,3,3,3,7,5,0,0
21,301,4,0,4,0,9,7,4,2,3,3,3,3,7,5,0,0
21,301,4,0,4,0,9,7,4,2,3,3,3,3,7,5,0,0
21,301,4,0,4,0,9,7,4,2,3,3,3,3,7,5,0,0
21,301,4,0,4,0,9,7,4,2,3,3,3,3,7,5,0,0
21,301,4,0,4,0,9,7,4,2,3,3,3,3,7,5,0,0
21,301,4,0,4,0,9,7,4,2,3,3,3,3,8,5,8,0
21,301,4,0,4,0,10,9,4,4,3,3,4,4,8,6,8,1
21,301,4,0,4,0,10,10,4,4,3,3,4,4,8,6,8,1
21,301,4,0,4,0,10,10,4,3,3,3,4,4,8,6,9,1
21,301,4,0,4,0,10,10,4,3,3,3,4,4,8,6,9,1
21,301,4,0,4,0,10,10,4,4,3,3,4,4,8,6,9,1
21,301,4,0,4,0,10,10,4,4,3,3,4,4,8,6,9,1
21,301,4,0,4,0,10,9,4,4,3,3,4,4,8,5,5,1
21,301,4,0,4,0,10,8,4,3,3,3,4,4,8,5,5,1
21,301,4,0,4,0,10,8,4,3,3,3,4,4,8,5,5,1
21,301,4,0,4,0,9,8,4,3,3,3,3,4,8,5,5,0
21,301,4,0,4,0,9,8,4,3,3,3,3,4,8,5,0,0
21,301,4,0,4,0,9,8,4,3,3,3,3,4,8,5,0,0
21,301,4,0,4,0,9,8,4,3,3,3,3,3,8,5,0,0
21,301,4,0,4,0,9,8,4,3,3,3,3,3,8,5,0,0
21,301,4,0,4,0,9,8,4,3,3,3,3,3,8,5,0,0
21,301,4,0,4,0,9,7,4,3,3,3,3,3,8,5,0,0
21,301,4,0,4,0,9,7,4,3,3,3,3,3,7,5,0,0
22,302,4,0,4,0,9,7,4,3,3,3,3,3,4,5,0,0
22,302,4,0,4,0,9,7,4,3,3,3,3,3,4,5,0,0
22,302,4,0,4,0,9,7,4,3,3,3,3,3,4,5,0,0
22,302,4,0,4,0,9,7,4,3,3,3,3,3,4,5,0,0
22,302,4,0,4,0,9,7,4,3,3,3,3,3,4,5,0,0
22,302,4,0,4,0,9,7,4,3,3,3,3,3,4,5,0,0
22,302,4,0,4,0,9,7,4,3,3,3,3,3,4,5,8,0
22,302,4,0,4,0,10,9,4,4,3,3,4,4,5,5,8,5
22,302,4,0,4,0,10,10,4,4,3,3,4,4,5,6,8,6
22,302,4,0,4,0,10,10,4,4,3,3,4,4,5,6,9,7
22,302,4,1,4,0,10,10,4,4,3,3,4,4,5,6,9,8
22,302,4,1,4,0,10,10,4,3,3,3,4,4,5,6,9,8
22,302,4,1,4,0,10,10,4,3,3,3,4,4,5,6,9,8
22,302,4,1,4,0,10,10,4,3,3,3,4,4,5,6,5,7
22,302,4,1,4,0,10,9,4,3,3,3,4,4,5,6,5,7
22,302,4,1,4,0,10,9,4,3,3,3,4,4,4,6,5,4
22,302,4,1,4,0,9,9,4,3,3,3,3,4,4,6,5,4
22,302,4,1,4,0,9,9,4,3,3,3,3,4,4,6,0,4
22,302,4,1,4,0,9,9,4,3,3,3,3,4,4,6,0,4
22,302,4,1,4,0,9,9,4,3,3,3,3,4,4,5,0,3
22,302,4,1,4,0,9,9,4,3,3,3,3,4,4,5,0,3
22,302,4,1,4,0,9,9,4,3,3,3,3,4,4,5,0,3
22,302,4,1,4,0,9,9,4,3,3,3,3,4,4,5,0,2
22,302,4,1,4,0,9,9,4,3,3,3,3,4,4,5,0,2
23,303,4,1,4,0,9,9,4,3,3,3,3,4,7,7,0,2
23,303,4,1,4,0,9,9,4,3,3,3,3,4,7,7,0,2
23,303,4,1,4,0,9,9,4,3,3,3,3,4,7,7,0,2
23,303,4,1,4,0,9,9,4,3,3,3,3,4,7,7,0,2
23,303,4,1,4,0,9,9,4,3,3,3,3,4,7,7,0,2
23,303,4,1,4,0,9,9,4,3,3,3,3,4,7,7,0,2
23,303,4,1,4,0,9,9,4,3,3,3,3,4,10,7,8,2
23,303,4,1,4,0,10,10,4,4,3,3,4,4,10,9,8,0
23,303,4,1,4,0,10,10,4,4,3,3,4,4,10,10,8,0
23,303,4,1,4,0,10,10,4,4,3,3,4,4,10,10,9,0
23,303,4,1,4,0,10,10,4,4,3,3,4,4,10,10,9,0
23,303,4,1,4,0,10,10,4,4,3,3,4,4,10,10,9,0
23,303,4,1,4,0,10,10,4,4,3,3,4,4,10,10,9,0
23,303,4,1,4,0,10,10,4,4,3,3,4,4,10,10,5,0
23,303,4,1,4,0,10,10,4,4,3,3,4,4,10,10,5,0
23,303,4,1,4,0,10,9,4,4,3,3,4,4,8,10,5,0
23,303,4,1,4,0,9,9,4,4,3,3,3,4,8,10,5,0
23,303,4,1,4,0,9,9,4,4,3,3,3,4,8,10,0,0
23,303,4,1,4,0,9,9,4,4,3,3,3,4,8,10,0,0
23,303,4,1,4,0,9,9,4,4,3,3,3,4,8,10,0,0
23,303,4,1,4,0,9,9,4,4,3,3,3,4,8,10,0,0
23,303,4,1,4,0,9,9,4,4,3,3,3,4,8,10,0,0
23,303,4,1,4,0,9,9,4,4,3,3,3,4,8,10,0,0
23,303,4,1,4,0,9,9,4,4,3,3,3,4,7,10,0,0
24,304,4,1,4,0,9,9,4,4,3,3,3,4,7,10,0,0
24,304,4,1,4,0,9,9,4,4,3,3,3,4,7,10,0,0
24,304,4,1,4,0,9,9,4,4,3,3,3,4,7,10,0,0
24,304,4,1,4,0,9,9,4,4,3,3,3,4,7,10,0,0
24,304,4,1,4,0,9,9,4,4,3,3,3,4,7,10,0,0
24,304,4,1,4,0,9,9,4,4,3,3,3,4,7,10,0,0
24,304,4,1,4,0,9,9,4,4,3,3,3,4,8,10,8,0
24,304,4,1,4,0,10,9,4,3,3,3,4,4,8,9,8,0
24,304,4,1,4,0,10,10,4,3,3,3,4,4,8,8,8,0
24,304,4,1,4,0,10,10,4,3,3,3,4,4,8,8,9,0
24,304,4,1,4,0,10,10,4,3,3,3,4,4,8,7,9,0
24,304,4,1,4,0,10,10,4,4,3,3,4,4,8,7,9,0
24,304,4,1,4,0,10,10,4,4,3,3,4,4,8,7,9,0
24,304,4,1,4,0,10,10,4,4,3,3,4,4,8,7,5,0
24,304,4,1,4,0,10,10,4,4,3,3,4,3,8,7,5,0
24,304,4,1,4,0,10,10,4,4,3,3,4,3,8,7,5,0
24,304,4,1,4,0,9,10,4,4,3,3,3,3,8,7,5,0
24,304,4,1,4,0,9,10,4,4,3,3,3,3,8,7,0,0
24,304,4,1,4,0,9,10,4,4,3,3,3,3,8,7,0,0
24,304,4,1,4,0,9,10,4,4,3,3,3,3,8,6,0,0
24,304,4,1,4,0,9,10,4,4,3,3,3,3,8,6,0,0
24,304,4,1,4,0,9,8,4,4,3,3,3,3,8,5,0,0
24,304,4,1,4,0,9,8,4,4,3,3,3,3,8,5,0,0
24,304,4,1,4,0,9,8,4,4,3,3,3,3,7,5,0,0
25,305,4,1,4,0,9,8,4,4,3,3,3,3,7,5,0,0
25,305,4,1,4,0,9,8,4,4,3,3,3,3,7,5,0,0
25,305,4,1,4,0,9,8,4,4,3,3,3,3,7,5,0,0
25,305,4,1,4,0,9,8,4,4,3,3,3,3,7,5,0,0
25,305,4,1,4,0,9,8,4,4,3,3,3,3,7,5,0,0
25,305,4,1,4,0,9,8,4,4,3,3,3,3,7,5,0,0
25,305,4,1,4,0,9,8,4,4,3,3,3,3,8,5,8,0
25,305,4,1,4,0,10,8,4,4,3,3,4,4,8,8,8,1
25,305,4,1,4,0,10,10,4,4,3,3,4,4,8,8,8,1
25,305,4,1,4,0,10,10,4,4,3,3,4,4,8,8,9,2
25,305,4,1,4,0,10,10,4,4,3,3,4,4,8,8,9,3
25,305,4,1,4,0,10,10,4,4,3,3,4,4,8,8,9,4
25,305,4,1,4,0,10,10,4,4,3,3,4,4,8,8,9,4
25,305,4,1,4,0,10,10,4,4,3,3,4,4,8,8,5,4
25,305,4,1,4,0,10,10,4,4,3,3,4,4,8,9,5,4
25,305,4,1,4,0,10,10,4,4,3,3,4,4,8,8,5,2
25,305,4,1,4,0,9,10,4,4,3,3,3,4,8,8,5,2
25,305,4,1,4,0,9,10,4,4,3,3,3,4,8,7,0,1
25,305,4,1,4,0,9,10,4,4,3,3,3,4,8,7,0,1
25,305,4,1,4,0,9,9,4,4,3,3,3,4,8,7,0,1
25,305,4,1,4,0,9,9,4,4,3,3,3,4,8,6,0,1
25,305,4,1,4,0,9,9,4,4,3,3,3,4,8,6,0,1
25,305,4,1,4,0,9,9,4,4,3,3,3,4,8,6,0,1
25,305,4,1,4,0,9,9,4,4,3,3,3,4,7,6,0,1
26,306,4,1,3,0,8,9,3,4,2,3,2,4,7,6,0,1
26,306,4,1,3,0,8,9,3,4,2,3,2,4,7,6,0,1
26,306,4,1,3,0,8,9,3,4,2,3,2,4,7,6,0,1
26,306,4,1,3,0,8,9,3,4,2,3,2,4,7,6,0,1
26,306,4,1,3,0,8,9,3,4,2,3,2,4,7,6,0,1
26,306,4,1,3,0,8,9,3,4,2,3,2,4,7,6,0,1
26,306,4,1,3,0,8,9,3,4,2,3,3,4,10,6,0,1
26,306,4,1,3,0,8,7,3,4,2,3,3,4,10,6,0,0
26,306,4,0,3,0,8,7,3,4,2,3,3,4,10,6,0,0
26,306,4,0,3,0,8,7,3,4,2,3,3,4,10,6,0,0
26,306,4,0,3,0,8,6,3,4,2,3,3,4,10,6,0,0
26,306,4,0,3,0,8,6,3,4,2,3,3,4,10,5,0,0
26,306,4,0,3,0,8,6,3,4,2,3,3,4,10,5,0,0
26,306,4,0,3,0,8,6,3,4,2,3,3,3,10,5,0,0
26,306,4,0,3,0,8,6,3,4,2,3,3,3,10,5,0,0
26,306,4,0,3,0,8,6,3,4,2,3,2,3,8,5,0,0
26,306,4,0,3,0,8,6,3,4,2,3,2,3,8,5,0,0
26,306,4,0,3,0,8,6,3,4,2,3,2,3,8,5,0,0
26,306,4,0,3,0,8,6,3,4,2,3,2,3,8,4,0,0
26,306,4,0,3,0,8,6,3,4,2,3,2,3,8,4,0,0
26,306,4,0,3,0,8,6,3,4,2,3,2,3,8,4,0,0
26,306,4,0,3,0,8,6,3,4,2,3,2,3,8,4,0,0
26,306,4,0,3,0,8,6,3,4,2,3,2,3,8,4,0,0
26,306,4,0,3,0,8,6,3,4,2,3,2,3,7,4,0,0
27,307,4,0,3,0,8,6,3,4,2,3,2,3,4,4,0,0
27,307,4,0,3,0,8,6,3,4,2,3,2,3,4,4,0,0
27,307,4,0,3,0,8,6,3,4,2,3,2,3,4,4,0,0
27,307,4,0,3,0,8,6,3,4,2,3,2,3,4,4,0,0
27,307,4,0,3,0,8,6,3,4,2,3,2,3,4,4,0,0
27,307,4,0,3,0,8,6,3,4,2,3,2,3,4,4,0,0
27,307,4,0,3,0,8,6,3,4,2,3,3,3,4,4,0,0
27,307,4,0,3,0,8,6,3,4,2,3,3,3,5,3,0,0
27,307,4,0,3,0,8,6,3,4,2,3,3,3,5,3,0,0
27,307,4,0,3,0,8,6,3,4,2,3,3,3,5,3,0,0
27,307,4,0,3,0,8,6,3,4,2,3,3,2,5,3,0,0
27,307,4,0,3,0,8,6,3,4,2,3,3,2,5,3,0,0
27,307,4,0,3,0,8,6,3,4,2,3,3,2,5,3,0,0
27,307,4,0,3,0,8,6,3,4,2,3,3,2,5,3,0,0
27,307,4,0,3,0,8,6,3,3,2,3,3,2,5,3,0,0
27,307,4,0,3,0,8,6,3,3,2,3,2,2,4,3,0,0
27,307,4,0,3,0,8,6,3,3,2,3,2,2,4,3,0,0
27,307,4,0,3,0,8,6,3,3,2,3,2,2,4,3,0,0
27,307,4,0,3,0,8,6,3,3,2,3,2,2,4,3,0,0
27,307,4,0,3,0,8,6,3,3,2,3,2,2,4,3,0,0
27,307,4,0,3,0,8,6,3,3,2,3,2,2,4,3,0,0
27,307,4,0,3,0,8,6,3,3,2,3,2,2,4,3,0,0
27,307,4,0,3,0,8,6,3,3,2,3,2,2,4,3,0,0
27,307,4,0,3,0,8,6,3,3,2,3,2,2,4,3,0,0
0,308,4,0,4,0,9,6,4,3,3,3,3,2,7,3,0,0
0,308,4,0,4,0,9,6,4,3,3,3,3,2,7,3,0,0
0,308,4,0,4,0,9,6,4,3,3,3,3,2,7,3,0,0
0,308,4,0,4,0,9,6,4,3,3,3,3,2,7,3,0,0
0,308,4,0,4,0,9,6,4,3,3,3,3,2,7,3,0,0
0,308,4,0,4,0,9,6,4,3,3,3,3,2,7,3,0,0
0,308,4,0,4,0,9,6,4,3,3,3,3,2,8,3,8,0
0,308,4,0,4,0,10,9,4,4,3,3,4,3,8,4,8,2
0,308,4,0,4,0,10,10,4,4,3,3,4,3,8,4,8,2
0,308,4,0,4,0,10,10,4,4,3,3,4,2,8,6,9,2
0,308,4,0,4,0,10,10,4,4,3,3,4,2,8,7,9,2
0,308,4,0,4,0,10,10,4,4,3,3,4,2,8,7,9,2
0,308,4,0,4,0,10,10,4,4,3,3,4,2,8,8,9,2
0,308,4,0,4,0,10,10,4,4,3,3,4,2,8,6,5,2
0,308,4,0,4,0,10,9,4,4,3,3,4,2,8,5,5,2
0,308,4,0,4,0,10,8,4,4,3,3,4,2,8,4,5,2
0,308,4,0,4,0,9,8,4,4,3,3,3,2,8,4,5,2
0,308,4,0,4,0,9,8,4,4,3,3,3,2,8,4,0,2
0,308,4,0,4,0,9,8,4,4,3,3,3,2,8,4,0,2
0,308,4,0,4,0,9,8,4,3,3,3,3,1,8,4,0,2
0,308,4,0,4,0,9,8,4,3,3,3,3,1,8,4,0,2
0,308,4,0,4,0,9,8,4,3,3,3,3,1,8,4,0,2
0,308,4,0,4,0,9,8,4,3,3,3,3,1,8,4,0,2
0,308,4,0,4,0,9,8,4,3,3,3,3,1,7,4,0,2
1,309,4,0,4,0,9,8,4,3,3,3,3,1,4,4,0,2
1,309,4,0,4,0,9,8,4,3,3,3,3,1,4,4,0,2
1,309,4,0,4,0,9,8,4,3,3,3,3,1,4,4,0,2
1,309,4,0,4,0,9,8,4,3,3,3,3,1,4,4,0,2
1,309,4,0,4,0,9,8,4,3,3,3,3,1,4,4,0,2
1,309,4,0,4,0,9,8,4,3,3,3,3,1,4,4,0,2
1,309,4,0,4,0,9,8,4,3,3,3,3,1,4,4,8,2
1,309,4,0,4,0,10,10,4,4,3,3,4,1,5,5,8,2
1,309,4,0,4,0,10,10,4,4,3,3,4,1,5,5,8,2
1,309,4,0,4,0,10,10,4,4,3,3,4,1,5,5,9,3
1,309,4,0,4,0,10,10,4,4,3,3,4,1,5,5,9,3
1,309,4,0,4,0,10,10,4,4,3,3,4,1,5,6,9,3
1,309,4,0,4,0,10,10,4,4,3,3,4,1,5,6,9,3
1,309,4,0,4,0,10,10,4,4,3,3,4,1,5,6,5,3
1,309,4,0,4,0,10,9,4,4,3,3,4,1,5,6,5,3
1,309,4,0,4,0,10,9,4,4,3,3,4,1,4,6,5,3
1,309,4,0,4,0,9,9,4,4,3,3,3,1,4,6,5,2
1,309,4,0,4,0,9,9,4,4,3,3,3,1,4,5,0,1
1,309,4,0,4,0,9,9,4,4,3,3,3,1,4,5,0,1
1,309,4,0,4,0,9,8,4,4,3,3,3,1,4,5,0,0
1,309,4,0,4,0,9,7,4,4,3,3,3,1,4,5,0,0
1,309,4,0,4,0,9,6,4,4,3,3,3,1,4,4,0,0
1,309,4,0,4,0,9,6,4,4,3,3,3,1,4,4,0,0
1,309,4,0,4,0,9,6,4,4,3,3,3,1,4,4,0,0
2,310,4,0,4,0,9,6,4,4,3,3,3,1,7,4,0,0
2,310,4,0,4,0,9,6,4,4,3,3,3,1,7,4,0,0
2,310,4,0,4,0,9,6,4,4,3,3,3,1,7,4,0,0
2,310,4,0,4,0,9,6,4,4,3,3,3,1,7,4,0,0
2,310,4,0,4,0,9,6,4,4,3,3,3,1,7,4,0,0
2,310,4,0,4,0,9,6,4,4,3,3,3,1,7,4,0,0
2,310,4,0,4,0,9,6,4,4,3,3,3,1,10,4,8,0
2,310,4,0,4,0,10,8,4,4,3,3,4,2,10,7,8,1
2,310,4,0,4,0,10,10,4,4,3,3,4,2,10,8,8,1
2,310,4,0,4,0,10,10,4,4,3,3,4,2,10,10,9,1
2,310,4,0,4,0,10,10,4,4,3,3,4,2,10,11,9,1
2,310,4,0,4,0,10,10,4,4,3,2,4,2,10,11,9,1
2,310,4,0,4,0,10,10,4,4,3,2,4,2,10,11,9,1
2,310,4,0,4,0,10,10,4,4,3,2,4,2,10,9,5,0
2,310,4,0,4,0,10,10,4,4,3,2,4,2,10,9,5,0
2,310,4,0,4,0,10,9,4,4,3,2,4,2,8,9,5,0
2,310,4,0,4,0,9,9,4,4,3,2,3,2,8,9,5,0
2,310,4,0,4,0,9,9,4,4,3,2,3,2,8,9,0,0
2,310,4,0,4,0,9,9,4,4,3,2,3,2,8,9,0,0
2,310,4,0,4,0,9,9,4,4,3,2,3,2,8,9,0,0
2,310,4,0,4,0,9,8,4,4,3,2,3,2,8,9,0,0
2,310,4,0,4,0,9,8,4,4,3,2,3,2,8,8,0,0
2,310,4,0,4,0,9,8,4,4,3,2,3,2,8,8,0,0
2,310,4,0,4,0,9,8,4,4,3,2,3,2,7,8,0,0
3,311,4,0,4,0,9,8,4,4,3,2,3,2,7,8,0,0
3,311,4,0,4,0,9,8,4,4,3,2,3,2,7,8,0,0
3,311,4,0,4,0,9,8,4,4,3,2,3,2,7,8,0,0
3,311,4,0,4,0,9,8,4,4,3,2,3,2,7,8,0,0
3,311,4,0,4,0,9,8,4,4,3,2,3,2,7,8,0,0
3,311,4,0,4,0,9,8,4,4,3,2,3,2,7,8,0,0
3,311,4,0,4,0,9,8,4,4,3,2,3,2,8,8,8,0
3,311,4,0,4,0,10,9,4,4,3,3,4,2,8,8,8,0
3,311,4,0,4,0,10,10,4,4,3,3,4,2,8,8,8,0
3,311,4,0,4,0,10,10,4,4,3,3,4,2,8,8,9,0
3,311,4,0,4,0,10,10,4,4,3,3,4,2,8,8,9,0
3,311,4,0,4,0,10,10,4,4,3,3,4,2,8,8,9,0
3,311,4,0,4,0,10,10,4,4,3,3,4,2,8,8,9,0
3,311,4,0,4,0,10,10,4,4,3,3,4,2,8,8,5,0
3,311,4,0,4,0,10,9,4,4,3,3,4,2,8,8,5,0
3,311,4,0,4,0,10,9,4,4,3,3,4,2,8,8,5,0
3,311,4,0,4,0,9,9,4,4,3,3,3,2,8,8,5,0
3,311,4,0,4,0,9,8,4,4,3,3,3,1,8,7,0,0
3,311,4,0,4,0,9,8,4,4,3,3,3,1,8,7,0,0
3,311,4,0,4,0,9,7,4,4,3,3,3,1,8,6,0,0
3,311,4,0,4,0,9,7,4,4,3,3,3,1,8,6,0,0
3,311,4,0,4,0,9,7,4,4,3,3,3,1,8,6,0,0
3,311,4,0,4,0,9,7,4,4,3,3,3,1,8,6,0,0
3,311,4,0,4,0,9,7,4,4,3,3,3,1,7,6,0,0
4,312,4,0,4,0,9,7,4,4,3,3,3,1,7,6,0,0
4,312,4,0,4,0,9,7,4,4,3,3,3,1,7,6,0,0
4,312,4,0,4,0,9,7,4,4,3,3,3,1,7,6,0,0
4,312,4,0,4,0,9,7,4,4,3,3,3,1,7,6,0,0
4,312,4,0,4,0,9,7,4,4,3,3,3,1,7,6,0,0
4,312,4,0,4,0,9,7,4,4,3,3,3,1,7,6,0,0
4,312,4,0,4,0,9,7,4,4,3,3,3,1,8,6,8,0
4,312,4,0,4,0,10,8,4,4,3,3,4,2,8,8,8,1
4,312,4,0,4,0,10,10,4,4,3,3,4,2,8,8,8,1
4,312,4,0,4,0,10,10,4,4,3,3,4,2,8,7,9,1
4,312,4,0,4,0,10,10,4,4,3,3,4,2,8,8,9,1
4,312,4,0,4,0,10,10,4,4,3,3,4,2,8,8,9,1
4,312,4,0,4,0,10,9,4,4,3,3,4,2,8,8,9,1
4,312,4,0,4,0,10,9,4,4,3,3,4,2,8,8,5,1
4,312,4,0,4,0,10,8,4,4,3,3,4,2,8,8,5,1
4,312,4,0,4,0,10,7,4,4,3,3,4,2,8,6,5,1
4,312,4,0,4,0,9,7,4,4,3,3,3,2,8,6,5,1
4,312,4,0,4,0,9,7,4,4,3,3,3,2,8,6,0,1
4,312,4,0,4,0,9,7,4,4,3,3,3,2,8,6,0,1
4,312,4,0,4,0,9,7,4,4,3,3,3,2,8,6,0,1
4,312,4,0,4,0,9,7,4,4,3,3,3,2,8,6,0,1
4,312,4,0,4,0,9,7,4,4,3,3,3,2,8,6,0,1
4,312,4,0,4,0,9,7,4,4,3,3,3,2,8,6,0,1
4,312,4,0,4,0,9,7,4,4,3,3,3,2,7,6,0,1
5,313,4,0,3,0,8,7,3,4,2,3,2,2,7,6,0,1
5,313,4,0,3,0,8,7,3,4,2,3,2,2,7,6,0,1
5,313,4,0,3,0,8,7,3,4,2,3,2,2,7,6,0,1
5,313,4,0,3,0,8,7,3,4,2,3,2,2,7,6,0,1
5,313,4,0,3,0,8,7,3,4,2,3,2,2,7,6,0,1
5,313,4,0,3,0,8,7,3,4,2,3,2,2,7,6,0,1
5,313,4,0,3,0,8,7,3,4,2,3,3,2,10,6,0,1
5,313,4,0,3,0,8,7,3,4,2,3,3,1,10,4,0,0
5,313,4,0,3,0,8,6,3,4,2,3,3,1,10,4,0,0
5,313,4,0,3,0,8,6,3,4,2,3,3,1,10,4,0,0
5,313,4,0,3,0,8,6,3,4,2,3,3,1,10,4,0,0
5,313,4,0,3,0,8,6,3,4,2,3,3,1,10,4,0,0
5,313,4,0,3,0,8,6,3,4,2,3,3,1,10,4,0,0
5,313,4,0,3,0,8,6,3,4,2,3,3,1,10,4,0,0
5,313,4,0,3,0,8,6,3,4,2,3,3,1,10,4,0,0
5,313,4,0,3,0,8,6,3,4,2,3,2,1,8,4,0,0
5,313,4,0,3,0,8,6,3,4,2,3,2,1,8,4,0,0
5,313,4,0,3,0,8,6,3,4,2,3,2,1,8,4,0,0
5,313,4,0,3,0,8,6,3,4,2,3,2,1,8,4,0,0
5,313,4,0,3,0,8,6,3,4,2,3,2,1,8,4,0,0
5,313,4,0,3,0,8,6,3,4,2,3,2,1,8,4,0,0
5,313,4,0,3,0,8,6,3,3,2,3,2,1,8,4,0,0
5,313,4,0,3,0,8,6,3,3,2,3,2,1,8,4,0,0
5,313,4,0,3,0,8,6,3,3,2,3,2,1,7,4,0,0
6,314,4,0,3,0,8,6,3,3,2,3,2,1,4,4,0,0
6,314,4,0,3,0,8,6,3,3,2,3,2,1,4,4,0,0
6,314,4,0,3,0,8,6,3,3,2,3,2,1,4,4,0,0
6,314,4,0,3,0,8,6,3,3,2,3,2,1,4,4,0,0
6,314,4,0,3,0,8,6,3,3,2,3,2,1,4,4,0,0
6,314,4,0,3,0,8,6,3,3,2,3,2,1,4,4,0,0
6,314,4,0,3,0,8,6,3,3,2,3,3,1,4,4,0,0
6,314,4,0,3,0,8,6,3,3,2,3,3,1,5,4,0,0
6,314,4,0,3,0,8,6,3,3,2,3,3,1,5,4,0,0
6,314,4,0,3,0,8,6,3,3,2,3,3,1,5,4,0,0
6,314,4,0,3,0,8,6,3,3,2,3,3,1,5,4,0,0
6,314,4,0,3,0,8,6,3,3,2,3,3,1,5,4,0,0
6,314,4,0,3,0,8,6,3,3,2,3,3,1,5,4,0,0
6,314,4,0,3,0,8,6,3,3,2,3,3,1,5,4,0,0
6,314,4,0,3,0,8,6,3,3,2,3,3,1,5,4,0,0
6,314,4,0,3,0,8,6,3,3,2,3,2,1,4,4,0,0
6,314,4,0,3,0,8,6,3,3,2,3,2,1,4,4,0,0
6,314,4,0,3,0,8,6,3,3,2,3,2,1,4,4,0,0
6,314,4,0,3,0,8,6,3,3,2,3,2,1,4,3,0,0
6,314,4,0,3,0,8,6,3,3,2,3,2,1,4,3,0,0
6,314,4,0,3,0,8,6,3,3,2,3,2,0,4,3,0,0
6,314,4,0,3,0,8,6,3,3,2,3,2,0,4,3,0,0
6,314,4,0,3,0,8,6,3,3,2,3,2,0,4,3,0,0
6,314,4,0,3,0,8,6,3,3,2,3,2,0,4,3,0,0
7,315,4,0,4,0,9,6,4,3,3,3,3,0,7,3,0,0
7,315,4,0,4,0,9,6,4,3,3,3,3,0,7,3,0,0
7,315,4,0,4,0,9,6,4,3,3,3,3,0,7,3,0,0
7,315,4,0,4,0,9,6,4,3,3,3,3,0,7,3,0,0
7,315,4,0,4,0,9,6,4,3,3,3,3,0,7,3,0,0
7,315,4,0,4,0,9,6,4,3,3,3,3,0,7,3,0,0
7,315,4,0,4,0,9,6,4,3,3,3,3,0,8,3,8,0
7,315,4,0,4,0,10,8,4,4,3,3,4,1,8,4,8,1
7,315,4,0,4,0,10,7,4,4,3,3,4,1,8,5,8,1
7,315,4,0,4,0,10,7,4,4,3,3,4,1,8,6,9,1
7,315,4,0,4,0,10,8,4,4,3,3,4,1,8,6,9,1
7,315,4,0,4,0,10,8,4,4,3,3,4,1,8,7,9,1
7,315,4,0,4,0,10,8,4,4,3,3,4,1,8,7,9,1
7,315,4,0,4,0,10,7,4,4,3,3,4,1,8,6,5,1
7,315,4,0,4,0,10,7,4,4,3,3,4,1,8,6,5,1
7,315,4,0,4,0,10,7,4,4,3,3,4,1,8,6,5,0
7,315,4,0,4,0,9,7,4,4,3,3,3,1,8,6,5,0
7,315,4,0,4,0,9,7,4,4,3,3,3,1,8,6,0,0
7,315,4,0,4,0,9,7,4,4,3,3,3,1,8,6,0,0
7,315,4,0,4,0,9,7,4,4,3,3,3,1,8,6,0,0
7,315,4,0,4,0,9,7,4,4,3,3,3,1,8,6,0,0
7,315,4,0,4,0,9,7,4,4,3,3,3,1,8,6,0,0
7,315,4,0,4,0,9,7,4,4,3,3,3,1,8,6,0,0
7,315,4,0,4,0,9,7,4,4,3,3,3,1,7,6,0,0
8,316,4,0,4,0,9,7,4,4,3,3,3,1,4,6,0,0
8,316,4,0,4,0,9,7,4,4,3,3,3,1,4,6,0,0
8,316,4,0,4,0,9,7,4,4,3,3,3,1,4,6,0,0
8,316,4,0,4,0,9,7,4,4,3,3,3,1,4,6,0,0
8,316,4,0,4,0,9,7,4,4,3,3,3,1,4,6,0,0
8,316,4,0,4,0,9,7,4,4,3,3,3,1,4,6,0,0
8,316,4,0,4,0,9,7,4,4,3,3,3,1,4,6,8,0
8,316,4,0,4,0,10,9,4,4,3,3,4,2,5,6,8,2
8,316,4,0,4,0,10,9,4,4,3,3,4,2,5,6,8,3
8,316,4,0,4,0,10,10,4,4,3,3,4,2,5,6,9,3
8,316,4,0,4,0,10,10,4,4,3,3,4,2,5,6,9,3
8,316,4,0,4,0,10,10,4,4,3,3,4,2,5,6,9,3
8,316,4,0,4,0,10,9,4,4,3,3,4,2,5,6,9,3
8,316,4,0,4,0,10,9,4,4,3,3,4,2,5,6,5,3
8,316,4,0,4,0,10,9,4,3,3,3,4,2,5,6,5,2
8,316,4,0,4,0,10,9,4,3,3,3,4,2,4,6,5,1
8,316,4,0,4,0,9,9,4,3,3,3,3,2,4,6,5,1
8,316,4,0,4,0,9,9,4,3,3,3,3,2,4,6,0,1
8,316,4,0,4,0,9,9,4,3,3,3,3,2,4,6,0,1
8,316,4,0,4,0,9,8,4,3,3,3,3,2,4,6,0,1
8,316,4,0,4,0,9,8,4,3,3,3,3,2,4,6,0,1
8,316,4,0,4,0,9,8,4,3,3,3,3,2,4,6,0,1
8,316,4,0,4,0,9,8,4,3,3,3,3,2,4,5,0,1
8,316,4,0,4,0,9,8,4,3,3,3,3,2,4,5,0,1
9,317,4,0,4,0,9,8,4,3,3,3,3,2,7,5,0,1
9,317,4,0,4,0,9,8,4,3,3,3,3,2,7,5,0,1
9,317,4,0,4,0,9,8,4,3,3,3,3,2,7,5,0,1
9,317,4,0,4,0,9,8,4,3,3,3,3,2,7,5,0,1
9,317,4,0,4,0,9,8,4,3,3,3,3,2,7,5,0,1
9,317,4,0,4,0,9,8,4,3,3,3,3,2,7,5,0,1
9,317,4,0,4,0,9,8,4,3,3,3,3,2,10,5,8,1
9,317,4,0,4,0,10,8,4,4,3,3,4,2,10,7,8,1
9,317,4,0,4,0,10,10,4,4,3,3,4,2,10,7,8,2
9,317,4,0,4,0,10,10,4,4,3,3,4,2,10,11,9,2
9,317,4,0,4,0,10,10,4,4,3,3,4,2,10,11,9,3
9,317,4,0,4,0,10,10,4,4,3,3,4,2,10,10,9,3
9,317,4,0,4,0,10,10,4,4,3,3,4,2,10,10,9,3
9,317,4,0,4,0,10,10,4,4,3,3,4,2,10,10,5,3
9,317,4,0,4,0,10,10,4,4,3,3,4,2,10,8,5,2
9,317,4,0,4,0,10,10,4,4,3,3,4,2,8,8,5,2
9,317,4,0,4,0,9,10,4,4,3,3,3,2,8,8,5,2
9,317,4,0,4,0,9,9,4,4,3,3,3,2,8,8,0,2
9,317,4,0,4,0,9,9,4,3,3,3,3,2,8,7,0,2
9,317,4,0,4,0,9,9,4,3,3,3,3,2,8,6,0,2
9,317,4,0,4,0,9,9,4,3,3,3,3,2,8,6,0,1
9,317,4,0,4,0,9,9,4,3,3,3,3,2,8,5,0,1
9,317,4,0,4,0,9,9,4,3,3,3,3,2,8,5,0,1
9,317,4,0,4,0,9,9,4,3,3,3,3,2,7,5,0,1
10,318,4,0,4,0,9,9,4,3,3,3,3,2,7,5,0,1
10,318,4,0,4,0,9,9,4,3,3,3,3,2,7,5,0,1
10,318,4,0,4,0,9,9,4,3,3,3,3,2,7,5,0,1
10,318,4,0,4,0,9,9,4,3,3,3,3,2,7,5,0,1
10,318,4,0,4,0,9,9,4,3,3,3,3,2,7,5,0,1
10,318,4,0,4,0,9,9,4,3,3,3,3,2,7,5,0,1
10,318,4,0,4,0,9,9,4,3,3,3,3,2,8,5,8,1
10,318,4,0,4,0,10,9,4,4,3,3,4,3,8,8,8,0
10,318,4,0,4,0,10,10,4,4,3,3,4,3,8,8,8,0
10,318,4,0,4,0,10,10,4,4,3,3,4,3,8,8,9,0
10,318,4,0,4,0,10,10,4,4,3,3,4,2,8,8,9,0
10,318,4,0,4,0,10,10,4,4,3,3,4,2,8,8,9,0
10,318,4,0,4,0,10,10,4,4,3,3,4,2,8,8,9,0
10,318,4,0,4,0,10,10,4,4,3,3,4,2,8,8,5,0
10,318,4,0,4,0,10,10,4,4,3,3,4,2,8,8,5,0
10,318,4,0,4,0,10,9,4,4,3,3,4,2,8,8,5,0
10,318,4,0,4,0,9,9,4,4,3,3,3,2,8,8,5,0
10,318,4,0,4,0,9,9,4,4,3,3,3,2,8,8,0,0
10,318,4,0,4,0,9,9,4,4,3,3,3,2,8,8,0,0
10,318,4,0,4,0,9,9,4,4,3,3,3,2,8,8,0,0
10,318,4,0,4,0,9,9,4,4,3,3,3,2,8,8,0,0
10,318,4,0,4,0,9,9,4,4,3,3,3,2,8,7,0,0
10,318,4,0,4,0,9,9,4,4,3,3,3,2,8,7,0,0
10,318,4,0,4,0,9,9,4,4,3,3,3,2,7,7,0,0
11,319,4,0,4,0,9,9,4,4,3,3,3,2,7,7,0,0
11,319,4,0,4,0,9,9,4,4,3,3,3,2,7,7,0,0
11,319,4,0,4,0,9,9,4,4,3,3,3,2,7,7,0,0
11,319,4,0,4,0,9,9,4,4,3,3,3,2,7,7,0,0
11,319,4,0,4,0,9,9,4,4,3,3,3,2,7,7,0,0
11,319,4,0,4,0,9,9,4,4,3,3,3,2,7,7,0,0
11,319,4,0,4,0,9,9,4,4,3,3,3,2,8,7,8,0
11,319,4,0,4,0,10,9,4,2,3,3,4,3,8,8,8,0
11,319,4,0,4,0,10,10,4,3,3,3,4,3,8,8,8,1
11,319,4,0,4,0,10,10,4,3,3,3,4,3,8,8,9,1
11,319,4,0,4,0,10,10,4,4,3,3,4,3,8,8,9,1
11,319,4,0,4,0,10,10,4,3,3,3,4,3,8,9,9,1
11,319,4,0,4,0,10,10,4,4,3,3,4,3,8,9,9,1
11,319,4,0,4,0,10,10,4,4,3,3,4,3,8,8,5,1
11,319,4,0,4,0,10,10,4,4,3,3,4,3,8,8,5,1
11,319,4,0,4,0,10,10,4,4,3,3,4,3,8,8,5,1
11,319,4,0,4,0,9,10,4,4,3,3,3,3,8,7,5,0
11,319,4,0,4,0,9,10,4,3,3,3,3,3,8,7,0,0
11,319,4,0,4,0,9,10,4,3,3,3,3,3,8,7,0,0
11,319,4,0,4,0,9,10,4,3,3,3,3,3,8,7,0,0
11,319,4,0,4,0,9,10,4,3,3,3,3,3,8,7,0,0
11,319,4,0,4,0,9,10,4,3,3,3,3,3,8,7,0,0
11,319,4,0,4,0,9,10,4,3,3,3,3,3,8,7,0,0
11,319,4,0,4,0,9,10,4,3,3,3,3,3,7,7,0,0
12,320,4,0,3,0,8,10,3,3,2,3,2,3,7,7,0,0
12,320,4,0,3,0,8,10,3,3,2,3,2,3,7,7,0,0
12,320,4,0,3,0,8,10,3,3,2,3,2,3,7,7,0,0
12,320,4,0,3,0,8,10,3,3,2,3,2,3,7,7,0,0
12,320,4,0,3,0,8,10,3,3,2,3,2,3,7,7,0,0
12,320,4,0,3,0,8,10,3,3,2,3,2,3,7,7,0,0
12,320,4,0,3,0,8,10,3,3,2,3,3,3,10,7,0,0
12,320,4,0,3,0,8,10,3,3,2,3,3,3,10,6,0,0
12,320,4,0,3,0,8,10,3,3,2,3,3,3,10,6,0,0
12,320,4,0,3,0,8,10,3,3,2,3,3,3,10,6,0,0
12,320,4,0,3,0,8,10,3,3,2,3,3,3,10,6,0,0
12,320,4,0,3,0,8,10,3,3,2,3,3,3,10,6,0,0
12,320,4,0,3,0,8,10,3,3,2,3,3,3,10,6,0,0
12,320,4,0,3,0,8,9,3,2,2,3,3,3,10,5,0,0
12,320,4,0,3,0,8,9,3,2,2,3,3,3,10,5,0,0
12,320,4,0,3,0,8,9,3,2,2,3,2,3,8,5,0,0
12,320,4,0,3,0,8,9,3,2,2,3,2,3,8,5,0,0
12,320,4,0,3,0,8,7,3,2,2,3,2,3,8,5,0,0
12,320,4,0,3,0,8,7,3,2,2,3,2,3,8,5,0,0
12,320,4,0,3,0,8,7,3,2,2,3,2,3,8,5,0,0
12,320,4,0,3,0,8,7,3,2,2,3,2,3,8,5,0,0
12,320,4,0,3,0,8,7,3,2,2,3,2,3,8,5,0,0
12,320,4,0,3,0,8,7,3,2,2,3,2,3,8,5,0,0
12,320,4,0,3,0,8,7,3,2,2,3,2,3,7,5,0,0
13,321,4,0,3,0,8,7,3,2,2,3,2,3,4,5,0,0
13,321,4,0,3,0,8,7,3,2,2,3,2,3,4,5,0,0
13,321,4,0,3,0,8,7,3,2,2,3,2,3,4,5,0,0
13,321,4,0,3,0,8,7,3,2,2,3,2,3,4,5,0,0
13,321,4,0,3,0,8,7,3,2,2,3,2,3,4,5,0,0
13,321,4,0,3,0,8,7,3,2,2,3,2,3,4,5,0,0
13,321,4,0,3,0,8,7,3,2,2,3,3,3,4,5,0,0
13,321,4,0,3,0,8,7,3,2,2,3,3,3,5,5,0,0
13,321,4,0,3,0,8,7,3,2,2,3,3,3,5,5,0,0
13,321,4,0,3,0,8,7,3,2,2,3,3,3,5,5,0,0
13,321,4,0,3,0,8,6,3,2,2,3,3,3,5,4,0,0
13,321,4,0,3,0,8,6,3,2,2,3,3,3,5,4,0,0
13,321,4,0,3,0,8,6,3,2,2,3,3,3,5,4,0,0
13,321,4,0,3,0,8,6,3,2,2,3,3,3,5,4,0,0
13,321,4,0,3,0,8,6,3,2,2,3,3,3,5,4,0,0
13,321,4,0,3,0,8,6,3,2,2,3,2,3,4,4,0,0
13,321,4,0,3,0,8,6,3,2,2,3,2,3,4,4,0,0
13,321,4,0,3,0,8,6,3,2,2,3,2,3,4,4,0,0
13,321,4,0,3,0,8,6,3,2,2,3,2,3,4,4,0,0
13,321,4,0,3,0,8,6,3,2,2,3,2,3,4,4,0,0
13,321,4,0,3,0,8,6,3,2,2,3,2,3,4,4,0,0
13,321,4,0,3,0,8,6,3,2,2,3,2,3,4,4,0,0
13,321,4,0,3,0,8,6,3,2,2,3,2,3,4,4,0,0
13,321,4,0,3,0,8,6,3,2,2,3,2,3,4,4,0,0
14,322,4,0,4,0,9,6,4,2,3,3,3,3,7,4,0,0
14,322,4,0,4,0,9,6,4,2,3,3,3,3,7,4,0,0
14,322,4,0,4,0,9,6,4,2,3,3,3,3,7,4,0,0
14,322,4,0,4,0,9,6,4,2,3,3,3,3,7,4,0,0
14,322,4,0,4,0,9,6,4,2,3,3,3,3,7,4,0,0
14,322,4,0,4,0,9,6,4,2,3,3,3,3,7,4,0,0
14,322,4,0,4,0,9,6,4,2,3,3,3,3,8,4,8,0
14,322,4,0,4,0,10,9,4,4,3,3,4,4,8,5,8,2
14,322,4,0,4,0,10,10,4,4,3,3,4,4,8,5,8,2
14,322,4,0,4,0,10,10,4,4,3,3,4,4,8,8,9,2
14,322,4,0,4,0,10,10,4,4,3,3,4,4,8,8,9,2
14,322,4,0,4,0,10,10,4,4,3,3,4,4,8,8,9,2
14,322,4,0,4,0,10,10,4,4,3,3,4,4,8,8,9,2
14,322,4,0,4,0,10,10,4,3,3,3,4,4,8,6,5,2
14,322,4,0,4,0,10,9,4,3,3,3,4,4,8,7,5,2
14,322,4,0,4,0,10,9,4,3,3,3,4,4,8,6,5,1
14,322,4,0,4,0,9,9,4,3,3,3,3,4,8,6,5,1
14,322,4,0,4,0,9,9,4,3,3,3,3,4,8,6,0,1
14,322,4,0,4,0,9,9,4,3,3,3,3,4,8,6,0,1
14,322,4,0,4,0,9,9,4,3,3,3,3,3,8,6,0,1
14,322,4,0,4,0,9,9,4,3,3,3,3,3,8,6,0,1
14,322,4,0,4,0,9,9,4,3,3,3,3,3,8,6,0,1
14,322,4,0,4,0,9,9,4,3,3,3,3,3,8,5,0,1
14,322,4,0,4,0,9,9,4,3,3,3,3,3,7,5,0,1
15,323,4,0,4,0,9,9,4,3,3,3,3,3,4,5,0,1
15,323,4,0,4,0,9,9,4,3,3,3,3,3,4,5,0,1
15,323,4,0,4,0,9,9,4,3,3,3,3,3,4,5,0,1
15,323,4,0,4,0,9,9,4,3,3,3,3,3,4,5,0,1
15,323,4,0,4,0,9,9,4,3,3,3,3,3,4,5,0,1
15,323,4,0,4,0,9,9,4,3,3,3,3,3,4,5,0,1
15,323,4,0,4,0,9,9,4,3,3,3,3,3,4,5,8,1
15,323,4,0,4,0,10,9,4,4,3,3,4,3,5,5,8,2
15,323,4,0,4,0,10,10,4,4,3,3,4,3,5,5,8,3
15,323,4,0,4,0,10,10,4,3,3,3,4,3,5,5,9,4
15,323,4,0,4,0,10,10,4,4,3,3,4,3,5,5,9,4
15,323,4,0,4,0,10,10,4,4,3,3,4,3,5,6,9,4
15,323,4,0,4,0,10,10,4,4,3,3,4,3,5,6,9,4
15,323,4,0,4,0,10,10,4,4,3,3,4,3,5,5,5,3
15,323,4,0,4,0,10,10,4,4,3,3,4,3,5,5,5,3
15,323,4,0,4,0,10,10,4,4,3,3,4,3,4,5,5,2
15,323,4,0,4,0,9,10,4,4,3,3,3,3,4,5,5,2
15,323,4,0,4,0,9,10,4,4,3,3,3,3,4,5,0,2
15,323,4,0,4,0,9,10,4,4,3,3,3,3,4,5,0,2
15,323,4,0,4,0,9,10,4,4,3,3,3,3,4,5,0,2
15,323,4,0,4,0,9,10,4,4,3,3,3,3,4,5,0,2
15,323,4,0,4,0,9,9,4,4,3,3,3,3,4,5,0,2
15,323,4,0,4,0,9,9,4,4,3,3,3,3,4,5,0,2
15,323,4,0,4,0,9,9,4,4,3,3,3,3,4,5,0,2
16,324,4,0,4,0,9,9,4,4,3,3,3,3,7,5,0,2
16,324,4,0,4,0,9,9,4,4,3,3,3,3,7,5,0,2
16,324,4,0,4,0,9,9,4,4,3,3,3,3,7,5,0,2
16,324,4,0,4,0,9,9,4,4,3,3,3,3,7,5,0,2
16,324,4,0,4,0,9,9,4,4,3,3,3,3,7,5,0,2
16,324,4,0,4,0,9,9,4,4,3,3,3,3,7,5,0,2
16,324,4,0,4,0,9,9,4,4,3,3,3,3,10,5,8,2
16,324,4,0,4,0,10,9,4,4,3,3,4,4,10,10,8,1
16,324,4,0,4,0,10,10,4,4,3,3,4,4,10,10,8,1
16,324,4,0,4,0,10,10,4,4,3,3,4,3,10,11,9,2
16,324,4,0,4,0,10,10,4,4,3,3,4,3,10,11,9,2
16,324,4,0,4,0,10,10,4,4,3,3,4,3,10,11,9,2
16,324,4,0,4,0,10,10,4,4,3,3,4,3,10,10,9,1
16,324,4,0,4,0,10,10,4,4,3,3,4,3,10,11,5,1
16,324,4,0,4,0,10,10,4,4,3,3,4,3,10,10,5,0
16,324,4,0,4,0,10,10,4,4,3,3,4,3,8,10,5,0
16,324,4,0,4,0,9,10,4,4,3,3,3,3,8,10,5,0
16,324,4,0,4,0,9,10,4,4,3,3,3,3,8,9,0,0
16,324,4,0,4,0,9,10,4,4,3,3,3,3,8,9,0,0
16,324,4,0,4,0,9,10,4,4,3,3,3,3,8,9,0,0
16,324,4,0,4,0,9,10,4,4,3,3,3,3,8,9,0,0
16,324,4,0,4,0,9,10,4,4,3,3,3,3,8,9,0,0
16,324,4,0,4,0,9,10,4,3,3,2,3,3,8,9,0,0
16,324,4,0,4,0,9,10,4,3,3,2,3,3,7,9,0,0
17,325,4,0,4,0,9,10,4,3,3,2,3,3,7,9,0,0
17,325,4,0,4,0,9,10,4,3,3,2,3,3,7,9,0,0
17,325,4,0,4,0,9,10,4,3,3,2,3,3,7,9,0,0
17,325,4,0,4,0,9,10,4,3,3,2,3,3,7,9,0,0
17,325,4,0,4,0,9,10,4,3,3,2,3,3,7,9,0,0
17,325,4,0,4,0,9,10,4,3,3,2,3,3,7,9,0,0
17,325,4,0,4,0,9,10,4,3,3,2,3,3,8,9,8,0
17,325,4,0,4,0,10,9,4,4,3,2,4,4,8,8,8,0
17,325,4,0,4,0,10,10,4,4,3,2,4,4,8,8,8,0
17,325,4,0,4,0,10,10,4,4,3,2,4,4,8,8,9,0
17,325,4,0,4,0,10,10,4,4,3,2,4,4,8,8,9,0
17,325,4,0,4,0,10,10,4,4,3,2,4,4,8,8,9,0
17,325,4,0,4,0,10,10,4,4,3,2,4,4,8,8,9,0
17,325,4,0,4,0,10,10,4,4,3,2,4,4,8,8,5,0
17,325,4,0,4,0,10,10,4,4,3,2,4,4,8,8,5,0
17,325,4,0,4,0,10,10,4,4,3,2,4,4,8,8,5,0
17,325,4,0,4,0,9,10,4,4,3,2,3,4,8,8,5,0
17,325,4,0,4,0,9,10,4,4,3,2,3,4,8,8,0,0
17,325,4,0,4,0,9,10,4,4,3,2,3,4,8,8,0,0
17,325,4,0,4,0,9,10,4,4,3,2,3,4,8,8,0,0
17,325,4,0,4,0,9,10,4,4,3,2,3,4,8,8,0,0
17,325,4,0,4,0,9,10,4,4,3,2,3,4,8,8,0,0
17,325,4,0,4,0,9,10,4,4,3,2,3,4,8,7,0,0
17,325,4,0,4,0,9,10,4,4,3,2,3,4,7,7,0,0
18,326,4,0,4,0,9,10,4,4,3,2,3,4,7,7,0,0
18,326,4,0,4,0,9,10,4,4,3,2,3,4,7,7,0,0
18,326,4,0,4,0,9,10,4,4,3,2,3,4,7,7,0,0
18,326,4,0,4,0,9,10,4,4,3,2,3,4,7,7,0,0
18,326,4,0,4,0,9,10,4,4,3,2,3,4,7,7,0,0
18,326,4,0,4,0,9,10,4,4,3,2,3,4,7,7,0,0
18,326,4,0,4,0,9,10,4,4,3,2,3,4,8,7,8,0
18,326,4,0,4,0,10,10,4,3,3,3,4,4,8,8,8,1
18,326,4,0,4,0,10,10,4,4,3,3,4,4,8,8,8,1
18,326,4,0,4,0,10,10,4,4,3,3,4,4,8,8,9,2
18,326,4,0,4,0,10,10,4,4,3,3,4,4,8,8,9,2
18,326,4,0,4,0,10,10,4,4,3,3,4,4,8,9,9,2
18,326,4,0,4,0,10,10,4,4,3,3,4,4,8,9,9,2
18,326,4,0,4,0,10,10,4,4,3,3,4,4,8,9,5,2
18,326,4,0,4,0,10,10,4,4,3,3,4,4,8,9,5,2
18,326,4,0,4,0,10,10,4,4,3,3,4,4,8,9,5,2
18,326,4,0,4,0,9,10,4,4,3,3,3,4,8,8,5,1
18,326,4,0,4,0,9,10,4,4,3,3,3,4,8,8,0,1
18,326,4,0,4,0,9,9,4,4,3,3,3,4,8,8,0,1
18,326,4,0,4,0,9,9,4,4,3,3,3,4,8,8,0,1
18,326,4,0,4,0,9,9,4,4,3,3,3,4,8,8,0,1
18,326,4,0,4,0,9,9,4,4,3,3,3,4,8,8,0,1
18,326,4,0,4,0,9,9,4,4,3,3,3,4,8,8,0,1
18,326,4,0,4,0,9,9,4,4,3,3,3,4,7,8,0,1
19,327,4,0,3,0,8,9,3,4,2,3,2,4,7,8,0,1
19,327,4,0,3,0,8,9,3,4,2,3,2,4,7,8,0,1
19,327,4,0,3,0,8,9,3,4,2,3,2,4,7,8,0,1
19,327,4,0,3,0,8,9,3,4,2,3,2,4,7,8,0,1
19,327,4,0,3,0,8,9,3,4,2,3,2,4,7,8,0,1
19,327,4,0,3,0,8,9,3,4,2,3,2,4,7,8,0,1
19,327,4,0,3,0,8,9,3,4,2,3,3,4,10,8,0,1
19,327,4,0,3,0,8,8,3,3,2,3,3,3,10,7,0,0
19,327,4,0,3,0,8,8,3,3,2,3,3,3,10,7,0,0
19,327,4,0,3,0,8,8,3,3,2,3,3,3,10,6,0,0
19,327,4,0,3,0,8,8,3,3,2,3,3,3,10,6,0,0
19,327,4,0,3,0,8,8,3,3,2,3,3,3,10,6,0,0
19,327,4,0,3,0,8,8,3,3,2,3,3,3,10,6,0,0
19,327,4,0,3,0,8,8,3,3,2,3,3,3,10,6,0,0
19,327,4,0,3,0,8,8,3,3,2,3,3,3,10,6,0,0
19,327,4,0,3,0,8,8,3,3,2,3,2,3,8,6,0,0
19,327,4,0,3,0,8,8,3,3,2,3,2,3,8,6,0,0
19,327,4,0,3,0,8,8,3,3,2,3,2,3,8,6,0,0
19,327,4,0,3,0,8,8,3,3,2,3,2,3,8,6,0,0
19,327,4,0,3,0,8,8,3,3,2,3,2,3,8,6,0,0
19,327,4,0,3,0,8,8,3,3,2,3,2,3,8,6,0,0
19,327,4,0,3,0,8,8,3,3,2,3,2,3,8,6,0,0
19,327,4,0,3,0,8,8,3,3,2,3,2,3,8,6,0,0
19,327,4,0,3,0,8,8,3,3,2,3,2,3,7,6,0,0
20,328,4,0,3,0,8,8,3,3,2,3,2,3,4,6,0,0
20,328,4,0,3,0,8,8,3,3,2,3,2,3,4,6,0,0
20,328,4,0,3,0,8,8,3,3,2,3,2,3,4,6,0,0
20,328,4,0,3,0,8,8,3,3,2,3,2,3,4,6,0,0
20,328,4,0,3,0,8,8,3,3,2,3,2,3,4,6,0,0
20,328,4,0,3,0,8,8,3,3,2,3,2,3,4,6,0,0
20,328,4,0,3,0,8,8,3,3,2,3,3,3,4,6,0,0
20,328,4,0,3,0,8,7,3,3,2,3,3,1,5,6,0,0
20,328,4,0,3,0,8,7,3,3,2,3,3,1,5,6,0,0
20,328,4,0,3,0,8,7,3,3,2,3,3,1,5,6,0,0
20,328,4,0,3,0,8,7,3,3,2,3,3,1,5,5,0,0
20,328,4,0,3,0,8,7,3,3,2,3,3,1,5,5,0,0
20,328,4,0,3,0,8,7,3,3,2,3,3,1,5,5,0,0
20,328,4,0,3,0,8,7,3,3,2,3,3,1,5,5,0,0
20,328,4,0,3,0,8,7,3,3,2,2,3,1,5,5,0,0
20,328,4,0,3,0,8,7,3,3,2,2,2,1,4,5,0,0
20,328,4,0,3,0,8,7,3,3,2,2,2,1,4,5,0,0
20,328,4,0,3,0,8,7,3,3,2,2,2,1,4,5,0,0
20,328,4,0,3,0,8,7,3,3,2,2,2,1,4,5,0,0
20,328,4,0,3,0,8,7,3,3,2,2,2,1,4,5,0,0
20,328,4,0,3,0,8,7,3,3,2,2,2,1,4,5,0,0
20,328,4,0,3,0,8,7,3,3,2,2,2,1,4,5,0,0
20,328,4,0,3,0,8,6,3,3,2,2,2,1,4,5,0,0
20,328,4,0,3,0,8,6,3,3,2,2,2,1,4,5,0,0
21,329,4,0,4,0,9,6,4,3,3,2,3,1,7,5,0,0
21,329,4,0,4,0,9,6,4,3,3,2,3,1,7,5,0,0
21,329,4,0,4,0,9,6,4,3,3,2,3,1,7,5,0,0
21,329,4,0,4,0,9,6,4,3,3,2,3,1,7,5,0,0
21,329,4,0,4,0,9,6,4,3,3,2,3,1,7,5,0,0
21,329,4,0,4,0,9,6,4,3,3,2,3,1,7,5,0,0
21,329,4,0,4,0,9,6,4,3,3,2,3,1,8,5,8,0
21,329,4,0,4,0,10,9,4,4,3,3,4,1,8,6,8,1
21,329,4,0,4,0,10,10,4,4,3,3,4,1,8,6,8,1
21,329,4,0,4,0,10,10,4,4,3,3,4,1,8,8,9,1
21,329,4,0,4,0,10,10,4,4,3,3,4,1,8,8,9,1
21,329,4,0,4,0,10,10,4,4,3,3,4,1,8,8,9,1
21,329,4,0,4,0,10,10,4,4,3,3,4,1,8,8,9,1
21,329,4,0,4,0,10,10,4,4,3,3,4,1,8,6,5,1
21,329,4,0,4,0,10,10,4,4,3,3,4,1,8,6,5,1
21,329,4,0,4,0,10,10,4,4,3,3,4,1,8,6,5,1
21,329,4,0,4,0,9,10,4,4,3,3,3,1,8,6,5,1
21,329,4,0,4,0,9,10,4,4,3,3,3,1,8,6,0,1
21,329,4,0,4,0,9,10,4,4,3,3,3,1,8,6,0,1
21,329,4,0,4,0,9,10,4,4,3,3,3,1,8,6,0,0
21,329,4,0,4,0,9,10,4,4,3,3,3,1,8,6,0,0
21,329,4,0,4,0,9,10,4,4,3,3,3,1,8,6,0,0
21,329,4,0,4,0,9,10,4,4,3,3,3,1,8,6,0,0
21,329,4,0,4,0,9,10,4,4,3,3,3,1,7,6,0,0
22,330,4,0,4,0,9,10,4,4,3,3,3,1,4,6,0,0
22,330,4,0,4,0,9,10,4,4,3,3,3,1,4,6,0,0
22,330,4,0,4,0,9,10,4,4,3,3,3,1,4,6,0,0
22,330,4,0,4,0,9,10,4,4,3,3,3,1,4,6,0,0
22,330,4,0,4,0,9,10,4,4,3,3,3,1,4,6,0,0
22,330,4,0,4,0,9,10,4,4,3,3,3,1,4,6,0,0
22,330,4,0,4,0,9,10,4,4,3,3,3,1,4,6,8,0
22,330,4,0,4,0,10,9,4,4,3,3,4,2,5,6,8,5
22,330,4,0,4,0,10,10,4,4,3,3,4,2,5,6,8,6
22,330,4,0,4,0,10,10,4,4,3,3,4,2,5,6,9,7
22,330,4,0,4,0,10,10,4,4,3,3,4,2,5,6,9,8
22,330,4,0,4,0,10,9,4,4,3,3,4,2,5,6,9,8
22,330,4,0,4,0,10,10,4,4,3,3,4,2,5,6,9,8
22,330,4,0,4,0,10,10,4,4,3,3,4,2,5,6,5,8
22,330,4,0,4,0,10,10,4,4,3,3,4,2,5,6,5,8
22,330,4,0,4,0,10,10,4,4,3,3,4,2,4,6,5,5
22,330,4,0,4,0,9,9,4,4,3,3,3,2,4,6,5,5
22,330,4,0,4,0,9,9,4,4,3,3,3,2,4,6,0,5
22,330,4,0,4,0,9,8,4,4,3,3,3,2,4,6,0,5
22,330,4,0,4,0,9,8,4,4,3,3,3,2,4,6,0,5
22,330,4,0,4,0,9,7,4,4,3,3,3,2,4,6,0,5
22,330,4,0,4,0,9,7,4,4,3,3,3,2,4,6,0,5
22,330,4,0,4,0,9,7,4,4,3,3,3,2,4,6,0,4
22,330,4,0,4,0,9,7,4,4,3,3,3,2,4,6,0,4
23,331,4,0,4,0,9,7,4,4,3,3,3,2,7,7,0,4
23,331,4,0,4,0,9,7,4,4,3,3,3,2,7,7,0,4
23,331,4,0,4,0,9,7,4,4,3,3,3,2,7,7,0,4
23,331,4,0,4,0,9,7,4,4,3,3,3,2,7,7,0,4
23,331,4,0,4,0,9,7,4,4,3,3,3,2,7,7,0,4
23,331,4,0,4,0,9,7,4,4,3,3,3,2,7,7,0,4
23,331,4,0,4,0,9,7,4,4,3,3,3,2,10,9,8,4
23,331,4,0,4,0,10,10,4,4,3,3,4,2,10,9,8,2
23,331,4,0,4,0,10,10,4,4,3,3,4,2,10,10,8,2
23,331,4,0,4,0,10,10,4,4,3,3,4,2,10,10,9,2
23,331,4,0,4,0,10,10,4,4,3,3,4,2,10,10,9,2
23,331,4,0,4,0,10,10,4,4,3,3,4,2,10,10,9,2
23,331,4,0,4,0,10,10,4,4,3,3,4,2,10,9,9,1
23,331,4,0,4,0,10,10,4,4,3,3,4,2,10,8,5,0
23,331,4,0,4,0,10,10,4,4,3,3,4,2,10,8,5,0
23,331,4,0,4,0,10,10,4,4,3,3,4,2,8,8,5,0
23,331,4,0,4,0,9,10,4,4,3,3,3,2,8,8,5,0
23,331,4,0,4,0,9,10,4,4,3,3,3,2,8,8,0,0
23,331,4,0,4,0,9,10,4,4,3,3,3,2,8,8,0,0
23,331,4,0,4,0,9,10,4,4,3,3,3,2,8,8,0,0
23,331,4,0,4,0,9,10,4,4,3,3,3,2,8,8,0,0
23,331,4,0,4,0,9,10,4,4,3,3,3,2,8,8,0,0
23,331,4,0,4,0,9,9,4,4,3,3,3,2,8,7,0,0
23,331,4,0,4,0,9,9,4,4,3,3,3,2,7,7,0,0
24,332,4,0,4,0,9,9,4,4,3,3,3,2,7,7,0,0
24,332,4,0,4,0,9,9,4,4,3,3,3,2,7,7,0,0
24,332,4,0,4,0,9,9,4,4,3,3,3,2,7,7,0,0
24,332,4,0,4,0,9,9,4,4,3,3,3,2,7,7,0,0
24,332,4,0,4,0,9,9,4,4,3,3,3,2,7,7,0,0
24,332,4,0,4,0,9,9,4,4,3,3,3,2,7,7,0,0
24,332,4,0,4,0,9,9,4,4,3,3,3,2,8,7,8,0
24,332,4,0,4,0,10,9,4,4,3,3,4,3,8,8,8,0
24,332,4,0,4,0,10,10,4,4,3,3,4,3,8,8,8,0
24,332,4,0,4,0,10,10,4,4,3,3,4,3,8,8,9,0
24,332,4,0,4,0,10,10,4,4,3,3,4,3,8,8,9,0
24,332,4,0,4,0,10,10,4,4,3,3,4,3,8,8,9,0
24,332,4,0,4,0,10,10,4,4,3,3,4,3,8,8,9,0
24,332,4,0,4,0,10,10,4,4,3,3,4,3,8,8,5,0
24,332,4,0,4,0,10,10,4,4,3,3,4,3,8,8,5,0
24,332,4,0,4,0,10,10,4,4,3,3,4,3,8,8,5,0
24,332,4,0,4,0,9,10,4,4,3,3,3,3,8,8,5,0
24,332,4,0,4,0,9,10,4,4,3,3,3,3,8,8,0,0
24,332,4,0,4,0,9,10,4,4,3,3,3,2,8,8,0,0
24,332,4,0,4,0,9,10,4,4,3,3,3,2,8,8,0,0
24,332,4,0,4,0,9,10,4,4,3,3,3,2,8,8,0,0
24,332,4,0,4,0,9,10,4,4,3,3,3,2,8,8,0,0
24,332,4,0,4,0,9,10,4,4,3,3,3,2,8,8,0,0
24,332,4,0,4,0,9,10,4,4,3,3,3,2,7,8,0,0
25,333,4,0,4,0,9,10,4,4,3,3,3,2,7,8,0,0
25,333,4,0,4,0,9,10,4,4,3,3,3,2,7,8,0,0
25,333,4,0,4,0,9,10,4,4,3,3,3,2,7,8,0,0
25,333,4,0,4,0,9,10,4,4,3,3,3,2,7,8,0,0
25,333,4,0,4,0,9,10,4,4,3,3,3,2,7,8,0,0
25,333,4,0,4,0,9,10,4,4,3,3,3,2,7,8,0,0
25,333,4,0,4,0,9,10,4,4,3,3,3,2,8,8,8,0
25,333,4,0,4,0,10,7,4,4,3,3,4,2,8,8,8,1
25,333,4,0,4,0,10,10,4,4,3,3,4,2,8,8,8,1
25,333,4,0,4,0,10,10,4,4,3,3,4,2,8,8,9,2
25,333,4,0,4,0,10,10,4,4,3,3,4,2,8,8,9,3
25,333,4,0,4,0,10,10,4,4,3,3,4,2,8,8,9,4
25,333,4,0,4,0,10,10,4,4,3,3,4,2,8,9,9,4
25,333,4,0,4,0,10,10,4,4,3,3,4,2,8,9,5,4
25,333,4,0,4,0,10,10,4,4,3,3,4,2,8,9,5,4
25,333,4,0,4,0,10,9,4,4,3,3,4,2,8,8,5,1
25,333,4,0,4,0,9,9,4,4,3,3,3,2,8,8,5,0
25,333,4,0,4,0,9,8,4,4,3,3,3,2,8,8,0,0
25,333,4,0,4,0,9,8,4,4,3,3,3,2,8,8,0,0
25,333,4,0,4,0,9,8,4,4,3,3,3,2,8,8,0,0
25,333,4,0,4,0,9,8,4,4,3,3,3,2,8,8,0,0
25,333,4,0,4,0,9,8,4,4,3,3,3,2,8,8,0,0
25,333,4,0,4,0,9,8,4,4,3,3,3,1,8,8,0,0
25,333,4,0,4,0,9,8,4,4,3,3,3,1,7,8,0,0
26,334,4,0,3,0,8,8,3,4,2,3,2,1,7,8,0,0
26,334,4,0,3,0,8,8,3,4,2,3,2,1,7,8,0,0
26,334,4,0,3,0,8,8,3,4,2,3,2,1,7,8,0,0
26,334,4,0,3,0,8,8,3,4,2,3,2,1,7,8,0,0
26,334,4,0,3,0,8,8,3,4,2,3,2,1,7,8,0,0
26,334,4,0,3,0,8,8,3,4,2,3,2,1,7,8,0,0
26,334,4,0,3,0,8,8,3,4,2,3,3,1,10,8,0,0
26,334,4,0,3,0,8,6,3,4,2,2,3,1,10,7,0,0
26,334,4,0,3,0,8,6,3,4,2,2,3,1,10,6,0,0
26,334,4,0,3,0,8,6,3,4,2,2,3,1,10,6,0,0
26,334,4,0,3,0,8,6,3,4,2,2,3,1,10,6,0,0
26,334,4,0,3,0,8,6,3,4,2,2,3,1,10,6,0,0
26,334,4,0,3,0,8,6,3,4,2,2,3,1,10,6,0,0
26,334,4,0,3,0,8,6,3,4,2,2,3,0,10,6,0,0
26,334,4,0,3,0,8,6,3,4,2,2,3,0,10,6,0,0
26,334,4,0,3,0,8,6,3,4,2,2,2,0,8,6,0,0
26,334,4,0,3,0,8,6,3,4,2,2,2,0,8,6,0,0
26,334,4,0,3,0,8,6,3,4,2,2,2,0,8,6,0,0
26,334,4,0,3,0,8,6,3,4,2,2,2,0,8,6,0,0
26,334,4,0,3,0,8,6,3,4,2,2,2,0,8,6,0,0
26,334,4,0,3,0,8,6,3,4,2,2,2,0,8,6,0,0
26,334,4,0,3,0,8,5,3,4,2,2,2,0,8,6,0,0
26,334,4,0,3,0,8,5,3,4,2,2,2,0,8,6,0,0
26,334,4,0,3,0,8,5,3,4,2,2,2,0,7,6,0,0
27,335,4,0,3,0,8,5,3,4,2,2,2,0,4,6,0,0
27,335,4,0,3,0,8,5,3,4,2,2,2,0,4,6,0,0
27,335,4,0,3,0,8,5,3,4,2,2,2,0,4,6,0,0
27,335,4,0,3,0,8,5,3,4,2,2,2,0,4,6,0,0
27,335,4,0,3,0,8,5,3,4,2,2,2,0,4,6,0,0
27,335,4,0,3,0,8,5,3,4,2,2,2,0,4,6,0,0
27,335,4,0,3,0,8,5,3,4,2,2,3,0,4,6,0,0
27,335,4,0,3,0,8,5,3,4,2,2,3,0,5,6,0,0
27,335,4,0,3,0,8,5,3,4,2,2,3,0,5,6,0,0
27,335,4,0,3,0,8,5,3,4,2,2,3,0,5,6,0,0
27,335,4,0,3,0,8,5,3,4,2,2,3,0,5,6,0,0
27,335,4,0,3,0,8,5,3,4,2,2,3,0,5,6,0,0
27,335,4,0,3,0,8,5,3,4,2,2,3,0,5,6,0,0
27,335,4,0,3,0,8,5,3,4,2,2,3,0,5,6,0,0
27,335,4,0,3,0,8,5,3,3,2,2,3,0,5,6,0,0
27,335,4,0,3,0,8,5,3,3,2,2,2,0,4,6,0,0
27,335,4,0,3,0,8,5,3,3,2,2,2,0,4,6,0,0
27,335,4,0,3,0,8,5,3,3,2,2,2,0,4,6,0,0
27,335,4,0,3,0,8,5,3,3,2,2,2,0,4,6,0,0
27,335,4,0,3,0,8,5,3,3,2,2,2,0,4,6,0,0
27,335,4,0,3,0,8,5,3,3,2,2,2,0,4,6,0,0
27,335,4,0,3,0,8,5,3,3,2,2,2,0,4,6,0,0
27,335,4,0,3,0,8,5,3,3,2,2,2,0,4,6,0,0
27,335,4,0,3,0,8,5,3,3,2,2,2,0,4,6,0,0
0,336,4,0,4,0,9,5,4,3,3,2,3,0,7,6,0,0
0,336,4,0,4,0,9,5,4,3,3,2,3,0,7,6,0,0
0,336,4,0,4,0,9,5,4,3,3,2,3,0,7,6,0,0
0,336,4,0,4,0,9,5,4,3,3,2,3,0,7,6,0,0
0,336,4,0,4,0,9,5,4,3,3,2,3,0,7,6,0,0
0,336,4,0,4,0,9,5,4,3,3,2,3,0,7,6,0,0
0,336,4,0,4,0,9,5,4,3,3,2,3,0,8,6,8,0
0,336,4,0,4,0,10,8,4,4,3,3,4,1,8,6,8,2
0,336,4,0,4,0,10,9,4,4,3,3,4,1,8,6,8,2
0,336,4,0,4,0,10,9,4,4,3,3,4,1,8,8,9,2
0,336,4,0,4,0,10,10,4,4,3,3,4,1,8,8,9,2
0,336,4,0,4,0,10,10,4,4,3,3,4,1,8,8,9,2
0,336,4,0,4,0,10,10,4,4,3,3,4,1,8,8,9,2
0,336,4,0,4,0,10,10,4,4,3,3,4,1,8,6,5,2
0,336,4,0,4,0,10,9,4,4,3,3,4,1,8,7,5,2
0,336,4,0,4,0,10,8,4,4,3,3,4,0,8,6,5,2
0,336,4,0,4,0,9,8,4,4,3,3,3,0,8,7,5,2
0,336,4,0,4,0,9,8,4,4,3,3,3,0,8,7,0,2
0,336,4,0,4,0,9,8,4,4,3,3,3,0,8,6,0,1
0,336,4,0,4,0,9,8,4,4,3,3,3,0,8,6,0,1
0,336,4,0,4,0,9,8,4,4,3,3,3,0,8,6,0,0
0,336,4,0,4,0,9,8,4,4,3,3,3,0,8,6,0,0
0,336,4,0,4,0,9,8,4,4,3,3,3,0,8,6,0,0
0,336,4,0,4,0,9,8,4,4,3,3,3,0,7,6,0,0
1,337,4,0,4,0,9,8,4,4,3,3,3,0,4,6,0,0
1,337,4,0,4,0,9,8,4,4,3,3,3,0,4,6,0,0
1,337,4,0,4,0,9,8,4,4,3,3,3,0,4,6,0,0
1,337,4,0,4,0,9,8,4,4,3,3,3,0,4,6,0,0
1,337,4,0,4,0,9,8,4,4,3,3,3,0,4,6,0,0
1,337,4,0,4,0,9,8,4,4,3,3,3,0,4,6,0,0
1,337,4,0,4,0,9,8,4,4,3,3,3,0,4,6,8,0
1,337,4,0,4,0,10,9,4,4,3,3,4,1,5,6,8,1
1,337,4,0,4,0,10,10,4,4,3,3,4,1,5,6,8,1
1,337,4,0,4,0,10,10,4,4,3,3,4,1,5,6,9,2
1,337,4,0,4,0,10,10,4,4,3,3,4,1,5,6,9,2
1,337,4,0,4,0,10,10,4,4,3,3,4,1,5,6,9,2
1,337,4,0,4,0,10,10,4,4,3,3,4,1,5,6,9,2
1,337,4,0,4,0,10,10,4,4,3,3,4,1,5,6,5,2
1,337,4,0,4,0,10,10,4,4,3,3,4,0,5,6,5,2
1,337,4,0,4,0,10,10,4,4,3,3,4,0,4,6,5,2
1,337,4,0,4,0,9,10,4,4,3,3,3,0,4,6,5,2
1,337,4,0,4,0,9,10,4,4,3,3,3,0,4,6,0,2
1,337,4,0,4,0,9,10,4,4,3,3,3,0,4,6,0,2
1,337,4,0,4,0,9,10,4,4,3,3,3,0,4,6,0,2
1,337,4,0,4,0,9,9,4,4,3,3,3,0,4,6,0,2
1,337,4,0,4,0,9,9,4,4,3,3,3,0,4,6,0,2
1,337,4,0,4,0,9,9,4,4,3,3,3,0,4,6,0,2
1,337,4,0,4,0,9,9,4,4,3,3,3,0,4,6,0,2
2,338,4,0,4,0,9,9,4,4,3,3,3,0,7,7,0,2
2,338,4,0,4,0,9,9,4,4,3,3,3,0,7,7,0,2
2,338,4,0,4,0,9,9,4,4,3,3,3,0,7,7,0,2
2,338,4,0,4,0,9,9,4,4,3,3,3,0,7,7,0,2
2,338,4,0,4,0,9,9,4,4,3,3,3,0,7,7,0,2
2,338,4,0,4,0,9,9,4,4,3,3,3,0,7,7,0,2
2,338,4,0,4,0,9,9,4,4,3,3,3,0,10,7,8,2
2,338,4,0,4,0,10,9,4,3,3,3,4,1,10,10,8,1
2,338,4,0,4,0,10,10,4,4,3,3,4,1,10,10,8,1
2,338,4,0,4,0,10,10,4,4,3,3,4,1,10,10,9,1
2,338,4,0,4,0,10,10,4,4,3,3,4,1,10,10,9,1
2,338,4,0,4,0,10,10,4,4,3,3,4,1,10,11,9,1
2,338,4,0,4,0,10,10,4,4,3,3,4,1,10,11,9,1
2,338,4,0,4,0,10,10,4,4,3,3,4,1,10,11,5,1
2,338,4,0,4,0,10,10,4,4,3,3,4,1,10,10,5,1
2,338,4,0,4,0,10,10,4,4,3,3,4,1,8,10,5,1
2,338,4,0,4,0,9,10,4,4,3,3,3,1,8,10,5,1
2,338,4,0,4,0,9,10,4,4,3,2,3,1,8,10,0,1
2,338,4,0,4,0,9,10,4,4,3,2,3,1,8,9,0,0
2,338,4,0,4,0,9,10,4,4,3,2,3,1,8,9,0,0
2,338,4,0,4,0,9,10,4,4,3,2,3,1,8,9,0,0
2,338,4,0,4,0,9,10,4,4,3,2,3,1,8,9,0,0
2,338,4,0,4,0,9,9,4,4,3,2,3,1,8,9,0,0
2,338,4,0,4,0,9,9,4,4,3,2,3,1,7,9,0,0
3,339,4,0,4,0,9,9,4,4,3,2,3,1,7,9,0,0
3,339,4,0,4,0,9,9,4,4,3,2,3,1,7,9,0,0
3,339,4,0,4,0,9,9,4,4,3,2,3,1,7,9,0,0
3,339,4,0,4,0,9,9,4,4,3,2,3,1,7,9,0,0
3,339,4,0,4,0,9,9,4,4,3,2,3,1,7,9,0,0
3,339,4,0,4,0,9,9,4,4,3,2,3,1,7,9,0,0
3,339,4,0,4,0,9,9,4,4,3,2,3,1,8,9,8,0
3,339,4,0,4,0,10,8,4,4,3,3,4,2,8,8,8,0
3,339,4,0,4,0,10,9,4,4,3,3,4,1,8,8,8,0
3,339,4,0,4,0,10,10,4,4,3,3,4,1,8,8,9,0
3,339,4,0,4,0,10,10,4,4,3,3,4,1,8,8,9,0
3,339,4,0,4,0,10,10,4,4,3,3,4,1,8,8,9,0
3,339,4,0,4,0,10,10,4,4,3,3,4,1,8,8,9,0
3,339,4,0,4,0,10,10,4,4,3,3,4,1,8,8,5,0
3,339,4,0,4,0,10,10,4,4,3,3,4,1,8,8,5,0
3,339,4,0,4,0,10,10,4,4,3,3,4,1,8,8,5,0
3,339,4,0,4,0,9,10,4,4,3,3,3,1,8,8,5,0
3,339,4,0,4,0,9,10,4,4,3,3,3,1,8,8,0,0
3,339,4,0,4,0,9,9,4,4,3,3,3,1,8,8,0,0
3,339,4,0,4,0,9,9,4,4,3,3,3,1,8,8,0,0
3,339,4,0,4,0,9,9,4,4,3,3,3,1,8,8,0,0
3,339,4,0,4,0,9,9,4,4,3,3,3,1,8,8,0,0
3,339,4,0,4,0,9,9,4,4,3,3,3,1,8,8,0,0
3,339,4,0,4,0,9,9,4,4,3,3,3,1,7,8,0,0
4,340,4,0,4,0,9,9,4,4,3,3,3,1,7,8,0,0
4,340,4,0,4,0,9,9,4,4,3,3,3,1,7,8,0,0
4,340,4,0,4,0,9,9,4,4,3,3,3,1,7,8,0,0
4,340,4,0,4,0,9,9,4,4,3,3,3,1,7,8,0,0
4,340,4,0,4,0,9,9,4,4,3,3,3,1,7,8,0,0
4,340,4,0,4,0,9,9,4,4,3,3,3,1,7,8,0,0
4,340,4,0,4,0,9,9,4,4,3,3,3,1,8,8,8,0
4,340,4,0,4,0,10,9,4,4,3,3,4,2,8,8,8,1
4,340,4,0,4,0,10,10,4,4,3,3,4,2,8,8,8,1
4,340,4,0,4,0,10,10,4,4,3,3,4,2,8,8,9,1
4,340,4,0,4,0,10,10,4,4,3,3,4,2,8,8,9,1
4,340,4,0,4,0,10,10,4,4,3,3,4,2,8,8,9,1
4,340,4,0,4,0,10,10,4,4,3,3,4,2,8,8,9,1
4,340,4,0,4,0,10,10,4,4,3,3,4,2,8,8,5,1
4,340,4,0,4,0,10,10,4,4,3,3,4,2,8,8,5,1
4,340,4,0,4,0,10,10,4,4,3,3,4,2,8,8,5,1
4,340,4,0,4,0,9,10,4,4,3,3,3,2,8,8,5,1
4,340,4,0,4,0,9,10,4,4,3,3,3,2,8,8,0,1
4,340,4,0,4,0,9,10,4,4,3,3,3,2,8,8,0,1
4,340,4,0,4,0,9,10,4,4,3,3,3,2,8,8,0,1
4,340,4,0,4,0,9,10,4,4,3,3,3,2,8,8,0,1
4,340,4,0,4,0,9,10,4,4,3,3,3,2,8,8,0,1
4,340,4,0,4,0,9,10,4,4,3,2,3,2,8,8,0,1
4,340,4,0,4,0,9,10,4,4,3,2,3,2,7,8,0,1
5,341,4,0,3,0,8,10,3,4,2,2,2,2,7,8,0,1
5,341,4,0,3,0,8,10,3,4,2,2,2,2,7,8,0,1
5,341,4,0,3,0,8,10,3,4,2,2,2,2,7,8,0,1
5,341,4,0,3,0,8,10,3,4,2,2,2,2,7,8,0,1
5,341,4,0,3,0,8,10,3,4,2,2,2,2,7,8,0,1
5,341,4,0,3,0,8,10,3,4,2,2,2,2,7,8,0,1
5,341,4,0,3,0,8,10,3,4,2,2,3,2,10,8,0,1
5,341,4,0,3,0,8,7,3,4,2,2,3,2,10,5,0,0
5,341,4,0,3,0,8,7,3,4,2,2,3,2,10,5,0,0
5,341,4,0,3,0,8,7,3,4,2,2,3,2,10,5,0,0
5,341,4,0,3,0,8,7,3,4,2,2,3,2,10,5,0,0
5,341,4,0,3,0,8,7,3,4,2,2,3,2,10,5,0,0
5,341,4,0,3,0,8,7,3,4,2,2,3,2,10,5,0,0
5,341,4,0,3,0,8,7,3,4,2,2,3,2,10,5,0,0
5,341,4,0,3,0,8,7,3,4,2,2,3,2,10,5,0,0
5,341,4,0,3,0,8,7,3,4,2,2,2,2,8,5,0,0
5,341,4,0,3,0,8,7,3,4,2,2,2,2,8,5,0,0
5,341,4,0,3,0,8,7,3,4,2,2,2,2,8,5,0,0
5,341,4,0,3,0,8,7,3,4,2,2,2,2,8,5,0,0
5,341,4,0,3,0,8,7,3,4,2,2,2,2,8,5,0,0
5,341,4,0,3,0,8,7,3,4,2,2,2,2,8,5,0,0
5,341,4,0,3,0,8,7,3,4,2,2,2,2,8,5,0,0
5,341,4,0,3,0,8,7,3,4,2,2,2,2,8,5,0,0
5,341,4,0,3,0,8,7,3,4,2,2,2,2,7,5,0,0
6,342,4,0,3,0,8,7,3,4,2,2,2,2,4,5,0,0
6,342,4,0,3,0,8,7,3,4,2,2,2,2,4,5,0,0
6,342,4,0,3,0,8,7,3,4,2,2,2,2,4,5,0,0
6,342,4,0,3,0,8,7,3,4,2,2,2,2,4,5,0,0
6,342,4,0,3,0,8,7,3,4,2,2,2,2,4,5,0,0
6,342,4,0,3,0,8,7,3,4,2,2,2,2,4,5,0,0
6,342,4,0,3,0,8,7,3,4,2,2,3,2,4,5,0,0
6,342,4,0,3,0,8,7,3,4,2,2,3,1,5,4,0,0
6,342,4,0,3,0,8,7,3,4,2,2,3,1,5,4,0,0
6,342,4,0,3,0,8,6,3,4,2,2,3,0,5,4,0,0
6,342,4,0,3,0,8,6,3,4,2,2,3,0,5,4,0,0
6,342,4,0,3,0,8,6,3,4,2,2,3,0,5,4,0,0
6,342,4,0,3,0,8,6,3,4,2,2,3,0,5,4,0,0
6,342,4,0,3,0,8,6,3,4,2,2,3,0,5,4,0,0
6,342,4,0,3,0,8,6,3,4,2,2,3,0,5,4,0,0
6,342,4,0,3,0,8,6,3,4,2,2,2,0,4,4,0,0
6,342,4,0,3,0,8,6,3,4,2,2,2,0,4,4,0,0
6,342,4,0,3,0,8,6,3,4,2,2,2,0,4,4,0,0
6,342,4,0,3,0,8,6,3,4,2,2,2,0,4,4,0,0
6,342,4,0,3,0,8,6,3,4,2,2,2,0,4,4,0,0
6,342,4,0,3,0,8,6,3,4,2,2,2,0,4,4,0,0
6,342,4,0,3,0,8,6,3,4,2,2,2,0,4,4,0,0
6,342,4,0,3,0,8,6,3,4,2,2,2,0,4,4,0,0
6,342,4,0,3,0,8,6,3,4,2,2,2,0,4,4,0,0
7,343,4,0,4,0,9,6,4,4,3,2,3,0,7,4,0,0
7,343,4,0,4,0,9,6,4,4,3,2,3,0,7,4,0,0
7,343,4,0,4,0,9,6,4,4,3,2,3,0,7,4,0,0
7,343,4,0,4,0,9,6,4,4,3,2,3,0,7,4,0,0
7,343,4,0,4,0,9,6,4,4,3,2,3,0,7,4,0,0
7,343,4,0,4,0,9,6,4,4,3,2,3,0,7,4,0,0
7,343,4,0,4,0,9,6,4,4,3,2,3,0,8,4,8,0
7,343,4,0,4,0,10,8,4,4,3,3,4,1,8,5,8,1
7,343,4,0,4,0,10,8,4,4,3,3,4,1,8,6,8,1
7,343,4,0,4,0,10,8,4,4,3,3,4,1,8,7,9,1
7,343,4,0,4,0,10,9,4,4,3,2,4,1,8,7,9,1
7,343,4,0,4,0,10,9,4,4,3,3,4,1,8,8,9,1
7,343,4,0,4,0,10,9,4,4,3,3,4,1,8,8,9,1
7,343,4,0,4,0,10,8,4,4,3,3,4,1,8,7,5,1
7,343,4,0,4,0,10,8,4,4,3,3,4,1,8,7,5,1
7,343,4,0,4,0,10,8,4,4,3,3,4,1,8,7,5,1
7,343,4,0,4,0,9,8,4,4,3,3,3,1,8,7,5,1
7,343,4,0,4,0,9,8,4,4,3,3,3,1,8,7,0,1
7,343,4,0,4,0,9,8,4,4,3,3,3,1,8,6,0,1
7,343,4,0,4,0,9,8,4,4,3,3,3,1,8,6,0,1
7,343,4,0,4,0,9,8,4,4,3,3,3,1,8,6,0,1
7,343,4,0,4,0,9,8,4,4,3,3,3,1,8,6,0,1
7,343,4,0,4,0,9,8,4,4,3,3,3,1,8,6,0,1
7,343,4,0,4,0,9,8,4,4,3,3,3,1,7,6,0,1
8,344,4,0,4,0,9,8,4,4,3,3,3,1,4,6,0,1
8,344,4,0,4,0,9,8,4,4,3,3,3,1,4,6,0,1
8,344,4,0,4,0,9,8,4,4,3,3,3,1,4,6,0,1
8,344,4,0,4,0,9,8,4,4,3,3,3,1,4,6,0,1
8,344,4,0,4,0,9,8,4,4,3,3,3,1,4,6,0,1
8,344,4,0,4,0,9,8,4,4,3,3,3,1,4,6,0,1
8,344,4,0,4,0,9,8,4,4,3,3,3,1,4,6,8,1
8,344,4,0,4,0,10,9,4,4,3,3,4,2,5,6,8,3
8,344,4,0,4,0,10,9,4,4,3,3,4,2,5,6,8,4
8,344,4,0,4,0,10,10,4,4,3,3,4,2,5,6,9,4
8,344,4,0,4,0,10,10,4,4,3,3,4,2,5,6,9,4
8,344,4,0,4,0,10,10,4,4,3,3,4,2,5,6,9,4
8,344,4,0,4,0,10,10,4,4,3,3,4,2,5,6,9,4
8,344,4,0,4,0,10,10,4,4,3,3,4,2,5,6,5,4
8,344,4,0,4,0,10,10,4,4,3,3,4,2,5,6,5,4
8,344,4,0,4,0,10,10,4,4,3,3,4,2,4,6,5,3
8,344,4,0,4,0,9,10,4,4,3,3,3,2,4,6,5,3
8,344,4,0,4,0,9,10,4,4,3,3,3,2,4,6,0,3
8,344,4,0,4,0,9,10,4,4,3,3,3,2,4,6,0,3
8,344,4,0,4,0,9,10,4,4,3,3,3,2,4,6,0,3
8,344,4,0,4,0,9,9,4,4,3,3,3,2,4,6,0,3
8,344,4,0,4,0,9,9,4,4,3,3,3,2,4,6,0,3
8,344,4,0,4,0,9,8,4,4,3,3,3,2,4,6,0,2
8,344,4,0,4,0,9,8,4,4,3,3,3,2,4,6,0,2
9,345,4,0,4,0,9,8,4,4,3,3,3,2,7,7,0,2
9,345,4,0,4,0,9,8,4,4,3,3,3,2,7,7,0,2
9,345,4,0,4,0,9,8,4,4,3,3,3,2,7,7,0,2
9,345,4,0,4,0,9,8,4,4,3,3,3,2,7,7,0,2
9,345,4,0,4,0,9,8,4,4,3,3,3,2,7,7,0,2
9,345,4,0,4,0,9,8,4,4,3,3,3,2,7,7,0,2
9,345,4,0,4,0,9,8,4,4,3,3,3,2,10,8,8,2
9,345,4,0,4,0,10,10,4,4,3,3,4,3,10,10,8,3
9,345,4,0,4,0,10,10,4,4,3,3,4,3,10,10,8,3
9,345,4,0,4,0,10,10,4,4,3,3,4,3,10,10,9,3
9,345,4,0,4,0,10,10,4,4,3,3,4,3,10,9,9,4
9,345,4,0,4,0,10,10,4,4,3,3,4,3,10,10,9,3
9,345,4,0,4,0,10,10,4,4,3,3,4,3,10,10,9,3
9,345,4,0,4,0,10,10,4,4,3,3,4,3,10,10,5,3
9,345,4,0,4,0,10,10,4,4,3,3,4,3,10,10,5,3
9,345,4,0,4,0,10,10,4,4,3,3,4,3,8,10,5,3
9,345,4,0,4,0,9,10,4,4,3,3,3,2,8,10,5,3
9,345,4,0,4,0,9,9,4,4,3,3,3,2,8,8,0,2
9,345,4,0,4,0,9,9,4,4,3,3,3,2,8,8,0,2
9,345,4,0,4,0,9,8,4,4,3,3,3,2,8,7,0,2
9,345,4,0,4,0,9,8,4,3,3,3,3,2,8,7,0,2
9,345,4,0,4,0,9,8,4,3,3,3,3,2,8,6,0,2
9,345,4,0,4,0,9,8,4,3,3,3,3,2,8,6,0,2
9,345,4,0,4,0,9,8,4,3,3,3,3,2,7,6,0,2
10,346,4,0,4,0,9,8,4,3,3,3,3,2,7,6,0,2
10,346,4,0,4,0,9,8,4,3,3,3,3,2,7,6,0,2
10,346,4,0,4,0,9,8,4,3,3,3,3,2,7,6,0,2
10,346,4,0,4,0,9,8,4,3,3,3,3,2,7,6,0,2
10,346,4,0,4,0,9,8,4,3,3,3,3,2,7,6,0,2
10,346,4,0,4,0,9,8,4,3,3,3,3,2,7,6,0,2
10,346,4,0,4,0,9,8,4,3,3,3,3,2,8,6,8,2
10,346,4,0,4,0,10,9,4,4,3,2,4,3,8,8,8,0
10,346,4,0,4,0,10,10,4,4,3,2,4,3,8,8,8,0
10,346,4,0,4,0,10,10,4,4,3,2,4,3,8,8,9,0
10,346,4,0,4,0,10,10,4,4,3,2,4,3,8,8,9,0
10,346,4,0,4,0,10,10,4,4,3,2,4,3,8,8,9,0
10,346,4,0,4,0,10,10,4,4,3,2,4,3,8,8,9,0
10,346,4,0,4,0,10,10,4,4,3,2,4,3,8,8,5,0
10,346,4,0,4,0,10,9,4,4,3,2,4,3,8,8,5,0
10,346,4,0,4,0,10,8,4,4,3,2,4,3,8,8,5,0
10,346,4,0,4,0,9,8,4,4,3,2,3,3,8,8,5,0
10,346,4,0,4,0,9,8,4,4,3,2,3,3,8,8,0,0
10,346,4,0,4,0,9,8,4,4,3,2,3,2,8,8,0,0
10,346,4,0,4,0,9,8,4,4,3,2,3,2,8,8,0,0
10,346,4,0,4,0,9,8,4,4,3,2,3,2,8,8,0,0
10,346,4,0,4,0,9,8,4,4,3,2,3,2,8,8,0,0
10,346,4,0,4,0,9,8,4,4,3,2,3,2,8,7,0,0
10,346,4,0,4,0,9,8,4,4,3,2,3,2,7,7,0,0
11,347,4,0,4,0,9,8,4,4,3,2,3,2,7,7,0,0
11,347,4,0,4,0,9,8,4,4,3,2,3,2,7,7,0,0
11,347,4,0,4,0,9,8,4,4,3,2,3,2,7,7,0,0
11,347,4,0,4,0,9,8,4,4,3,2,3,2,7,7,0,0
11,347,4,0,4,0,9,8,4,4,3,2,3,2,7,7,0,0
11,347,4,0,4,0,9,8,4,4,3,2,3,2,7,7,0,0
11,347,4,0,4,0,9,8,4,4,3,2,3,2,8,7,8,0
11,347,4,0,4,0,10,9,4,4,3,3,4,3,8,8,8,0
11,347,4,0,4,0,10,10,4,4,3,3,4,3,8,8,8,1
11,347,4,0,4,0,10,10,4,4,3,3,4,3,8,8,9,1
11,347,4,0,4,0,10,10,4,4,3,2,4,3,8,8,9,1
11,347,4,0,4,0,10,10,4,4,3,3,4,3,8,8,9,1
11,347,4,0,4,0,10,10,4,4,3,3,4,3,8,8,9,1
11,347,4,0,4,0,10,10,4,4,3,3,4,3,8,7,5,1
11,347,4,0,4,0,10,10,4,4,3,3,4,3,8,7,5,1
11,347,4,0,4,0,10,9,4,4,3,3,4,3,8,8,5,1
11,347,4,0,4,0,9,9,4,4,3,3,3,2,8,7,5,0
11,347,4,0,4,0,9,9,4,4,3,3,3,2,8,7,0,0
11,347,4,0,4,0,9,9,4,4,3,3,3,2,8,7,0,0
11,347,4,0,4,0,9,9,4,4,3,3,3,1,8,7,0,0
11,347,4,0,4,0,9,9,4,4,3,3,3,1,8,7,0,0
11,347,4,0,4,0,9,9,4,4,3,3,3,1,8,7,0,0
11,347,4,0,4,0,9,9,4,4,3,3,3,1,8,7,0,0
11,347,4,0,4,0,9,9,4,4,3,3,3,1,7,7,0,0
12,348,4,0,3,0,8,9,3,4,2,3,2,1,7,7,0,0
12,348,4,0,3,0,8,9,3,4,2,3,2,1,7,7,0,0
12,348,4,0,3,0,8,9,3,4,2,3,2,1,7,7,0,0
12,348,4,0,3,0,8,9,3,4,2,3,2,1,7,7,0,0
12,348,4,0,3,0,8,9,3,4,2,3,2,1,7,7,0,0
12,348,4,0,3,0,8,9,3,4,2,3,2,1,7,7,0,0
12,348,4,0,3,0,8,9,3,4,2,3,3,1,10,7,0,0
12,348,4,0,3,0,8,8,3,4,2,3,3,0,10,7,0,0
12,348,4,0,3,0,8,8,3,4,2,3,3,0,10,7,0,0
12,348,4,0,3,0,8,8,3,4,2,3,3,0,10,7,0,0
12,348,4,0,3,0,8,8,3,4,2,3,3,0,10,7,0,0
12,348,4,0,3,0,8,8,3,4,2,3,3,0,10,7,0,0
12,348,4,0,3,0,8,8,3,4,2,3,3,0,10,7,0,0
12,348,4,0,3,0,8,8,3,4,2,3,3,0,10,7,0,0
12,348,4,0,3,0,8,8,3,4,2,3,3,0,10,7,0,0
12,348,4,0,3,0,8,8,3,4,2,3,2,0,8,7,0,0
12,348,4,0,3,0,8,8,3,4,2,3,2,0,8,7,0,0
12,348,4,0,3,0,8,8,3,4,2,3,2,0,8,7,0,0
12,348,4,0,3,0,8,8,3,4,2,2,2,0,8,7,0,0
12,348,4,0,3,0,8,8,3,4,2,2,2,0,8,7,0,0
12,348,4,0,3,0,8,8,3,4,2,2,2,0,8,7,0,0
12,348,4,0,3,0,8,8,3,4,2,2,2,0,8,7,0,0
12,348,4,0,3,0,8,8,3,4,2,2,2,0,8,7,0,0
12,348,4,0,3,0,8,8,3,4,2,2,2,0,7,7,0,0
13,349,4,0,3,0,8,8,3,4,2,2,2,0,4,7,0,0
13,349,4,0,3,0,8,8,3,4,2,2,2,0,4,7,0,0
13,349,4,0,3,0,8,8,3,4,2,2,2,0,4,7,0,0
13,349,4,0,3,0,8,8,3,4,2,2,2,0,4,7,0,0
13,349,4,0,3,0,8,8,3,4,2,2,2,0,4,7,0,0
13,349,4,0,3,0,8,8,3,4,2,2,2,0,4,7,0,0
13,349,4,0,3,0,8,8,3,4,2,2,3,0,4,7,0,0
13,349,4,0,3,0,8,7,3,4,2,2,3,0,5,7,0,0
13,349,4,0,3,0,8,7,3,4,2,2,3,0,5,7,0,0
13,349,4,0,3,0,8,7,3,4,2,2,3,0,5,7,0,0
13,349,4,0,3,0,8,7,3,4,2,2,3,0,5,7,0,0
13,349,4,0,3,0,8,7,3,4,2,2,3,0,5,7,0,0
13,349,4,0,3,0,8,7,3,4,2,2,3,0,5,7,0,0
13,349,4,0,3,0,8,7,3,4,2,2,3,0,5,7,0,0
13,349,4,0,3,0,8,7,3,4,2,2,3,0,5,7,0,0
13,349,4,0,3,0,8,7,3,4,2,2,2,0,4,7,0,0
13,349,4,0,3,0,8,7,3,4,2,2,2,0,4,7,0,0
13,349,4,0,3,0,8,7,3,4,2,2,2,0,4,7,0,0
13,349,4,0,3,0,8,7,3,4,2,2,2,0,4,7,0,0
13,349,4,0,3,0,8,7,3,4,2,2,2,0,4,7,0,0
13,349,4,0,3,0,8,7,3,4,2,2,2,0,4,7,0,0
13,349,4,0,3,0,8,7,3,4,2,2,2,0,4,7,0,0
13,349,4,0,3,0,8,7,3,4,2,2,2,0,4,7,0,0
13,349,4,0,3,0,8,7,3,4,2,2,2,0,4,7,0,0
14,350,4,0,4,0,9,7,4,4,3,2,3,0,7,7,0,0
14,350,4,0,4,0,9,7,4,4,3,2,3,0,7,7,0,0
14,350,4,0,4,0,9,7,4,4,3,2,3,0,7,7,0,0
14,350,4,0,4,0,9,7,4,4,3,2,3,0,7,7,0,0
14,350,4,0,4,0,9,7,4,4,3,2,3,0,7,7,0,0
14,350,4,0,4,0,9,7,4,4,3,2,3,0,7,7,0,0
14,350,4,0,4,0,9,7,4,4,3,2,3,0,8,7,8,0
14,350,4,0,4,0,10,9,4,4,3,3,4,1,8,8,8,2
14,350,4,0,4,0,10,10,4,4,3,3,4,1,8,8,8,2
14,350,4,0,4,0,10,10,4,4,3,3,4,1,8,8,9,2
14,350,4,0,4,0,10,10,4,4,3,3,4,1,8,8,9,2
14,350,4,0,4,0,10,10,4,4,3,3,4,1,8,8,9,2
14,350,4,0,4,0,10,10,4,4,3,3,4,1,8,8,9,2
14,350,4,0,4,0,10,10,4,4,3,3,4,1,8,8,5,2
14,350,4,0,4,0,10,10,4,4,3,3,4,1,8,8,5,2
14,350,4,0,4,0,10,10,4,4,3,3,4,1,8,8,5,2
14,350,4,0,4,0,9,10,4,4,3,3,3,1,8,8,5,1
14,350,4,0,4,0,9,10,4,4,3,3,3,1,8,8,0,1
14,350,4,0,4,0,9,10,4,4,3,3,3,1,8,8,0,1
14,350,4,0,4,0,9,10,4,4,3,3,3,1,8,8,0,0
14,350,4,0,4,0,9,10,4,4,3,3,3,1,8,8,0,0
14,350,4,0,4,0,9,10,4,4,3,3,3,1,8,8,0,0
14,350,4,0,4,0,9,10,4,4,3,3,3,1,8,8,0,0
14,350,4,0,4,0,9,10,4,4,3,3,3,1,7,8,0,0
15,351,4,0,4,0,9,10,4,4,3,3,3,1,4,8,0,0
15,351,4,0,4,0,9,10,4,4,3,3,3,1,4,8,0,0
15,351,4,0,4,0,9,10,4,4,3,3,3,1,4,8,0,0
15,351,4,0,4,0,9,10,4,4,3,3,3,1,4,8,0,0
15,351,4,0,4,0,9,10,4,4,3,3,3,1,4,8,0,0
15,351,4,0,4,0,9,10,4,4,3,3,3,1,4,8,0,0
15,351,4,0,4,0,9,10,4,4,3,3,3,1,4,8,8,0
15,351,4,0,4,0,10,9,4,4,3,3,4,2,5,8,8,2
15,351,4,0,4,0,10,10,4,4,3,3,4,2,5,8,8,3
15,351,4,0,4,0,10,10,4,4,3,3,4,2,5,8,9,4
15,351,4,0,4,0,10,10,4,4,3,3,4,2,5,8,9,4
15,351,4,0,4,0,10,10,4,4,3,3,4,2,5,8,9,4
15,351,4,0,4,0,10,10,4,4,3,3,4,2,5,8,9,4
15,351,4,0,4,0,10,9,4,4,3,3,4,2,5,8,5,4
15,351,4,0,4,0,10,9,4,4,3,3,4,2,5,8,5,4
15,351,4,0,4,0,10,9,4,4,3,2,4,2,4,8,5,3
15,351,4,0,4,0,9,9,4,4,3,2,3,2,4,8,5,3
15,351,4,0,4,0,9,9,4,4,3,2,3,2,4,8,0,3
15,351,4,0,4,0,9,9,4,4,3,2,3,2,4,8,0,3
15,351,4,0,4,0,9,9,4,4,3,2,3,2,4,8,0,3
15,351,4,0,4,0,9,9,4,4,3,2,3,2,4,8,0,3
15,351,4,0,4,0,9,9,4,4,3,2,3,2,4,8,0,3
15,351,4,0,4,0,9,9,4,4,3,2,3,2,4,8,0,3
15,351,4,0,4,0,9,9,4,4,3,2,3,2,4,8,0,3
16,352,4,0,4,0,9,9,4,4,3,2,3,2,7,8,0,3
16,352,4,0,4,0,9,9,4,4,3,2,3,2,7,8,0,3
16,352,4,0,4,0,9,9,4,4,3,2,3,2,7,8,0,3
16,352,4,0,4,0,9,9,4,4,3,2,3,2,7,8,0,3
16,352,4,0,4,0,9,9,4,4,3,2,3,2,7,8,0,3
16,352,4,0,4,0,9,9,4,4,3,2,3,2,7,8,0,3
16,352,4,0,4,0,9,9,4,4,3,2,3,2,10,9,8,3
16,352,4,0,4,0,10,10,4,3,3,3,4,3,10,10,8,2
16,352,4,0,4,0,10,10,4,3,3,3,4,3,10,10,8,2
16,352,4,0,4,0,10,10,4,4,3,3,4,3,10,10,9,3
16,352,4,0,4,0,10,10,4,4,3,3,4,3,10,11,9,3
16,352,4,0,4,0,10,10,4,4,3,3,4,3,10,10,9,2
16,352,4,0,4,0,10,10,4,4,3,3,4,3,10,10,9,2
16,352,4,0,4,0,10,10,4,4,3,3,4,3,10,11,5,2
16,352,4,0,4,0,10,9,4,3,3,3,4,3,10,10,5,2
16,352,4,0,4,0,10,9,4,3,3,3,4,3,8,9,5,1
16,352,4,0,4,0,9,9,4,3,3,3,3,3,8,8,5,0
16,352,4,0,4,0,9,9,4,3,3,3,3,3,8,8,0,0
16,352,4,0,4,0,9,9,4,3,3,3,3,3,8,8,0,0
16,352,4,0,4,0,9,9,4,3,3,3,3,3,8,8,0,0
16,352,4,0,4,0,9,9,4,3,3,3,3,3,8,8,0,0
16,352,4,0,4,0,9,9,4,3,3,3,3,3,8,8,0,0
16,352,4,0,4,0,9,9,4,3,3,3,3,3,8,8,0,0
16,352,4,0,4,0,9,9,4,3,3,3,3,3,7,8,0,0
17,353,4,0,4,0,9,9,4,3,3,3,3,3,7,8,0,0
17,353,4,0,4,0,9,9,4,3,3,3,3,3,7,8,0,0
17,353,4,0,4,0,9,9,4,3,3,3,3,3,7,8,0,0
17,353,4,0,4,0,9,9,4,3,3,3,3,3,7,8,0,0
17,353,4,0,4,0,9,9,4,3,3,3,3,3,7,8,0,0
17,353,4,0,4,0,9,9,4,3,3,3,3,3,7,8,0,0
17,353,4,0,4,0,9,9,4,3,3,3,3,3,8,8,8,0
17,353,4,0,4,0,10,10,4,4,3,3,4,4,8,8,8,0
17,353,4,0,4,0,10,10,4,4,3,3,4,4,8,8,8,0
17,353,4,0,4,0,10,10,4,4,3,3,4,4,8,8,9,0
17,353,4,0,4,0,10,10,4,4,3,3,4,4,8,8,9,0
17,353,4,0,4,0,10,10,4,4,3,3,4,4,8,8,9,0
17,353,4,0,4,0,10,9,4,4,3,3,4,4,8,8,9,0
17,353,4,0,4,0,10,9,4,4,3,3,4,4,8,8,5,0
17,353,4,0,4,0,10,9,4,4,3,3,4,4,8,8,5,0
17,353,4,0,4,0,10,9,4,4,3,3,4,4,8,8,5,0
17,353,4,0,4,0,9,9,4,4,3,3,3,4,8,8,5,0
17,353,4,0,4,0,9,9,4,4,3,3,3,4,8,8,0,0
17,353,4,0,4,0,9,9,4,4,3,3,3,4,8,8,0,0
17,353,4,0,4,0,9,8,4,4,3,3,3,4,8,7,0,0
17,353,4,0,4,0,9,8,4,4,3,3,3,4,8,7,0,0
17,353,4,0,4,0,9,8,4,4,3,2,3,4,8,7,0,0
17,353,4,0,4,0,9,8,4,4,3,2,3,4,8,7,0,0
17,353,4,0,4,0,9,8,4,4,3,2,3,4,7,7,0,0
18,354,4,0,4,0,9,8,4,4,3,2,3,4,7,7,0,0
18,354,4,0,4,0,9,8,4,4,3,2,3,4,7,7,0,0
18,354,4,0,4,0,9,8,4,4,3,2,3,4,7,7,0,0
18,354,4,0,4,0,9,8,4,4,3,2,3,4,7,7,0,0
18,354,4,0,4,0,9,8,4,4,3,2,3,4,7,7,0,0
18,354,4,0,4,0,9,8,4,4,3,2,3,4,7,7,0,0
18,354,4,0,4,0,9,8,4,4,3,2,3,4,8,7,8,0
18,354,4,0,4,0,10,9,4,4,3,2,4,4,8,8,8,1
18,354,4,0,4,0,10,10,4,4,3,3,4,4,8,8,8,1
18,354,4,0,4,0,10,10,4,4,3,3,4,4,8,8,9,2
18,354,4,0,4,0,10,10,4,4,3,3,4,4,8,8,9,2
18,354,4,0,4,0,10,10,4,4,3,3,4,4,8,8,9,2
18,354,4,0,4,0,10,10,4,4,3,3,4,4,8,9,9,2
18,354,4,0,4,0,10,10,4,4,3,3,4,4,8,9,5,2
18,354,4,0,4,0,10,9,4,4,3,3,4,4,8,8,5,2
18,354,4,0,4,0,10,9,4,3,3,3,4,4,8,8,5,2
18,354,4,0,4,0,9,9,4,3,3,3,3,4,8,7,5,1
18,354,4,0,4,0,9,9,4,3,3,3,3,4,8,7,0,1
18,354,4,0,4,0,9,9,4,3,3,3,3,4,8,7,0,1
18,354,4,0,4,0,9,9,4,3,3,3,3,4,8,7,0,1
18,354,4,0,4,0,9,9,4,3,3,2,3,4,8,7,0,1
18,354,4,0,4,0,9,9,4,3,3,2,3,4,8,7,0,0
18,354,4,0,4,0,9,9,4,3,3,2,3,4,8,7,0,0
18,354,4,0,4,0,9,9,4,3,3,2,3,4,7,7,0,0
19,355,4,0,3,0,8,9,3,3,2,2,2,4,7,7,0,0
19,355,4,0,3,0,8,9,3,3,2,2,2,4,7,7,0,0
19,355,4,0,3,0,8,9,3,3,2,2,2,4,7,7,0,0
19,355,4,0,3,0,8,9,3,3,2,2,2,4,7,7,0,0
19,355,4,0,3,0,8,9,3,3,2,2,2,4,7,7,0,0
19,355,4,0,3,0,8,9,3,3,2,2,2,4,7,7,0,0
19,355,4,0,3,0,8,9,3,3,2,2,3,4,10,7,0,0
19,355,4,0,3,0,8,5,3,3,2,2,3,2,10,6,0,0
19,355,4,0,3,0,8,5,3,3,2,2,3,2,10,6,0,0
19,355,4,0,3,0,8,5,3,3,2,2,3,2,10,6,0,0
19,355,4,0,3,0,8,5,3,3,2,2,3,2,10,6,0,0
19,355,4,0,3,0,8,5,3,3,2,2,3,2,10,6,0,0
19,355,4,0,3,0,8,5,3,3,2,2,3,2,10,6,0,0
19,355,4,0,3,0,8,5,3,3,2,2,3,2,10,6,0,0
19,355,4,0,3,0,8,5,3,3,2,2,3,2,10,6,0,0
19,355,4,0,3,0,8,5,3,3,2,2,2,2,8,6,0,0
19,355,4,0,3,0,8,5,3,3,2,2,2,1,8,6,0,0
19,355,4,0,3,0,8,5,3,3,2,2,2,1,8,6,0,0
19,355,4,0,3,0,8,5,3,3,2,2,2,0,8,6,0,0
19,355,4,0,3,0,8,5,3,3,2,2,2,0,8,6,0,0
19,355,4,0,3,0,8,5,3,3,2,2,2,0,8,6,0,0
19,355,4,0,3,0,8,5,3,3,2,2,2,0,8,6,0,0
19,355,4,0,3,0,8,5,3,3,2,2,2,0,8,6,0,0
19,355,4,0,3,0,8,5,3,3,2,2,2,0,7,6,0,0
20,356,4,0,3,0,8,5,3,3,2,2,2,0,4,6,0,0
20,356,4,0,3,0,8,5,3,3,2,2,2,0,4,6,0,0
20,356,4,0,3,0,8,5,3,3,2,2,2,0,4,6,0,0
20,356,4,0,3,0,8,5,3,3,2,2,2,0,4,6,0,0
20,356,4,0,3,0,8,5,3,3,2,2,2,0,4,6,0,0
20,356,4,0,3,0,8,5,3,3,2,2,2,0,4,6,0,0
20,356,4,0,3,0,8,5,3,3,2,2,3,0,4,6,0,0
20,356,4,0,3,0,8,5,3,3,2,2,3,0,5,6,0,0
20,356,4,0,3,0,8,5,3,3,2,2,3,0,5,6,0,0
20,356,4,0,3,0,8,5,3,3,2,2,3,0,5,6,0,0
20,356,4,0,3,0,8,5,3,3,2,2,3,0,5,6,0,0
20,356,4,0,3,0,8,5,3,3,2,2,3,0,5,6,0,0
20,356,4,0,3,0,8,5,3,3,2,2,3,0,5,6,0,0
20,356,4,0,3,0,8,5,3,3,2,2,3,0,5,6,0,0
20,356,4,0,3,0,8,5,3,3,2,2,3,0,5,6,0,0
20,356,4,0,3,0,8,5,3,3,2,2,2,0,4,6,0,0
20,356,4,0,3,0,8,5,3,3,2,2,2,0,4,6,0,0
20,356,4,0,3,0,8,5,3,3,2,2,2,0,4,6,0,0
20,356,4,0,3,0,8,5,3,3,2,2,2,0,4,6,0,0
20,356,4,0,3,0,8,5,3,3,2,2,2,0,4,6,0,0
20,356,4,0,3,0,8,5,3,3,2,2,2,0,4,6,0,0
20,356,4,0,3,0,8,5,3,3,2,2,2,0,4,6,0,0
20,356,4,0,3,0,8,5,3,3,2,2,2,0,4,6,0,0
20,356,4,0,3,0,8,5,3,3,2,2,2,0,4,6,0,0
21,357,4,0,4,0,9,5,4,3,3,2,3,0,7,6,0,0
21,357,4,0,4,0,9,5,4,3,3,2,3,0,7,6,0,0
21,357,4,0,4,0,9,5,4,3,3,2,3,0,7,6,0,0
21,357,4,0,4,0,9,5,4,3,3,2,3,0,7,6,0,0
21,357,4,0,4,0,9,5,4,3,3,2,3,0,7,6,0,0
21,357,4,0,4,0,9,5,4,3,3,2,3,0,7,6,0,0
21,357,4,0,4,0,9,5,4,3,3,2,3,0,8,6,8,0
21,357,4,0,4,0,10,8,4,3,3,3,4,1,8,7,8,1
21,357,4,0,4,0,10,9,4,4,3,3,4,1,8,7,8,1
21,357,4,0,4,0,10,10,4,4,3,3,4,1,8,8,9,1
21,357,4,0,4,0,10,9,4,4,3,3,4,1,8,7,9,1
21,357,4,0,4,0,10,9,4,4,3,2,4,1,8,7,9,1
21,357,4,0,4,0,10,9,4,4,3,3,4,1,8,7,9,1
21,357,4,0,4,0,10,8,4,3,3,3,4,1,8,5,5,1
21,357,4,0,4,0,10,8,4,3,3,3,4,1,8,5,5,1
21,357,4,0,4,0,10,8,4,2,3,3,4,1,8,5,5,0
21,357,4,0,4,0,9,8,4,2,3,3,3,1,8,5,5,0
21,357,4,0,4,0,9,8,4,2,3,3,3,1,8,5,0,0
21,357,4,0,4,0,9,8,4,2,3,3,3,1,8,5,0,0
21,357,4,0,4,0,9,8,4,2,3,3,3,1,8,5,0,0
21,357,4,0,4,0,9,8,4,2,3,3,3,1,8,5,0,0
21,357,4,0,4,0,9,8,4,2,3,3,3,1,8,5,0,0
21,357,4,0,4,0,9,7,4,2,3,3,3,1,8,5,0,0
21,357,4,0,4,0,9,7,4,2,3,3,3,1,7,5,0,0
22,358,4,0,4,0,9,7,4,2,3,3,3,1,4,5,0,0
22,358,4,0,4,0,9,7,4,2,3,3,3,1,4,5,0,0
22,358,4,0,4,0,9,7,4,2,3,3,3,1,4,5,0,0
22,358,4,0,4,0,9,7,4,2,3,3,3,1,4,5,0,0
22,358,4,0,4,0,9,7,4,2,3,3,3,1,4,5,0,0
22,358,4,0,4,0,9,7,4,2,3,3,3,1,4,5,0,0
22,358,4,0,4,0,9,7,4,2,3,3,3,1,4,5,8,0
22,358,4,0,4,0,10,9,4,4,3,2,4,2,5,5,8,5
22,358,4,0,4,0,10,10,4,4,3,3,4,2,5,5,8,6
22,358,4,0,4,0,10,9,4,4,3,3,4,2,5,5,9,7
22,358,4,0,4,0,10,10,4,4,3,2,4,2,5,6,9,8
22,358,4,0,4,0,10,10,4,4,3,2,4,2,5,6,9,8
22,358,4,0,4,0,10,10,4,4,3,2,4,2,5,5,9,7
22,358,4,0,4,0,10,10,4,4,3,2,4,2,5,5,5,7
22,358,4,0,4,0,10,9,4,4,3,2,4,2,5,5,5,7
22,358,4,0,4,0,10,9,4,4,3,2,4,2,4,5,5,2
22,358,4,0,4,0,9,9,4,4,3,2,3,2,4,5,5,2
22,358,4,0,4,0,9,9,4,4,3,2,3,2,4,5,0,2
22,358,4,0,4,0,9,9,4,4,3,2,3,2,4,5,0,2
22,358,4,0,4,0,9,8,4,3,3,2,3,2,4,5,0,2
22,358,4,0,4,0,9,8,4,3,3,2,3,2,4,5,0,2
22,358,4,0,4,0,9,8,4,3,3,2,3,2,4,5,0,1
22,358,4,0,4,0,9,8,4,3,3,2,3,2,4,5,0,1
22,358,4,0,4,0,9,8,4,3,3,2,3,2,4,5,0,1
23,359,4,0,4,0,9,8,4,3,3,2,3,2,7,5,0,1
23,359,4,0,4,0,9,8,4,3,3,2,3,2,7,5,0,1
23,359,4,0,4,0,9,8,4,3,3,2,3,2,7,5,0,1
23,359,4,0,4,0,9,8,4,3,3,2,3,2,7,5,0,1
23,359,4,0,4,0,9,8,4,3,3,2,3,2,7,5,0,1
23,359,4,0,4,0,9,8,4,3,3,2,3,2,7,5,0,1
23,359,4,0,4,0,9,8,4,3,3,2,3,2,10,5,8,1
23,359,4,0,4,0,10,8,4,3,3,2,4,3,10,10,8,0
23,359,4,0,4,0,10,10,4,3,3,2,4,3,10,10,8,0
23,359,4,0,4,0,10,10,4,4,3,2,4,3,10,10,9,0
23,359,4,0,4,0,10,10,4,4,3,2,4,3,10,10,9,0
23,359,4,0,4,0,10,10,4,4,3,2,4,3,10,10,9,0
23,359,4,0,4,0,10,10,4,4,3,2,4,3,10,10,9,0
23,359,4,0,4,0,10,10,4,4,3,2,4,3,10,10,5,0
23,359,4,0,4,0,10,10,4,4,3,2,4,3,10,10,5,0
23,359,4,0,4,0,10,10,4,4,3,2,4,3,8,10,5,0
23,359,4,0,4,0,9,10,4,4,3,2,3,3,8,10,5,0
23,359,4,0,4,0,9,10,4,4,3,2,3,3,8,9,0,0
23,359,4,0,4,0,9,10,4,4,3,2,3,3,8,9,0,0
23,359,4,0,4,0,9,10,4,4,3,2,3,3,8,9,0,0
23,359,4,0,4,0,9,10,4,4,3,2,3,3,8,9,0,0
23,359,4,0,4,0,9,9,4,4,3,2,3,3,8,9,0,0
23,359,4,0,4,0,9,9,4,4,3,2,3,3,8,9,0,0
23,359,4,0,4,0,9,9,4,4,3,2,3,3,7,9,0,0
24,360,4,0,4,0,9,9,4,4,3,2,3,3,7,9,0,0
24,360,4,0,4,0,9,9,4,4,3,2,3,3,7,9,0,0
24,360,4,0,4,0,9,9,4,4,3,2,3,3,7,9,0,0
24,360,4,0,4,0,9,9,4,4,3,2,3,3,7,9,0,0
24,360,4,0,4,0,9,9,4,4,3,2,3,3,7,9,0,0
24,360,4,0,4,0,9,9,4,4,3,2,3,3,7,9,0,0
24,360,4,0,4,0,9,9,4,4,3,2,3,3,8,9,8,0
24,360,4,0,4,0,10,10,4,4,3,3,4,4,8,8,8,0
24,360,4,0,4,0,10,10,4,4,3,3,4,4,8,8,8,0
24,360,4,0,4,0,10,10,4,4,3,3,4,4,8,8,9,0
24,360,4,0,4,0,10,10,4,4,3,3,4,4,8,8,9,0
24,360,4,0,4,0,10,10,4,4,3,3,4,4,8,8,9,0
24,360,4,0,4,0,10,10,4,4,3,3,4,4,8,8,9,0
24,360,4,0,4,0,10,10,4,4,3,3,4,4,8,8,5,0
24,360,4,0,4,0,10,10,4,4,3,3,4,4,8,8,5,0
24,360,4,0,4,0,10,10,4,4,3,3,4,4,8,8,5,0
24,360,4,0,4,0,9,10,4,4,3,3,3,3,8,8,5,0
24,360,4,0,4,0,9,10,4,4,3,3,3,3,8,8,0,0
24,360,4,0,4,0,9,10,4,4,3,3,3,3,8,7,0,0
24,360,4,0,4,0,9,10,4,4,3,3,3,3,8,7,0,0
24,360,4,0,4,0,9,10,4,4,3,3,3,2,8,7,0,0
24,360,4,0,4,0,9,9,4,4,3,3,3,2,8,7,0,0
24,360,4,0,4,0,9,9,4,4,3,3,3,2,8,7,0,0
24,360,4,0,4,0,9,9,4,4,3,3,3,2,7,7,0,0
25,361,4,0,4,0,9,9,4,4,3,3,3,2,7,7,0,0
25,361,4,0,4,0,9,9,4,4,3,3,3,2,7,7,0,0
25,361,4,0,4,0,9,9,4,4,3,3,3,2,7,7,0,0
25,361,4,0,4,0,9,9,4,4,3,3,3,2,7,7,0,0
25,361,4,0,4,0,9,9,4,4,3,3,3,2,7,7,0,0
25,361,4,0,4,0,9,9,4,4,3,3,3,2,7,7,0,0
25,361,4,0,4,0,9,9,4,4,3,3,3,2,8,7,8,0
25,361,4,0,4,0,10,8,4,4,3,3,4,3,8,8,8,1
25,361,4,0,4,0,10,10,4,4,3,3,4,3,8,8,8,1
25,361,4,0,4,0,10,10,4,4,3,3,4,3,8,8,9,2
25,361,4,0,4,0,10,10,4,4,3,3,4,3,8,8,9,3
25,361,4,0,4,0,10,10,4,4,3,3,4,3,8,8,9,4
25,361,4,0,4,0,10,10,4,4,3,3,4,3,8,8,9,4
25,361,4,0,4,0,10,10,4,4,3,3,4,3,8,8,5,4
25,361,4,0,4,0,10,10,4,4,3,3,4,3,8,8,5,4
25,361,4,0,4,0,10,10,4,4,3,3,4,3,8,8,5,2
25,361,4,0,4,0,9,10,4,4,3,3,3,3,8,8,5,2
25,361,4,0,4,0,9,10,4,4,3,3,3,3,8,8,0,2
25,361,4,0,4,0,9,9,4,4,3,3,3,3,8,8,0,2
25,361,4,0,4,0,9,9,4,4,3,3,3,3,8,8,0,2
25,361,4,0,4,0,9,9,4,4,3,3,3,3,8,8,0,1
25,361,4,0,4,0,9,9,4,4,3,3,3,2,8,8,0,0
25,361,4,0,4,0,9,9,4,4,3,3,3,2,8,8,0,0
25,361,4,0,4,0,9,9,4,4,3,3,3,2,7,8,0,0
26,362,4,0,3,0,8,9,3,4,2,3,2,2,7,8,0,0
26,362,4,0,3,0,8,9,3,4,2,3,2,2,7,8,0,0
26,362,4,0,3,0,8,9,3,4,2,3,2,2,7,8,0,0
26,362,4,0,3,0,8,9,3,4,2,3,2,2,7,8,0,0
26,362,4,0,3,0,8,9,3,4,2,3,2,2,7,8,0,0
26,362,4,0,3,0,8,9,3,4,2,3,2,2,7,8,0,0
26,362,4,0,3,0,8,9,3,4,2,3,3,2,10,8,0,0
26,362,4,0,3,0,8,9,3,3,2,3,3,2,10,8,0,0
26,362,4,0,3,0,8,9,3,3,2,3,3,2,10,8,0,0
26,362,4,0,3,0,8,9,3,3,2,3,3,2,10,8,0,0
26,362,4,0,3,0,8,9,3,3,2,3,3,2,10,8,0,0
26,362,4,0,3,0,8,9,3,3,2,3,3,2,10,8,0,0
26,362,4,0,3,0,8,9,3,3,2,3,3,2,10,8,0,0
26,362,4,0,3,0,8,9,3,3,2,3,3,2,10,8,0,0
26,362,4,0,3,0,8,9,3,3,2,3,3,2,10,8,0,0
26,362,4,0,3,0,8,9,3,3,2,3,2,2,8,8,0,0
26,362,4,0,3,0,8,9,3,3,2,3,2,2,8,8,0,0
26,362,4,0,3,0,8,9,3,3,2,3,2,2,8,8,0,0
26,362,4,0,3,0,8,9,3,3,2,3,2,2,8,8,0,0
26,362,4,0,3,0,8,9,3,3,2,3,2,2,8,8,0,0
26,362,4,0,3,0,8,9,3,3,2,3,2,2,8,8,0,0
26,362,4,0,3,0,8,9,3,3,2,3,2,2,8,8,0,0
26,362,4,0,3,0,8,9,3,3,2,3,2,1,8,8,0,0
26,362,4,0,3,0,8,9,3,3,2,3,2,1,7,8,0,0
27,363,4,0,3,0,8,9,3,3,2,3,2,1,4,8,0,0
27,363,4,0,3,0,8,9,3,3,2,3,2,1,4,8,0,0
27,363,4,0,3,0,8,9,3,3,2,3,2,1,4,8,0,0
27,363,4,0,3,0,8,9,3,3,2,3,2,1,4,8,0,0
27,363,4,0,3,0,8,9,3,3,2,3,2,1,4,8,0,0
27,363,4,0,3,0,8,9,3,3,2,3,2,1,4,8,0,0
27,363,4,0,3,0,8,9,3,3,2,3,3,1,4,8,0,0
27,363,4,0,3,0,8,9,3,2,2,3,3,0,5,8,0,0
27,363,4,0,3,0,8,9,3,2,2,3,3,0,5,8,0,0
27,363,4,0,3,0,8,9,3,2,2,3,3,0,5,8,0,0
27,363,4,0,3,0,8,9,3,2,2,3,3,0,5,8,0,0
27,363,4,0,3,0,8,9,3,2,2,3,3,0,5,8,0,0
27,363,4,0,3,0,8,9,3,2,2,3,3,0,5,8,0,0
27,363,4,0,3,0,8,9,3,2,2,3,3,0,5,8,0,0
27,363,4,0,3,0,8,9,3,2,2,3,3,0,5,8,0,0
27,363,4,0,3,0,8,9,3,2,2,3,2,0,4,8,0,0
27,363,4,0,3,0,8,9,3,2,2,3,2,0,4,8,0,0
27,363,4,0,3,0,8,9,3,2,2,3,2,0,4,7,0,0
27,363,4,0,3,0,8,9,3,2,2,3,2,0,4,7,0,0
27,363,4,0,3,0,8,9,3,2,2,3,2,0,4,7,0,0
27,363,4,0,3,0,8,9,3,2,2,3,2,0,4,7,0,0
27,363,4,0,3,0,8,9,3,2,2,3,2,0,4,7,0,0
27,363,4,0,3,0,8,9,3,2,2,3,2,0,4,7,0,0
27,363,4,0,3,0,8,9,3,2,2,3,2,0,4,7,0,0
0,364,4,0,4,0,9,9,4,2,3,3,3,0,7,7,0,0
0,364,4,0,4,0,9,9,4,2,3,3,3,0,7,7,0,0
0,364,4,0,4,0,9,9,4,2,3,3,3,0,7,7,0,0
0,364,4,0,4,0,9,9,4,2,3,3,3,0,7,7,0,0
0,364,4,0,4,0,9,9,4,2,3,3,3,0,7,7,0,0
0,364,4,0,4,0,9,9,4,2,3,3,3,0,7,7,0,0
0,364,4,0,4,0,9,9,4,2,3,3,3,0,8,7,8,0
0,364,4,0,4,0,10,9,4,4,3,3,4,1,8,8,8,2
0,364,4,0,4,0,10,10,4,4,3,3,4,1,8,8,8,2
0,364,4,0,4,0,10,10,4,4,3,3,4,1,8,8,9,2
0,364,4,0,4,0,10,10,4,4,3,3,4,1,8,8,9,2
0,364,4,0,4,0,10,10,4,4,3,3,4,1,8,8,9,2
0,364,4,0,4,0,10,10,4,4,3,3,4,1,8,8,9,2
0,364,4,0,4,0,10,10,4,4,3,3,4,1,8,8,5,2
0,364,4,0,4,0,10,9,4,4,3,3,4,1,8,8,5,2
0,364,4,0,4,0,10,9,4,4,3,3,4,1,8,8,5,2
0,364,4,0,4,0,9,9,4,4,3,3,3,0,8,8,5,2
0,364,4,0,4,0,9,9,4,4,3,3,3,0,8,8,0,2
0,364,4,0,4,0,9,9,4,4,3,3,3,0,8,8,0,2
0,364,4,0,4,0,9,8,4,4,3,3,3,0,8,7,0,2
0,364,4,0,4,0,9,8,4,4,3,3,3,0,8,7,0,2
0,364,4,0,4,0,9,8,4,3,3,3,3,0,8,7,0,2
0,364,4,0,4,0,9,8,4,3,3,3,3,0,8,7,0,2
0,364,4,0,4,0,9,8,4,3,3,3,3,0,7,7,0,2
1,365,4,0,4,0,9,8,4,3,3,3,3,0,4,7,0,2
1,365,4,0,4,0,9,8,4,3,3,3,3,0,4,7,0,2
1,365,4,0,4,0,9,8,4,3,3,3,3,0,4,7,0,2
1,365,4,0,4,0,9,8,4,3,3,3,3,0,4,7,0,2
1,365,4,0,4,0,9,8,4,3,3,3,3,0,4,7,0,2
1,365,4,0,4,0,9,8,4,3,3,3,3,0,4,7,0,2
1,365,4,0,4,0,9,8,4,3,3,3,3,0,4,7,8,2
1,365,4,0,4,0,10,9,4,4,3,3,4,1,5,7,8,2
1,365,4,0,4,0,10,10,4,4,3,3,4,1,5,7,8,2
1,365,4,0,4,0,10,10,4,4,3,3,4,1,5,7,9,3
1,365,4,0,4,0,10,10,4,4,3,3,4,1,5,7,9,3
1,365,4,0,4,0,10,10,4,4,3,3,4,1,5,7,9,3
1,365,4,0,4,0,10,10,4,4,3,3,4,1,5,7,9,2
1,365,4,0,4,0,10,10,4,4,3,3,4,1,5,7,5,2
1,365,4,0,4,0,10,10,4,4,3,3,4,0,5,7,5,2
1,365,4,0,4,0,10,10,4,4,3,3,4,0,4,7,5,2
1,365,4,0,4,0,9,10,4,3,3,3,3,0,4,7,5,2
1,365,4,0,4,0,9,10,4,3,3,3,3,0,4,7,0,2
1,365,4,0,4,0,9,10,4,3,3,3,3,0,4,7,0,2
1,365,4,0,4,0,9,10,4,3,3,3,3,0,4,7,0,2
1,365,4,0,4,0,9,10,4,3,3,3,3,0,4,7,0,1
1,365,4,0,4,0,9,10,4,3,3,3,3,0,4,7,0,1
1,365,4,0,4,0,9,10,4,3,3,3,3,0,4,7,0,1
1,365,4,0,4,0,9,10,4,3,3,3,3,0,4,7,0,1
2,366,4,0,4,0,9,10,4,3,3,3,3,0,7,7,0,1
2,366,4,0,4,0,9,10,4,3,3,3,3,0,7,7,0,1
2,366,4,0,4,0,9,10,4,3,3,3,3,0,7,7,0,1
2,366,4,0,4,0,9,10,4,3,3,3,3,0,7,7,0,1
2,366,4,0,4,0,9,10,4,3,3,3,3,0,7,7,0,1
2,366,4,0,4,0,9,10,4,3,3,3,3,0,7,7,0,1
2,366,4,0,4,0,9,10,4,3,3,3,3,0,10,8,8,1
2,366,4,0,4,0,10,10,4,3,3,3,4,1,10,9,8,2
2,366,4,0,4,0,10,10,4,4,3,3,4,1,10,10,8,2
2,366,4,0,4,0,10,10,4,4,3,3,4,1,10,10,9,2
2,366,4,0,4,0,10,10,4,4,3,3,4,1,10,9,9,1
2,366,4,0,4,0,10,10,4,4,3,3,4,1,10,10,9,1
2,366,4,0,4,0,10,10,4,4,3,3,4,1,10,10,9,1
2,366,4,0,4,0,10,10,4,4,3,3,4,1,10,10,5,1
2,366,4,0,4,0,10,10,4,4,3,3,4,1,10,9,5,0
2,366,4,0,4,0,10,10,4,4,3,3,4,1,8,9,5,0
2,366,4,0,4,0,9,10,4,4,3,3,3,1,8,9,5,0
2,366,4,0,4,0,9,10,4,4,3,3,3,1,8,9,0,0
2,366,4,0,4,0,9,10,4,4,3,3,3,1,8,9,0,0
2,366,4,0,4,0,9,10,4,4,3,3,3,1,8,9,0,0
2,366,4,0,4,0,9,10,4,4,3,3,3,1,8,9,0,0
2,366,4,0,4,0,9,10,4,4,3,3,3,1,8,9,0,0
2,366,4,0,4,0,9,10,4,4,3,3,3,1,8,9,0,0
2,366,4,0,4,0,9,10,4,4,3,3,3,1,7,9,0,0
3,367,4,0,4,0,9,10,4,4,3,3,3,1,7,9,0,0
3,367,4,0,4,0,9,10,4,4,3,3,3,1,7,9,0,0
3,367,4,0,4,0,9,10,4,4,3,3,3,1,7,9,0,0
3,367,4,0,4,0,9,10,4,4,3,3,3,1,7,9,0,0
3,367,4,0,4,0,9,10,4,4,3,3,3,1,7,9,0,0
3,367,4,0,4,0,9,10,4,4,3,3,3,1,7,9,0,0
3,367,4,0,4,0,9,10,4,4,3,3,3,1,8,9,8,0
3,367,4,0,4,0,10,10,4,4,3,3,4,2,8,7,8,0
3,367,4,0,4,0,10,9,4,4,3,3,4,2,8,8,8,0
3,367,4,0,4,0,10,10,4,3,3,3,4,2,8,8,9,0
3,367,4,0,4,0,10,10,4,3,3,3,4,2,8,8,9,0
3,367,4,0,4,0,10,10,4,3,3,3,4,2,8,8,9,0
3,367,4,0,4,0,10,10,4,3,3,3,4,2,8,8,9,0
3,367,4,0,4,0,10,10,4,3,3,3,4,2,8,8,5,0
3,367,4,0,4,0,10,10,4,3,3,3,4,2,8,8,5,0
3,367,4,0,4,0,10,10,4,3,3,3,4,2,8,8,5,0
3,367,4,0,4,0,9,10,4,3,3,3,3,2,8,8,5,0
3,367,4,0,4,0,9,10,4,3,3,3,3,2,8,8,0,0
3,367,4,0,4,0,9,10,4,3,3,3,3,2,8,8,0,0
3,367,4,0,4,0,9,10,4,3,3,3,3,2,8,8,0,0
3,367,4,0,4,0,9,10,4,3,3,3,3,2,8,8,0,0
3,367,4,0,4,0,9,10,4,3,3,3,3,2,8,8,0,0
3,367,4,0,4,0,9,8,4,3,3,3,3,2,8,8,0,0
3,367,4,0,4,0,9,8,4,3,3,3,3,2,7,8,0,0
4,368,4,0,4,0,9,8,4,3,3,3,3,2,7,8,0,0
4,368,4,0,4,0,9,8,4,3,3,3,3,2,7,8,0,0
4,368,4,0,4,0,9,8,4,3,3,3,3,2,7,8,0,0
4,368,4,0,4,0,9,8,4,3,3,3,3,2,7,8,0,0
4,368,4,0,4,0,9,8,4,3,3,3,3,2,7,8,0,0
4,368,4,0,4,0,9,8,4,3,3,3,3,2,7,8,0,0
4,368,4,0,4,0,9,8,4,3,3,3,3,2,8,8,8,0
4,368,4,0,4,0,10,9,4,4,3,3,4,2,8,8,8,1
4,368,4,0,4,0,10,10,4,4,3,3,4,2,8,8,8,1
4,368,4,0,4,0,10,10,4,4,3,3,4,2,8,8,9,1
4,368,4,0,4,0,10,10,4,4,3,3,4,2,8,8,9,1
4,368,4,0,4,0,10,10,4,4,3,3,4,2,8,8,9,1
4,368,4,0,4,0,10,10,4,4,3,3,4,2,8,8,9,1
4,368,4,0,4,0,10,10,4,4,3,3,4,2,8,8,5,1
4,368,4,0,4,0,10,10,4,4,3,3,4,2,8,7,5,1
4,368,4,0,4,0,10,10,4,4,3,3,4,2,8,7,5,1
4,368,4,0,4,0,9,10,4,4,3,3,3,2,8,7,5,1
4,368,4,0,4,0,9,10,4,4,3,3,3,2,8,7,0,1
4,368,4,0,4,0,9,10,4,4,3,3,3,2,8,7,0,1
4,368,4,0,4,0,9,10,4,4,3,3,3,2,8,7,0,1
4,368,4,0,4,0,9,9,4,4,3,3,3,2,8,7,0,1
4,368,4,0,4,0,9,9,4,4,3,3,3,2,8,7,0,1
4,368,4,0,4,0,9,9,4,4,3,3,3,2,8,7,0,1
4,368,4,0,4,0,9,9,4,4,3,3,3,2,7,7,0,1
5,369,4,0,3,0,8,9,3,4,2,3,2,2,7,7,0,1
5,369,4,0,3,0,8,9,3,4,2,3,2,2,7,7,0,1
5,369,4,0,3,0,8,9,3,4,2,3,2,2,7,7,0,1
5,369,4,0,3,0,8,9,3,4,2,3,2,2,7,7,0,1
5,369,4,0,3,0,8,9,3,4,2,3,2,2,7,7,0,1
5,369,4,0,3,0,8,9,3,4,2,3,2,2,7,7,0,1
5,369,4,0,3,0,8,9,3,4,2,3,3,2,10,7,0,1
5,369,4,0,3,0,8,7,3,4,2,3,3,2,10,6,0,0
5,369,4,0,3,0,8,7,3,4,2,3,3,2,10,6,0,0
5,369,4,0,3,0,8,7,3,4,2,3,3,2,10,6,0,0
5,369,4,0,3,0,8,7,3,4,2,3,3,2,10,6,0,0
5,369,4,0,3,0,8,7,3,4,2,3,3,2,10,6,0,0
5,369,4,0,3,0,8,7,3,4,2,3,3,2,10,6,0,0
5,369,4,0,3,0,8,7,3,4,2,3,3,2,10,6,0,0
5,369,4,0,3,0,8,7,3,4,2,3,3,2,10,6,0,0
5,369,4,0,3,0,8,7,3,4,2,3,2,2,8,6,0,0
5,369,4,0,3,0,8,7,3,4,2,3,2,2,8,6,0,0
5,369,4,0,3,0,8,7,3,4,2,3,2,1,8,6,0,0
5,369,4,0,3,0,8,7,3,4,2,3,2,1,8,6,0,0
5,369,4,0,3,0,8,7,3,3,2,3,2,1,8,6,0,0
5,369,4,0,3,0,8,7,3,3,2,3,2,1,8,6,0,0
5,369,4,0,3,0,8,7,3,3,2,3,2,1,8,6,0,0
5,369,4,0,3,0,8,7,3,3,2,3,2,1,8,6,0,0
5,369,4,0,3,0,8,7,3,3,2,3,2,1,7,6,0,0
6,370,4,0,3,0,8,7,3,3,2,3,2,1,4,6,0,0
6,370,4,0,3,0,8,7,3,3,2,3,2,1,4,6,0,0
6,370,4,0,3,0,8,7,3,3,2,3,2,1,4,6,0,0
6,370,4,0,3,0,8,7,3,3,2,3,2,1,4,6,0,0
6,370,4,0,3,0,8,7,3,3,2,3,2,1,4,6,0,0
6,370,4,0,3,0,8,7,3,3,2,3,2,1,4,6,0,0
6,370,4,0,3,0,8,7,3,3,2,3,3,1,4,6,0,0
6,370,4,0,3,0,8,7,3,2,2,3,3,1,5,6,0,0
6,370,4,0,3,0,8,7,3,2,2,3,3,1,5,6,0,0
6,370,4,0,3,0,8,7,3,2,2,3,3,1,5,6,0,0
6,370,4,0,3,0,8,7,3,2,2,3,3,1,5,6,0,0
6,370,4,0,3,0,8,7,3,2,2,3,3,1,5,6,0,0
6,370,4,0,3,0,8,7,3,2,2,3,3,1,5,6,0,0
6,370,4,0,3,0,8,7,3,2,2,3,3,1,5,6,0,0
6,370,4,0,3,0,8,7,3,2,2,3,3,1,5,6,0,0
6,370,4,0,3,0,8,7,3,2,2,3,2,1,4,6,0,0
6,370,4,0,3,0,8,7,3,2,2,3,2,1,4,6,0,0
6,370,4,0,3,0,8,7,3,2,2,3,2,1,4,6,0,0
6,370,4,0,3,0,8,7,3,2,2,3,2,1,4,6,0,0
6,370,4,0,3,0,8,7,3,2,2,3,2,0,4,6,0,0
6,370,4,0,3,0,8,7,3,2,2,3,2,0,4,6,0,0
6,370,4,0,3,0,8,7,3,2,2,3,2,0,4,6,0,0
6,370,4,0,3,0,8,7,3,2,2,3,2,0,4,6,0,0
6,370,4,0,3,0,8,7,3,2,2,3,2,0,4,6,0,0
7,371,4,0,4,0,9,7,4,2,3,3,3,0,7,6,0,0
7,371,4,0,4,0,9,7,4,2,3,3,3,0,7,6,0,0
7,371,4,0,4,0,9,7,4,2,3,3,3,0,7,6,0,0
7,371,4,0,4,0,9,7,4,2,3,3,3,0,7,6,0,0
7,371,4,0,4,0,9,7,4,2,3,3,3,0,7,6,0,0
7,371,4,0,4,0,9,7,4,2,3,3,3,0,7,6,0,0
7,371,4,0,4,0,9,7,4,2,3,3,3,0,8,6,8,0
7,371,4,0,4,0,10,8,4,4,3,3,4,1,8,8,8,1
7,371,4,0,4,0,10,9,4,4,3,3,4,1,8,8,8,1
7,371,4,0,4,0,10,10,4,4,3,3,4,1,8,8,9,1
7,371,4,0,4,0,10,10,4,3,3,3,4,1,8,8,9,1
7,371,4,0,4,0,10,10,4,4,3,3,4,1,8,8,9,1
7,371,4,0,4,0,10,10,4,4,3,2,4,1,8,9,9,1
7,371,4,0,4,0,10,10,4,4,3,2,4,1,8,9,5,1
7,371,4,0,4,0,10,10,4,4,3,2,4,1,8,9,5,1
7,371,4,0,4,0,10,10,4,4,3,2,4,1,8,8,5,0
7,371,4,0,4,0,9,10,4,4,3,2,3,1,8,8,5,0
7,371,4,0,4,0,9,10,4,4,3,2,3,1,8,8,0,0
7,371,4,0,4,0,9,10,4,3,3,2,3,1,8,8,0,0
7,371,4,0,4,0,9,10,4,3,3,2,3,1,8,8,0,0
7,371,4,0,4,0,9,10,4,3,3,2,3,1,8,8,0,0
7,371,4,0,4,0,9,10,4,3,3,2,3,1,8,8,0,0
7,371,4,0,4,0,9,10,4,2,3,2,3,1,8,8,0,0
7,371,4,0,4,0,9,10,4,2,3,2,3,1,7,8,0,0
8,372,4,0,4,0,9,10,4,2,3,2,3,1,4,8,0,0
8,372,4,0,4,0,9,10,4,2,3,2,3,1,4,8,0,0
8,372,4,0,4,0,9,10,4,2,3,2,3,1,4,8,0,0
8,372,4,0,4,0,9,10,4,2,3,2,3,1,4,8,0,0
8,372,4,0,4,0,9,10,4,2,3,2,3,1,4,8,0,0
8,372,4,0,4,0,9,10,4,2,3,2,3,1,4,8,0,0
8,372,4,0,4,0,9,10,4,2,3,2,3,1,4,8,8,0
8,372,4,0,4,0,10,9,4,3,3,3,4,2,5,8,8,2
8,372,4,0,4,0,10,9,4,4,3,3,4,2,5,8,8,3
8,372,4,0,4,0,10,10,4,4,3,3,4,2,5,8,9,3
8,372,4,0,4,0,10,10,4,4,3,3,4,2,5,8,9,3
8,372,4,0,4,0,10,10,4,4,3,3,4,2,5,8,9,3
8,372,4,0,4,0,10,9,4,4,3,3,4,2,5,8,9,2
8,372,4,0,4,0,10,9,4,4,3,3,4,2,5,8,5,2
8,372,4,0,4,0,10,9,4,4,3,3,4,2,5,8,5,2
8,372,4,0,4,0,10,9,4,4,3,3,4,2,4,8,5,2
8,372,4,0,4,0,9,9,4,4,3,3,3,2,4,8,5,2
8,372,4,0,4,0,9,9,4,4,3,3,3,2,4,8,0,2
8,372,4,0,4,0,9,9,4,4,3,3,3,2,4,8,0,2
8,372,4,0,4,0,9,9,4,4,3,3,3,2,4,8,0,1
8,372,4,0,4,0,9,9,4,4,3,3,3,2,4,8,0,1
8,372,4,0,4,0,9,9,4,4,3,3,3,2,4,8,0,1
8,372,4,0,4,0,9,9,4,4,3,3,3,2,4,8,0,1
8,372,4,0,4,0,9,9,4,4,3,3,3,2,4,8,0,1
9,373,4,0,4,0,9,9,4,4,3,3,3,2,7,8,0,1
9,373,4,0,4,0,9,9,4,4,3,3,3,2,7,8,0,1
9,373,4,0,4,0,9,9,4,4,3,3,3,2,7,8,0,1
9,373,4,0,4,0,9,9,4,4,3,3,3,2,7,8,0,1
9,373,4,0,4,0,9,9,4,4,3,3,3,2,7,8,0,1
9,373,4,0,4,0,9,9,4,4,3,3,3,2,7,8,0,1
9,373,4,0,4,0,9,9,4,4,3,3,3,2,10,8,8,1
9,373,4,0,4,0,10,9,4,4,3,2,4,3,10,10,8,1
9,373,4,0,4,0,10,10,4,4,3,2,4,3,10,10,8,2
9,373,4,0,4,0,10,10,4,4,3,3,4,3,10,11,9,2
9,373,4,0,4,0,10,10,4,4,3,3,4,3,10,11,9,3
9,373,4,0,4,0,10,10,4,4,3,3,4,3,10,11,9,3
9,373,4,0,4,0,10,10,4,4,3,3,4,3,10,10,9,3
9,373,4,0,4,0,10,10,4,4,3,3,4,3,10,10,5,3
9,373,4,0,4,0,10,10,4,4,3,3,4,3,10,10,5,2
9,373,4,0,4,0,10,10,4,4,3,3,4,3,8,10,5,2
9,373,4,0,4,0,9,10,4,4,3,3,3,3,8,9,5,1
9,373,4,0,4,0,9,10,4,4,3,3,3,3,8,9,0,1
9,373,4,0,4,0,9,10,4,4,3,3,3,3,8,8,0,0
9,373,4,0,4,0,9,10,4,4,3,3,3,3,8,8,0,0
9,373,4,0,4,0,9,10,4,4,3,3,3,3,8,8,0,0
9,373,4,0,4,0,9,10,4,4,3,3,3,2,8,8,0,0
9,373,4,0,4,0,9,10,4,4,3,3,3,2,8,8,0,0
9,373,4,0,4,0,9,10,4,4,3,3,3,2,7,8,0,0
10,374,4,0,4,0,9,10,4,4,3,3,3,2,7,8,0,0
10,374,4,0,4,0,9,10,4,4,3,3,3,2,7,8,0,0
10,374,4,0,4,0,9,10,4,4,3,3,3,2,7,8,0,0
10,374,4,0,4,0,9,10,4,4,3,3,3,2,7,8,0,0
10,374,4,0,4,0,9,10,4,4,3,3,3,2,7,8,0,0
10,374,4,0,4,0,9,10,4,4,3,3,3,2,7,8,0,0
10,374,4,0,4,0,9,10,4,4,3,3,3,2,8,8,8,0
10,374,4,0,4,0,10,9,4,3,3,3,4,2,8,8,8,0
10,374,4,0,4,0,10,9,4,3,3,3,4,2,8,8,8,0
10,374,4,0,4,0,10,10,4,3,3,3,4,2,8,8,9,0
10,374,4,0,4,0,10,10,4,3,3,3,4,2,8,8,9,0
10,374,4,0,4,0,10,10,4,3,3,3,4,2,8,8,9,0
10,374,4,0,4,0,10,10,4,3,3,3,4,2,8,8,9,0
10,374,4,0,4,0,10,10,4,3,3,3,4,2,8,8,5,0
10,374,4,0,4,0,10,10,4,3,3,3,4,2,8,8,5,0
10,374,4,0,4,0,10,10,4,3,3,3,4,2,8,8,5,0
10,374,4,0,4,0,9,9,4,3,3,3,3,2,8,8,5,0
10,374,4,0,4,0,9,9,4,3,3,3,3,2,8,8,0,0
10,374,4,0,4,0,9,9,4,3,3,3,3,2,8,8,0,0
10,374,4,0,4,0,9,9,4,3,3,3,3,2,8,8,0,0
10,374,4,0,4,0,9,9,4,3,3,3,3,2,8,8,0,0
10,374,4,0,4,0,9,9,4,3,3,3,3,2,8,8,0,0
10,374,4,0,4,0,9,9,4,3,3,3,3,2,8,8,0,0
10,374,4,0,4,0,9,9,4,3,3,3,3,2,7,8,0,0
11,375,4,0,4,0,9,9,4,3,3,3,3,2,7,8,0,0
11,375,4,0,4,0,9,9,4,3,3,3,3,2,7,8,0,0
11,375,4,0,4,0,9,9,4,3,3,3,3,2,7,8,0,0
11,375,4,0,4,0,9,9,4,3,3,3,3,2,7,8,0,0
11,375,4,0,4,0,9,9,4,3,3,3,3,2,7,8,0,0
11,375,4,0,4,0,9,9,4,3,3,3,3,2,7,8,0,0
11,375,4,0,4,0,9,9,4,3,3,3,3,2,8,8,8,0
11,375,4,0,4,0,10,9,4,4,3,3,4,3,8,8,8,0
11,375,4,0,4,0,10,10,4,4,3,3,4,3,8,8,8,1
11,375,4,0,4,0,10,10,4,4,3,3,4,3,8,8,9,1
11,375,4,0,4,0,10,10,4,4,3,3,4,3,8,8,9,1
11,375,4,0,4,0,10,10,4,3,3,3,4,3,8,9,9,1
11,375,4,0,4,0,10,10,4,4,3,3,4,3,8,9,9,1
11,375,4,0,4,0,10,10,4,4,3,3,4,3,8,8,5,0
11,375,4,0,4,0,10,10,4,4,3,3,4,3,8,8,5,0
11,375,4,0,4,0,10,10,4,4,3,3,4,3,8,8,5,0
11,375,4,0,4,0,9,10,4,4,3,3,3,3,8,8,5,0
11,375,4,0,4,0,9,10,4,4,3,3,3,3,8,8,0,0
11,375,4,0,4,0,9,10,4,4,3,3,3,3,8,8,0,0
11,375,4,0,4,0,9,10,4,4,3,3,3,3,8,8,0,0
11,375,4,0,4,0,9,10,4,4,3,3,3,3,8,8,0,0
11,375,4,0,4,0,9,10,4,4,3,3,3,3,8,8,0,0
11,375,4,0,4,0,9,9,4,4,3,3,3,3,8,7,0,0
11,375,4,0,4,0,9,9,4,4,3,3,3,3,7,7,0,0
12,376,4,0,3,0,8,9,3,4,2,3,2,3,7,7,0,0
12,376,4,0,3,0,8,9,3,4,2,3,2,3,7,7,0,0
12,376,4,0,3,0,8,9,3,4,2,3,2,3,7,7,0,0
12,376,4,0,3,0,8,9,3,4,2,3,2,3,7,7,0,0
12,376,4,0,3,0,8,9,3,4,2,3,2,3,7,7,0,0
12,376,4,0,3,0,8,9,3,4,2,3,2,3,7,7,0,0
12,376,4,0,3,0,8,9,3,4,2,3,3,3,10,7,0,0
12,376,4,0,3,0,8,8,3,4,2,3,3,3,10,6,0,0
12,376,4,0,3,0,8,7,3,4,2,3,3,3,10,5,0,0
12,376,4,0,3,0,8,7,3,4,2,3,3,3,10,5,0,0
12,376,4,0,3,0,8,7,3,4,2,3,3,3,10,5,0,0
12,376,4,0,3,0,8,7,3,4,2,3,3,3,10,5,0,0
12,376,4,0,3,0,8,7,3,4,2,3,3,3,10,5,0,0
12,376,4,0,3,0,8,7,3,4,2,3,3,3,10,5,0,0
12,376,4,0,3,0,8,7,3,4,2,3,3,3,10,5,0,0
12,376,4,0,3,0,8,7,3,4,2,3,2,2,8,5,0,0
12,376,4,0,3,0,8,7,3,4,2,3,2,2,8,5,0,0
12,376,4,0,3,0,8,7,3,4,2,3,2,2,8,5,0,0
12,376,4,0,3,0,8,7,3,4,2,3,2,2,8,5,0,0
12,376,4,0,3,0,8,7,3,4,2,3,2,2,8,5,0,0
12,376,4,0,3,0,8,7,3,4,2,3,2,2,8,5,0,0
12,376,4,0,3,0,8,7,3,4,2,3,2,2,8,5,0,0
12,376,4,0,3,0,8,7,3,4,2,3,2,2,8,5,0,0
12,376,4,0,3,0,8,7,3,4,2,3,2,2,7,5,0,0
13,377,4,0,3,0,8,7,3,4,2,3,2,2,4,5,0,0
13,377,4,0,3,0,8,7,3,4,2,3,2,2,4,5,0,0
13,377,4,0,3,0,8,7,3,4,2,3,2,2,4,5,0,0
13,377,4,0,3,0,8,7,3,4,2,3,2,2,4,5,0,0
13,377,4,0,3,0,8,7,3,4,2,3,2,2,4,5,0,0
13,377,4,0,3,0,8,7,3,4,2,3,2,2,4,5,0,0
13,377,4,0,3,0,8,7,3,4,2,3,3,2,4,5,0,0
13,377,4,0,3,0,8,7,3,4,2,3,3,1,5,5,0,0
13,377,4,0,3,0,8,7,3,4,2,3,3,1,5,5,0,0
13,377,4,0,3,0,8,7,3,4,2,3,3,1,5,5,0,0
13,377,4,0,3,0,8,7,3,4,2,3,3,1,5,5,0,0
13,377,4,0,3,0,8,7,3,4,2,3,3,1,5,5,0,0
13,377,4,0,3,0,8,7,3,4,2,3,3,1,5,5,0,0
13,377,4,0,3,0,8,7,3,4,2,3,3,1,5,5,0,0
13,377,4,0,3,0,8,7,3,4,2,3,3,1,5,5,0,0
13,377,4,0,3,0,8,7,3,4,2,3,2,1,4,5,0,0
13,377,4,0,3,0,8,7,3,4,2,3,2,1,4,5,0,0
13,377,4,0,3,0,8,7,3,4,2,3,2,1,4,5,0,0
13,377,4,0,3,0,8,7,3,4,2,3,2,1,4,5,0,0
13,377,4,0,3,0,8,7,3,4,2,3,2,1,4,5,0,0
13,377,4,0,3,0,8,7,3,4,2,3,2,1,4,5,0,0
13,377,4,0,3,0,8,7,3,3,2,3,2,1,4,5,0,0
13,377,4,0,3,0,8,7,3,3,2,3,2,1,4,5,0,0
13,377,4,0,3,0,8,7,3,3,2,3,2,1,4,5,0,0
14,378,4,0,4,0,9,7,4,3,3,3,3,1,7,5,0,0
14,378,4,0,4,0,9,7,4,3,3,3,3,1,7,5,0,0
14,378,4,0,4,0,9,7,4,3,3,3,3,1,7,5,0,0
14,378,4,0,4,0,9,7,4,3,3,3,3,1,7,5,0,0
14,378,4,0,4,0,9,7,4,3,3,3,3,1,7,5,0,0
14,378,4,0,4,0,9,7,4,3,3,3,3,1,7,5,0,0
14,378,4,0,4,0,9,7,4,3,3,3,3,1,8,5,8,0
14,378,4,0,4,0,10,9,4,4,3,3,4,2,8,7,8,2
14,378,4,0,4,0,10,10,4,4,3,3,4,2,8,7,8,2
14,378,4,0,4,0,10,10,4,4,3,3,4,2,8,8,9,2
14,378,4,0,4,0,10,9,4,4,3,3,4,2,8,8,9,2
14,378,4,0,4,0,10,10,4,4,3,3,4,2,8,8,9,2
14,378,4,0,4,0,10,10,4,4,3,3,4,2,8,8,9,2
14,378,4,0,4,0,10,10,4,4,3,3,4,2,8,7,5,2
14,378,4,0,4,0,10,10,4,4,3,3,4,2,8,7,5,2
14,378,4,0,4,0,10,10,4,4,3,3,4,2,8,7,5,2
14,378,4,0,4,0,9,10,4,4,3,3,3,2,8,7,5,2
14,378,4,0,4,0,9,10,4,4,3,3,3,2,8,7,0,2
14,378,4,0,4,0,9,9,4,4,3,3,3,2,8,7,0,1
14,378,4,0,4,0,9,9,4,3,3,3,3,2,8,7,0,1
14,378,4,0,4,0,9,9,4,3,3,3,3,2,8,7,0,1
14,378,4,0,4,0,9,9,4,3,3,3,3,2,8,7,0,0
14,378,4,0,4,0,9,9,4,3,3,3,3,2,8,7,0,0
14,378,4,0,4,0,9,9,4,3,3,3,3,2,7,7,0,0
15,379,4,0,4,0,9,9,4,3,3,3,3,2,4,7,0,0
15,379,4,0,4,0,9,9,4,3,3,3,3,2,4,7,0,0
15,379,4,0,4,0,9,9,4,3,3,3,3,2,4,7,0,0
15,379,4,0,4,0,9,9,4,3,3,3,3,2,4,7,0,0
15,379,4,0,4,0,9,9,4,3,3,3,3,2,4,7,0,0
15,379,4,0,4,0,9,9,4,3,3,3,3,2,4,7,0,0
15,379,4,0,4,0,9,9,4,3,3,3,3,2,4,7,8,0
15,379,4,0,4,0,10,8,4,4,3,3,4,3,5,7,8,2
15,379,4,0,4,0,10,9,4,4,3,3,4,3,5,7,8,3
15,379,4,0,4,0,10,10,4,4,3,3,4,3,5,7,9,4
15,379,4,0,4,0,10,10,4,4,3,3,4,3,5,7,9,4
15,379,4,0,4,0,10,10,4,4,3,3,4,3,5,7,9,4
15,379,4,0,4,0,10,10,4,4,3,3,4,3,5,7,9,4
15,379,4,0,4,0,10,10,4,4,3,3,4,3,5,7,5,4
15,379,4,0,4,0,10,10,4,4,3,3,4,3,5,7,5,4
15,379,4,0,4,0,10,8,4,4,3,3,4,3,4,7,5,3
15,379,4,0,4,0,9,8,4,4,3,3,3,3,4,7,5,3
15,379,4,0,4,0,9,8,4,4,3,3,3,3,4,7,0,3
15,379,4,0,4,0,9,8,4,4,3,3,3,3,4,7,0,3
15,379,4,0,4,0,9,7,4,4,3,3,3,3,4,7,0,3
15,379,4,0,4,0,9,7,4,3,3,3,3,2,4,7,0,3
15,379,4,0,4,0,9,7,4,3,3,3,3,2,4,7,0,2
15,379,4,0,4,0,9,7,4,3,3,3,3,2,4,7,0,1
15,379,4,0,4,0,9,7,4,3,3,3,3,2,4,7,0,1
16,380,4,0,4,0,9,7,4,3,3,3,3,2,7,7,0,1
16,380,4,0,4,0,9,7,4,3,3,3,3,2,7,7,0,1
16,380,4,0,4,0,9,7,4,3,3,3,3,2,7,7,0,1
16,380,4,0,4,0,9,7,4,3,3,3,3,2,7,7,0,1
16,380,4,0,4,0,9,7,4,3,3,3,3,2,7,7,0,1
16,380,4,0,4,0,9,7,4,3,3,3,3,2,7,7,0,1
16,380,4,0,4,0,9,7,4,3,3,3,3,2,10,8,8,1
16,380,4,0,4,0,10,10,4,4,3,2,4,2,10,10,8,2
16,380,4,0,4,0,10,10,4,4,3,2,4,2,10,10,8,2
16,380,4,0,4,0,10,10,4,4,3,3,4,2,10,10,9,2
16,380,4,0,4,0,10,10,4,4,3,3,4,2,10,10,9,2
16,380,4,0,4,0,10,10,4,4,3,3,4,2,10,10,9,2
16,380,4,0,4,0,10,10,4,4,3,3,4,2,10,10,9,2
16,380,4,0,4,0,10,10,4,4,3,3,4,2,10,10,5,1
16,380,4,0,4,0,10,10,4,4,3,2,4,2,10,10,5,1
16,380,4,0,4,0,10,10,4,4,3,2,4,2,8,9,5,1
16,380,4,0,4,0,9,10,4,4,3,2,3,2,8,9,5,1
16,380,4,0,4,0,9,10,4,4,3,2,3,2,8,9,0,1
16,380,4,0,4,0,9,10,4,4,3,2,3,2,8,9,0,1
16,380,4,0,4,0,9,10,4,4,3,2,3,2,8,8,0,1
16,380,4,0,4,0,9,10,4,4,3,2,3,2,8,8,0,1
16,380,4,0,4,0,9,10,4,3,3,2,3,2,8,8,0,1
16,380,4,0,4,0,9,9,4,3,3,2,3,2,8,7,0,0
16,380,4,0,4,0,9,9,4,3,3,2,3,2,7,7,0,0
17,381,4,0,4,0,9,9,4,3,3,2,3,2,7,7,0,0
17,381,4,0,4,0,9,9,4,3,3,2,3,2,7,7,0,0
17,381,4,0,4,0,9,9,4,3,3,2,3,2,7,7,0,0
17,381,4,0,4,0,9,9,4,3,3,2,3,2,7,7,0,0
17,381,4,0,4,0,9,9,4,3,3,2,3,2,7,7,0,0
17,381,4,0,4,0,9,9,4,3,3,2,3,2,7,7,0,0
17,381,4,0,4,0,9,9,4,3,3,2,3,2,8,7,8,0
17,381,4,0,4,0,10,9,4,2,3,1,4,3,8,8,8,0
17,381,4,0,4,0,10,10,4,2,3,1,4,3,8,8,8,0
17,381,4,0,4,0,10,10,4,1,3,1,4,3,8,8,9,0
17,381,4,0,4,0,10,10,4,1,3,1,4,3,8,8,9,0
17,381,4,0,4,0,10,10,4,1,3,1,4,3,8,8,9,0
17,381,4,0,4,0,10,10,4,1,3,1,4,3,8,8,9,0
17,381,4,0,4,0,10,10,4,1,3,1,4,3,8,8,5,0
17,381,4,0,4,0,10,10,4,1,3,1,4,3,8,8,5,0
17,381,4,0,4,0,10,10,4,1,3,1,4,3,8,8,5,0
17,381,4,0,4,0,9,10,4,1,3,1,3,3,8,8,5,0
17,381,4,0,4,0,9,10,4,1,3,1,3,3,8,8,0,0
17,381,4,0,4,0,9,10,4,1,3,1,3,3,8,8,0,0
17,381,4,0,4,0,9,9,4,1,3,1,3,3,8,8,0,0
17,381,4,0,4,0,9,8,4,1,3,1,3,3,8,8,0,0
17,381,4,0,4,0,9,8,4,1,3,1,3,3,8,8,0,0
17,381,4,0,4,0,9,8,4,1,3,1,3,3,8,8,0,0
17,381,4,0,4,0,9,8,4,1,3,1,3,3,7,8,0,0
18,382,4,0,4,0,9,8,4,1,3,1,3,3,7,8,0,0
18,382,4,0,4,0,9,8,4,1,3,1,3,3,7,8,0,0
18,382,4,0,4,0,9,8,4,1,3,1,3,3,7,8,0,0
18,382,4,0,4,0,9,8,4,1,3,1,3,3,7,8,0,0
18,382,4,0,4,0,9,8,4,1,3,1,3,3,7,8,0,0
18,382,4,0,4,0,9,8,4,1,3,1,3,3,7,8,0,0
18,382,4,0,4,0,9,8,4,1,3,1,3,3,8,8,8,0
18,382,4,0,4,0,10,9,4,1,3,2,4,3,8,8,8,1
18,382,4,0,4,0,10,10,4,2,3,3,4,3,8,8,8,1
18,382,4,0,4,0,10,10,4,3,3,3,4,3,8,8,9,2
18,382,4,0,4,0,10,10,4,4,3,3,4,3,8,8,9,2
18,382,4,0,4,0,10,10,4,4,3,2,4,3,8,9,9,2
18,382,4,0,4,0,10,10,4,4,3,3,4,3,8,9,9,2
18,382,4,0,4,0,10,10,4,4,3,3,4,3,8,9,5,2
18,382,4,0,4,0,10,10,4,2,3,3,4,3,8,9,5,2
18,382,4,0,4,0,10,10,4,2,3,3,4,3,8,9,5,2
18,382,4,0,4,0,9,9,4,2,3,3,3,3,8,9,5,2
18,382,4,0,4,0,9,9,4,2,3,3,3,3,8,8,0,1
18,382,4,0,4,0,9,9,4,2,3,3,3,3,8,8,0,1
18,382,4,0,4,0,9,9,4,2,3,3,3,3,8,8,0,1
18,382,4,0,4,0,9,9,4,2,3,3,3,3,8,8,0,1
18,382,4,0,4,0,9,8,4,2,3,3,3,3,8,8,0,1
18,382,4,0,4,0,9,8,4,2,3,3,3,3,8,8,0,1
18,382,4,0,4,0,9,8,4,2,3,3,3,3,7,8,0,1
19,383,4,0,3,0,8,8,3,2,2,3,2,3,7,8,0,1
19,383,4,0,3,0,8,8,3,2,2,3,2,3,7,8,0,1
19,383,4,0,3,0,8,8,3,2,2,3,2,3,7,8,0,1
19,383,4,0,3,0,8,8,3,2,2,3,2,3,7,8,0,1
19,383,4,0,3,0,8,8,3,2,2,3,2,3,7,8,0,1
19,383,4,0,3,0,8,8,3,2,2,3,2,3,7,8,0,1
19,383,4,0,3,0,8,8,3,2,2,3,3,3,10,8,0,1
19,383,4,0,3,0,8,8,3,2,2,3,3,3,10,8,0,0
19,383,4,0,3,0,8,6,3,2,2,3,3,3,10,7,0,0
19,383,4,0,3,0,8,6,3,2,2,3,3,3,10,7,0,0
19,383,4,0,3,0,8,6,3,2,2,3,3,3,10,7,0,0
19,383,4,0,3,0,8,6,3,2,2,3,3,3,10,7,0,0
19,383,4,0,3,0,8,6,3,2,2,3,3,3,10,7,0,0
19,383,4,0,3,0,8,6,3,2,2,3,3,3,10,7,0,0
19,383,4,0,3,0,8,6,3,2,2,3,3,3,10,7,0,0
19,383,4,0,3,0,8,6,3,2,2,3,2,3,8,7,0,0
19,383,4,0,3,0,8,6,3,2,2,3,2,3,8,7,0,0
19,383,4,0,3,0,8,6,3,2,2,3,2,3,8,7,0,0
19,383,4,0,3,0,8,6,3,2,2,3,2,3,8,7,0,0
19,383,4,0,3,0,8,6,3,2,2,3,2,3,8,7,0,0
19,383,4,0,3,0,8,6,3,2,2,3,2,3,8,7,0,0
19,383,4,0,3,0,8,6,3,2,2,3,2,3,8,7,0,0
19,383,4,0,3,0,8,6,3,2,2,3,2,3,8,7,0,0
19,383,4,0,3,0,8,6,3,2,2,3,2,3,7,7,0,0
20,384,4,0,3,0,8,6,3,2,2,3,2,3,4,7,0,0
20,384,4,0,3,0,8,6,3,2,2,3,2,3,4,7,0,0
20,384,4,0,3,0,8,6,3,2,2,3,2,3,4,7,0,0
20,384,4,0,3,0,8,6,3,2,2,3,2,3,4,7,0,0
20,384,4,0,3,0,8,6,3,2,2,3,2,3,4,7,0,0
20,384,4,0,3,0,8,6,3,2,2,3,2,3,4,7,0,0
20,384,4,0,3,0,8,6,3,2,2,3,3,3,4,7,0,0
20,384,4,0,3,0,8,6,3,2,2,3,3,3,5,7,0,0
20,384,4,0,3,0,8,6,3,2,2,3,3,3,5,7,0,0
20,384,4,0,3,0,8,6,3,2,2,3,3,3,5,7,0,0
20,384,4,0,3,0,8,6,3,2,2,3,3,3,5,7,0,0
20,384,4,0,3,0,8,6,3,2,2,3,3,3,5,7,0,0
20,384,4,0,3,0,8,6,3,2,2,3,3,3,5,7,0,0
20,384,4,0,3,0,8,6,3,2,2,3,3,3,5,7,0,0
20,384,4,0,3,0,8,6,3,2,2,3,3,3,5,7,0,0
20,384,4,0,3,0,8,6,3,2,2,3,2,3,4,7,0,0
20,384,4,0,3,0,8,6,3,2,2,3,2,3,4,7,0,0
20,384,4,0,3,0,8,6,3,2,2,3,2,3,4,7,0,0
20,384,4,0,3,0,8,6,3,2,2,3,2,3,4,7,0,0
20,384,4,0,3,0,8,6,3,2,2,3,2,3,4,7,0,0
20,384,4,0,3,0,8,6,3,2,2,3,2,3,4,7,0,0
20,384,4,0,3,0,8,6,3,2,2,3,2,3,4,7,0,0
20,384,4,0,3,0,8,6,3,2,2,3,2,3,4,7,0,0
20,384,4,0,3,0,8,6,3,2,2,3,2,3,4,7,0,0
21,385,4,0,4,0,9,6,4,2,3,3,3,3,7,7,0,0
21,385,4,0,4,0,9,6,4,2,3,3,3,3,7,7,0,0
21,385,4,0,4,0,9,6,4,2,3,3,3,3,7,7,0,0
21,385,4,0,4,0,9,6,4,2,3,3,3,3,7,7,0,0
21,385,4,0,4,0,9,6,4,2,3,3,3,3,7,7,0,0
21,385,4,0,4,0,9,6,4,2,3,3,3,3,7,7,0,0
21,385,4,0,4,0,9,6,4,2,3,3,3,3,8,7,8,0
21,385,4,0,4,0,10,9,4,4,3,2,4,3,8,8,8,1
21,385,4,0,4,0,10,10,4,4,3,3,4,3,8,8,8,1
21,385,4,0,4,0,10,10,4,4,3,3,4,3,8,8,9,1
21,385,4,0,4,0,10,10,4,4,3,3,4,3,8,8,9,1
21,385,4,0,4,0,10,9,4,4,3,2,4,3,8,8,9,1
21,385,4,0,4,0,10,9,4,4,3,3,4,3,8,8,9,1
21,385,4,0,4,0,10,9,4,4,3,3,4,3,8,8,5,1
21,385,4,0,4,0,10,9,4,4,3,2,4,3,8,8,5,1
21,385,4,0,4,0,10,9,4,4,3,2,4,3,8,8,5,1
21,385,4,0,4,0,9,9,4,4,3,2,3,3,8,8,5,1
21,385,4,0,4,0,9,9,4,4,3,2,3,3,8,8,0,1
21,385,4,0,4,0,9,9,4,4,3,2,3,3,8,8,0,1
21,385,4,0,4,0,9,9,4,3,3,2,3,2,8,8,0,1
21,385,4,0,4,0,9,9,4,3,3,2,3,2,8,8,0,1
21,385,4,0,4,0,9,9,4,3,3,2,3,2,8,8,0,1
21,385,4,0,4,0,9,9,4,3,3,2,3,2,8,8,0,1
21,385,4,0,4,0,9,9,4,3,3,2,3,2,7,8,0,1
22,386,4,0,4,0,9,9,4,3,3,2,3,2,4,8,0,1
22,386,4,0,4,0,9,9,4,3,3,2,3,2,4,8,0,1
22,386,4,0,4,0,9,9,4,3,3,2,3,2,4,8,0,1
22,386,4,0,4,0,9,9,4,3,3,2,3,2,4,8,0,1
22,386,4,0,4,0,9,9,4,3,3,2,3,2,4,8,0,1
22,386,4,0,4,0,9,9,4,3,3,2,3,2,4,8,0,1
22,386,4,0,4,0,9,9,4,3,3,2,3,2,4,8,8,1
22,386,4,0,4,0,10,9,4,4,3,3,4,2,5,8,8,5
22,386,4,0,4,0,10,10,4,4,3,3,4,2,5,8,8,6
22,386,4,0,4,0,10,10,4,4,3,3,4,2,5,8,9,7
22,386,4,0,4,0,10,10,4,4,3,3,4,2,5,8,9,8
22,386,4,0,4,0,10,10,4,4,3,2,4,2,5,8,9,8
22,386,4,0,4,0,10,10,4,4,3,2,4,2,5,7,9,8
22,386,4,0,4,0,10,10,4,4,3,2,4,2,5,7,5,8
22,386,4,0,4,0,10,10,4,4,3,2,4,2,5,7,5,8
22,386,4,0,4,0,10,10,4,4,3,2,4,2,4,7,5,5
22,386,4,0,4,0,9,10,4,4,3,2,3,2,4,7,5,5
22,386,4,0,4,0,9,10,4,4,3,2,3,2,4,7,0,5
22,386,4,0,4,0,9,9,4,4,3,2,3,2,4,7,0,5
22,386,4,0,4,0,9,9,4,4,3,2,3,2,4,7,0,5
22,386,4,0,4,0,9,8,4,4,3,2,3,2,4,7,0,4
22,386,4,0,4,0,9,7,4,4,3,2,3,2,4,7,0,4
22,386,4,0,4,0,9,7,4,4,3,2,3,2,4,7,0,4
22,386,4,0,4,0,9,7,4,4,3,2,3,2,4,7,0,4
23,387,4,0,4,0,9,7,4,4,3,2,3,2,7,7,0,4
23,387,4,0,4,0,9,7,4,4,3,2,3,2,7,7,0,4
23,387,4,0,4,0,9,7,4,4,3,2,3,2,7,7,0,4
23,387,4,0,4,0,9,7,4,4,3,2,3,2,7,7,0,4
23,387,4,0,4,0,9,7,4,4,3,2,3,2,7,7,0,4
23,387,4,0,4,0,9,7,4,4,3,2,3,2,7,7,0,4
23,387,4,0,4,0,9,7,4,4,3,2,3,2,10,10,8,4
23,387,4,0,4,0,10,9,4,2,3,2,4,3,10,10,8,4
23,387,4,0,4,0,10,10,4,2,3,2,4,3,10,10,8,4
23,387,4,0,4,0,10,10,4,3,3,2,4,3,10,10,9,4
23,387,4,0,4,0,10,10,4,4,3,2,4,3,10,10,9,3
23,387,4,0,4,0,10,10,4,4,3,2,4,3,10,8,9,1
23,387,4,0,4,0,10,10,4,4,3,2,4,3,10,9,9,1
23,387,4,0,4,0,10,10,4,4,3,2,4,3,10,8,5,0
23,387,4,0,4,0,10,10,4,4,3,2,4,3,10,8,5,0
23,387,4,0,4,0,10,10,4,3,3,2,4,3,8,8,5,0
23,387,4,0,4,0,9,10,4,3,3,2,3,3,8,8,5,0
23,387,4,0,4,0,9,9,4,3,3,2,3,3,8,8,0,0
23,387,4,0,4,0,9,9,4,3,3,2,3,3,8,8,0,0
23,387,4,0,4,0,9,9,4,3,3,2,3,3,8,8,0,0
23,387,4,0,4,0,9,9,4,3,3,2,3,3,8,7,0,0
23,387,4,0,4,0,9,9,4,3,3,2,3,3,8,7,0,0
23,387,4,0,4,0,9,9,4,3,3,2,3,3,8,7,0,0
23,387,4,0,4,0,9,9,4,3,3,2,3,3,7,7,0,0
24,388,4,0,4,0,9,9,4,3,3,2,3,3,7,7,0,0
24,388,4,0,4,0,9,9,4,3,3,2,3,3,7,7,0,0
24,388,4,0,4,0,9,9,4,3,3,2,3,3,7,7,0,0
24,388,4,0,4,0,9,9,4,3,3,2,3,3,7,7,0,0
24,388,4,0,4,0,9,9,4,3,3,2,3,3,7,7,0,0
24,388,4,0,4,0,9,9,4,3,3,2,3,3,7,7,0,0
24,388,4,0,4,0,9,9,4,3,3,2,3,3,8,7,8,0
24,388,4,0,4,0,10,10,4,4,3,1,4,4,8,8,8,0
24,388,4,0,4,0,10,10,4,4,3,1,4,4,8,8,8,0
24,388,4,0,4,0,10,10,4,4,3,1,4,3,8,8,9,0
24,388,4,0,4,0,10,10,4,4,3,1,4,2,8,8,9,0
24,388,4,0,4,0,10,10,4,4,3,1,4,2,8,8,9,0
24,388,4,0,4,0,10,9,4,4,3,1,4,2,8,8,9,0
24,388,4,0,4,0,10,9,4,4,3,1,4,2,8,8,5,0
24,388,4,0,4,0,10,9,4,4,3,1,4,2,8,8,5,0
24,388,4,0,4,0,10,9,4,4,3,1,4,2,8,8,5,0
24,388,4,0,4,0,9,9,4,4,3,1,3,2,8,8,5,0
24,388,4,0,4,0,9,9,4,4,3,1,3,2,8,8,0,0
24,388,4,0,4,0,9,9,4,4,3,1,3,2,8,8,0,0
24,388,4,0,4,0,9,8,4,4,3,1,3,2,8,8,0,0
24,388,4,0,4,0,9,8,4,4,3,1,3,2,8,8,0,0
24,388,4,0,4,0,9,8,4,4,3,1,3,2,8,8,0,0
24,388,4,0,4,0,9,8,4,4,3,1,3,2,8,8,0,0
24,388,4,0,4,0,9,8,4,4,3,1,3,2,7,8,0,0
25,389,4,0,4,0,9,8,4,4,3,1,3,2,7,8,0,0
25,389,4,0,4,0,9,8,4,4,3,1,3,2,7,8,0,0
25,389,4,0,4,0,9,8,4,4,3,1,3,2,7,8,0,0
25,389,4,0,4,0,9,8,4,4,3,1,3,2,7,8,0,0
25,389,4,0,4,0,9,8,4,4,3,1,3,2,7,8,0,0
25,389,4,0,4,0,9,8,4,4,3,1,3,2,7,8,0,0
25,389,4,0,4,0,9,8,4,4,3,1,3,2,8,8,8,0
25,389,4,0,4,0,10,9,4,3,3,2,4,3,8,8,8,1
25,389,4,0,4,0,10,9,4,4,3,3,4,3,8,8,8,1
25,389,4,0,4,0,10,10,4,4,3,2,4,3,8,8,9,2
25,389,4,0,4,0,10,10,4,4,3,3,4,3,8,8,9,3
25,389,4,0,4,0,10,10,4,4,3,3,4,3,8,8,9,4
25,389,4,0,4,0,10,10,4,4,3,3,4,3,8,8,9,4
25,389,4,0,4,0,10,10,4,4,3,3,4,3,8,8,5,4
25,389,4,0,4,0,10,9,4,3,3,3,4,3,8,8,5,4
25,389,4,0,4,0,10,8,4,3,3,3,4,3,8,8,5,1
25,389,4,0,4,0,9,7,4,3,3,3,3,3,8,7,5,1
25,389,4,0,4,0,9,7,4,3,3,3,3,3,8,7,0,1
25,389,4,0,4,0,9,7,4,3,3,3,3,3,8,7,0,1
25,389,4,0,4,0,9,7,4,2,3,3,3,3,8,7,0,1
25,389,4,0,4,0,9,7,4,2,3,3,3,3,8,7,0,1
25,389,4,0,4,0,9,7,4,2,3,3,3,3,8,7,0,1
25,389,4,0,4,0,9,7,4,2,3,3,3,3,8,7,0,1
25,389,4,0,4,0,9,7,4,2,3,3,3,3,7,7,0,1
26,390,4,0,3,0,8,7,3,2,2,3,2,3,7,7,0,1
26,390,4,0,3,0,8,7,3,2,2,3,2,3,7,7,0,1
26,390,4,0,3,0,8,7,3,3,2,3,2,3,7,7,0,1
26,390,4,0,3,0,8,7,3,3,2,3,2,3,7,7,0,1
26,390,4,0,3,0,8,7,3,3,2,3,2,3,7,7,0,1
26,390,4,0,3,0,8,7,3,3,2,3,2,3,7,7,0,1
26,390,4,0,3,0,8,7,3,3,2,3,3,3,10,7,0,1
26,390,4,0,3,0,8,6,3,2,2,3,3,3,10,7,0,0
26,390,4,0,3,0,8,6,3,2,2,3,3,3,10,7,0,0
26,390,4,0,3,0,8,6,3,2,2,3,3,3,10,7,0,0
26,390,4,0,3,0,8,6,3,2,2,3,3,3,10,7,0,0
26,390,4,0,3,0,8,5,3,2,2,3,3,3,10,7,0,0
26,390,4,0,3,0,8,5,3,2,2,3,3,2,10,7,0,0
26,390,4,0,3,0,8,5,3,2,2,3,3,1,10,7,0,0
26,390,4,0,3,0,8,5,3,2,2,2,3,1,10,7,0,0
26,390,4,0,3,0,8,5,3,2,2,2,2,1,8,7,0,0
26,390,4,0,3,0,8,4,3,2,2,2,2,1,8,7,0,0
26,390,4,0,3,0,8,4,3,2,2,2,2,1,8,7,0,0
26,390,4,0,3,0,8,4,3,2,2,2,2,1,8,7,0,0
26,390,4,0,3,0,8,4,3,2,2,2,2,1,8,7,0,0
26,390,4,0,3,0,8,4,3,2,2,2,2,1,8,7,0,0
26,390,4,0,3,0,8,4,3,2,2,2,2,1,8,7,0,0
26,390,4,0,3,0,8,4,3,2,2,2,2,1,8,7,0,0
26,390,4,0,3,0,8,4,3,2,2,2,2,1,7,7,0,0
27,391,4,0,3,0,8,4,3,2,2,2,2,1,4,7,0,0
27,391,4,0,3,0,8,4,3,2,2,2,2,1,4,7,0,0
27,391,4,0,3,0,8,4,3,2,2,2,2,1,4,7,0,0
27,391,4,0,3,0,8,4,3,2,2,2,2,1,4,7,0,0
27,391,4,0,3,0,8,4,3,2,2,2,2,1,4,7,0,0
27,391,4,0,3,0,8,4,3,2,2,2,2,1,4,7,0,0
27,391,4,0,3,0,8,4,3,2,2,2,3,1,4,7,0,0
27,391,4,0,3,0,8,4,3,2,2,2,3,0,5,6,0,0
27,391,4,0,3,0,8,4,3,2,2,2,3,0,5,6,0,0
27,391,4,0,3,0,8,4,3,2,2,2,3,0,5,6,0,0
27,391,4,0,3,0,8,4,3,2,2,2,3,0,5,6,0,0
27,391,4,0,3,0,8,4,3,2,2,2,3,0,5,6,0,0
27,391,4,0,3,0,8,4,3,2,2,2,3,0,5,6,0,0
27,391,4,0,3,0,8,4,3,2,2,2,3,0,5,6,0,0
27,391,4,0,3,0,8,4,3,2,2,2,3,0,5,6,0,0
27,391,4,0,3,0,8,4,3,2,2,2,2,0,4,6,0,0
27,391,4,0,3,0,8,4,3,2,2,2,2,0,4,6,0,0
27,391,4,0,3,0,8,4,3,2,2,2,2,0,4,6,0,0
27,391,4,0,3,0,8,4,3,2,2,2,2,0,4,6,0,0
27,391,4,0,3,0,8,4,3,2,2,2,2,0,4,6,0,0
27,391,4,0,3,0,8,4,3,2,2,2,2,0,4,6,0,0
27,391,4,0,3,0,8,4,3,2,2,2,2,0,4,6,0,0
27,391,4,0,3,0,8,4,3,2,2,2,2,0,4,6,0,0
27,391,4,0,3,0,8,4,3,2,2,2,2,0,4,6,0,0
0,392,4,0,4,0,9,4,4,2,3,2,3,0,7,6,0,0
0,392,4,0,4,0,9,4,4,2,3,2,3,0,7,6,0,0
0,392,4,0,4,0,9,4,4,2,3,2,3,0,7,6,0,0
0,392,4,0,4,0,9,4,4,2,3,2,3,0,7,6,0,0
0,392,4,0,4,0,9,4,4,2,3,2,3,0,7,6,0,0
0,392,4,0,4,0,9,4,4,2,3,2,3,0,7,6,0,0
0,392,4,0,4,0,9,4,4,2,3,2,3,0,8,6,8,0
0,392,4,0,4,0,10,6,4,4,3,2,4,1,8,6,8,2
0,392,4,0,4,0,10,7,4,4,3,3,4,1,8,6,8,2
0,392,4,0,4,0,10,7,4,4,3,3,4,1,8,8,9,2
0,392,4,0,4,0,10,8,4,4,3,3,4,1,8,8,9,2
0,392,4,0,4,0,10,8,4,4,3,3,4,1,8,8,9,2
0,392,4,0,4,0,10,9,4,4,3,3,4,1,8,8,9,2
0,392,4,0,4,0,10,9,4,4,3,3,4,1,8,6,5,2
0,392,4,0,4,0,10,7,4,4,3,3,4,1,8,6,5,2
0,392,4,0,4,0,10,6,4,4,3,3,4,1,8,6,5,2
0,392,4,0,4,0,9,6,4,4,3,3,3,1,8,6,5,2
0,392,4,0,4,0,9,6,4,4,3,3,3,1,8,6,0,2
0,392,4,0,4,0,9,6,4,4,3,3,3,1,8,6,0,1
0,392,4,0,4,0,9,6,4,4,3,3,3,1,8,6,0,1
0,392,4,0,4,0,9,6,4,4,3,3,3,1,8,6,0,1
0,392,4,0,4,0,9,6,4,4,3,3,3,1,8,6,0,0
0,392,4,0,4,0,9,6,4,4,3,3,3,1,8,6,0,0
0,392,4,0,4,0,9,6,4,4,3,3,3,1,7,6,0,0
1,393,4,0,4,0,9,6,4,4,3,3,3,1,4,6,0,0
1,393,4,0,4,0,9,6,4,4,3,3,3,1,4,6,0,0
1,393,4,0,4,0,9,6,4,4,3,3,3,1,4,6,0,0
1,393,4,0,4,0,9,6,4,4,3,3,3,1,4,6,0,0
1,393,4,0,4,0,9,6,4,4,3,3,3,1,4,6,0,0
1,393,4,0,4,0,9,6,4,4,3,3,3,1,4,6,0,0
1,393,4,0,4,0,9,6,4,4,3,3,3,1,4,6,8,0
1,393,4,0,4,0,10,9,4,4,3,2,4,2,5,6,8,1
1,393,4,0,4,0,10,10,4,4,3,3,4,2,5,5,8,1
1,393,4,0,4,0,10,10,4,4,3,2,4,2,5,5,9,2
1,393,4,0,4,0,10,10,4,4,3,3,4,2,5,5,9,2
1,393,4,0,4,0,10,10,4,4,3,3,4,2,5,5,9,2
1,393,4,0,4,0,10,10,4,4,3,3,4,2,5,6,9,2
1,393,4,0,4,0,10,10,4,4,3,2,4,2,5,6,5,2
1,393,4,0,4,0,10,10,4,4,3,2,4,1,5,6,5,2
1,393,4,0,4,0,10,10,4,4,3,2,4,1,4,6,5,2
1,393,4,0,4,0,9,9,4,4,3,2,3,1,4,5,5,1
1,393,4,0,4,0,9,9,4,4,3,2,3,1,4,5,0,1
1,393,4,0,4,0,9,9,4,4,3,2,3,1,4,5,0,1
1,393,4,0,4,0,9,9,4,4,3,2,3,1,4,5,0,1
1,393,4,0,4,0,9,9,4,3,3,2,3,1,4,5,0,1
1,393,4,0,4,0,9,9,4,3,3,2,3,1,4,5,0,1
1,393,4,0,4,0,9,9,4,3,3,2,3,1,4,5,0,1
1,393,4,0,4,0,9,9,4,3,3,2,3,1,4,5,0,1
2,394,4,0,4,0,9,9,4,3,3,2,3,1,7,5,0,1
2,394,4,0,4,0,9,9,4,3,3,2,3,1,7,5,0,1
2,394,4,0,4,0,9,9,4,3,3,2,3,1,7,5,0,1
2,394,4,0,4,0,9,9,4,3,3,2,3,1,7,5,0,1
2,394,4,0,4,0,9,9,4,3,3,2,3,1,7,5,0,1
2,394,4,0,4,0,9,9,4,3,3,2,3,1,7,5,0,1
2,394,4,0,4,0,9,9,4,3,3,2,3,1,10,5,8,1
2,394,4,0,4,0,10,9,4,4,3,2,4,2,10,10,8,1
2,394,4,0,4,0,10,10,4,4,3,3,4,2,10,10,8,1
2,394,4,0,4,0,10,10,4,4,3,3,4,2,10,10,9,1
2,394,4,0,4,0,10,10,4,4,3,3,4,2,10,10,9,1
2,394,4,0,4,0,10,10,4,4,3,3,4,2,10,11,9,1
2,394,4,0,4,0,10,10,4,4,3,2,4,2,10,9,9,0
2,394,4,0,4,0,10,10,4,4,3,2,4,2,10,9,5,0
2,394,4,0,4,0,10,10,4,4,3,2,4,2,10,9,5,0
2,394,4,0,4,0,10,10,4,4,3,2,4,2,8,9,5,0
2,394,4,0,4,0,9,10,4,4,3,2,3,2,8,9,5,0
2,394,4,0,4,0,9,10,4,4,3,2,3,2,8,8,0,0
2,394,4,0,4,0,9,10,4,4,3,2,3,2,8,7,0,0
2,394,4,0,4,0,9,10,4,4,3,2,3,2,8,7,0,0
2,394,4,0,4,0,9,10,4,4,3,2,3,2,8,7,0,0
2,394,4,0,4,0,9,10,4,4,3,2,3,2,8,7,0,0
2,394,4,0,4,0,9,9,4,4,3,2,3,2,8,7,0,0
2,394,4,0,4,0,9,9,4,4,3,2,3,2,7,7,0,0
3,395,4,0,4,0,9,9,4,4,3,2,3,2,7,7,0,0
3,395,4,0,4,0,9,9,4,4,3,2,3,2,7,7,0,0
3,395,4,0,4,0,9,9,4,4,3,2,3,2,7,7,0,0
3,395,4,0,4,0,9,9,4,4,3,2,3,2,7,7,0,0
3,395,4,0,4,0,9,9,4,4,3,2,3,2,7,7,0,0
3,395,4,0,4,0,9,9,4,4,3,2,3,2,7,7,0,0
3,395,4,0,4,0,9,9,4,4,3,2,3,2,8,7,8,0
3,395,4,0,4,0,10,7,4,4,3,3,4,3,8,8,8,0
3,395,4,0,4,0,10,8,4,4,3,3,4,3,8,8,8,0
3,395,4,0,4,0,10,10,4,4,3,3,4,3,8,8,9,0
3,395,4,0,4,0,10,10,4,4,3,2,4,3,8,8,9,0
3,395,4,0,4,0,10,10,4,4,3,2,4,3,8,8,9,0
3,395,4,0,4,0,10,10,4,4,3,2,4,3,8,8,9,0
3,395,4,0,4,0,10,10,4,4,3,2,4,3,8,8,5,0
3,395,4,0,4,0,10,10,4,4,3,2,4,3,8,8,5,0
3,395,4,0,4,0,10,10,4,3,3,2,4,3,8,8,5,0
3,395,4,0,4,0,9,10,4,3,3,2,3,3,8,8,5,0
3,395,4,0,4,0,9,10,4,3,3,2,3,3,8,8,0,0
3,395,4,0,4,0,9,10,4,3,3,2,3,3,8,8,0,0
3,395,4,0,4,0,9,10,4,3,3,2,3,3,8,8,0,0
3,395,4,0,4,0,9,9,4,3,3,2,3,3,8,8,0,0
3,395,4,0,4,0,9,9,4,3,3,2,3,3,8,8,0,0
3,395,4,0,4,0,9,9,4,3,3,2,3,3,8,8,0,0
3,395,4,0,4,0,9,9,4,3,3,2,3,3,7,8,0,0
4,396,4,0,4,0,9,9,4,3,3,2,3,3,7,8,0,0
4,396,4,0,4,0,9,9,4,3,3,2,3,3,7,8,0,0
4,396,4,0,4,0,9,9,4,3,3,2,3,3,7,8,0,0
4,396,4,0,4,0,9,9,4,3,3,2,3,3,7,8,0,0
4,396,4,0,4,0,9,9,4,3,3,2,3,3,7,8,0,0
4,396,4,0,4,0,9,9,4,3,3,2,3,3,7,8,0,0
4,396,4,0,4,0,9,9,4,3,3,2,3,3,8,8,8,0
4,396,4,0,4,0,10,6,4,3,3,3,4,3,8,8,8,1
4,396,4,0,4,0,10,8,4,4,3,3,4,3,8,8,8,1
4,396,4,0,4,0,10,8,4,4,3,3,4,3,8,8,9,1
4,396,4,0,4,0,10,10,4,4,3,3,4,3,8,8,9,1
4,396,4,0,4,0,10,10,4,4,3,3,4,3,8,8,9,1
4,396,4,0,4,0,10,10,4,4,3,3,4,3,8,8,9,1
4,396,4,0,4,0,10,9,4,4,3,3,4,3,8,8,5,1
4,396,4,0,4,0,10,8,4,4,3,3,4,3,8,8,5,1
4,396,4,0,4,0,10,8,4,4,3,3,4,3,8,8,5,1
4,396,4,0,4,0,9,7,4,4,3,3,3,3,8,8,5,1
4,396,4,0,4,0,9,7,4,4,3,3,3,2,8,8,0,1
4,396,4,0,4,0,9,7,4,4,3,3,3,2,8,8,0,1
4,396,4,0,4,0,9,7,4,4,3,3,3,2,8,8,0,1
4,396,4,0,4,0,9,7,4,4,3,3,3,2,8,8,0,1
4,396,4,0,4,0,9,7,4,3,3,3,3,2,8,8,0,1
4,396,4,0,4,0,9,7,4,3,3,3,3,2,8,8,0,1
4,396,4,0,4,0,9,7,4,3,3,3,3,2,7,8,0,1
5,397,4,0,3,0,8,7,3,3,2,3,2,2,7,8,0,1
5,397,4,0,3,0,8,7,3,3,2,3,2,2,7,8,0,1
5,397,4,0,3,0,8,7,3,3,2,3,2,2,7,8,0,1
5,397,4,0,3,0,8,7,3,3,2,3,2,2,7,8,0,1
5,397,4,0,3,0,8,7,3,3,2,3,2,2,7,8,0,1
5,397,4,0,3,0,8,7,3,3,2,3,2,2,7,8,0,1
5,397,4,0,3,0,8,7,3,3,2,3,3,2,10,8,0,1
5,397,4,0,3,0,8,7,3,3,2,3,3,2,10,8,0,0
5,397,4,0,3,0,8,7,3,3,2,3,3,2,10,8,0,0
5,397,4,0,3,0,8,7,3,3,2,3,3,2,10,8,0,0
5,397,4,0,3,0,8,7,3,3,2,3,3,2,10,8,0,0
5,397,4,0,3,0,8,7,3,3,2,3,3,2,10,8,0,0
5,397,4,0,3,0,8,7,3,3,2,3,3,2,10,8,0,0
5,397,4,0,3,0,8,7,3,3,2,3,3,2,10,8,0,0
5,397,4,0,3,0,8,7,3,3,2,3,3,2,10,8,0,0
5,397,4,0,3,0,8,7,3,3,2,3,2,2,8,8,0,0
5,397,4,0,3,0,8,7,3,3,2,3,2,2,8,8,0,0
5,397,4,0,3,0,8,7,3,3,2,3,2,2,8,8,0,0
5,397,4,0,3,0,8,7,3,3,2,3,2,2,8,8,0,0
5,397,4,0,3,0,8,7,3,3,2,3,2,2,8,8,0,0
5,397,4,0,3,0,8,7,3,3,2,3,2,2,8,7,0,0
5,397,4,0,3,0,8,7,3,3,2,2,2,2,8,7,0,0
5,397,4,0,3,0,8,7,3,2,2,2,2,2,8,7,0,0
5,397,4,0,3,0,8,7,3,2,2,2,2,2,7,7,0,0
6,398,4,0,3,0,8,7,3,2,2,2,2,2,4,7,0,0
6,398,4,0,3,0,8,7,3,2,2,2,2,2,4,7,0,0
6,398,4,0,3,0,8,7,3,2,2,2,2,2,4,7,0,0
6,398,4,0,3,0,8,7,3,2,2,2,2,2,4,7,0,0
6,398,4,0,3,0,8,7,3,2,2,2,2,2,4,7,0,0
6,398,4,0,3,0,8,7,3,2,2,2,2,2,4,7,0,0
6,398,4,0,3,0,8,7,3,2,2,2,3,2,4,7,0,0
6,398,4,0,3,0,8,6,3,2,2,2,3,2,5,7,0,0
6,398,4,0,3,0,8,6,3,2,2,2,3,2,5,7,0,0
6,398,4,0,3,0,8,6,3,2,2,2,3,2,5,7,0,0
6,398,4,0,3,0,8,6,3,2,2,2,3,2,5,7,0,0
6,398,4,0,3,0,8,6,3,2,2,2,3,2,5,7,0,0
6,398,4,0,3,0,8,6,3,2,2,2,3,2,5,7,0,0
6,398,4,0,3,0,8,6,3,2,2,2,3,2,5,7,0,0
6,398,4,0,3,0,8,6,3,2,2,2,3,2,5,7,0,0
6,398,4,0,3,0,8,5,3,2,2,2,2,2,4,7,0,0
6,398,4,0,3,0,8,5,3,2,2,2,2,1,4,7,0,0
6,398,4,0,3,0,8,5,3,2,2,2,2,1,4,7,0,0
6,398,4,0,3,0,8,5,3,2,2,2,2,1,4,7,0,0
6,398,4,0,3,0,8,5,3,2,2,2,2,1,4,7,0,0
6,398,4,0,3,0,8,5,3,2,2,2,2,1,4,7,0,0
6,398,4,0,3,0,8,5,3,2,2,2,2,1,4,7,0,0
6,398,4,0,3,0,8,5,3,2,2,2,2,1,4,7,0,0
6,398,4,0,3,0,8,5,3,2,2,2,2,1,4,7,0,0
7,399,4,0,4,0,9,5,4,2,3,2,3,1,7,7,0,0
7,399,4,0,4,0,9,5,4,2,3,2,3,1,7,7,0,0
7,399,4,0,4,0,9,5,4,2,3,2,3,1,7,7,0,0
7,399,4,0,4,0,9,5,4,2,3,2,3,1,7,7,0,0
7,399,4,0,4,0,9,5,4,2,3,2,3,1,7,7,0,0
7,399,4,0,4,0,9,5,4,2,3,2,3,1,7,7,0,0
7,399,4,0,4,0,9,5,4,2,3,2,3,1,8,7,8,0
7,399,4,0,4,0,10,8,4,4,3,3,4,2,8,7,8,1
7,399,4,0,4,0,10,8,4,4,3,3,4,2,8,8,8,1
7,399,4,0,4,0,10,9,4,4,3,2,4,2,8,8,9,1
7,399,4,0,4,0,10,10,4,4,3,3,4,2,8,8,9,1
7,399,4,0,4,0,10,10,4,4,3,3,4,2,8,8,9,1
7,399,4,0,4,0,10,10,4,4,3,3,4,2,8,8,9,1
7,399,4,0,4,0,10,8,4,3,3,3,4,2,8,8,5,1
7,399,4,0,4,0,10,8,4,3,3,3,4,2,8,8,5,1
7,399,4,0,4,0,10,8,4,3,3,3,4,2,8,8,5,1
7,399,4,0,4,0,9,8,4,3,3,2,3,2,8,8,5,1
7,399,4,0,4,0,9,8,4,3,3,2,3,2,8,8,0,1
7,399,4,0,4,0,9,8,4,3,3,2,3,2,8,8,0,1
7,399,4,0,4,0,9,8,4,3,3,2,3,2,8,8,0,1
7,399,4,0,4,0,9,8,4,3,3,2,3,2,8,8,0,0
7,399,4,0,4,0,9,8,4,3,3,2,3,2,8,8,0,0
7,399,4,0,4,0,9,8,4,3,3,2,3,2,8,8,0,0
7,399,4,0,4,0,9,8,4,3,3,2,3,2,7,8,0,0
8,400,4,0,4,0,9,8,4,3,3,2,3,2,4,8,0,0
8,400,4,0,4,0,9,8,4,3,3,2,3,2,4,8,0,0
8,400,4,0,4,0,9,8,4,3,3,2,3,2,4,8,0,0
8,400,4,0,4,0,9,8,4,3,3,2,3,2,4,8,0,0
8,400,4,0,4,0,9,8,4,3,3,2,3,2,4,8,0,0
8,400,4,0,4,0,9,8,4,3,3,2,3,2,4,8,0,0
8,400,4,0,4,0,9,8,4,3,3,2,3,2,4,8,8,0
8,400,4,0,4,0,10,9,4,3,3,3,4,3,5,6,8,2
8,400,4,0,4,0,10,9,4,4,3,3,4,3,5,6,8,3
8,400,4,0,4,0,10,10,4,3,3,3,4,3,5,6,9,3
8,400,4,0,4,0,10,10,4,4,3,3,4,3,5,6,9,3
8,400,4,0,4,0,10,9,4,4,3,3,4,3,5,6,9,3
8,400,4,0,4,0,10,10,4,4,3,2,4,3,5,6,9,3
8,400,4,0,4,0,10,9,4,4,3,2,4,3,5,6,5,3
8,400,4,0,4,0,10,7,4,4,3,2,4,3,5,6,5,3
8,400,4,0,4,0,10,7,4,4,3,2,4,3,4,6,5,1
8,400,4,0,4,0,9,7,4,4,3,2,3,3,4,6,5,1
8,400,4,0,4,0,9,7,4,3,3,2,3,3,4,6,0,1
8,400,4,0,4,0,9,7,4,3,3,2,3,3,4,6,0,1
8,400,4,0,4,0,9,7,4,3,3,2,3,3,4,6,0,1
8,400,4,0,4,0,9,7,4,3,3,2,3,3,4,6,0,1
8,400,4,0,4,0,9,7,4,3,3,2,3,3,4,6,0,1
8,400,4,0,4,0,9,7,4,3,3,2,3,3,4,6,0,1
8,400,4,0,4,0,9,7,4,3,3,2,3,3,4,6,0,1
9,401,4,0,4,0,9,7,4,3,3,2,3,3,7,6,0,1
9,401,4,0,4,0,9,7,4,3,3,2,3,3,7,6,0,1
9,401,4,0,4,0,9,7,4,3,3,2,3,3,7,6,0,1
9,401,4,0,4,0,9,7,4,3,3,2,3,3,7,6,0,1
9,401,4,0,4,0,9,7,4,3,3,2,3,3,7,6,0,1
9,401,4,0,4,0,9,7,4,3,3,2,3,3,7,6,0,1
9,401,4,0,4,0,9,7,4,3,3,2,3,3,10,6,8,1
9,401,4,0,4,0,10,9,4,2,3,2,4,3,10,9,8,1
9,401,4,0,4,0,10,10,4,2,3,2,4,3,10,10,8,2
9,401,4,0,4,0,10,10,4,3,3,2,4,3,10,10,9,2
9,401,4,0,4,0,10,10,4,4,3,2,4,3,10,10,9,3
9,401,4,0,4,0,10,10,4,4,3,2,4,3,10,10,9,3
9,401,4,0,4,0,10,10,4,4,3,2,4,3,10,10,9,3
9,401,4,0,4,0,10,9,4,4,3,2,4,3,10,10,5,3
9,401,4,0,4,0,10,7,4,4,3,2,4,3,10,10,5,2
9,401,4,0,4,0,10,7,4,4,3,2,4,3,8,9,5,2
9,401,4,0,4,0,9,7,4,4,3,2,3,3,8,8,5,2
9,401,4,0,4,0,9,7,4,4,3,2,3,3,8,8,0,2
9,401,4,0,4,0,9,7,4,4,3,2,3,3,8,8,0,2
9,401,4,0,4,0,9,7,4,4,3,2,3,3,8,8,0,2
9,401,4,0,4,0,9,7,4,4,3,2,3,3,8,8,0,2
9,401,4,0,4,0,9,7,4,4,3,2,3,3,8,8,0,2
9,401,4,0,4,0,9,7,4,4,3,2,3,3,8,8,0,2
9,401,4,0,4,0,9,7,4,4,3,2,3,3,7,8,0,2
10,402,4,0,4,0,9,7,4,4,3,2,3,3,7,8,0,2
10,402,4,0,4,0,9,7,4,4,3,2,3,3,7,8,0,2
10,402,4,0,4,0,9,7,4,4,3,2,3,3,7,8,0,2
10,402,4,0,4,0,9,7,4,4,3,2,3,3,7,8,0,2
10,402,4,0,4,0,9,7,4,4,3,2,3,3,7,8,0,2
10,402,4,0,4,0,9,7,4,4,3,2,3,3,7,8,0,2
10,402,4,0,4,0,9,7,4,4,3,2,3,3,8,8,8,2
10,402,4,0,4,0,10,9,4,3,3,2,4,3,8,8,8,1
10,402,4,0,4,0,10,10,4,3,3,2,4,3,8,8,8,1
10,402,4,0,4,0,10,10,4,3,3,2,4,3,8,8,9,1
10,402,4,0,4,0,10,10,4,3,3,1,4,3,8,8,9,0
10,402,4,0,4,0,10,10,4,3,3,1,4,3,8,8,9,0
10,402,4,0,4,0,10,10,4,3,3,1,4,3,8,8,9,0
10,402,4,0,4,0,10,10,4,3,3,1,4,3,8,8,5,0
10,402,4,0,4,0,10,10,4,3,3,1,4,3,8,8,5,0
10,402,4,0,4,0,10,9,4,3,3,1,4,3,8,8,5,0
10,402,4,0,4,0,9,9,4,3,3,1,3,3,8,8,5,0
10,402,4,0,4,0,9,9,4,3,3,1,3,3,8,8,0,0
10,402,4,0,4,0,9,9,4,3,3,1,3,3,8,8,0,0
10,402,4,0,4,0,9,9,4,3,3,1,3,3,8,8,0,0
10,402,4,0,4,0,9,9,4,3,3,1,3,3,8,8,0,0
10,402,4,0,4,0,9,9,4,3,3,1,3,3,8,8,0,0
10,402,4,0,4,0,9,9,4,2,3,1,3,3,8,8,0,0
10,402,4,0,4,0,9,9,4,2,3,1,3,3,7,8,0,0
11,403,4,0,4,0,9,9,4,2,3,1,3,3,7,8,0,0
11,403,4,0,4,0,9,9,4,2,3,1,3,3,7,8,0,0
11,403,4,0,4,0,9,9,4,2,3,1,3,3,7,8,0,0
11,403,4,0,4,0,9,9,4,2,3,1,3,3,7,8,0,0
11,403,4,0,4,0,9,9,4,2,3,1,3,3,7,8,0,0
11,403,4,0,4,0,9,9,4,2,3,1,3,3,7,8,0,0
11,403,4,0,4,0,9,9,4,2,3,1,3,3,8,8,8,0
11,403,4,0,4,0,10,10,4,2,3,3,4,4,8,8,8,0
11,403,4,0,4,0,10,10,4,3,3,3,4,4,8,8,8,1
11,403,4,0,4,0,10,10,4,4,3,3,4,4,8,8,9,1
11,403,4,0,4,0,10,10,4,3,3,3,4,4,8,8,9,1
11,403,4,0,4,0,10,10,4,4,3,3,4,4,8,8,9,1
11,403,4,0,4,0,10,10,4,3,3,3,4,4,8,9,9,1
11,403,4,0,4,0,10,10,4,3,3,3,4,4,8,9,5,1
11,403,4,0,4,0,10,10,4,3,3,3,4,4,8,8,5,0
11,403,4,0,4,0,10,10,4,3,3,3,4,4,8,8,5,0
11,403,4,0,4,0,9,10,4,3,3,3,3,3,8,8,5,0
11,403,4,0,4,0,9,10,4,3,3,3,3,3,8,7,0,0
11,403,4,0,4,0,9,10,4,2,3,1,3,3,8,7,0,0
11,403,4,0,4,0,9,10,4,2,3,1,3,3,8,7,0,0
11,403,4,0,4,0,9,9,4,2,3,1,3,3,8,6,0,0
11,403,4,0,4,0,9,8,4,2,3,1,3,3,8,6,0,0
11,403,4,0,4,0,9,8,4,2,3,1,3,3,8,6,0,0
11,403,4,0,4,0,9,8,4,2,3,1,3,3,7,6,0,0
12,404,4,0,3,0,8,8,3,2,2,1,2,3,7,6,0,0
12,404,4,0,3,0,8,8,3,2,2,1,2,3,7,6,0,0
12,404,4,0,3,0,8,8,3,2,2,1,2,3,7,6,0,0
12,404,4,0,3,0,8,8,3,2,2,1,2,3,7,6,0,0
12,404,4,0,3,0,8,8,3,2,2,1,2,3,7,6,0,0
12,404,4,0,3,0,8,8,3,2,2,1,2,3,7,6,0,0
12,404,4,0,3,0,8,8,3,2,2,1,3,3,10,6,0,0
12,404,4,0,3,0,8,8,3,1,2,1,3,2,10,6,0,0
12,404,4,0,3,0,8,8,3,1,2,1,3,2,10,6,0,0
12,404,4,0,3,0,8,8,3,1,2,1,3,2,10,6,0,0
12,404,4,0,3,0,8,8,3,1,2,1,3,2,10,6,0,0
12,404,4,0,3,0,8,8,3,1,2,1,3,2,10,6,0,0
12,404,4,0,3,0,8,8,3,1,2,1,3,2,10,6,0,0
12,404,4,0,3,0,8,8,3,1,2,1,3,2,10,6,0,0
12,404,4,0,3,0,8,8,3,1,2,1,3,2,10,6,0,0
12,404,4,0,3,0,8,8,3,1,2,1,2,2,8,6,0,0
12,404,4,0,3,0,8,8,3,1,2,1,2,2,8,6,0,0
12,404,4,0,3,0,8,8,3,1,2,1,2,2,8,6,0,0
12,404,4,0,3,0,8,8,3,1,2,1,2,2,8,6,0,0
12,404,4,0,3,0,8,8,3,1,2,1,2,2,8,6,0,0
12,404,4,0,3,0,8,8,3,1,2,1,2,2,8,6,0,0
12,404,4,0,3,0,8,8,3,1,2,1,2,2,8,6,0,0
12,404,4,0,3,0,8,8,3,1,2,1,2,2,8,6,0,0
12,404,4,0,3,0,8,8,3,1,2,1,2,2,7,6,0,0
13,405,4,0,3,0,8,8,3,1,2,1,2,2,4,6,0,0
13,405,4,0,3,0,8,8,3,1,2,1,2,2,4,6,0,0
13,405,4,0,3,0,8,8,3,1,2,1,2,2,4,6,0,0
13,405,4,0,3,0,8,8,3,1,2,1,2,2,4,6,0,0
13,405,4,0,3,0,8,8,3,1,2,1,2,2,4,6,0,0
13,405,4,0,3,0,8,8,3,1,2,1,2,2,4,6,0,0
13,405,4,0,3,0,8,8,3,1,2,1,3,2,4,6,0,0
13,405,4,0,3,0,8,8,3,1,2,1,3,2,5,6,0,0
13,405,4,0,3,0,8,8,3,1,2,1,3,1,5,6,0,0
13,405,4,0,3,0,8,7,3,1,2,1,3,1,5,6,0,0
13,405,4,0,3,0,8,7,3,1,2,1,3,1,5,6,0,0
13,405,4,0,3,0,8,7,3,1,2,1,3,1,5,6,0,0
13,405,4,0,3,0,8,7,3,1,2,1,3,1,5,6,0,0
13,405,4,0,3,0,8,7,3,1,2,1,3,1,5,6,0,0
13,405,4,0,3,0,8,7,3,1,2,1,3,1,5,6,0,0
13,405,4,0,3,0,8,7,3,1,2,1,2,1,4,6,0,0
13,405,4,0,3,0,8,7,3,1,2,1,2,1,4,6,0,0
13,405,4,0,3,0,8,7,3,1,2,1,2,1,4,6,0,0
13,405,4,0,3,0,8,6,3,1,2,1,2,1,4,5,0,0
13,405,4,0,3,0,8,6,3,1,2,1,2,1,4,5,0,0
13,405,4,0,3,0,8,6,3,1,2,1,2,1,4,5,0,0
13,405,4,0,3,0,8,6,3,1,2,1,2,1,4,5,0,0
13,405,4,0,3,0,8,6,3,1,2,1,2,1,4,5,0,0
13,405,4,0,3,0,8,6,3,1,2,1,2,1,4,5,0,0
14,406,4,0,4,0,9,6,4,1,3,1,3,1,7,5,0,0
14,406,4,0,4,0,9,6,4,1,3,1,3,1,7,5,0,0
14,406,4,0,4,0,9,6,4,1,3,1,3,1,7,5,0,0
14,406,4,0,4,0,9,6,4,1,3,1,3,1,7,5,0,0
14,406,4,0,4,0,9,6,4,1,3,1,3,1,7,5,0,0
14,406,4,0,4,0,9,6,4,1,3,1,3,1,7,5,0,0
14,406,4,0,4,0,9,6,4,1,3,1,3,1,8,5,8,0
14,406,4,0,4,0,10,9,4,3,3,1,4,2,8,6,8,2
14,406,4,0,4,0,10,10,4,3,3,1,4,2,8,6,8,2
14,406,4,0,4,0,10,10,4,4,3,1,4,2,8,8,9,2
14,406,4,0,4,0,10,10,4,4,3,1,4,2,8,8,9,2
14,406,4,0,4,0,10,10,4,4,3,1,4,2,8,8,9,2
14,406,4,0,4,0,10,10,4,4,3,1,4,2,8,8,9,2
14,406,4,0,4,0,10,10,4,3,3,1,4,2,8,7,5,2
14,406,4,0,4,0,10,10,4,3,3,1,4,2,8,7,5,2
14,406,4,0,4,0,10,10,4,3,3,1,4,2,8,7,5,2
14,406,4,0,4,0,9,9,4,3,3,1,3,2,8,7,5,1
14,406,4,0,4,0,9,9,4,3,3,1,3,2,8,7,0,1
14,406,4,0,4,0,9,8,4,3,3,1,3,2,8,7,0,1
14,406,4,0,4,0,9,7,4,3,3,1,3,2,8,7,0,1
14,406,4,0,4,0,9,7,4,3,3,1,3,2,8,7,0,1
14,406,4,0,4,0,9,7,4,3,3,1,3,2,8,7,0,1
14,406,4,0,4,0,9,7,4,3,3,1,3,2,8,6,0,1
14,406,4,0,4,0,9,7,4,3,3,1,3,2,7,6,0,1
15,407,4,0,4,0,9,7,4,3,3,1,3,2,4,6,0,1
15,407,4,0,4,0,9,7,4,3,3,1,3,2,4,6,0,1
15,407,4,0,4,0,9,7,4,3,3,1,3,2,4,6,0,1
15,407,4,0,4,0,9,7,4,3,3,1,3,2,4,6,0,1
15,407,4,0,4,0,9,7,4,3,3,1,3,2,4,6,0,1
15,407,4,0,4,0,9,7,4,3,3,1,3,2,4,6,0,1
15,407,4,0,4,0,9,7,4,3,3,1,3,2,4,6,8,1
15,407,4,0,4,0,10,9,4,3,3,3,4,3,5,6,8,2
15,407,4,0,4,0,10,10,4,4,3,3,4,3,5,6,8,3
15,407,4,0,4,0,10,10,4,4,3,3,4,2,5,6,9,4
15,407,4,0,4,0,10,10,4,4,3,3,4,2,5,6,9,4
15,407,4,0,4,0,10,9,4,4,3,3,4,2,5,6,9,4
15,407,4,0,4,0,10,10,4,4,3,3,4,2,5,6,9,4
15,407,4,0,4,0,10,10,4,3,3,3,4,2,5,6,5,4
15,407,4,0,4,0,10,9,4,3,3,3,4,2,5,6,5,3
15,407,4,0,4,0,10,9,4,3,3,3,4,2,4,5,5,3
15,407,4,0,4,0,9,9,4,3,3,3,3,2,4,5,5,3
15,407,4,0,4,0,9,9,4,3,3,3,3,2,4,5,0,3
15,407,4,0,4,0,9,9,4,3,3,3,3,2,4,5,0,3
15,407,4,0,4,0,9,9,4,2,3,2,3,2,4,5,0,3
15,407,4,0,4,0,9,9,4,2,3,2,3,2,4,5,0,3
15,407,4,0,4,0,9,9,4,2,3,2,3,2,4,5,0,3
15,407,4,0,4,0,9,9,4,2,3,2,3,2,4,5,0,2
15,407,4,0,4,0,9,9,4,2,3,2,3,2,4,5,0,2
16,408,4,0,4,0,9,9,4,2,3,2,3,2,7,6,0,2
16,408,4,0,4,0,9,9,4,2,3,2,3,2,7,6,0,2
16,408,4,0,4,0,9,9,4,2,3,2,3,2,7,6,0,2
16,408,4,0,4,0,9,9,4,2,3,2,3,2,7,6,0,2
16,408,4,0,4,0,9,9,4,2,3,2,3,2,7,6,0,2
16,408,4,0,4,0,9,9,4,2,3,2,3,2,7,6,0,2
16,408,4,0,4,0,9,9,4,2,3,2,3,2,10,6,8,2
16,408,4,0,4,0,10,9,4,2,3,2,4,2,10,10,8,1
16,408,4,0,4,0,10,10,4,2,3,2,4,2,10,10,8,1
16,408,4,0,4,0,10,10,4,3,3,2,4,2,10,11,9,2
16,408,4,0,4,0,10,10,4,3,3,2,4,2,10,11,9,2
16,408,4,0,4,0,10,10,4,4,3,2,4,2,10,11,9,2
16,408,4,0,4,0,10,10,4,4,3,2,4,2,10,11,9,2
16,408,4,0,4,0,10,10,4,4,3,2,4,2,10,11,5,2
16,408,4,0,4,0,10,10,4,2,3,2,4,2,10,10,5,1
16,408,4,0,4,0,10,10,4,2,3,2,4,2,8,10,5,1
16,408,4,0,4,0,9,10,4,2,3,2,3,2,8,10,5,1
16,408,4,0,4,0,9,10,4,2,3,2,3,2,8,10,0,1
16,408,4,0,4,0,9,10,4,2,3,2,3,2,8,10,0,1
16,408,4,0,4,0,9,10,4,2,3,2,3,2,8,10,0,1
16,408,4,0,4,0,9,10,4,2,3,2,3,2,8,9,0,0
16,408,4,0,4,0,9,10,4,2,3,2,3,2,8,9,0,0
16,408,4,0,4,0,9,10,4,2,3,2,3,2,8,9,0,0
16,408,4,0,4,0,9,10,4,2,3,2,3,2,7,9,0,0
17,409,4,0,4,0,9,10,4,2,3,2,3,2,7,9,0,0
17,409,4,0,4,0,9,10,4,2,3,2,3,2,7,9,0,0
17,409,4,0,4,0,9,10,4,2,3,2,3,2,7,9,0,0
17,409,4,0,4,0,9,10,4,2,3,2,3,2,7,9,0,0
17,409,4,0,4,0,9,10,4,2,3,2,3,2,7,9,0,0
17,409,4,0,4,0,9,10,4,2,3,2,3,2,7,9,0,0
17,409,4,0,4,0,9,10,4,2,3,2,3,2,8,9,8,0
17,409,4,0,4,0,10,10,4,3,3,1,4,3,8,9,8,0
17,409,4,0,4,0,10,10,4,3,3,1,4,3,8,9,8,0
17,409,4,0,4,0,10,10,4,3,3,1,4,3,8,7,9,0
17,409,4,0,4,0,10,10,4,3,3,1,4,3,8,8,9,0
17,409,4,0,4,0,10,10,4,3,3,1,4,3,8,8,9,0
17,409,4,0,4,0,10,10,4,3,3,1,4,3,8,8,9,0
17,409,4,0,4,0,10,10,4,3,3,1,4,3,8,8,5,0
17,409,4,0,4,0,10,10,4,3,3,1,4,3,8,8,5,0
17,409,4,0,4,0,10,10,4,3,3,1,4,3,8,8,5,0
17,409,4,0,4,0,9,10,4,3,3,1,3,3,8,8,5,0
17,409,4,0,4,0,9,10,4,3,3,1,3,3,8,8,0,0
17,409,4,0,4,0,9,10,4,3,3,1,3,3,8,8,0,0
17,409,4,0,4,0,9,10,4,3,3,1,3,3,8,8,0,0
17,409,4,0,4,0,9,10,4,3,3,1,3,3,8,8,0,0
17,409,4,0,4,0,9,10,4,3,3,1,3,3,8,8,0,0
17,409,4,0,4,0,9,10,4,3,3,1,3,3,8,8,0,0
17,409,4,0,4,0,9,10,4,3,3,1,3,3,7,8,0,0
18,410,4,0,4,0,9,10,4,3,3,1,3,3,7,8,0,0
18,410,4,0,4,0,9,10,4,3,3,1,3,3,7,8,0,0
18,410,4,0,4,0,9,10,4,3,3,1,3,3,7,8,0,0
18,410,4,0,4,0,9,10,4,3,3,1,3,3,7,8,0,0
18,410,4,0,4,0,9,10,4,3,3,1,3,3,7,8,0,0
18,410,4,0,4,0,9,10,4,3,3,1,3,3,7,8,0,0
18,410,4,0,4,0,9,10,4,3,3,1,3,3,8,8,8,0
18,410,4,0,4,0,10,10,4,3,3,2,4,3,8,7,8,1
18,410,4,0,4,0,10,10,4,4,3,3,4,3,8,8,8,1
18,410,4,0,4,0,10,10,4,4,3,3,4,3,8,8,9,2
18,410,4,0,4,0,10,10,4,4,3,3,4,3,8,8,9,2
18,410,4,0,4,0,10,10,4,4,3,3,4,3,8,8,9,2
18,410,4,0,4,0,10,10,4,4,3,3,4,3,8,9,9,2
18,410,4,0,4,0,10,10,4,4,3,3,4,3,8,9,5,2
18,410,4,0,4,0,10,10,4,2,3,3,4,3,8,9,5,2
18,410,4,0,4,0,10,10,4,2,3,3,4,3,8,8,5,1
18,410,4,0,4,0,9,10,4,2,3,3,3,3,8,7,5,1
18,410,4,0,4,0,9,9,4,2,3,3,3,2,8,7,0,1
18,410,4,0,4,0,9,9,4,2,3,3,3,2,8,7,0,1
18,410,4,0,4,0,9,9,4,2,3,3,3,2,8,7,0,1
18,410,4,0,4,0,9,9,4,2,3,3,3,2,8,6,0,1
18,410,4,0,4,0,9,9,4,2,3,2,3,2,8,6,0,1
18,410,4,0,4,0,9,9,4,2,3,2,3,2,8,6,0,1
18,410,4,0,4,0,9,9,4,2,3,2,3,2,7,6,0,1
19,411,4,0,3,0,8,9,3,2,2,2,2,2,7,6,0,1
19,411,4,0,3,0,8,9,3,2,2,2,2,2,7,6,0,1
19,411,4,0,3,0,8,9,3,2,2,2,2,2,7,6,0,1
19,411,4,0,3,0,8,9,3,2,2,2,2,2,7,6,0,1
19,411,4,0,3,0,8,9,3,2,2,2,2,2,7,6,0,1
19,411,4,0,3,0,8,9,3,2,2,2,2,2,7,6,0,1
19,411,4,0,3,0,8,9,3,2,2,2,3,2,10,6,0,1
19,411,4,0,3,0,8,9,3,2,2,2,3,2,10,5,0,0
19,411,4,0,3,0,8,9,3,2,2,2,3,2,10,5,0,0
19,411,4,0,3,0,8,9,3,2,2,2,3,2,10,5,0,0
19,411,4,0,3,0,8,9,3,2,2,2,3,2,10,5,0,0
19,411,4,0,3,0,8,9,3,2,2,2,3,2,10,5,0,0
19,411,4,0,3,0,8,9,3,2,2,2,3,2,10,5,0,0
19,411,4,0,3,0,8,9,3,2,2,2,3,2,10,5,0,0
19,411,4,0,3,0,8,9,3,2,2,2,3,2,10,5,0,0
19,411,4,0,3,0,8,8,3,2,2,2,2,2,8,5,0,0
19,411,4,0,3,0,8,8,3,2,2,2,2,2,8,5,0,0
19,411,4,0,3,0,8,8,3,2,2,2,2,2,8,5,0,0
19,411,4,0,3,0,8,8,3,2,2,2,2,2,8,5,0,0
19,411,4,0,3,0,8,8,3,2,2,2,2,2,8,5,0,0
19,411,4,0,3,0,8,8,3,2,2,2,2,2,8,5,0,0
19,411,4,0,3,0,8,8,3,2,2,2,2,2,8,5,0,0
19,411,4,0,3,0,8,8,3,2,2,2,2,2,8,5,0,0
19,411,4,0,3,0,8,8,3,2,2,2,2,2,7,5,0,0
20,412,4,0,3,0,8,8,3,2,2,2,2,2,4,5,0,0
20,412,4,0,3,0,8,8,3,2,2,2,2,2,4,5,0,0
20,412,4,0,3,0,8,8,3,2,2,2,2,2,4,5,0,0
20,412,4,0,3,0,8,8,3,2,2,2,2,2,4,5,0,0
20,412,4,0,3,0,8,8,3,2,2,2,2,2,4,5,0,0
20,412,4,0,3,0,8,8,3,2,2,2,2,2,4,5,0,0
20,412,4,0,3,0,8,8,3,2,2,2,3,2,4,5,0,0
20,412,4,0,3,0,8,8,3,2,2,2,3,1,5,5,0,0
20,412,4,0,3,0,8,8,3,2,2,2,3,1,5,5,0,0
20,412,4,0,3,0,8,8,3,2,2,2,3,1,5,5,0,0
20,412,4,0,3,0,8,8,3,2,2,2,3,1,5,5,0,0
20,412,4,0,3,0,8,8,3,2,2,2,3,1,5,5,0,0
20,412,4,0,3,0,8,8,3,2,2,1,3,1,5,5,0,0
20,412,4,0,3,0,8,8,3,2,2,1,3,1,5,5,0,0
20,412,4,0,3,0,8,8,3,2,2,1,3,1,5,5,0,0
20,412,4,0,3,0,8,8,3,2,2,1,2,1,4,5,0,0
20,412,4,0,3,0,8,8,3,2,2,1,2,1,4,5,0,0
20,412,4,0,3,0,8,8,3,2,2,1,2,1,4,5,0,0
20,412,4,0,3,0,8,8,3,2,2,1,2,1,4,5,0,0
20,412,4,0,3,0,8,8,3,2,2,1,2,1,4,5,0,0
20,412,4,0,3,0,8,8,3,2,2,1,2,1,4,5,0,0
20,412,4,0,3,0,8,8,3,2,2,1,2,1,4,5,0,0
20,412,4,0,3,0,8,8,3,2,2,1,2,1,4,5,0,0
20,412,4,0,3,0,8,8,3,2,2,1,2,1,4,5,0,0
21,413,4,0,4,0,9,8,4,2,3,1,3,1,7,5,0,0
21,413,4,0,4,0,9,8,4,2,3,1,3,1,7,5,0,0
21,413,4,0,4,0,9,8,4,2,3,1,3,1,7,5,0,0
21,413,4,0,4,0,9,8,4,2,3,1,3,1,7,5,0,0
21,413,4,0,4,0,9,8,4,2,3,1,3,1,7,5,0,0
21,413,4,0,4,0,9,8,4,2,3,1,3,1,7,5,0,0
21,413,4,0,4,0,9,8,4,2,3,1,3,1,8,5,8,0
21,413,4,0,4,0,10,9,4,4,3,1,4,2,8,8,8,1
21,413,4,0,4,0,10,10,4,4,3,3,4,2,8,8,8,1
21,413,4,0,4,0,10,10,4,3,3,3,4,2,8,8,9,1
21,413,4,0,4,0,10,10,4,4,3,2,4,2,8,8,9,1
21,413,4,0,4,0,10,10,4,4,3,3,4,2,8,7,9,1
21,413,4,0,4,0,10,10,4,4,3,3,4,2,8,7,9,1
21,413,4,0,4,0,10,10,4,4,3,3,4,2,8,7,5,1
21,413,4,0,4,0,10,10,4,4,3,2,4,2,8,7,5,1
21,413,4,0,4,0,10,10,4,4,3,2,4,2,8,7,5,1
21,413,4,0,4,0,9,10,4,4,3,2,3,1,8,7,5,1
21,413,4,0,4,0,9,10,4,4,3,2,3,1,8,7,0,1
21,413,4,0,4,0,9,10,4,4,3,2,3,1,8,7,0,1
21,413,4,0,4,0,9,10,4,4,3,2,3,1,8,7,0,1
21,413,4,0,4,0,9,10,4,4,3,2,3,1,8,7,0,1
21,413,4,0,4,0,9,10,4,4,3,2,3,1,8,7,0,1
21,413,4,0,4,0,9,9,4,4,3,2,3,1,8,7,0,1
21,413,4,0,4,0,9,9,4,4,3,2,3,1,7,7,0,1
22,414,4,0,4,0,9,9,4,4,3,2,3,1,4,7,0,1
22,414,4,0,4,0,9,9,4,4,3,2,3,1,4,7,0,1
22,414,4,0,4,0,9,9,4,4,3,2,3,1,4,7,0,1
22,414,4,0,4,0,9,9,4,4,3,2,3,1,4,7,0,1
22,414,4,0,4,0,9,9,4,4,3,2,3,1,4,7,0,1
22,414,4,0,4,0,9,9,4,4,3,2,3,1,4,7,0,1
22,414,4,0,4,0,9,9,4,4,3,2,3,1,4,7,8,1
22,414,4,0,4,0,10,9,4,4,3,3,4,2,5,7,8,5
22,414,4,0,4,0,10,10,4,4,3,3,4,2,5,7,8,6
22,414,4,0,4,0,10,10,4,4,3,3,4,2,5,7,9,7
22,414,4,0,4,0,10,10,4,4,3,3,4,2,5,7,9,8
22,414,4,0,4,0,10,10,4,4,3,2,4,2,5,7,9,8
22,414,4,0,4,0,10,10,4,4,3,2,4,2,5,7,9,8
22,414,4,0,4,0,10,10,4,4,3,1,4,2,5,7,5,8
22,414,4,0,4,0,10,10,4,4,3,1,4,2,5,7,5,7
22,414,4,0,4,0,10,10,4,4,3,1,4,2,4,7,5,4
22,414,4,0,4,0,9,10,4,4,3,1,3,2,4,7,5,4
22,414,4,0,4,0,9,10,4,3,3,1,3,2,4,7,0,4
22,414,4,0,4,0,9,10,4,3,3,1,3,2,4,7,0,4
22,414,4,0,4,0,9,10,4,3,3,1,3,2,4,7,0,4
22,414,4,0,4,0,9,10,4,3,3,1,3,2,4,7,0,4
22,414,4,0,4,0,9,10,4,3,3,1,3,2,4,7,0,4
22,414,4,0,4,0,9,10,4,3,3,1,3,2,4,7,0,4
22,414,4,0,4,0,9,10,4,3,3,1,3,2,4,7,0,4
23,415,4,0,4,0,9,10,4,3,3,1,3,2,7,7,0,4
23,415,4,0,4,0,9,10,4,3,3,1,3,2,7,7,0,4
23,415,4,0,4,0,9,10,4,3,3,1,3,2,7,7,0,4
23,415,4,0,4,0,9,10,4,3,3,1,3,2,7,7,0,4
23,415,4,0,4,0,9,10,4,3,3,1,3,2,7,7,0,4
23,415,4,0,4,0,9,10,4,3,3,1,3,2,7,7,0,4
23,415,4,0,4,0,9,10,4,3,3,1,3,2,10,10,8,4
23,415,4,0,4,0,10,10,4,3,3,0,4,3,10,10,8,3
23,415,4,0,4,0,10,10,4,3,3,0,4,3,10,10,8,3
23,415,4,0,4,0,10,10,4,4,3,0,4,3,10,10,9,2
23,415,4,0,4,0,10,10,4,4,3,1,4,3,10,10,9,2
23,415,4,0,4,0,10,10,4,4,3,1,4,3,10,10,9,2
23,415,4,0,4,0,10,10,4,4,3,1,4,3,10,9,9,1
23,415,4,0,4,0,10,10,4,3,3,1,4,3,10,8,5,1
23,415,4,0,4,0,10,10,4,3,3,1,4,3,10,8,5,1
23,415,4,0,4,0,10,10,4,3,3,1,4,3,8,7,5,0
23,415,4,0,4,0,9,10,4,3,3,1,3,3,8,7,5,0
23,415,4,0,4,0,9,10,4,3,3,1,3,3,8,7,0,0
23,415,4,0,4,0,9,10,4,3,3,1,3,3,8,7,0,0
23,415,4,0,4,0,9,10,4,3,3,1,3,3,8,7,0,0
23,415,4,0,4,0,9,10,4,3,3,1,3,3,8,7,0,0
23,415,4,0,4,0,9,10,4,3,3,1,3,3,8,7,0,0
23,415,4,0,4,0,9,10,4,3,3,1,3,2,8,7,0,0
23,415,4,0,4,0,9,10,4,3,3,1,3,2,7,7,0,0
24,416,4,0,4,0,9,10,4,3,3,1,3,2,7,7,0,0
24,416,4,0,4,0,9,10,4,3,3,1,3,2,7,7,0,0
24,416,4,0,4,0,9,10,4,3,3,1,3,2,7,7,0,0
24,416,4,0,4,0,9,10,4,3,3,1,3,2,7,7,0,0
24,416,4,0,4,0,9,10,4,3,3,1,3,2,7,7,0,0
24,416,4,0,4,0,9,10,4,3,3,1,3,2,7,7,0,0
24,416,4,0,4,0,9,10,4,3,3,1,3,2,8,7,8,0
24,416,4,0,4,0,10,10,4,3,3,1,4,3,8,8,8,0
24,416,4,0,4,0,10,10,4,3,3,1,4,3,8,8,8,0
24,416,4,0,4,0,10,10,4,3,3,1,4,3,8,8,9,0
24,416,4,0,4,0,10,10,4,3,3,1,4,3,8,8,9,0
24,416,4,0,4,0,10,10,4,3,3,1,4,3,8,8,9,0
24,416,4,0,4,0,10,10,4,3,3,1,4,3,8,8,9,0
24,416,4,0,4,0,10,10,4,3,3,0,4,3,8,8,5,0
24,416,4,0,4,0,10,10,4,3,3,0,4,3,8,8,5,0
24,416,4,0,4,0,10,10,4,3,3,0,4,3,8,8,5,0
24,416,4,0,4,0,9,10,4,3,3,0,3,3,8,8,5,0
24,416,4,0,4,0,9,10,4,3,3,0,3,3,8,8,0,0
24,416,4,0,4,0,9,9,4,3,3,0,3,3,8,8,0,0
24,416,4,0,4,0,9,9,4,3,3,0,3,3,8,8,0,0
24,416,4,0,4,0,9,9,4,3,3,0,3,3,8,8,0,0
24,416,4,0,4,0,9,9,4,3,3,0,3,3,8,8,0,0
24,416,4,0,4,0,9,9,4,3,3,0,3,3,8,8,0,0
24,416,4,0,4,0,9,9,4,3,3,0,3,3,7,8,0,0
25,417,4,0,4,0,9,9,4,3,3,0,3,3,7,8,0,0
25,417,4,0,4,0,9,9,4,3,3,0,3,3,7,8,0,0
25,417,4,0,4,0,9,9,4,3,3,0,3,3,7,8,0,0
25,417,4,0,4,0,9,9,4,3,3,0,3,3,7,8,0,0
25,417,4,0,4,0,9,9,4,3,3,0,3,3,7,8,0,0
25,417,4,0,4,0,9,9,4,3,3,0,3,3,7,8,0,0
25,417,4,0,4,0,9,9,4,3,3,0,3,3,8,8,8,0
25,417,4,0,4,0,10,9,4,2,3,1,4,4,8,8,8,1
25,417,4,0,4,0,10,10,4,2,3,3,4,4,8,8,8,1
25,417,4,0,4,0,10,10,4,3,3,3,4,4,8,8,9,2
25,417,4,0,4,0,10,10,4,4,3,2,4,4,8,8,9,3
25,417,4,0,4,0,10,10,4,4,3,3,4,4,8,8,9,4
25,417,4,0,4,0,10,10,4,4,3,3,4,4,8,9,9,4
25,417,4,0,4,0,10,9,4,4,3,3,4,3,8,9,5,4
25,417,4,0,4,0,10,9,4,4,3,3,4,3,8,8,5,3
25,417,4,0,4,0,10,9,4,3,3,2,4,3,8,8,5,1
25,417,4,0,4,0,9,8,4,3,3,2,3,3,8,8,5,1
25,417,4,0,4,0,9,8,4,3,3,1,3,3,8,8,0,1
25,417,4,0,4,0,9,8,4,3,3,1,3,3,8,8,0,1
25,417,4,0,4,0,9,8,4,3,3,1,3,3,8,8,0,1
25,417,4,0,4,0,9,8,4,3,3,1,3,3,8,8,0,1
25,417,4,0,4,0,9,8,4,3,3,1,3,3,8,8,0,1
25,417,4,0,4,0,9,8,4,3,3,1,3,3,8,8,0,1
25,417,4,0,4,0,9,8,4,3,3,1,3,3,7,8,0,1
26,418,4,0,3,0,8,8,3,3,2,1,2,3,7,8,0,1
26,418,4,0,3,0,8,8,3,3,2,1,2,3,7,8,0,1
26,418,4,0,3,0,8,8,3,3,2,1,2,3,7,8,0,1
26,418,4,0,3,0,8,8,3,3,2,1,2,3,7,8,0,1
26,418,4,0,3,0,8,8,3,3,2,1,2,3,7,8,0,1
26,418,4,0,3,0,8,8,3,3,2,1,2,3,7,8,0,1
26,418,4,0,3,0,8,8,3,3,2,1,3,3,10,8,0,1
26,418,4,0,3,0,8,8,3,3,2,1,3,3,10,8,0,0
26,418,4,0,3,0,8,8,3,3,2,1,3,3,10,7,0,0
26,418,4,0,3,0,8,8,3,3,2,1,3,3,10,7,0,0
26,418,4,0,3,0,8,8,3,2,2,1,3,3,10,7,0,0
26,418,4,0,3,0,8,8,3,2,2,1,3,3,10,7,0,0
26,418,4,0,3,0,8,8,3,2,2,1,3,3,10,7,0,0
26,418,4,0,3,0,8,8,3,2,2,1,3,3,10,7,0,0
26,418,4,0,3,0,8,6,3,2,2,1,3,3,10,6,0,0
26,418,4,0,3,0,8,6,3,2,2,1,2,3,8,6,0,0
26,418,4,0,3,0,8,6,3,2,2,1,2,3,8,6,0,0
26,418,4,0,3,0,8,6,3,2,2,1,2,3,8,6,0,0
26,418,4,0,3,0,8,6,3,2,2,1,2,3,8,6,0,0
26,418,4,0,3,0,8,6,3,2,2,1,2,3,8,6,0,0
26,418,4,0,3,0,8,6,3,2,2,1,2,3,8,6,0,0
26,418,4,0,3,0,8,6,3,2,2,1,2,3,8,6,0,0
26,418,4,0,3,0,8,6,3,2,2,1,2,3,8,6,0,0
26,418,4,0,3,0,8,6,3,2,2,1,2,3,7,6,0,0
27,419,4,0,3,0,8,6,3,2,2,1,2,3,4,6,0,0
27,419,4,0,3,0,8,6,3,2,2,1,2,3,4,6,0,0
27,419,4,0,3,0,8,6,3,2,2,1,2,3,4,6,0,0
27,419,4,0,3,0,8,6,3,2,2,1,2,3,4,6,0,0
27,419,4,0,3,0,8,6,3,2,2,1,2,3,4,6,0,0
27,419,4,0,3,0,8,6,3,2,2,1,2,3,4,6,0,0
27,419,4,0,3,0,8,6,3,2,2,1,3,3,4,6,0,0
27,419,4,0,3,0,8,6,3,2,2,1,3,2,5,6,0,0
27,419,4,0,3,0,8,6,3,2,2,1,3,2,5,6,0,0
27,419,4,0,3,0,8,6,3,2,2,1,3,2,5,6,0,0
27,419,4,0,3,0,8,6,3,2,2,1,3,2,5,6,0,0
27,419,4,0,3,0,8,6,3,2,2,1,3,2,5,6,0,0
27,419,4,0,3,0,8,6,3,2,2,1,3,2,5,6,0,0
27,419,4,0,3,0,8,6,3,2,2,1,3,2,5,6,0,0
27,419,4,0,3,0,8,6,3,2,2,1,3,2,5,6,0,0
27,419,4,0,3,0,8,6,3,2,2,1,2,2,4,6,0,0
27,419,4,0,3,0,8,6,3,2,2,1,2,2,4,6,0,0
27,419,4,0,3,0,8,6,3,2,2,1,2,2,4,5,0,0
27,419,4,0,3,0,8,6,3,2,2,1,2,2,4,5,0,0
27,419,4,0,3,0,8,6,3,2,2,1,2,2,4,5,0,0
27,419,4,0,3,0,8,6,3,2,2,1,2,1,4,5,0,0
27,419,4,0,3,0,8,6,3,2,2,1,2,1,4,5,0,0
27,419,4,0,3,0,8,6,3,2,2,1,2,1,4,5,0,0
27,419,4,0,3,0,8,6,3,2,2,1,2,1,4,5,0,0
0,420,4,0,4,0,9,6,4,2,3,1,3,1,7,5,0,0
0,420,4,0,4,0,9,6,4,2,3,1,3,1,7,5,0,0
0,420,4,0,4,0,9,6,4,2,3,1,3,1,7,5,0,0
0,420,4,0,4,0,9,6,4,2,3,1,3,1,7,5,0,0
0,420,4,0,4,0,9,6,4,2,3,1,3,1,7,5,0,0
0,420,4,0,4,0,9,6,4,2,3,1,3,1,7,5,0,0
0,420,4,0,4,0,9,6,4,2,3,1,3,1,8,5,8,0
0,420,4,0,4,0,10,9,4,4,3,1,4,2,8,6,8,2
0,420,4,0,4,0,10,10,4,4,3,2,4,2,8,6,8,2
0,420,4,0,4,0,10,10,4,4,3,2,4,2,8,8,9,2
0,420,4,0,4,0,10,10,4,4,3,2,4,2,8,8,9,2
0,420,4,0,4,0,10,10,4,4,3,2,4,2,8,8,9,2
0,420,4,0,4,0,10,10,4,4,3,2,4,2,8,9,9,2
0,420,4,0,4,0,10,10,4,4,3,2,4,2,8,8,5,2
0,420,4,0,4,0,10,9,4,4,3,1,4,2,8,8,5,2
0,420,4,0,4,0,10,10,4,4,3,1,4,2,8,8,5,2
0,420,4,0,4,0,9,10,4,4,3,1,3,2,8,7,5,1
0,420,4,0,4,0,9,10,4,4,3,1,3,2,8,7,0,1
0,420,4,0,4,0,9,9,4,4,3,1,3,2,8,7,0,0
0,420,4,0,4,0,9,9,4,4,3,1,3,2,8,7,0,0
0,420,4,0,4,0,9,9,4,4,3,1,3,2,8,7,0,0
0,420,4,0,4,0,9,9,4,4,3,1,3,1,8,7,0,0
0,420,4,0,4,0,9,9,4,4,3,1,3,1,8,7,0,0
0,420,4,0,4,0,9,9,4,4,3,1,3,1,7,7,0,0
1,421,4,0,4,0,9,9,4,4,3,1,3,1,4,7,0,0
1,421,4,0,4,0,9,9,4,4,3,1,3,1,4,7,0,0
1,421,4,0,4,0,9,9,4,4,3,1,3,1,4,7,0,0
1,421,4,0,4,0,9,9,4,4,3,1,3,1,4,7,0,0
1,421,4,0,4,0,9,9,4,4,3,1,3,1,4,7,0,0
1,421,4,0,4,0,9,9,4,4,3,1,3,1,4,7,0,0
1,421,4,0,4,0,9,9,4,4,3,1,3,1,4,7,8,0
1,421,4,0,4,0,10,8,4,4,3,3,4,2,5,5,8,1
1,421,4,0,4,0,10,10,4,4,3,3,4,2,5,5,8,1
1,421,4,0,4,0,10,10,4,4,3,3,4,2,5,5,9,2
1,421,4,0,4,0,10,10,4,4,3,3,4,2,5,5,9,2
1,421,4,0,4,0,10,10,4,4,3,3,4,2,5,6,9,2
1,421,4,0,4,0,10,10,4,4,3,3,4,2,5,6,9,2
1,421,4,0,4,0,10,10,4,4,3,3,4,2,5,6,5,2
1,421,4,0,4,0,10,10,4,4,3,3,4,2,5,5,5,1
1,421,4,0,4,0,10,10,4,4,3,3,4,2,4,5,5,1
1,421,4,0,4,0,9,10,4,4,3,3,3,2,4,5,5,1
1,421,4,0,4,0,9,10,4,4,3,3,3,2,4,5,0,1
1,421,4,0,4,0,9,10,4,4,3,3,3,2,4,5,0,1
1,421,4,0,4,0,9,10,4,4,3,3,3,2,4,5,0,1
1,421,4,0,4,0,9,10,4,3,3,3,3,2,4,5,0,1
1,421,4,0,4,0,9,10,4,3,3,3,3,2,4,5,0,1
1,421,4,0,4,0,9,10,4,3,3,3,3,2,4,5,0,1
1,421,4,0,4,0,9,10,4,3,3,3,3,2,4,5,0,1
2,422,4,0,4,0,9,10,4,3,3,3,3,2,7,5,0,1
2,422,4,0,4,0,9,10,4,3,3,3,3,2,7,5,0,1
2,422,4,0,4,0,9,10,4,3,3,3,3,2,7,5,0,1
2,422,4,0,4,0,9,10,4,3,3,3,3,2,7,5,0,1
2,422,4,0,4,0,9,10,4,3,3,3,3,2,7,5,0,1
2,422,4,0,4,0,9,10,4,3,3,3,3,2,7,5,0,1
2,422,4,0,4,0,9,10,4,3,3,3,3,2,10,5,8,1
2,422,4,0,4,0,10,9,4,4,3,3,4,2,10,10,8,1
2,422,4,0,4,0,10,10,4,4,3,3,4,1,10,10,8,1
2,422,4,0,4,0,10,10,4,4,3,3,4,1,10,10,9,1
2,422,4,0,4,0,10,10,4,4,3,3,4,1,10,10,9,1
2,422,4,0,4,0,10,10,4,4,3,3,4,1,10,10,9,0
2,422,4,0,4,0,10,10,4,4,3,2,4,1,10,10,9,0
2,422,4,0,4,0,10,10,4,4,3,2,4,1,10,10,5,0
2,422,4,0,4,0,10,10,4,4,3,2,4,1,10,10,5,0
2,422,4,0,4,0,10,10,4,4,3,2,4,1,8,10,5,0
2,422,4,0,4,0,9,9,4,4,3,2,3,1,8,10,5,0
2,422,4,0,4,0,9,9,4,4,3,2,3,1,8,9,0,0
2,422,4,0,4,0,9,9,4,4,3,2,3,1,8,9,0,0
2,422,4,0,4,0,9,9,4,4,3,2,3,1,8,8,0,0
2,422,4,0,4,0,9,9,4,4,3,2,3,1,8,8,0,0
2,422,4,0,4,0,9,9,4,4,3,2,3,1,8,8,0,0
2,422,4,0,4,0,9,9,4,4,3,2,3,1,8,8,0,0
2,422,4,0,4,0,9,9,4,4,3,2,3,1,7,8,0,0
3,423,4,0,4,0,9,9,4,4,3,2,3,1,7,8,0,0
3,423,4,0,4,0,9,9,4,4,3,2,3,1,7,8,0,0
3,423,4,0,4,0,9,9,4,4,3,2,3,1,7,8,0,0
3,423,4,0,4,0,9,9,4,4,3,2,3,1,7,8,0,0
3,423,4,0,4,0,9,9,4,4,3,2,3,1,7,8,0,0
3,423,4,0,4,0,9,9,4,4,3,2,3,1,7,8,0,0
3,423,4,0,4,0,9,9,4,4,3,2,3,1,8,8,8,0
3,423,4,0,4,0,10,10,4,4,3,2,4,2,8,8,8,0
3,423,4,0,4,0,10,10,4,4,3,2,4,2,8,8,8,0
3,423,4,0,4,0,10,10,4,4,3,2,4,2,8,8,9,0
3,423,4,0,4,0,10,10,4,4,3,2,4,2,8,8,9,0
3,423,4,0,4,0,10,10,4,4,3,2,4,2,8,8,9,0
3,423,4,0,4,0,10,10,4,4,3,2,4,2,8,8,9,0
3,423,4,0,4,0,10,10,4,4,3,2,4,2,8,8,5,0
3,423,4,0,4,0,10,10,4,4,3,2,4,2,8,8,5,0
3,423,4,0,4,0,10,10,4,4,3,1,4,2,8,8,5,0
3,423,4,0,4,0,9,10,4,4,3,1,3,2,8,8,5,0
3,423,4,0,4,0,9,10,4,4,3,1,3,2,8,8,0,0
3,423,4,0,4,0,9,10,4,4,3,1,3,2,8,8,0,0
3,423,4,0,4,0,9,10,4,4,3,1,3,2,8,8,0,0
3,423,4,0,4,0,9,10,4,4,3,1,3,2,8,8,0,0
3,423,4,0,4,0,9,10,4,4,3,1,3,2,8,8,0,0
3,423,4,0,4,0,9,10,4,4,3,1,3,2,8,8,0,0
3,423,4,0,4,0,9,10,4,4,3,1,3,2,7,8,0,0
4,424,4,0,4,0,9,10,4,4,3,1,3,2,7,8,0,0
4,424,4,0,4,0,9,10,4,4,3,1,3,2,7,8,0,0
4,424,4,0,4,0,9,10,4,4,3,1,3,2,7,8,0,0
4,424,4,0,4,0,9,10,4,4,3,1,3,2,7,8,0,0
4,424,4,0,4,0,9,10,4,4,3,1,3,2,7,8,0,0
4,424,4,0,4,0,9,10,4,4,3,1,3,2,7,8,0,0
4,424,4,0,4,0,9,10,4,4,3,1,3,2,8,8,8,0
4,424,4,0,4,0,10,10,4,4,3,2,4,2,8,8,8,1
4,424,4,0,4,0,10,10,4,4,3,3,4,2,8,8,8,1
4,424,4,0,4,0,10,10,4,4,3,3,4,2,8,8,9,1
4,424,4,0,4,0,10,10,4,4,3,2,4,2,8,8,9,1
4,424,4,0,4,0,10,10,4,4,3,3,4,2,8,8,9,1
4,424,4,0,4,0,10,10,4,4,3,3,4,2,8,8,9,1
4,424,4,0,4,0,10,9,4,4,3,3,4,2,8,8,5,1
4,424,4,0,4,0,10,9,4,4,3,2,4,2,8,8,5,1
4,424,4,0,4,0,10,9,4,4,3,2,4,2,8,8,5,1
4,424,4,0,4,0,9,9,4,4,3,2,3,2,8,8,5,1
4,424,4,0,4,0,9,9,4,4,3,2,3,2,8,8,0,1
4,424,4,0,4,0,9,9,4,4,3,2,3,1,8,8,0,1
4,424,4,0,4,0,9,9,4,4,3,2,3,1,8,8,0,1
4,424,4,0,4,0,9,9,4,4,3,2,3,1,8,8,0,0
4,424,4,0,4,0,9,9,4,4,3,2,3,1,8,8,0,0
4,424,4,0,4,0,9,9,4,4,3,2,3,1,8,8,0,0
4,424,4,0,4,0,9,9,4,4,3,2,3,1,7,8,0,0
5,425,4,0,3,0,8,9,3,4,2,2,2,1,7,8,0,0
5,425,4,0,3,0,8,9,3,4,2,2,2,1,7,8,0,0
5,425,4,0,3,0,8,9,3,4,2,2,2,1,7,8,0,0
5,425,4,0,3,0,8,9,3,4,2,2,2,1,7,8,0,0
5,425,4,0,3,0,8,9,3,4,2,2,2,1,7,8,0,0
5,425,4,0,3,0,8,9,3,4,2,2,2,1,7,8,0,0
5,425,4,0,3,0,8,9,3,4,2,2,3,1,10,8,0,0
5,425,4,0,3,0,8,7,3,4,2,2,3,1,10,8,0,0
5,425,4,0,3,0,8,7,3,4,2,2,3,1,10,7,0,0
5,425,4,0,3,0,8,7,3,4,2,2,3,1,10,7,0,0
5,425,4,0,3,0,8,7,3,4,2,2,3,1,10,7,0,0
5,425,4,0,3,0,8,7,3,4,2,2,3,1,10,7,0,0
5,425,4,0,3,0,8,7,3,4,2,2,3,1,10,7,0,0
5,425,4,0,3,0,8,7,3,4,2,2,3,1,10,7,0,0
5,425,4,0,3,0,8,7,3,4,2,2,3,1,10,7,0,0
5,425,4,0,3,0,8,7,3,4,2,2,2,1,8,7,0,0
5,425,4,0,3,0,8,7,3,4,2,2,2,1,8,7,0,0
5,425,4,0,3,0,8,7,3,4,2,2,2,1,8,7,0,0
5,425,4,0,3,0,8,7,3,4,2,2,2,1,8,7,0,0
5,425,4,0,3,0,8,7,3,4,2,2,2,1,8,7,0,0
5,425,4,0,3,0,8,7,3,4,2,2,2,1,8,7,0,0
5,425,4,0,3,0,8,7,3,4,2,2,2,1,8,7,0,0
5,425,4,0,3,0,8,7,3,4,2,2,2,1,8,7,0,0
5,425,4,0,3,0,8,7,3,4,2,2,2,1,7,7,0,0
6,426,4,0,3,0,8,7,3,4,2,2,2,1,4,7,0,0
6,426,4,0,3,0,8,7,3,4,2,2,2,1,4,7,0,0
6,426,4,0,3,0,8,7,3,4,2,2,2,1,4,7,0,0
6,426,4,0,3,0,8,7,3,4,2,2,2,1,4,7,0,0
6,426,4,0,3,0,8,7,3,4,2,2,2,1,4,7,0,0
6,426,4,0,3,0,8,7,3,4,2,2,2,1,4,7,0,0
6,426,4,0,3,0,8,7,3,4,2,2,3,1,4,7,0,0
6,426,4,0,3,0,8,7,3,4,2,2,3,0,5,7,0,0
6,426,4,0,3,0,8,7,3,4,2,2,3,0,5,7,0,0
6,426,4,0,3,0,8,7,3,4,2,2,3,0,5,6,0,0
6,426,4,0,3,0,8,7,3,4,2,2,3,0,5,6,0,0
6,426,4,0,3,0,8,7,3,4,2,2,3,0,5,5,0,0
6,426,4,0,3,0,8,7,3,4,2,2,3,0,5,5,0,0
6,426,4,0,3,0,8,7,3,4,2,2,3,0,5,5,0,0
6,426,4,0,3,0,8,7,3,4,2,2,3,0,5,5,0,0
6,426,4,0,3,0,8,7,3,4,2,2,2,0,4,5,0,0
6,426,4,0,3,0,8,7,3,4,2,2,2,0,4,5,0,0
6,426,4,0,3,0,8,7,3,4,2,2,2,0,4,5,0,0
6,426,4,0,3,0,8,7,3,4,2,2,2,0,4,5,0,0
6,426,4,0,3,0,8,7,3,4,2,2,2,0,4,5,0,0
6,426,4,0,3,0,8,7,3,4,2,2,2,0,4,5,0,0
6,426,4,0,3,0,8,7,3,4,2,2,2,0,4,5,0,0
6,426,4,0,3,0,8,7,3,4,2,2,2,0,4,5,0,0
6,426,4,0,3,0,8,7,3,4,2,2,2,0,4,5,0,0
7,427,4,0,4,0,9,7,4,4,3,2,3,0,7,5,0,0
7,427,4,0,4,0,9,7,4,4,3,2,3,0,7,5,0,0
7,427,4,0,4,0,9,7,4,4,3,2,3,0,7,5,0,0
7,427,4,0,4,0,9,7,4,4,3,2,3,0,7,5,0,0
7,427,4,0,4,0,9,7,4,4,3,2,3,0,7,5,0,0
7,427,4,0,4,0,9,7,4,4,3,2,3,0,7,5,0,0
7,427,4,0,4,0,9,7,4,4,3,2,3,0,8,5,8,0
7,427,4,0,4,0,10,9,4,4,3,3,4,1,8,7,8,1
7,427,4,0,4,0,10,9,4,4,3,3,4,1,8,8,8,1
7,427,4,0,4,0,10,10,4,4,3,3,4,1,8,8,9,1
7,427,4,0,4,0,10,10,4,4,3,3,4,1,8,8,9,1
7,427,4,0,4,0,10,10,4,4,3,3,4,1,8,8,9,1
7,427,4,0,4,0,10,10,4,4,3,3,4,1,8,8,9,1
7,427,4,0,4,0,10,9,4,4,3,3,4,1,8,8,5,1
7,427,4,0,4,0,10,9,4,4,3,3,4,1,8,8,5,1
7,427,4,0,4,0,10,9,4,4,3,3,4,1,8,8,5,1
7,427,4,0,4,0,9,9,4,4,3,3,3,1,8,8,5,1
7,427,4,0,4,0,9,9,4,4,3,3,3,1,8,8,0,1
7,427,4,0,4,0,9,9,4,4,3,3,3,1,8,8,0,1
7,427,4,0,4,0,9,9,4,4,3,3,3,1,8,8,0,1
7,427,4,0,4,0,9,8,4,4,3,3,3,1,8,7,0,0
7,427,4,0,4,0,9,8,4,4,3,3,3,1,8,7,0,0
7,427,4,0,4,0,9,8,4,4,3,3,3,1,8,7,0,0
7,427,4,0,4,0,9,8,4,4,3,3,3,1,7,7,0,0
8,428,4,0,4,0,9,8,4,4,3,3,3,1,4,7,0,0
8,428,4,0,4,0,9,8,4,4,3,3,3,1,4,7,0,0
8,428,4,0,4,0,9,8,4,4,3,3,3,1,4,7,0,0
8,428,4,0,4,0,9,8,4,4,3,3,3,1,4,7,0,0
8,428,4,0,4,0,9,8,4,4,3,3,3,1,4,7,0,0
8,428,4,0,4,0,9,8,4,4,3,3,3,1,4,7,0,0
8,428,4,0,4,0,9,8,4,4,3,3,3,1,4,7,8,0
8,428,4,0,4,0,10,9,4,4,3,2,4,2,5,7,8,2
8,428,4,0,4,0,10,9,4,4,3,2,4,2,5,7,8,3
8,428,4,0,4,0,10,10,4,4,3,3,4,2,5,7,9,3
8,428,4,0,4,0,10,10,4,4,3,3,4,2,5,7,9,3
8,428,4,0,4,0,10,10,4,4,3,3,4,2,5,7,9,3
8,428,4,0,4,0,10,10,4,4,3,3,4,2,5,7,9,3
8,428,4,0,4,0,10,10,4,4,3,3,4,2,5,7,5,3
8,428,4,0,4,0,10,10,4,4,3,3,4,2,5,7,5,3
8,428,4,0,4,0,10,10,4,4,3,3,4,2,4,7,5,2
8,428,4,0,4,0,9,10,4,4,3,3,3,2,4,7,5,2
8,428,4,0,4,0,9,10,4,4,3,3,3,2,4,7,0,2
8,428,4,0,4,0,9,10,4,4,3,3,3,2,4,7,0,2
8,428,4,0,4,0,9,10,4,4,3,3,3,2,4,7,0,2
8,428,4,0,4,0,9,9,4,4,3,3,3,2,4,7,0,2
8,428,4,0,4,0,9,9,4,4,3,2,3,2,4,7,0,2
8,428,4,0,4,0,9,9,4,4,3,2,3,2,4,7,0,2
8,428,4,0,4,0,9,9,4,4,3,2,3,2,4,7,0,2
9,429,4,0,4,0,9,9,4,4,3,2,3,2,7,7,0,2
9,429,4,0,4,0,9,9,4,4,3,2,3,2,7,7,0,2
9,429,4,0,4,0,9,9,4,4,3,2,3,2,7,7,0,2
9,429,4,0,4,0,9,9,4,4,3,2,3,2,7,7,0,2
9,429,4,0,4,0,9,9,4,4,3,2,3,2,7,7,0,2
9,429,4,0,4,0,9,9,4,4,3,2,3,2,7,7,0,2
9,429,4,0,4,0,9,9,4,4,3,2,3,2,10,8,8,2
9,429,4,0,4,0,10,9,4,4,3,3,4,3,10,10,8,2
9,429,4,0,4,0,10,10,4,4,3,3,4,3,10,10,8,2
9,429,4,0,4,0,10,10,4,4,3,3,4,3,10,10,9,2
9,429,4,0,4,0,10,10,4,4,3,3,4,3,10,10,9,3
9,429,4,0,4,0,10,10,4,4,3,3,4,3,10,10,9,3
9,429,4,0,4,0,10,10,4,4,3,3,4,3,10,10,9,3
9,429,4,0,4,0,10,10,4,4,3,3,4,3,10,10,5,3
9,429,4,0,4,0,10,10,4,4,3,3,4,3,10,11,5,3
9,429,4,0,4,0,10,10,4,3,3,3,4,3,8,11,5,3
9,429,4,0,4,0,9,10,4,3,3,3,3,3,8,11,5,3
9,429,4,0,4,0,9,10,4,3,3,3,3,2,8,10,0,2
9,429,4,0,4,0,9,10,4,3,3,3,3,2,8,10,0,2
9,429,4,0,4,0,9,10,4,3,3,3,3,2,8,9,0,2
9,429,4,0,4,0,9,10,4,3,3,3,3,2,8,9,0,2
9,429,4,0,4,0,9,10,4,3,3,2,3,2,8,9,0,2
9,429,4,0,4,0,9,10,4,3,3,2,3,2,8,9,0,2
9,429,4,0,4,0,9,10,4,3,3,2,3,2,7,9,0,2
10,430,4,0,4,0,9,10,4,3,3,2,3,2,7,9,0,2
10,430,4,0,4,0,9,10,4,3,3,2,3,2,7,9,0,2
10,430,4,0,4,0,9,10,4,3,3,2,3,2,7,9,0,2
10,430,4,0,4,0,9,10,4,3,3,2,3,2,7,9,0,2
10,430,4,0,4,0,9,10,4,3,3,2,3,2,7,9,0,2
10,430,4,0,4,0,9,10,4,3,3,2,3,2,7,9,0,2
10,430,4,0,4,0,9,10,4,3,3,2,3,2,8,9,8,2
10,430,4,0,4,0,10,10,4,4,3,2,4,3,8,8,8,0
10,430,4,0,4,0,10,10,4,4,3,2,4,3,8,8,8,0
10,430,4,0,4,0,10,10,4,4,3,2,4,3,8,8,9,0
10,430,4,0,4,0,10,10,4,4,3,2,4,3,8,8,9,0
10,430,4,0,4,0,10,10,4,4,3,2,4,3,8,8,9,0
10,430,4,0,4,0,10,10,4,4,3,2,4,3,8,8,9,0
10,430,4,0,4,0,10,10,4,4,3,2,4,3,8,8,5,0
10,430,4,0,4,0,10,10,4,4,3,2,4,3,8,8,5,0
10,430,4,0,4,0,10,10,4,4,3,2,4,3,8,8,5,0
10,430,4,0,4,0,9,10,4,4,3,2,3,3,8,8,5,0
10,430,4,0,4,0,9,10,4,4,3,2,3,3,8,8,0,0
10,430,4,0,4,0,9,10,4,4,3,2,3,3,8,8,0,0
10,430,4,0,4,0,9,10,4,4,3,2,3,3,8,8,0,0
10,430,4,0,4,0,9,10,4,4,3,2,3,3,8,8,0,0
10,430,4,0,4,0,9,10,4,4,3,2,3,3,8,8,0,0
10,430,4,0,4,0,9,10,4,4,3,2,3,3,8,8,0,0
10,430,4,0,4,0,9,10,4,4,3,2,3,3,7,8,0,0
11,431,4,0,4,0,9,10,4,4,3,2,3,3,7,8,0,0
11,431,4,0,4,0,9,10,4,4,3,2,3,3,7,8,0,0
11,431,4,0,4,0,9,10,4,4,3,2,3,3,7,8,0,0
11,431,4,0,4,0,9,10,4,4,3,2,3,3,7,8,0,0
11,431,4,0,4,0,9,10,4,4,3,2,3,3,7,8,0,0
11,431,4,0,4,0,9,10,4,4,3,2,3,3,7,8,0,0
11,431,4,0,4,0,9,10,4,4,3,2,3,3,8,8,8,0
11,431,4,0,4,0,10,10,4,4,3,3,4,3,8,8,8,0
11,431,4,0,4,0,10,10,4,4,3,3,4,2,8,8,8,1
11,431,4,0,4,0,10,10,4,4,3,3,4,2,8,8,9,1
11,431,4,0,4,0,10,10,4,4,3,3,4,2,8,8,9,1
11,431,4,0,4,0,10,10,4,4,3,3,4,2,8,9,9,1
11,431,4,0,4,0,10,10,4,4,3,3,4,2,8,9,9,1
11,431,4,0,4,0,10,9,4,4,3,3,4,2,8,8,5,1
11,431,4,0,4,0,10,10,4,4,3,3,4,2,8,8,5,0
11,431,4,0,4,0,10,10,4,4,3,3,4,2,8,8,5,0
11,431,4,0,4,0,9,10,4,4,3,3,3,2,8,8,5,0
11,431,4,0,4,0,9,10,4,4,3,3,3,2,8,8,0,0
11,431,4,0,4,0,9,10,4,4,3,3,3,2,8,8,0,0
11,431,4,0,4,0,9,10,4,4,3,3,3,2,8,8,0,0
11,431,4,0,4,0,9,10,4,4,3,2,3,2,8,8,0,0
11,431,4,0,4,0,9,10,4,4,3,2,3,2,8,8,0,0
11,431,4,0,4,0,9,10,4,4,3,2,3,2,8,8,0,0
11,431,4,0,4,0,9,10,4,4,3,2,3,2,7,8,0,0
12,432,4,0,3,0,8,10,3,4,2,2,2,2,7,8,0,0
12,432,4,0,3,0,8,10,3,4,2,2,2,2,7,8,0,0
12,432,4,0,3,0,8,10,3,4,2,2,2,2,7,8,0,0
12,432,4,0,3,0,8,10,3,4,2,2,2,2,7,8,0,0
12,432,4,0,3,0,8,10,3,4,2,2,2,2,7,8,0,0
12,432,4,0,3,0,8,10,3,4,2,2,2,2,7,8,0,0
12,432,4,0,3,0,8,10,3,4,2,2,3,2,10,8,0,0
12,432,4,0,3,0,8,9,3,4,2,2,3,2,10,7,0,0
12,432,4,0,3,0,8,9,3,4,2,2,3,2,10,7,0,0
12,432,4,0,3,0,8,9,3,4,2,2,3,2,10,7,0,0
12,432,4,0,3,0,8,9,3,4,2,1,3,2,10,7,0,0
12,432,4,0,3,0,8,9,3,4,2,1,3,2,10,7,0,0
12,432,4,0,3,0,8,8,3,4,2,1,3,2,10,7,0,0
12,432,4,0,3,0,8,8,3,4,2,1,3,2,10,7,0,0
12,432,4,0,3,0,8,8,3,4,2,1,3,2,10,7,0,0
12,432,4,0,3,0,8,8,3,4,2,1,2,2,8,7,0,0
12,432,4,0,3,0,8,8,3,4,2,1,2,2,8,7,0,0
12,432,4,0,3,0,8,8,3,4,2,1,2,2,8,7,0,0
12,432,4,0,3,0,8,8,3,4,2,1,2,2,8,7,0,0
12,432,4,0,3,0,8,8,3,4,2,1,2,2,8,7,0,0
12,432,4,0,3,0,8,8,3,4,2,1,2,2,8,7,0,0
12,432,4,0,3,0,8,8,3,4,2,1,2,2,8,7,0,0
12,432,4,0,3,0,8,8,3,4,2,1,2,2,8,7,0,0
12,432,4,0,3,0,8,8,3,4,2,1,2,2,7,7,0,0
13,433,4,0,3,0,8,8,3,4,2,1,2,2,4,7,0,0
13,433,4,0,3,0,8,8,3,4,2,1,2,2,4,7,0,0
13,433,4,0,3,0,8,8,3,4,2,1,2,2,4,7,0,0
13,433,4,0,3,0,8,8,3,4,2,1,2,2,4,7,0,0
13,433,4,0,3,0,8,8,3,4,2,1,2,2,4,7,0,0
13,433,4,0,3,0,8,8,3,4,2,1,2,2,4,7,0,0
13,433,4,0,3,0,8,8,3,4,2,1,3,2,4,7,0,0
13,433,4,0,3,0,8,8,3,3,2,1,3,2,5,7,0,0
13,433,4,0,3,0,8,8,3,3,2,1,3,2,5,7,0,0
13,433,4,0,3,0,8,8,3,3,2,1,3,2,5,7,0,0
13,433,4,0,3,0,8,8,3,3,2,1,3,2,5,7,0,0
13,433,4,0,3,0,8,8,3,3,2,1,3,2,5,7,0,0
13,433,4,0,3,0,8,8,3,3,2,1,3,2,5,7,0,0
13,433,4,0,3,0,8,8,3,3,2,1,3,2,5,7,0,0
13,433,4,0,3,0,8,8,3,3,2,1,3,2,5,7,0,0
13,433,4,0,3,0,8,8,3,3,2,1,2,2,4,7,0,0
13,433,4,0,3,0,8,8,3,3,2,1,2,2,4,7,0,0
13,433,4,0,3,0,8,8,3,3,2,1,2,2,4,7,0,0
13,433,4,0,3,0,8,8,3,3,2,1,2,2,4,7,0,0
13,433,4,0,3,0,8,8,3,3,2,1,2,2,4,7,0,0
13,433,4,0,3,0,8,8,3,3,2,1,2,2,4,7,0,0
13,433,4,0,3,0,8,8,3,3,2,0,2,2,4,7,0,0
13,433,4,0,3,0,8,7,3,3,2,0,2,2,4,7,0,0
13,433,4,0,3,0,8,7,3,3,2,0,2,2,4,7,0,0
14,434,4,0,4,0,9,7,4,3,3,0,3,2,7,7,0,0
14,434,4,0,4,0,9,7,4,3,3,0,3,2,7,7,0,0
14,434,4,0,4,0,9,7,4,3,3,0,3,2,7,7,0,0
14,434,4,0,4,0,9,7,4,3,3,0,3,2,7,7,0,0
14,434,4,0,4,0,9,7,4,3,3,0,3,2,7,7,0,0
14,434,4,0,4,0,9,7,4,3,3,0,3,2,7,7,0,0
14,434,4,0,4,0,9,7,4,3,3,0,3,2,8,7,8,0
14,434,4,0,4,0,10,9,4,4,3,1,4,2,8,8,8,2
14,434,4,0,4,0,10,10,4,4,3,1,4,2,8,8,8,2
14,434,4,0,4,0,10,10,4,4,3,2,4,2,8,8,9,2
14,434,4,0,4,0,10,10,4,4,3,2,4,2,8,8,9,2
14,434,4,0,4,0,10,10,4,4,3,2,4,2,8,8,9,2
14,434,4,0,4,0,10,10,4,4,3,2,4,2,8,8,9,2
14,434,4,0,4,0,10,10,4,4,3,1,4,2,8,8,5,2
14,434,4,0,4,0,10,10,4,4,3,1,4,2,8,9,5,2
14,434,4,0,4,0,10,10,4,4,3,1,4,2,8,8,5,1
14,434,4,0,4,0,9,10,4,4,3,1,3,2,8,8,5,1
14,434,4,0,4,0,9,10,4,4,3,1,3,2,8,8,0,1
14,434,4,0,4,0,9,10,4,4,3,1,3,2,8,8,0,0
14,434,4,0,4,0,9,10,4,4,3,1,3,2,8,8,0,0
14,434,4,0,4,0,9,9,4,4,3,1,3,2,8,8,0,0
14,434,4,0,4,0,9,9,4,4,3,1,3,2,8,8,0,0
14,434,4,0,4,0,9,9,4,4,3,1,3,2,8,8,0,0
14,434,4,0,4,0,9,9,4,4,3,1,3,2,7,8,0,0
15,435,4,0,4,0,9,9,4,4,3,1,3,2,4,8,0,0
15,435,4,0,4,0,9,9,4,4,3,1,3,2,4,8,0,0
15,435,4,0,4,0,9,9,4,4,3,1,3,2,4,8,0,0
15,435,4,0,4,0,9,9,4,4,3,1,3,2,4,8,0,0
15,435,4,0,4,0,9,9,4,4,3,1,3,2,4,8,0,0
15,435,4,0,4,0,9,9,4,4,3,1,3,2,4,8,0,0
15,435,4,0,4,0,9,9,4,4,3,1,3,2,4,8,8,0
15,435,4,0,4,0,10,7,4,4,3,3,4,3,5,8,8,2
15,435,4,0,4,0,10,8,4,4,3,3,4,3,5,8,8,3
15,435,4,0,4,0,10,10,4,4,3,2,4,3,5,8,9,4
15,435,4,0,4,0,10,10,4,4,3,3,4,3,5,8,9,4
15,435,4,0,4,0,10,10,4,4,3,3,4,3,5,8,9,4
15,435,4,0,4,0,10,10,4,4,3,3,4,3,5,8,9,4
15,435,4,0,4,0,10,10,4,4,3,3,4,3,5,8,5,4
15,435,4,0,4,0,10,10,4,4,3,3,4,3,5,8,5,4
15,435,4,0,4,0,10,10,4,4,3,3,4,3,4,8,5,2
15,435,4,0,4,0,9,10,4,4,3,3,3,3,4,8,5,2
15,435,4,0,4,0,9,9,4,4,3,3,3,3,4,8,0,2
15,435,4,0,4,0,9,9,4,4,3,3,3,2,4,8,0,2
15,435,4,0,4,0,9,9,4,4,3,3,3,1,4,8,0,2
15,435,4,0,4,0,9,9,4,4,3,3,3,1,4,8,0,2
15,435,4,0,4,0,9,8,4,4,3,2,3,1,4,8,0,2
15,435,4,0,4,0,9,8,4,4,3,2,3,1,4,8,0,2
15,435,4,0,4,0,9,8,4,4,3,2,3,1,4,8,0,2
16,436,4,0,4,0,9,8,4,4,3,2,3,1,7,8,0,2
16,436,4,0,4,0,9,8,4,4,3,2,3,1,7,8,0,2
16,436,4,0,4,0,9,8,4,4,3,2,3,1,7,8,0,2
16,436,4,0,4,0,9,8,4,4,3,2,3,1,7,8,0,2
16,436,4,0,4,0,9,8,4,4,3,2,3,1,7,8,0,2
16,436,4,0,4,0,9,8,4,4,3,2,3,1,7,8,0,2
16,436,4,0,4,0,9,8,4,4,3,2,3,1,10,10,8,2
16,436,4,0,4,0,10,9,4,4,3,3,4,2,10,10,8,2
16,436,4,0,4,0,10,10,4,4,3,3,4,2,10,10,8,2
16,436,4,0,4,0,10,10,4,4,3,3,4,2,10,10,9,3
16,436,4,0,4,0,10,10,4,4,3,3,4,2,10,10,9,2
16,436,4,0,4,0,10,10,4,4,3,3,4,2,10,10,9,2
16,436,4,0,4,0,10,10,4,4,3,3,4,2,10,10,9,2
16,436,4,0,4,0,10,10,4,4,3,3,4,2,10,9,5,2
16,436,4,0,4,0,10,10,4,4,3,2,4,2,10,10,5,2
16,436,4,0,4,0,10,10,4,4,3,2,4,2,8,9,5,1
16,436,4,0,4,0,9,10,4,4,3,2,3,2,8,9,5,1
16,436,4,0,4,0,9,10,4,4,3,2,3,2,8,9,0,1
16,436,4,0,4,0,9,9,4,4,3,2,3,2,8,9,0,1
16,436,4,0,4,0,9,9,4,4,3,2,3,2,8,9,0,1
16,436,4,0,4,0,9,9,4,4,3,2,3,2,8,9,0,1
16,436,4,0,4,0,9,9,4,4,3,2,3,2,8,9,0,1
16,436,4,0,4,0,9,9,4,4,3,1,3,2,8,9,0,1
16,436,4,0,4,0,9,9,4,4,3,1,3,2,7,9,0,1
17,437,4,0,4,0,9,9,4,4,3,1,3,2,7,9,0,1
17,437,4,0,4,0,9,9,4,4,3,1,3,2,7,9,0,1
17,437,4,0,4,0,9,9,4,4,3,1,3,2,7,9,0,1
17,437,4,0,4,0,9,9,4,4,3,1,3,2,7,9,0,1
17,437,4,0,4,0,9,9,4,4,3,1,3,2,7,9,0,1
17,437,4,0,4,0,9,9,4,4,3,1,3,2,7,9,0,1
17,437,4,0,4,0,9,9,4,4,3,1,3,2,8,9,8,1
17,437,4,0,4,0,10,9,4,4,3,2,4,3,8,9,8,0
17,437,4,0,4,0,10,10,4,4,3,2,4,3,8,9,8,0
17,437,4,0,4,0,10,10,4,4,3,2,4,3,8,9,9,0
17,437,4,0,4,0,10,10,4,4,3,2,4,3,8,9,9,0
17,437,4,0,4,0,10,9,4,4,3,2,4,3,8,8,9,0
17,437,4,0,4,0,10,9,4,4,3,2,4,3,8,8,9,0
17,437,4,0,4,0,10,9,4,4,3,2,4,3,8,8,5,0
17,437,4,0,4,0,10,9,4,4,3,2,4,3,8,8,5,0
17,437,4,0,4,0,10,9,4,4,3,2,4,3,8,8,5,0
17,437,4,0,4,0,9,9,4,4,3,2,3,3,8,8,5,0
17,437,4,0,4,0,9,9,4,4,3,2,3,3,8,8,0,0
17,437,4,0,4,0,9,9,4,4,3,2,3,3,8,8,0,0
17,437,4,0,4,0,9,9,4,4,3,2,3,3,8,8,0,0
17,437,4,0,4,0,9,8,4,4,3,2,3,3,8,8,0,0
17,437,4,0,4,0,9,8,4,4,3,2,3,3,8,8,0,0
17,437,4,0,4,0,9,8,4,4,3,2,3,3,8,8,0,0
17,437,4,0,4,0,9,8,4,4,3,2,3,3,7,8,0,0
18,438,4,0,4,0,9,8,4,4,3,2,3,3,7,8,0,0
18,438,4,0,4,0,9,8,4,4,3,2,3,3,7,8,0,0
18,438,4,0,4,0,9,8,4,4,3,2,3,3,7,8,0,0
18,438,4,0,4,0,9,8,4,4,3,2,3,3,7,8,0,0
18,438,4,0,4,0,9,8,4,4,3,2,3,3,7,8,0,0
18,438,4,0,4,0,9,8,4,4,3,2,3,3,7,8,0,0
18,438,4,0,4,0,9,8,4,4,3,2,3,3,8,8,8,0
18,438,4,0,4,0,10,9,4,4,3,2,4,4,8,8,8,1
18,438,4,0,4,0,10,10,4,4,3,3,4,4,8,8,8,1
18,438,4,0,4,0,10,10,4,4,3,2,4,4,8,8,9,2
18,438,4,0,4,0,10,10,4,4,3,2,4,4,8,8,9,2
18,438,4,0,4,0,10,10,4,4,3,2,4,4,8,8,9,2
18,438,4,0,4,0,10,10,4,4,3,3,4,4,8,8,9,2
18,438,4,0,4,0,10,10,4,4,3,3,4,3,8,8,5,2
18,438,4,0,4,0,10,10,4,4,3,1,4,3,8,8,5,2
18,438,4,0,4,0,10,10,4,4,3,1,4,3,8,8,5,2
18,438,4,0,4,0,9,10,4,4,3,1,3,2,8,8,5,1
18,438,4,0,4,0,9,10,4,4,3,1,3,2,8,8,0,1
18,438,4,0,4,0,9,10,4,4,3,1,3,2,8,7,0,1
18,438,4,0,4,0,9,10,4,4,3,1,3,2,8,7,0,1
18,438,4,0,4,0,9,10,4,4,3,1,3,2,8,7,0,1
18,438,4,0,4,0,9,10,4,4,3,1,3,2,8,7,0,1
18,438,4,0,4,0,9,10,4,4,3,1,3,2,8,7,0,1
18,438,4,0,4,0,9,10,4,4,3,1,3,2,7,7,0,1
19,439,4,0,3,0,8,10,3,4,2,1,2,2,7,7,0,1
19,439,4,0,3,0,8,10,3,4,2,1,2,2,7,7,0,1
19,439,4,0,3,0,8,10,3,4,2,1,2,2,7,7,0,1
19,439,4,0,3,0,8,10,3,4,2,1,2,2,7,7,0,1
19,439,4,0,3,0,8,10,3,4,2,1,2,2,7,7,0,1
19,439,4,0,3,0,8,10,3,4,2,1,2,2,7,7,0,1
19,439,4,0,3,0,8,10,3,4,2,1,3,2,10,7,0,1
19,439,4,0,3,0,8,9,3,4,2,1,3,2,10,7,0,0
19,439,4,0,3,0,8,9,3,4,2,1,3,2,10,7,0,0
19,439,4,0,3,0,8,9,3,4,2,1,3,2,10,7,0,0
19,439,4,0,3,0,8,9,3,4,2,1,3,2,10,7,0,0
19,439,4,0,3,0,8,9,3,4,2,1,3,2,10,7,0,0
19,439,4,0,3,0,8,9,3,4,2,1,3,2,10,7,0,0
19,439,4,0,3,0,8,9,3,4,2,1,3,2,10,7,0,0
19,439,4,0,3,0,8,9,3,4,2,1,3,1,10,7,0,0
19,439,4,0,3,0,8,9,3,4,2,1,2,1,8,7,0,0
19,439,4,0,3,0,8,9,3,4,2,1,2,1,8,7,0,0
19,439,4,0,3,0,8,9,3,4,2,1,2,1,8,7,0,0
19,439,4,0,3,0,8,9,3,4,2,1,2,1,8,7,0,0
19,439,4,0,3,0,8,9,3,4,2,1,2,1,8,7,0,0
19,439,4,0,3,0,8,9,3,4,2,1,2,1,8,7,0,0
19,439,4,0,3,0,8,9,3,4,2,1,2,1,8,7,0,0
19,439,4,0,3,0,8,9,3,4,2,1,2,1,8,7,0,0
19,439,4,0,3,0,8,9,3,4,2,1,2,1,7,7,0,0
20,440,4,0,3,0,8,9,3,4,2,1,2,1,4,7,0,0
20,440,4,0,3,0,8,9,3,4,2,1,2,1,4,7,0,0
20,440,4,0,3,0,8,9,3,4,2,1,2,1,4,7,0,0
20,440,4,0,3,0,8,9,3,4,2,1,2,1,4,7,0,0
20,440,4,0,3,0,8,9,3,4,2,1,2,1,4,7,0,0
20,440,4,0,3,0,8,9,3,4,2,1,2,1,4,7,0,0
20,440,4,0,3,0,8,9,3,4,2,1,3,1,4,7,0,0
20,440,4,0,3,0,8,9,3,4,2,1,3,1,5,7,0,0
20,440,4,0,3,0,8,9,3,4,2,1,3,1,5,7,0,0
20,440,4,0,3,0,8,9,3,4,2,1,3,1,5,7,0,0
20,440,4,0,3,0,8,9,3,4,2,1,3,1,5,7,0,0
20,440,4,0,3,0,8,9,3,4,2,1,3,1,5,7,0,0
20,440,4,0,3,0,8,9,3,4,2,1,3,1,5,7,0,0
20,440,4,0,3,0,8,9,3,4,2,1,3,1,5,7,0,0
20,440,4,0,3,0,8,9,3,4,2,1,3,1,5,7,0,0
20,440,4,0,3,0,8,9,3,4,2,1,2,1,4,7,0,0
20,440,4,0,3,0,8,9,3,4,2,1,2,1,4,7,0,0
20,440,4,0,3,0,8,9,3,4,2,1,2,1,4,7,0,0
20,440,4,0,3,0,8,9,3,4,2,1,2,1,4,7,0,0
20,440,4,0,3,0,8,9,3,4,2,1,2,1,4,7,0,0
20,440,4,0,3,0,8,9,3,4,2,1,2,1,4,7,0,0
20,440,4,0,3,0,8,9,3,4,2,1,2,1,4,7,0,0
20,440,4,0,3,0,8,9,3,4,2,1,2,1,4,7,0,0
20,440,4,0,3,0,8,9,3,4,2,1,2,1,4,7,0,0
21,441,4,0,4,0,9,9,4,4,3,1,3,1,7,7,0,0
21,441,4,0,4,0,9,9,4,4,3,1,3,1,7,7,0,0
21,441,4,0,4,0,9,9,4,4,3,1,3,1,7,7,0,0
21,441,4,0,4,0,9,9,4,4,3,1,3,1,7,7,0,0
21,441,4,0,4,0,9,9,4,4,3,1,3,1,7,7,0,0
21,441,4,0,4,0,9,9,4,4,3,1,3,1,7,7,0,0
21,441,4,0,4,0,9,9,4,4,3,1,3,1,8,7,8,0
21,441,4,0,4,0,10,9,4,4,3,3,4,2,8,8,8,1
21,441,4,0,4,0,10,10,4,4,3,3,4,2,8,8,8,1
21,441,4,0,4,0,10,10,4,4,3,3,4,2,8,8,9,1
21,441,4,0,4,0,10,10,4,4,3,3,4,1,8,8,9,1
21,441,4,0,4,0,10,10,4,4,3,3,4,1,8,8,9,1
21,441,4,0,4,0,10,10,4,4,3,3,4,1,8,8,9,1
21,441,4,0,4,0,10,10,4,4,3,3,4,1,8,8,5,1
21,441,4,0,4,0,10,10,4,4,3,3,4,1,8,8,5,1
21,441,4,0,4,0,10,10,4,4,3,3,4,1,8,8,5,1
21,441,4,0,4,0,9,10,4,4,3,3,3,1,8,8,5,0
21,441,4,0,4,0,9,10,4,4,3,3,3,1,8,8,0,0
21,441,4,0,4,0,9,10,4,4,3,3,3,1,8,8,0,0
21,441,4,0,4,0,9,10,4,4,3,3,3,1,8,8,0,0
21,441,4,0,4,0,9,10,4,4,3,3,3,1,8,8,0,0
21,441,4,0,4,0,9,9,4,4,3,2,3,1,8,8,0,0
21,441,4,0,4,0,9,9,4,4,3,2,3,1,8,8,0,0
21,441,4,0,4,0,9,9,4,4,3,2,3,1,7,8,0,0
22,442,4,0,4,0,9,9,4,4,3,2,3,1,4,8,0,0
22,442,4,0,4,0,9,9,4,4,3,2,3,1,4,8,0,0
22,442,4,0,4,0,9,9,4,4,3,2,3,1,4,8,0,0
22,442,4,0,4,0,9,9,4,4,3,2,3,1,4,8,0,0
22,442,4,0,4,0,9,9,4,4,3,2,3,1,4,8,0,0
22,442,4,0,4,0,9,9,4,4,3,2,3,1,4,8,0,0
22,442,4,0,4,0,9,9,4,4,3,2,3,1,4,8,8,0
22,442,4,0,4,0,10,9,4,4,3,3,4,2,5,8,8,5
22,442,4,0,4,0,10,10,4,4,3,3,4,2,5,8,8,6
22,442,4,0,4,0,10,10,4,4,3,3,4,2,5,8,9,7
22,442,4,0,4,0,10,10,4,4,3,3,4,2,5,8,9,8
22,442,4,0,4,0,10,10,4,4,3,3,4,2,5,8,9,8
22,442,4,0,4,0,10,10,4,4,3,3,4,2,5,8,9,8
22,442,4,0,4,0,10,10,4,4,3,3,4,2,5,8,5,8
22,442,4,0,4,0,10,10,4,4,3,3,4,2,5,8,5,8
22,442,4,0,4,0,10,10,4,4,3,3,4,2,4,8,5,6
22,442,4,0,4,0,9,10,4,4,3,3,3,2,4,8,5,6
22,442,4,0,4,0,9,10,4,4,3,3,3,2,4,8,0,6
22,442,4,0,4,0,9,10,4,4,3,3,3,2,4,8,0,6
22,442,4,0,4,0,9,10,4,4,3,3,3,2,4,8,0,5
22,442,4,0,4,0,9,10,4,4,3,3,3,2,4,8,0,5
22,442,4,0,4,0,9,10,4,4,3,3,3,2,4,7,0,5
22,442,4,0,4,0,9,10,4,4,3,3,3,2,4,7,0,5
22,442,4,0,4,0,9,10,4,4,3,3,3,2,4,7,0,5
23,443,4,0,4,0,9,10,4,4,3,3,3,2,7,7,0,5
23,443,4,0,4,0,9,10,4,4,3,3,3,2,7,7,0,5
23,443,4,0,4,0,9,10,4,4,3,3,3,2,7,7,0,5
23,443,4,0,4,0,9,10,4,4,3,3,3,2,7,7,0,5
23,443,4,0,4,0,9,10,4,4,3,3,3,2,7,7,0,5
23,443,4,0,4,0,9,10,4,4,3,3,3,2,7,7,0,5
23,443,4,0,4,0,9,10,4,4,3,3,3,2,10,10,8,5
23,443,4,0,4,0,10,10,4,4,3,3,4,3,10,10,8,4
23,443,4,0,4,0,10,10,4,4,3,3,4,3,10,10,8,4
23,443,4,0,4,0,10,10,4,4,3,3,4,3,10,10,9,4
23,443,4,0,4,0,10,10,4,4,3,3,4,3,10,9,9,2
23,443,4,0,4,0,10,10,4,4,3,3,4,3,10,8,9,1
23,443,4,0,4,0,10,10,4,4,3,3,4,3,10,9,9,1
23,443,4,0,4,0,10,10,4,4,3,3,4,3,10,9,5,1
23,443,4,0,4,0,10,10,4,4,3,3,4,3,10,9,5,1
23,443,4,0,4,0,10,10,4,4,3,3,4,2,8,9,5,1
23,443,4,0,4,0,9,10,4,4,3,3,3,2,8,9,5,1
23,443,4,0,4,0,9,10,4,4,3,3,3,2,8,9,0,1
23,443,4,0,4,0,9,10,4,4,3,3,3,2,8,9,0,1
23,443,4,0,4,0,9,10,4,4,3,3,3,2,8,9,0,1
23,443,4,0,4,0,9,10,4,4,3,3,3,2,8,9,0,1
23,443,4,0,4,0,9,10,4,4,3,3,3,2,8,8,0,1
23,443,4,0,4,0,9,10,4,3,3,3,3,2,8,8,0,0
23,443,4,0,4,0,9,10,4,3,3,3,3,2,7,8,0,0
24,444,4,0,4,0,9,10,4,3,3,3,3,2,7,8,0,0
24,444,4,0,4,0,9,10,4,3,3,3,3,2,7,8,0,0
24,444,4,0,4,0,9,10,4,3,3,3,3,2,7,8,0,0
24,444,4,0,4,0,9,10,4,3,3,3,3,2,7,8,0,0
24,444,4,0,4,0,9,10,4,3,3,3,3,2,7,8,0,0
24,444,4,0,4,0,9,10,4,3,3,3,3,2,7,8,0,0
24,444,4,0,4,0,9,10,4,3,3,3,3,2,8,8,8,0
24,444,4,0,4,0,10,8,4,4,3,3,4,3,8,8,8,0
24,444,4,0,4,0,10,10,4,4,3,3,4,3,8,8,8,0
24,444,4,0,4,0,10,10,4,4,3,2,4,3,8,8,9,0
24,444,4,0,4,0,10,10,4,4,3,2,4,3,8,8,9,0
24,444,4,0,4,0,10,10,4,4,3,2,4,3,8,8,9,0
24,444,4,0,4,0,10,10,4,4,3,2,4,3,8,8,9,0
24,444,4,0,4,0,10,10,4,4,3,2,4,3,8,8,5,0
24,444,4,0,4,0,10,10,4,4,3,2,4,3,8,8,5,0
24,444,4,0,4,0,10,9,4,4,3,2,4,3,8,7,5,0
24,444,4,0,4,0,9,9,4,4,3,2,3,3,8,7,5,0
24,444,4,0,4,0,9,9,4,4,3,2,3,3,8,7,0,0
24,444,4,0,4,0,9,9,4,4,3,2,3,3,8,7,0,0
24,444,4,0,4,0,9,9,4,4,3,2,3,3,8,7,0,0
24,444,4,0,4,0,9,9,4,4,3,2,3,3,8,7,0,0
24,444,4,0,4,0,9,9,4,4,3,2,3,3,8,7,0,0
24,444,4,0,4,0,9,9,4,4,3,2,3,3,8,7,0,0
24,444,4,0,4,0,9,9,4,4,3,2,3,3,7,7,0,0
25,445,4,0,4,0,9,9,4,4,3,2,3,3,7,7,0,0
25,445,4,0,4,0,9,9,4,4,3,2,3,3,7,7,0,0
25,445,4,0,4,0,9,9,4,4,3,2,3,3,7,7,0,0
25,445,4,0,4,0,9,9,4,4,3,2,3,3,7,7,0,0
25,445,4,0,4,0,9,9,4,4,3,2,3,3,7,7,0,0
25,445,4,0,4,0,9,9,4,4,3,2,3,3,7,7,0,0
25,445,4,0,4,0,9,9,4,4,3,2,3,3,8,7,8,0
25,445,4,0,4,0,10,9,4,4,3,3,4,4,8,8,8,1
25,445,4,0,4,0,10,10,4,4,3,3,4,4,8,8,8,1
25,445,4,0,4,0,10,10,4,4,3,2,4,4,8,8,9,2
25,445,4,0,4,0,10,10,4,4,3,3,4,4,8,8,9,3
25,445,4,0,4,0,10,10,4,4,3,3,4,4,8,8,9,4
25,445,4,0,4,0,10,10,4,4,3,3,4,4,8,8,9,4
25,445,4,0,4,0,10,10,4,4,3,3,4,4,8,8,5,4
25,445,4,0,4,0,10,10,4,4,3,3,4,4,8,8,5,4
25,445,4,0,4,0,10,10,4,4,3,3,4,4,8,8,5,2
25,445,4,0,4,0,9,10,4,4,3,3,3,4,8,8,5,2
25,445,4,0,4,0,9,10,4,4,3,3,3,4,8,8,0,2
25,445,4,0,4,0,9,10,4,4,3,3,3,4,8,8,0,2
25,445,4,0,4,0,9,10,4,4,3,3,3,4,8,8,0,2
25,445,4,0,4,0,9,10,4,4,3,3,3,4,8,8,0,2
25,445,4,0,4,0,9,10,4,4,3,3,3,4,8,8,0,2
25,445,4,0,4,0,9,10,4,4,3,3,3,4,8,8,0,1
25,445,4,0,4,0,9,10,4,4,3,3,3,4,7,8,0,1
26,446,4,0,3,0,8,10,3,4,2,3,2,4,7,8,0,1
26,446,4,0,3,0,8,10,3,4,2,3,2,4,7,8,0,1
26,446,4,0,3,0,8,10,3,4,2,3,2,4,7,8,0,1
26,446,4,0,3,0,8,10,3,4,2,3,2,4,7,8,0,1
26,446,4,0,3,0,8,10,3,4,2,3,2,4,7,8,0,1
26,446,4,0,3,0,8,10,3,4,2,3,2,4,7,8,0,1
26,446,4,0,3,0,8,10,3,4,2,3,3,4,10,8,0,1
26,446,4,0,3,0,8,9,3,4,2,3,3,4,10,6,0,0
26,446,4,0,3,0,8,9,3,4,2,3,3,4,10,6,0,0
26,446,4,0,3,0,8,9,3,4,2,3,3,4,10,6,0,0
26,446,4,0,3,0,8,9,3,4,2,3,3,4,10,6,0,0
26,446,4,0,3,0,8,9,3,4,2,3,3,4,10,6,0,0
26,446,4,0,3,0,8,9,3,4,2,3,3,4,10,6,0,0
26,446,4,0,3,0,8,9,3,4,2,3,3,4,10,6,0,0
26,446,4,0,3,0,8,9,3,4,2,3,3,4,10,6,0,0
26,446,4,0,3,0,8,8,3,4,2,3,2,4,8,5,0,0
26,446,4,0,3,0,8,8,3,4,2,3,2,4,8,5,0,0
26,446,4,0,3,0,8,8,3,4,2,3,2,4,8,5,0,0
26,446,4,0,3,0,8,8,3,4,2,3,2,4,8,5,0,0
26,446,4,0,3,0,8,8,3,4,2,3,2,4,8,5,0,0
26,446,4,0,3,0,8,8,3,4,2,3,2,4,8,5,0,0
26,446,4,0,3,0,8,8,3,4,2,3,2,4,8,5,0,0
26,446,4,0,3,0,8,8,3,4,2,3,2,4,8,5,0,0
26,446,4,0,3,0,8,8,3,4,2,3,2,4,7,5,0,0
27,447,4,0,3,0,8,8,3,4,2,3,2,4,4,5,0,0
27,447,4,0,3,0,8,8,3,4,2,3,2,4,4,5,0,0
27,447,4,0,3,0,8,8,3,4,2,3,2,4,4,5,0,0
27,447,4,0,3,0,8,8,3,4,2,3,2,4,4,5,0,0
27,447,4,0,3,0,8,8,3,4,2,3,2,4,4,5,0,0
27,447,4,0,3,0,8,8,3,4,2,3,2,4,4,5,0,0
27,447,4,0,3,0,8,8,3,4,2,3,3,4,4,5,0,0
27,447,4,0,3,0,8,7,3,4,2,2,3,4,5,5,0,0
27,447,4,0,3,0,8,7,3,3,2,2,3,4,5,5,0,0
27,447,4,0,3,0,8,7,3,3,2,2,3,4,5,5,0,0
27,447,4,0,3,0,8,7,3,3,2,1,3,4,5,5,0,0
27,447,4,0,3,0,8,7,3,3,2,1,3,4,5,5,0,0
27,447,4,0,3,0,8,7,3,3,2,1,3,4,5,5,0,0
27,447,4,0,3,0,8,7,3,3,2,1,3,4,5,5,0,0
27,447,4,0,3,0,8,7,3,3,2,1,3,4,5,5,0,0
27,447,4,0,3,0,8,7,3,3,2,1,2,4,4,5,0,0
27,447,4,0,3,0,8,7,3,3,2,1,2,3,4,5,0,0
27,447,4,0,3,0,8,7,3,3,2,1,2,3,4,5,0,0
27,447,4,0,3,0,8,7,3,3,2,1,2,3,4,5,0,0
27,447,4,0,3,0,8,7,3,3,2,1,2,3,4,5,0,0
27,447,4,0,3,0,8,7,3,3,2,1,2,3,4,5,0,0
27,447,4,0,3,0,8,7,3,3,2,1,2,3,4,5,0,0
27,447,4,0,3,0,8,7,3,3,2,1,2,3,4,5,0,0
27,447,4,0,3,0,8,7,3,3,2,1,2,3,4,5,0,0
0,448,4,0,4,0,9,7,4,3,3,1,3,3,7,5,0,0
0,448,4,0,4,0,9,7,4,3,3,1,3,3,7,5,0,0
0,448,4,0,4,0,9,7,4,3,3,1,3,3,7,5,0,0
0,448,4,0,4,0,9,7,4,3,3,1,3,3,7,5,0,0
0,448,4,0,4,0,9,7,4,3,3,1,3,3,7,5,0,0
0,448,4,0,4,0,9,7,4,3,3,1,3,3,7,5,0,0
0,448,4,0,4,0,9,7,4,3,3,1,3,3,8,5,8,0
0,448,4,0,4,0,10,9,4,4,3,2,4,3,8,7,8,2
0,448,4,0,4,0,10,10,4,4,3,3,4,3,8,7,8,2
0,448,4,0,4,0,10,10,4,4,3,3,4,3,8,8,9,2
0,448,4,0,4,0,10,10,4,2,3,3,4,3,8,8,9,2
0,448,4,0,4,0,10,10,4,3,3,3,4,3,8,8,9,2
0,448,4,0,4,0,10,10,4,3,3,2,4,3,8,8,9,2
0,448,4,0,4,0,10,10,4,3,3,2,4,3,8,9,5,2
0,448,4,0,4,0,10,9,4,2,3,2,4,3,8,8,5,1
0,448,4,0,4,0,10,9,4,2,3,2,4,3,8,8,5,1
0,448,4,0,4,0,9,9,4,2,3,2,3,3,8,8,5,1
0,448,4,0,4,0,9,9,4,2,3,2,3,2,8,8,0,1
0,448,4,0,4,0,9,9,4,2,3,2,3,2,8,8,0,1
0,448,4,0,4,0,9,9,4,2,3,2,3,2,8,8,0,1
0,448,4,0,4,0,9,9,4,2,3,2,3,2,8,8,0,1
0,448,4,0,4,0,9,9,4,2,3,2,3,2,8,8,0,1
0,448,4,0,4,0,9,8,4,2,3,2,3,1,8,7,0,0
0,448,4,0,4,0,9,8,4,2,3,2,3,1,7,7,0,0
1,449,4,0,4,0,9,8,4,2,3,2,3,1,4,7,0,0
1,449,4,0,4,0,9,8,4,2,3,2,3,1,4,7,0,0
1,449,4,0,4,0,9,8,4,2,3,2,3,1,4,7,0,0
1,449,4,0,4,0,9,8,4,2,3,2,3,1,4,7,0,0
1,449,4,0,4,0,9,8,4,2,3,2,3,1,4,7,0,0
1,449,4,0,4,0,9,8,4,2,3,2,3,1,4,7,0,0
1,449,4,0,4,0,9,8,4,2,3,2,3,1,4,7,8,0
1,449,4,0,4,0,10,9,4,3,3,2,4,2,5,7,8,1
1,449,4,0,4,0,10,10,4,4,3,3,4,2,5,7,8,1
1,449,4,0,4,0,10,10,4,4,3,3,4,2,5,7,9,2
1,449,4,0,4,0,10,10,4,4,3,3,4,2,5,7,9,2
1,449,4,0,4,0,10,10,4,4,3,3,4,2,5,7,9,2
1,449,4,0,4,0,10,10,4,4,3,3,4,2,5,7,9,2
1,449,4,0,4,0,10,10,4,4,3,3,4,1,5,7,5,2
1,449,4,0,4,0,10,10,4,3,3,3,4,1,5,7,5,2
1,449,4,0,4,0,10,10,4,3,3,3,4,1,4,7,5,2
1,449,4,0,4,0,9,10,4,3,3,3,3,1,4,7,5,2
1,449,4,0,4,0,9,10,4,3,3,3,3,1,4,7,0,2
1,449,4,0,4,0,9,10,4,3,3,3,3,1,4,7,0,2
1,449,4,0,4,0,9,10,4,3,3,3,3,1,4,7,0,1
1,449,4,0,4,0,9,10,4,3,3,3,3,1,4,7,0,1
1,449,4,0,4,0,9,9,4,3,3,3,3,1,4,7,0,1
1,449,4,0,4,0,9,9,4,3,3,3,3,1,4,7,0,1
1,449,4,0,4,0,9,9,4,3,3,3,3,1,4,7,0,1
2,450,4,0,4,0,9,9,4,3,3,3,3,1,7,7,0,1
2,450,4,0,4,0,9,9,4,3,3,3,3,1,7,7,0,1
2,450,4,0,4,0,9,9,4,3,3,3,3,1,7,7,0,1
2,450,4,0,4,0,9,9,4,3,3,3,3,1,7,7,0,1
2,450,4,0,4,0,9,9,4,3,3,3,3,1,7,7,0,1
2,450,4,0,4,0,9,9,4,3,3,3,3,1,7,7,0,1
2,450,4,0,4,0,9,9,4,3,3,3,3,1,10,8,8,1
2,450,4,0,4,0,10,10,4,4,3,2,4,2,10,10,8,2
2,450,4,0,4,0,10,10,4,4,3,3,4,2,10,10,8,2
2,450,4,0,4,0,10,10,4,3,3,3,4,2,10,10,9,2
2,450,4,0,4,0,10,10,4,4,3,3,4,2,10,11,9,2
2,450,4,0,4,0,10,10,4,4,3,3,4,2,10,10,9,1
2,450,4,0,4,0,10,10,4,4,3,3,4,2,10,10,9,1
2,450,4,0,4,0,10,9,4,4,3,3,4,2,10,10,5,1
2,450,4,0,4,0,10,10,4,4,3,3,4,2,10,10,5,0
2,450,4,0,4,0,10,10,4,4,3,3,4,2,8,10,5,0
2,450,4,0,4,0,9,10,4,4,3,3,3,2,8,10,5,0
2,450,4,0,4,0,9,9,4,4,3,3,3,2,8,10,0,0
2,450,4,0,4,0,9,9,4,4,3,3,3,2,8,10,0,0
2,450,4,0,4,0,9,9,4,4,3,3,3,2,8,10,0,0
2,450,4,0,4,0,9,9,4,4,3,3,3,2,8,10,0,0
2,450,4,0,4,0,9,9,4,4,3,3,3,2,8,10,0,0
2,450,4,0,4,0,9,9,4,4,3,3,3,2,8,10,0,0
2,450,4,0,4,0,9,9,4,4,3,3,3,2,7,10,0,0
3,451,4,0,4,0,9,9,4,4,3,3,3,2,7,10,0,0
3,451,4,0,4,0,9,9,4,4,3,3,3,2,7,10,0,0
3,451,4,0,4,0,9,9,4,4,3,3,3,2,7,10,0,0
3,451,4,0,4,0,9,9,4,4,3,3,3,2,7,10,0,0
3,451,4,0,4,0,9,9,4,4,3,3,3,2,7,10,0,0
3,451,4,0,4,0,9,9,4,4,3,3,3,2,7,10,0,0
3,451,4,0,4,0,9,9,4,4,3,3,3,2,8,10,8,0
3,451,4,0,4,0,10,8,4,4,3,3,4,3,8,8,8,0
3,451,4,0,4,0,10,9,4,4,3,3,4,3,8,8,8,0
3,451,4,0,4,0,10,10,4,3,3,2,4,3,8,8,9,0
3,451,4,0,4,0,10,10,4,3,3,2,4,3,8,8,9,0
3,451,4,0,4,0,10,10,4,3,3,2,4,3,8,8,9,0
3,451,4,0,4,0,10,9,4,3,3,2,4,3,8,8,9,0
3,451,4,0,4,0,10,9,4,3,3,2,4,3,8,8,5,0
3,451,4,0,4,0,10,9,4,3,3,2,4,3,8,8,5,0
3,451,4,0,4,0,10,9,4,3,3,2,4,3,8,8,5,0
3,451,4,0,4,0,9,9,4,2,3,2,3,3,8,8,5,0
3,451,4,0,4,0,9,9,4,2,3,2,3,3,8,8,0,0
3,451,4,0,4,0,9,9,4,2,3,2,3,3,8,8,0,0
3,451,4,0,4,0,9,9,4,2,3,2,3,3,8,8,0,0
3,451,4,0,4,0,9,9,4,2,3,2,3,3,8,8,0,0
3,451,4,0,4,0,9,9,4,2,3,2,3,3,8,8,0,0
3,451,4,0,4,0,9,8,4,2,3,2,3,3,8,8,0,0
3,451,4,0,4,0,9,8,4,2,3,2,3,3,7,8,0,0
4,452,4,0,4,0,9,8,4,2,3,2,3,3,7,8,0,0
4,452,4,0,4,0,9,8,4,2,3,2,3,3,7,8,0,0
4,452,4,0,4,0,9,8,4,2,3,2,3,3,7,8,0,0
4,452,4,0,4,0,9,8,4,2,3,2,3,3,7,8,0,0
4,452,4,0,4,0,9,8,4,2,3,2,3,3,7,8,0,0
4,452,4,0,4,0,9,8,4,2,3,2,3,3,7,8,0,0
4,452,4,0,4,0,9,8,4,2,3,2,3,3,8,8,8,0
4,452,4,0,4,0,10,9,4,2,3,3,4,3,8,8,8,1
4,452,4,0,4,0,10,10,4,4,3,3,4,3,8,8,8,1
4,452,4,0,4,0,10,10,4,4,3,3,4,3,8,8,9,1
4,452,4,0,4,0,10,10,4,4,3,3,4,3,8,8,9,1
4,452,4,0,4,0,10,10,4,4,3,3,4,3,8,8,9,1
4,452,4,0,4,0,10,10,4,4,3,3,4,3,8,8,9,1
4,452,4,0,4,0,10,10,4,4,3,3,4,3,8,8,5,1
4,452,4,0,4,0,10,10,4,4,3,2,4,3,8,8,5,1
4,452,4,0,4,0,10,10,4,4,3,2,4,3,8,7,5,1
4,452,4,0,4,0,9,10,4,4,3,2,3,3,8,7,5,1
4,452,4,0,4,0,9,10,4,4,3,2,3,3,8,7,0,1
4,452,4,0,4,0,9,10,4,4,3,2,3,3,8,7,0,1
4,452,4,0,4,0,9,10,4,4,3,2,3,3,8,7,0,1
4,452,4,0,4,0,9,10,4,4,3,2,3,3,8,7,0,1
4,452,4,0,4,0,9,10,4,3,3,1,3,3,8,7,0,1
4,452,4,0,4,0,9,10,4,3,3,1,3,2,8,7,0,1
4,452,4,0,4,0,9,10,4,3,3,1,3,2,7,7,0,1
5,453,4,0,3,0,8,10,3,3,2,1,2,2,7,7,0,1
5,453,4,0,3,0,8,10,3,3,2,1,2,2,7,7,0,1
5,453,4,0,3,0,8,10,3,3,2,1,2,2,7,7,0,1
5,453,4,0,3,0,8,10,3,3,2,1,2,2,7,7,0,1
5,453,4,0,3,0,8,10,3,3,2,1,2,2,7,7,0,1
5,453,4,0,3,0,8,10,3,3,2,1,2,2,7,7,0,1
5,453,4,0,3,0,8,10,3,3,2,1,3,2,10,7,0,1
5,453,4,0,3,0,8,8,3,3,2,0,3,2,10,6,0,0
5,453,4,0,3,0,8,8,3,3,2,0,3,2,10,6,0,0
5,453,4,0,3,0,8,8,3,3,2,0,3,2,10,6,0,0
5,453,4,0,3,0,8,8,3,3,2,0,3,2,10,6,0,0
5,453,4,0,3,0,8,8,3,3,2,0,3,2,10,6,0,0
5,453,4,0,3,0,8,8,3,3,2,0,3,2,10,6,0,0
5,453,4,0,3,0,8,8,3,3,2,0,3,2,10,6,0,0
5,453,4,0,3,0,8,8,3,3,2,0,3,2,10,6,0,0
5,453,4,0,3,0,8,7,3,3,2,0,2,2,8,5,0,0
5,453,4,0,3,0,8,7,3,3,2,0,2,2,8,5,0,0
5,453,4,0,3,0,8,7,3,3,2,0,2,2,8,5,0,0
5,453,4,0,3,0,8,7,3,3,2,0,2,2,8,5,0,0
5,453,4,0,3,0,8,7,3,3,2,0,2,2,8,5,0,0
5,453,4,0,3,0,8,7,3,2,2,0,2,2,8,5,0,0
5,453,4,0,3,0,8,7,3,2,2,0,2,2,8,5,0,0
5,453,4,0,3,0,8,7,3,2,2,0,2,2,8,5,0,0
5,453,4,0,3,0,8,7,3,2,2,0,2,2,7,5,0,0
6,454,4,0,3,0,8,7,3,2,2,0,2,2,4,5,0,0
6,454,4,0,3,0,8,7,3,2,2,0,2,2,4,5,0,0
6,454,4,0,3,0,8,7,3,2,2,0,2,2,4,5,0,0
6,454,4,0,3,0,8,7,3,2,2,0,2,2,4,5,0,0
6,454,4,0,3,0,8,7,3,2,2,0,2,2,4,5,0,0
6,454,4,0,3,0,8,7,3,2,2,0,2,2,4,5,0,0
6,454,4,0,3,0,8,7,3,2,2,0,3,2,4,5,0,0
6,454,4,0,3,0,8,7,3,2,2,0,3,2,5,5,0,0
6,454,4,0,3,0,8,7,3,2,2,0,3,2,5,5,0,0
6,454,4,0,3,0,8,7,3,2,2,0,3,2,5,5,0,0
6,454,4,0,3,0,8,7,3,2,2,0,3,2,5,5,0,0
6,454,4,0,3,0,8,7,3,2,2,0,3,2,5,5,0,0
6,454,4,0,3,0,8,7,3,2,2,0,3,2,5,5,0,0
6,454,4,0,3,0,8,7,3,2,2,0,3,2,5,5,0,0
6,454,4,0,3,0,8,7,3,2,2,0,3,2,5,5,0,0
6,454,4,0,3,0,8,7,3,2,2,0,2,2,4,5,0,0
6,454,4,0,3,0,8,7,3,2,2,0,2,2,4,5,0,0
6,454,4,0,3,0,8,7,3,2,2,0,2,2,4,5,0,0
6,454,4,0,3,0,8,7,3,2,2,0,2,2,4,5,0,0
6,454,4,0,3,0,8,7,3,2,2,0,2,2,4,5,0,0
6,454,4,0,3,0,8,7,3,2,2,0,2,2,4,5,0,0
6,454,4,0,3,0,8,7,3,2,2,0,2,2,4,5,0,0
6,454,4,0,3,0,8,7,3,2,2,0,2,2,4,5,0,0
6,454,4,0,3,0,8,7,3,2,2,0,2,2,4,5,0,0
7,455,4,0,4,0,9,7,4,2,3,0,3,2,7,5,0,0
7,455,4,0,4,0,9,7,4,2,3,0,3,2,7,5,0,0
7,455,4,0,4,0,9,7,4,2,3,0,3,2,7,5,0,0
7,455,4,0,4,0,9,7,4,2,3,0,3,2,7,5,0,0
7,455,4,0,4,0,9,7,4,2,3,0,3,2,7,5,0,0
7,455,4,0,4,0,9,7,4,2,3,0,3,2,7,5,0,0
7,455,4,0,4,0,9,7,4,2,3,0,3,2,8,5,8,0
7,455,4,0,4,0,10,9,4,4,3,1,4,3,8,7,8,1
7,455,4,0,4,0,10,9,4,4,3,2,4,2,8,8,8,1
7,455,4,0,4,0,10,10,4,4,3,3,4,2,8,8,9,1
7,455,4,0,4,0,10,10,4,4,3,3,4,2,8,8,9,1
7,455,4,0,4,0,10,10,4,4,3,3,4,2,8,8,9,1
7,455,4,0,4,0,10,10,4,4,3,3,4,2,8,8,9,1
7,455,4,0,4,0,10,9,4,4,3,2,4,2,8,8,5,1
7,455,4,0,4,0,10,9,4,4,3,2,4,2,8,8,5,1
7,455,4,0,4,0,10,8,4,4,3,2,4,2,8,7,5,1
7,455,4,0,4,0,9,8,4,4,3,2,3,2,8,6,5,1
7,455,4,0,4,0,9,8,4,4,3,2,3,2,8,6,0,1
7,455,4,0,4,0,9,8,4,4,3,2,3,2,8,6,0,1
7,455,4,0,4,0,9,8,4,4,3,2,3,2,8,6,0,0
7,455,4,0,4,0,9,8,4,4,3,2,3,2,8,6,0,0
7,455,4,0,4,0,9,8,4,4,3,2,3,2,8,6,0,0
7,455,4,0,4,0,9,8,4,4,3,2,3,2,8,6,0,0
7,455,4,0,4,0,9,8,4,4,3,2,3,2,7,6,0,0
8,456,4,0,4,0,9,8,4,4,3,2,3,2,4,6,0,0
8,456,4,0,4,0,9,8,4,4,3,2,3,2,4,6,0,0
8,456,4,0,4,0,9,8,4,4,3,2,3,2,4,6,0,0
8,456,4,0,4,0,9,8,4,4,3,2,3,2,4,6,0,0
8,456,4,0,4,0,9,8,4,4,3,2,3,2,4,6,0,0
8,456,4,0,4,0,9,8,4,4,3,2,3,2,4,6,0,0
8,456,4,0,4,0,9,8,4,4,3,2,3,2,4,6,8,0
8,456,4,0,4,0,10,9,4,4,3,3,4,3,5,6,8,2
8,456,4,0,4,0,10,9,4,4,3,3,4,3,5,6,8,3
8,456,4,0,4,0,10,10,4,4,3,3,4,3,5,6,9,3
8,456,4,0,4,0,10,10,4,4,3,3,4,3,5,5,9,3
8,456,4,0,4,0,10,10,4,4,3,3,4,3,5,5,9,3
8,456,4,0,4,0,10,10,4,4,3,3,4,3,5,5,9,3
8,456,4,0,4,0,10,10,4,4,3,3,4,3,5,6,5,3
8,456,4,0,4,0,10,10,4,4,3,3,4,3,5,6,5,3
8,456,4,0,4,0,10,10,4,4,3,3,4,3,4,6,5,2
8,456,4,0,4,0,9,10,4,4,3,3,3,3,4,5,5,1
8,456,4,0,4,0,9,10,4,3,3,2,3,3,4,5,0,1
8,456,4,0,4,0,9,10,4,3,3,2,3,3,4,5,0,1
8,456,4,0,4,0,9,10,4,3,3,2,3,3,4,5,0,1
8,456,4,0,4,0,9,9,4,3,3,2,3,3,4,5,0,1
8,456,4,0,4,0,9,9,4,3,3,2,3,3,4,5,0,1
8,456,4,0,4,0,9,9,4,3,3,2,3,3,4,5,0,1
8,456,4,0,4,0,9,9,4,3,3,2,3,3,4,5,0,1
9,457,4,0,4,0,9,9,4,3,3,2,3,3,7,5,0,1
9,457,4,0,4,0,9,9,4,3,3,2,3,3,7,5,0,1
9,457,4,0,4,0,9,9,4,3,3,2,3,3,7,5,0,1
9,457,4,0,4,0,9,9,4,3,3,2,3,3,7,5,0,1
9,457,4,0,4,0,9,9,4,3,3,2,3,3,7,5,0,1
9,457,4,0,4,0,9,9,4,3,3,2,3,3,7,5,0,1
9,457,4,0,4,0,9,9,4,3,3,2,3,3,10,5,8,1
9,457,4,0,4,0,10,8,4,4,3,2,4,4,10,10,8,1
9,457,4,0,4,0,10,10,4,4,3,2,4,4,10,10,8,2
9,457,4,0,4,0,10,10,4,4,3,3,4,4,10,10,9,2
9,457,4,0,4,0,10,10,4,4,3,3,4,4,10,11,9,3
9,457,4,0,4,0,10,10,4,4,3,2,4,4,10,11,9,3
9,457,4,0,4,0,10,10,4,4,3,2,4,4,10,10,9,3
9,457,4,0,4,0,10,10,4,4,3,2,4,4,10,10,5,3
9,457,4,0,4,0,10,10,4,4,3,2,4,4,10,10,5,2
9,457,4,0,4,0,10,9,4,4,3,2,4,4,8,10,5,2
9,457,4,0,4,0,9,9,4,4,3,2,3,4,8,10,5,2
9,457,4,0,4,0,9,9,4,4,3,2,3,4,8,9,0,0
9,457,4,0,4,0,9,9,4,4,3,2,3,4,8,9,0,0
9,457,4,0,4,0,9,9,4,4,3,2,3,4,8,9,0,0
9,457,4,0,4,0,9,9,4,4,3,2,3,4,8,9,0,0
9,457,4,0,4,0,9,9,4,4,3,2,3,4,8,8,0,0
9,457,4,0,4,0,9,9,4,4,3,2,3,4,8,8,0,0
9,457,4,0,4,0,9,9,4,4,3,2,3,4,7,8,0,0
10,458,4,0,4,0,9,9,4,4,3,2,3,4,7,8,0,0
10,458,4,0,4,0,9,9,4,4,3,2,3,4,7,8,0,0
10,458,4,0,4,0,9,9,4,4,3,2,3,4,7,8,0,0
10,458,4,0,4,0,9,9,4,4,3,2,3,4,7,8,0,0
10,458,4,0,4,0,9,9,4,4,3,2,3,4,7,8,0,0
10,458,4,0,4,0,9,9,4,4,3,2,3,4,7,8,0,0
10,458,4,0,4,0,9,9,4,4,3,2,3,4,8,8,8,0
10,458,4,0,4,0,10,10,4,4,3,3,4,4,8,8,8,0
10,458,4,0,4,0,10,10,4,4,3,3,4,4,8,8,8,0
10,458,4,0,4,0,10,10,4,4,3,3,4,4,8,8,9,0
10,458,4,0,4,0,10,9,4,4,3,3,4,4,8,8,9,0
10,458,4,0,4,0,10,10,4,4,3,3,4,4,8,8,9,0
10,458,4,0,4,0,10,10,4,4,3,3,4,4,8,8,9,0
10,458,4,0,4,0,10,10,4,3,3,3,4,4,8,8,5,0
10,458,4,0,4,0,10,10,4,3,3,3,4,4,8,8,5,0
10,458,4,0,4,0,10,10,4,3,3,3,4,4,8,8,5,0
10,458,4,0,4,0,9,9,4,3,3,3,3,4,8,8,5,0
10,458,4,0,4,0,9,8,4,3,3,3,3,4,8,8,0,0
10,458,4,0,4,0,9,8,4,3,3,2,3,4,8,8,0,0
10,458,4,0,4,0,9,8,4,3,3,2,3,4,8,8,0,0
10,458,4,0,4,0,9,8,4,3,3,2,3,4,8,8,0,0
10,458,4,0,4,0,9,8,4,3,3,2,3,4,8,8,0,0
10,458,4,0,4,0,9,8,4,3,3,2,3,4,8,7,0,0
10,458,4,0,4,0,9,8,4,3,3,2,3,4,7,7,0,0
11,459,4,0,4,0,9,8,4,3,3,2,3,4,7,7,0,0
11,459,4,0,4,0,9,8,4,3,3,2,3,4,7,7,0,0
11,459,4,0,4,0,9,8,4,3,3,2,3,4,7,7,0,0
11,459,4,0,4,0,9,8,4,3,3,2,3,4,7,7,0,0
11,459,4,0,4,0,9,8,4,3,3,2,3,4,7,7,0,0
11,459,4,0,4,0,9,8,4,3,3,2,3,4,7,7,0,0
11,459,4,0,4,0,9,8,4,3,3,2,3,4,8,7,8,0
11,459,4,0,4,0,10,10,4,4,3,3,4,4,8,8,8,0
11,459,4,0,4,0,10,10,4,4,3,3,4,4,8,8,8,1
11,459,4,0,4,0,10,10,4,4,3,3,4,4,8,8,9,1
11,459,4,0,4,0,10,10,4,4,3,3,4,4,8,8,9,1
11,459,4,0,4,0,10,10,4,4,3,3,4,4,8,8,9,1
11,459,4,0,4,0,10,10,4,4,3,3,4,4,8,8,9,1
11,459,4,0,4,0,10,10,4,4,3,3,4,4,8,8,5,0
11,459,4,0,4,0,10,10,4,4,3,3,4,4,8,8,5,0
11,459,4,0,4,0,10,10,4,4,3,3,4,4,8,8,5,0
11,459,4,0,4,0,9,10,4,4,3,3,3,4,8,8,5,0
11,459,4,0,4,0,9,10,4,4,3,3,3,4,8,7,0,0
11,459,4,0,4,0,9,10,4,4,3,3,3,4,8,7,0,0
11,459,4,0,4,0,9,10,4,3,3,2,3,4,8,7,0,0
11,459,4,0,4,0,9,10,4,3,3,2,3,4,8,7,0,0
11,459,4,0,4,0,9,10,4,3,3,2,3,4,8,7,0,0
11,459,4,0,4,0,9,10,4,3,3,2,3,4,8,7,0,0
11,459,4,0,4,0,9,10,4,3,3,2,3,4,7,7,0,0
12,460,4,0,3,0,8,10,3,3,2,2,2,4,7,7,0,0
12,460,4,0,3,0,8,10,3,3,2,2,2,4,7,7,0,0
12,460,4,0,3,0,8,10,3,3,2,2,2,4,7,7,0,0
12,460,4,0,3,0,8,10,3,3,2,2,2,4,7,7,0,0
12,460,4,0,3,0,8,10,3,3,2,2,2,4,7,7,0,0
12,460,4,0,3,0,8,10,3,3,2,2,2,4,7,7,0,0
12,460,4,0,3,0,8,10,3,3,2,2,3,4,10,7,0,0
12,460,4,0,3,0,8,10,3,3,2,2,3,3,10,6,0,0
12,460,4,0,3,0,8,10,3,3,2,2,3,3,10,6,0,0
12,460,4,0,3,0,8,10,3,3,2,2,3,3,10,6,0,0
12,460,4,0,3,0,8,10,3,3,2,2,3,3,10,6,0,0
12,460,4,0,3,0,8,10,3,3,2,2,3,3,10,6,0,0
12,460,4,0,3,0,8,10,3,3,2,2,3,3,10,6,0,0
12,460,4,0,3,0,8,10,3,3,2,2,3,3,10,6,0,0
12,460,4,0,3,0,8,10,3,3,2,2,3,2,10,6,0,0
12,460,4,0,3,0,8,10,3,3,2,2,2,2,8,6,0,0
12,460,4,0,3,0,8,9,3,3,2,2,2,2,8,6,0,0
12,460,4,0,3,0,8,9,3,3,2,2,2,2,8,6,0,0
12,460,4,0,3,0,8,9,3,3,2,2,2,1,8,6,0,0
12,460,4,0,3,0,8,9,3,3,2,2,2,1,8,6,0,0
12,460,4,0,3,0,8,9,3,3,2,2,2,1,8,6,0,0
12,460,4,0,3,0,8,9,3,3,2,2,2,1,8,6,0,0
12,460,4,0,3,0,8,9,3,3,2,2,2,1,8,6,0,0
12,460,4,0,3,0,8,9,3,3,2,2,2,1,7,6,0,0
13,461,4,0,3,0,8,9,3,3,2,2,2,1,4,6,0,0
13,461,4,0,3,0,8,9,3,3,2,2,2,1,4,6,0,0
13,461,4,0,3,0,8,9,3,3,2,2,2,1,4,6,0,0
13,461,4,0,3,0,8,9,3,3,2,2,2,1,4,6,0,0
13,461,4,0,3,0,8,9,3,3,2,2,2,1,4,6,0,0
13,461,4,0,3,0,8,9,3,3,2,2,2,1,4,6,0,0
13,461,4,0,3,0,8,9,3,3,2,2,3,1,4,6,0,0
13,461,4,0,3,0,8,9,3,3,2,1,3,1,5,6,0,0
13,461,4,0,3,0,8,9,3,3,2,1,3,1,5,6,0,0
13,461,4,0,3,0,8,9,3,3,2,1,3,1,5,6,0,0
13,461,4,0,3,0,8,9,3,3,2,1,3,1,5,6,0,0
13,461,4,0,3,0,8,9,3,3,2,1,3,1,5,6,0,0
13,461,4,0,3,0,8,9,3,3,2,1,3,1,5,6,0,0
13,461,4,0,3,0,8,9,3,3,2,1,3,1,5,6,0,0
13,461,4,0,3,0,8,9,3,3,2,1,3,1,5,6,0,0
13,461,4,0,3,0,8,9,3,3,2,1,2,1,4,6,0,0
13,461,4,0,3,0,8,9,3,3,2,1,2,1,4,6,0,0
13,461,4,0,3,0,8,9,3,3,2,1,2,1,4,6,0,0
13,461,4,0,3,0,8,9,3,3,2,1,2,1,4,6,0,0
13,461,4,0,3,0,8,9,3,3,2,1,2,1,4,6,0,0
13,461,4,0,3,0,8,9,3,3,2,1,2,1,4,6,0,0
13,461,4,0,3,0,8,9,3,3,2,1,2,1,4,6,0,0
13,461,4,0,3,0,8,9,3,3,2,1,2,1,4,6,0,0
13,461,4,0,3,0,8,9,3,3,2,1,2,1,4,6,0,0
14,462,4,0,4,0,9,9,4,3,3,1,3,1,7,6,0,0
14,462,4,0,4,0,9,9,4,3,3,1,3,1,7,6,0,0
14,462,4,0,4,0,9,9,4,3,3,1,3,1,7,6,0,0
14,462,4,0,4,0,9,9,4,3,3,1,3,1,7,6,0,0
14,462,4,0,4,0,9,9,4,3,3,1,3,1,7,6,0,0
14,462,4,0,4,0,9,9,4,3,3,1,3,1,7,6,0,0
14,462,4,0,4,0,9,9,4,3,3,1,3,1,8,6,8,0
14,462,4,0,4,0,10,8,4,4,3,2,4,1,8,8,8,2
14,462,4,0,4,0,10,9,4,4,3,2,4,1,8,8,8,2
14,462,4,0,4,0,10,10,4,4,3,3,4,1,8,8,9,2
14,462,4,0,4,0,10,10,4,4,3,3,4,1,8,8,9,2
14,462,4,0,4,0,10,10,4,4,3,3,4,1,8,8,9,2
14,462,4,0,4,0,10,10,4,4,3,3,4,1,8,8,9,2
14,462,4,0,4,0,10,10,4,4,3,2,4,1,8,8,5,2
14,462,4,0,4,0,10,10,4,3,3,2,4,1,8,8,5,2
14,462,4,0,4,0,10,10,4,3,3,2,4,1,8,8,5,2
14,462,4,0,4,0,9,10,4,3,3,2,3,1,8,8,5,2
14,462,4,0,4,0,9,10,4,3,3,2,3,1,8,8,0,2
14,462,4,0,4,0,9,10,4,3,3,2,3,1,8,8,0,1
14,462,4,0,4,0,9,10,4,3,3,2,3,1,8,8,0,1
14,462,4,0,4,0,9,9,4,3,3,1,3,1,8,8,0,1
14,462,4,0,4,0,9,9,4,3,3,1,3,1,8,8,0,1
14,462,4,0,4,0,9,9,4,3,3,1,3,1,8,8,0,1
14,462,4,0,4,0,9,9,4,3,3,1,3,1,7,8,0,1
15,463,4,0,4,0,9,9,4,3,3,1,3,1,4,8,0,1
15,463,4,0,4,0,9,9,4,3,3,1,3,1,4,8,0,1
15,463,4,0,4,0,9,9,4,3,3,1,3,1,4,8,0,1
15,463,4,0,4,0,9,9,4,3,3,1,3,1,4,8,0,1
15,463,4,0,4,0,9,9,4,3,3,1,3,1,4,8,0,1
15,463,4,0,4,0,9,9,4,3,3,1,3,1,4,8,0,1
15,463,4,0,4,0,9,9,4,3,3,1,3,1,4,8,8,1
15,463,4,0,4,0,10,9,4,4,3,3,4,2,5,8,8,2
15,463,4,0,4,0,10,10,4,4,3,3,4,2,5,8,8,3
15,463,4,0,4,0,10,10,4,4,3,2,4,2,5,8,9,4
15,463,4,0,4,0,10,10,4,4,3,3,4,2,5,8,9,4
15,463,4,0,4,0,10,9,4,4,3,3,4,2,5,7,9,4
15,463,4,0,4,0,10,9,4,4,3,3,4,2,5,7,9,4
15,463,4,0,4,0,10,9,4,4,3,3,4,2,5,7,5,4
15,463,4,0,4,0,10,10,4,4,3,3,4,2,5,7,5,4
15,463,4,0,4,0,10,10,4,4,3,3,4,2,4,7,5,3
15,463,4,0,4,0,9,10,4,4,3,3,3,2,4,7,5,3
15,463,4,0,4,0,9,9,4,4,3,2,3,2,4,7,0,2
15,463,4,0,4,0,9,8,4,4,3,2,3,2,4,7,0,2
15,463,4,0,4,0,9,8,4,4,3,2,3,2,4,7,0,2
15,463,4,0,4,0,9,8,4,3,3,2,3,2,4,7,0,2
15,463,4,0,4,0,9,8,4,3,3,2,3,2,4,7,0,2
15,463,4,0,4,0,9,8,4,3,3,2,3,2,4,7,0,2
15,463,4,0,4,0,9,8,4,3,3,2,3,2,4,7,0,2
16,464,4,0,4,0,9,8,4,3,3,2,3,2,7,7,0,2
16,464,4,0,4,0,9,8,4,3,3,2,3,2,7,7,0,2
16,464,4,0,4,0,9,8,4,3,3,2,3,2,7,7,0,2
16,464,4,0,4,0,9,8,4,3,3,2,3,2,7,7,0,2
16,464,4,0,4,0,9,8,4,3,3,2,3,2,7,7,0,2
16,464,4,0,4,0,9,8,4,3,3,2,3,2,7,7,0,2
16,464,4,0,4,0,9,8,4,3,3,2,3,2,10,8,8,2
16,464,4,0,4,0,10,10,4,4,3,1,4,3,10,10,8,2
16,464,4,0,4,0,10,10,4,4,3,1,4,3,10,10,8,2
16,464,4,0,4,0,10,10,4,4,3,2,4,3,10,11,9,2
16,464,4,0,4,0,10,10,4,4,3,2,4,3,10,11,9,2
16,464,4,0,4,0,10,10,4,4,3,3,4,3,10,11,9,2
16,464,4,0,4,0,10,10,4,4,3,3,4,3,10,11,9,2
16,464,4,0,4,0,10,10,4,4,3,3,4,3,10,11,5,2
16,464,4,0,4,0,10,10,4,4,3,1,4,3,10,11,5,2
16,464,4,0,4,0,10,10,4,4,3,1,4,3,8,10,5,1
16,464,4,0,4,0,9,10,4,4,3,1,3,3,8,9,5,1
16,464,4,0,4,0,9,10,4,4,3,1,3,3,8,9,0,0
16,464,4,0,4,0,9,10,4,4,3,1,3,2,8,9,0,0
16,464,4,0,4,0,9,10,4,4,3,1,3,2,8,9,0,0
16,464,4,0,4,0,9,10,4,4,3,1,3,2,8,9,0,0
16,464,4,0,4,0,9,10,4,4,3,1,3,2,8,9,0,0
16,464,4,0,4,0,9,10,4,4,3,1,3,2,8,9,0,0
16,464,4,0,4,0,9,10,4,4,3,1,3,2,7,9,0,0
17,465,4,0,4,0,9,10,4,4,3,1,3,2,7,9,0,0
17,465,4,0,4,0,9,10,4,4,3,1,3,2,7,9,0,0
17,465,4,0,4,0,9,10,4,4,3,1,3,2,7,9,0,0
17,465,4,0,4,0,9,10,4,4,3,1,3,2,7,9,0,0
17,465,4,0,4,0,9,10,4,4,3,1,3,2,7,9,0,0
17,465,4,0,4,0,9,10,4,4,3,1,3,2,7,9,0,0
17,465,4,0,4,0,9,10,4,4,3,1,3,2,8,9,8,0
17,465,4,0,4,0,10,10,4,4,3,2,4,3,8,9,8,0
17,465,4,0,4,0,10,10,4,4,3,2,4,3,8,9,8,0
17,465,4,0,4,0,10,10,4,4,3,2,4,3,8,9,9,0
17,465,4,0,4,0,10,10,4,4,3,2,4,3,8,9,9,0
17,465,4,0,4,0,10,8,4,4,3,2,4,3,8,8,9,0
17,465,4,0,4,0,10,8,4,4,3,2,4,3,8,8,9,0
17,465,4,0,4,0,10,8,4,4,3,2,4,3,8,8,5,0
17,465,4,0,4,0,10,8,4,4,3,1,4,3,8,8,5,0
17,465,4,0,4,0,10,8,4,4,3,1,4,3,8,8,5,0
17,465,4,0,4,0,9,8,4,4,3,1,3,3,8,8,5,0
17,465,4,0,4,0,9,8,4,4,3,1,3,3,8,8,0,0
17,465,4,0,4,0,9,8,4,4,3,1,3,3,8,8,0,0
17,465,4,0,4,0,9,8,4,4,3,1,3,3,8,8,0,0
17,465,4,0,4,0,9,8,4,4,3,1,3,3,8,7,0,0
17,465,4,0,4,0,9,8,4,4,3,1,3,3,8,7,0,0
17,465,4,0,4,0,9,8,4,4,3,1,3,3,8,7,0,0
17,465,4,0,4,0,9,8,4,4,3,1,3,3,7,7,0,0
18,466,4,0,4,0,9,8,4,4,3,1,3,3,7,7,0,0
18,466,4,0,4,0,9,8,4,4,3,1,3,3,7,7,0,0
18,466,4,0,4,0,9,8,4,4,3,1,3,3,7,7,0,0
18,466,4,0,4,0,9,8,4,4,3,1,3,3,7,7,0,0
18,466,4,0,4,0,9,8,4,4,3,1,3,3,7,7,0,0
18,466,4,0,4,0,9,8,4,4,3,1,3,3,7,7,0,0
18,466,4,0,4,0,9,8,4,4,3,1,3,3,8,7,8,0
18,466,4,0,4,0,10,9,4,4,3,1,4,4,8,8,8,1
18,466,4,0,4,0,10,10,4,4,3,3,4,4,8,8,8,1
18,466,4,0,4,0,10,10,4,4,3,3,4,4,8,8,9,2
18,466,4,0,4,0,10,10,4,4,3,3,4,4,8,8,9,2
18,466,4,0,4,0,10,10,4,4,3,3,4,4,8,8,9,2
18,466,4,0,4,0,10,10,4,4,3,3,4,4,8,8,9,2
18,466,4,0,4,0,10,10,4,4,3,3,4,4,8,9,5,2
18,466,4,0,4,0,10,10,4,4,3,2,4,4,8,8,5,1
18,466,4,0,4,0,10,10,4,4,3,2,4,4,8,8,5,1
18,466,4,0,4,0,9,10,4,4,3,2,3,4,8,8,5,1
18,466,4,0,4,0,9,10,4,4,3,2,3,4,8,7,0,1
18,466,4,0,4,0,9,10,4,4,3,2,3,3,8,7,0,1
18,466,4,0,4,0,9,10,4,4,3,2,3,3,8,7,0,1
18,466,4,0,4,0,9,10,4,4,3,2,3,3,8,7,0,1
18,466,4,0,4,0,9,10,4,4,3,1,3,3,8,7,0,1
18,466,4,0,4,0,9,9,4,4,3,1,3,3,8,7,0,1
18,466,4,0,4,0,9,9,4,4,3,1,3,3,7,7,0,1
19,467,4,0,3,0,8,9,3,4,2,1,2,3,7,7,0,1
19,467,4,0,3,0,8,9,3,4,2,1,2,3,7,7,0,1
19,467,4,0,3,0,8,9,3,4,2,1,2,3,7,7,0,1
19,467,4,0,3,0,8,9,3,4,2,1,2,3,7,7,0,1
19,467,4,0,3,0,8,9,3,4,2,1,2,3,7,7,0,1
19,467,4,0,3,0,8,9,3,4,2,1,2,3,7,7,0,1
19,467,4,0,3,0,8,9,3,4,2,1,3,3,10,7,0,1
19,467,4,0,3,0,8,9,3,4,2,1,3,3,10,7,0,1
19,467,4,0,3,0,8,9,3,4,2,1,3,3,10,7,0,1
19,467,4,0,3,0,8,9,3,4,2,1,3,2,10,7,0,1
19,467,4,0,3,0,8,9,3,4,2,1,3,2,10,7,0,1
19,467,4,0,3,0,8,9,3,4,2,1,3,2,10,7,0,1
19,467,4,0,3,0,8,9,3,4,2,1,3,2,10,7,0,1
19,467,4,0,3,0,8,9,3,4,2,1,3,2,10,7,0,1
19,467,4,0,3,0,8,9,3,4,2,1,3,2,10,7,0,1
19,467,4,0,3,0,8,9,3,4,2,1,2,2,8,7,0,1
19,467,4,0,3,0,8,9,3,4,2,1,2,2,8,7,0,1
19,467,4,0,3,0,8,9,3,4,2,1,2,2,8,7,0,1
19,467,4,0,3,0,8,9,3,4,2,1,2,2,8,7,0,1
19,467,4,0,3,0,8,9,3,4,2,1,2,2,8,7,0,1
19,467,4,0,3,0,8,9,3,4,2,1,2,2,8,7,0,1
19,467,4,0,3,0,8,9,3,4,2,1,2,2,8,7,0,1
19,467,4,0,3,0,8,9,3,4,2,1,2,2,8,7,0,1
19,467,4,0,3,0,8,9,3,4,2,1,2,2,7,7,0,1
20,468,4,0,3,0,8,9,3,4,2,1,2,2,4,7,0,1
20,468,4,0,3,0,8,9,3,4,2,1,2,2,4,7,0,1
20,468,4,0,3,0,8,9,3,4,2,1,2,2,4,7,0,1
20,468,4,0,3,0,8,9,3,4,2,1,2,2,4,7,0,1
20,468,4,0,3,0,8,9,3,4,2,1,2,2,4,7,0,1
20,468,4,0,3,0,8,9,3,4,2,1,2,2,4,7,0,1
20,468,4,0,3,0,8,9,3,4,2,1,3,2,4,7,0,1
20,468,4,0,3,0,8,9,3,4,2,1,3,2,5,7,0,0
20,468,4,0,3,0,8,9,3,4,2,1,3,2,5,7,0,0
20,468,4,0,3,0,8,9,3,4,2,1,3,2,5,7,0,0
20,468,4,0,3,0,8,9,3,4,2,1,3,2,5,7,0,0
20,468,4,0,3,0,8,9,3,4,2,1,3,2,5,7,0,0
20,468,4,0,3,0,8,9,3,4,2,1,3,2,5,7,0,0
20,468,4,0,3,0,8,9,3,4,2,1,3,2,5,7,0,0
20,468,4,0,3,0,8,9,3,4,2,1,3,2,5,7,0,0
20,468,4,0,3,0,8,9,3,4,2,1,2,2,4,7,0,0
20,468,4,0,3,0,8,9,3,4,2,1,2,2,4,7,0,0
20,468,4,0,3,0,8,9,3,4,2,1,2,2,4,7,0,0
20,468,4,0,3,0,8,9,3,4,2,1,2,2,4,7,0,0
20,468,4,0,3,0,8,9,3,4,2,1,2,1,4,7,0,0
20,468,4,0,3,0,8,8,3,4,2,1,2,0,4,7,0,0
20,468,4,0,3,0,8,8,3,4,2,1,2,0,4,7,0,0
20,468,4,0,3,0,8,8,3,4,2,1,2,0,4,7,0,0
20,468,4,0,3,0,8,8,3,4,2,1,2,0,4,7,0,0
21,469,4,0,4,0,9,8,4,4,3,1,3,0,7,7,0,0
21,469,4,0,4,0,9,8,4,4,3,1,3,0,7,7,0,0
21,469,4,0,4,0,9,8,4,4,3,1,3,0,7,7,0,0
21,469,4,0,4,0,9,8,4,4,3,1,3,0,7,7,0,0
21,469,4,0,4,0,9,8,4,4,3,1,3,0,7,7,0,0
21,469,4,0,4,0,9,8,4,4,3,1,3,0,7,7,0,0
21,469,4,0,4,0,9,8,4,4,3,1,3,0,8,7,8,0
21,469,4,0,4,0,10,8,4,4,3,3,4,1,8,8,8,1
21,469,4,0,4,0,10,9,4,4,3,3,4,1,8,8,8,1
21,469,4,0,4,0,10,10,4,4,3,3,4,1,8,8,9,1
21,469,4,0,4,0,10,10,4,4,3,2,4,1,8,8,9,1
21,469,4,0,4,0,10,10,4,4,3,3,4,1,8,8,9,1
21,469,4,0,4,0,10,10,4,4,3,3,4,1,8,8,9,1
21,469,4,0,4,0,10,9,4,4,3,3,4,1,8,7,5,1
21,469,4,0,4,0,10,9,4,4,3,3,4,1,8,8,5,1
21,469,4,0,4,0,10,9,4,4,3,3,4,1,8,8,5,1
21,469,4,0,4,0,9,9,4,4,3,3,3,1,8,8,5,1
21,469,4,0,4,0,9,9,4,4,3,2,3,1,8,8,0,1
21,469,4,0,4,0,9,9,4,4,3,2,3,1,8,7,0,0
21,469,4,0,4,0,9,9,4,4,3,2,3,1,8,7,0,0
21,469,4,0,4,0,9,9,4,4,3,2,3,1,8,7,0,0
21,469,4,0,4,0,9,9,4,4,3,2,3,1,8,7,0,0
21,469,4,0,4,0,9,9,4,4,3,2,3,1,8,7,0,0
21,469,4,0,4,0,9,9,4,4,3,2,3,1,7,7,0,0
22,470,4,0,4,0,9,9,4,4,3,2,3,1,4,7,0,0
22,470,4,0,4,0,9,9,4,4,3,2,3,1,4,7,0,0
22,470,4,0,4,0,9,9,4,4,3,2,3,1,4,7,0,0
22,470,4,0,4,0,9,9,4,4,3,2,3,1,4,7,0,0
22,470,4,0,4,0,9,9,4,4,3,2,3,1,4,7,0,0
22,470,4,0,4,0,9,9,4,4,3,2,3,1,4,7,0,0
22,470,4,0,4,0,9,9,4,4,3,2,3,1,4,7,8,0
22,470,4,0,4,0,10,8,4,3,3,3,4,2,5,7,8,5
22,470,4,0,4,0,10,10,4,4,3,3,4,2,5,7,8,6
22,470,4,0,4,0,10,10,4,4,3,3,4,2,5,7,9,7
22,470,4,0,4,0,10,10,4,4,3,3,4,2,5,7,9,8
22,470,4,0,4,0,10,10,4,4,3,3,4,2,5,7,9,8
22,470,4,0,4,0,10,10,4,4,3,3,4,2,5,7,9,8
22,470,4,0,4,0,10,10,4,4,3,3,4,2,5,7,5,8
22,470,4,0,4,0,10,10,4,4,3,3,4,2,5,7,5,8
22,470,4,0,4,0,10,9,4,4,3,3,4,2,4,7,5,6
22,470,4,0,4,0,9,8,4,4,3,3,3,2,4,7,5,6
22,470,4,0,4,0,9,8,4,4,3,3,3,2,4,7,0,6
22,470,4,0,4,0,9,8,4,4,3,3,3,2,4,7,0,6
22,470,4,0,4,0,9,8,4,4,3,3,3,2,4,7,0,6
22,470,4,0,4,0,9,8,4,4,3,2,3,2,4,7,0,6
22,470,4,0,4,0,9,8,4,4,3,1,3,2,4,7,0,6
22,470,4,0,4,0,9,8,4,4,3,1,3,2,4,7,0,6
22,470,4,0,4,0,9,8,4,4,3,1,3,2,4,7,0,6
23,471,4,0,4,0,9,8,4,4,3,1,3,2,7,7,0,6
23,471,4,0,4,0,9,8,4,4,3,1,3,2,7,7,0,6
23,471,4,0,4,0,9,8,4,4,3,1,3,2,7,7,0,6
23,471,4,0,4,0,9,8,4,4,3,1,3,2,7,7,0,6
23,471,4,0,4,0,9,8,4,4,3,1,3,2,7,7,0,6
23,471,4,0,4,0,9,8,4,4,3,1,3,2,7,7,0,6
23,471,4,0,4,0,9,8,4,4,3,1,3,2,10,10,8,6
23,471,4,0,4,0,10,8,4,4,3,2,4,3,10,10,8,4
23,471,4,0,4,0,10,10,4,4,3,2,4,3,10,10,8,4
23,471,4,0,4,0,10,10,4,4,3,3,4,3,10,10,9,3
23,471,4,0,4,0,10,10,4,4,3,3,4,3,10,10,9,2
23,471,4,0,4,0,10,10,4,4,3,3,4,3,10,10,9,2
23,471,4,0,4,0,10,10,4,4,3,3,4,3,10,9,9,1
23,471,4,0,4,0,10,10,4,4,3,3,4,3,10,8,5,0
23,471,4,0,4,0,10,10,4,4,3,3,4,3,10,8,5,0
23,471,4,0,4,0,10,10,4,4,3,3,4,3,8,7,5,0
23,471,4,0,4,0,9,10,4,4,3,2,3,3,8,7,5,0
23,471,4,0,4,0,9,10,4,4,3,2,3,3,8,7,0,0
23,471,4,0,4,0,9,10,4,4,3,2,3,3,8,7,0,0
23,471,4,0,4,0,9,10,4,3,3,2,3,3,8,7,0,0
23,471,4,0,4,0,9,10,4,3,3,2,3,3,8,7,0,0
23,471,4,0,4,0,9,10,4,3,3,2,3,3,8,7,0,0
23,471,4,0,4,0,9,9,4,3,3,2,3,3,8,7,0,0
23,471,4,0,4,0,9,9,4,3,3,2,3,3,7,7,0,0
24,472,4,0,4,0,9,9,4,3,3,2,3,3,7,7,0,0
24,472,4,0,4,0,9,9,4,3,3,2,3,3,7,7,0,0
24,472,4,0,4,0,9,9,4,3,3,2,3,3,7,7,0,0
24,472,4,0,4,0,9,9,4,3,3,2,3,3,7,7,0,0
24,472,4,0,4,0,9,9,4,3,3,2,3,3,7,7,0,0
24,472,4,0,4,0,9,9,4,3,3,2,3,3,7,7,0,0
24,472,4,0,4,0,9,9,4,3,3,2,3,3,8,7,8,0
24,472,4,0,4,0,10,8,4,4,3,1,4,4,8,8,8,0
24,472,4,0,4,0,10,10,4,4,3,1,4,4,8,8,8,0
24,472,4,0,4,0,10,10,4,4,3,1,4,4,8,8,9,0
24,472,4,0,4,0,10,10,4,4,3,1,4,4,8,8,9,0
24,472,4,0,4,0,10,10,4,4,3,1,4,4,8,8,9,0
24,472,4,0,4,0,10,10,4,4,3,1,4,4,8,8,9,0
24,472,4,0,4,0,10,10,4,4,3,1,4,4,8,8,5,0
24,472,4,0,4,0,10,10,4,4,3,1,4,4,8,8,5,0
24,472,4,0,4,0,10,10,4,4,3,1,4,4,8,8,5,0
24,472,4,0,4,0,9,10,4,4,3,1,3,4,8,8,5,0
24,472,4,0,4,0,9,10,4,4,3,1,3,4,8,8,0,0
24,472,4,0,4,0,9,10,4,4,3,1,3,4,8,8,0,0
24,472,4,0,4,0,9,10,4,4,3,1,3,4,8,8,0,0
24,472,4,0,4,0,9,10,4,4,3,1,3,4,8,8,0,0
24,472,4,0,4,0,9,10,4,4,3,1,3,4,8,8,0,0
24,472,4,0,4,0,9,10,4,4,3,1,3,4,8,8,0,0
24,472,4,0,4,0,9,10,4,4,3,1,3,4,7,8,0,0
25,473,4,0,4,0,9,10,4,4,3,1,3,4,7,8,0,0
25,473,4,0,4,0,9,10,4,4,3,1,3,4,7,8,0,0
25,473,4,0,4,0,9,10,4,4,3,1,3,4,7,8,0,0
25,473,4,0,4,0,9,10,4,4,3,1,3,4,7,8,0,0
25,473,4,0,4,0,9,10,4,4,3,1,3,4,7,8,0,0
25,473,4,0,4,0,9,10,4,4,3,1,3,4,7,8,0,0
25,473,4,0,4,0,9,10,4,4,3,1,3,4,8,8,8,0
25,473,4,0,4,0,10,8,4,4,3,2,4,4,8,8,8,1
25,473,4,0,4,0,10,10,4,4,3,3,4,4,8,8,8,1
25,473,4,0,4,0,10,10,4,4,3,2,4,4,8,8,9,2
25,473,4,0,4,0,10,10,4,4,3,3,4,4,8,8,9,3
25,473,4,0,4,0,10,10,4,4,3,3,4,4,8,8,9,4
25,473,4,0,4,0,10,10,4,4,3,3,4,4,8,8,9,4
25,473,4,0,4,0,10,8,4,4,3,3,4,4,8,8,5,4
25,473,4,0,4,0,10,8,4,4,3,2,4,4,8,8,5,4
25,473,4,0,4,0,10,8,4,4,3,1,4,4,8,8,5,2
25,473,4,0,4,0,9,8,4,4,3,1,3,4,8,8,5,2
25,473,4,0,4,0,9,8,4,4,3,1,3,4,8,8,0,2
25,473,4,0,4,0,9,8,4,4,3,1,3,4,8,8,0,2
25,473,4,0,4,0,9,8,4,4,3,1,3,4,8,8,0,2
25,473,4,0,4,0,9,8,4,3,3,1,3,4,8,8,0,2
25,473,4,0,4,0,9,8,4,3,3,1,3,3,8,8,0,2
25,473,4,0,4,0,9,8,4,3,3,1,3,3,8,8,0,2
25,473,4,0,4,0,9,8,4,3,3,1,3,3,7,8,0,2
26,474,4,0,3,0,8,8,3,3,2,1,2,3,7,8,0,2
26,474,4,0,3,0,8,8,3,3,2,1,2,3,7,8,0,2
26,474,4,0,3,0,8,8,3,3,2,1,2,3,7,8,0,2
26,474,4,0,3,0,8,8,3,3,2,1,2,3,7,8,0,2
26,474,4,0,3,0,8,8,3,3,2,1,2,3,7,8,0,2
26,474,4,0,3,0,8,8,3,3,2,1,2,3,7,8,0,2
26,474,4,0,3,0,8,8,3,3,2,1,3,3,10,8,0,2
26,474,4,0,3,0,8,8,3,3,2,1,3,3,10,8,0,1
26,474,4,0,3,0,8,8,3,3,2,1,3,3,10,8,0,1
26,474,4,0,3,0,8,8,3,3,2,1,3,3,10,8,0,1
26,474,4,0,3,0,8,8,3,3,2,1,3,3,10,8,0,1
26,474,4,0,3,0,8,8,3,3,2,1,3,3,10,8,0,1
26,474,4,0,3,0,8,7,3,3,2,1,3,3,10,8,0,1
26,474,4,0,3,0,8,7,3,3,2,1,3,3,10,8,0,1
26,474,4,0,3,0,8,7,3,2,2,1,3,3,10,8,0,0
26,474,4,0,3,0,8,7,3,2,2,1,2,3,8,8,0,0
26,474,4,0,3,0,8,7,3,2,2,1,2,3,8,8,0,0
26,474,4,0,3,0,8,7,3,2,2,1,2,3,8,8,0,0
26,474,4,0,3,0,8,7,3,2,2,1,2,3,8,8,0,0
26,474,4,0,3,0,8,7,3,2,2,1,2,3,8,8,0,0
26,474,4,0,3,0,8,7,3,2,2,1,2,3,8,8,0,0
26,474,4,0,3,0,8,7,3,2,2,1,2,3,8,8,0,0
26,474,4,0,3,0,8,7,3,2,2,1,2,3,8,8,0,0
26,474,4,0,3,0,8,7,3,2,2,1,2,3,7,8,0,0
27,475,4,0,3,0,8,7,3,2,2,1,2,3,4,8,0,0
27,475,4,0,3,0,8,7,3,2,2,1,2,3,4,8,0,0
27,475,4,0,3,0,8,7,3,2,2,1,2,3,4,8,0,0
27,475,4,0,3,0,8,7,3,2,2,1,2,3,4,8,0,0
27,475,4,0,3,0,8,7,3,2,2,1,2,3,4,8,0,0
27,475,4,0,3,0,8,7,3,2,2,1,2,3,4,8,0,0
27,475,4,0,3,0,8,7,3,2,2,1,3,3,4,8,0,0
27,475,4,0,3,0,8,6,3,2,2,1,3,1,5,7,0,0
27,475,4,0,3,0,8,6,3,2,2,1,3,1,5,7,0,0
27,475,4,0,3,0,8,6,3,2,2,1,3,1,5,7,0,0
27,475,4,0,3,0,8,6,3,2,2,1,3,1,5,7,0,0
27,475,4,0,3,0,8,6,3,2,2,1,3,1,5,7,0,0
27,475,4,0,3,0,8,6,3,2,2,1,3,1,5,7,0,0
27,475,4,0,3,0,8,6,3,2,2,1,3,1,5,7,0,0
27,475,4,0,3,0,8,6,3,2,2,1,3,1,5,7,0,0
27,475,4,0,3,0,8,6,3,2,2,1,2,1,4,7,0,0
27,475,4,0,3,0,8,6,3,2,2,1,2,1,4,7,0,0
27,475,4,0,3,0,8,6,3,2,2,1,2,1,4,7,0,0
27,475,4,0,3,0,8,6,3,2,2,1,2,1,4,7,0,0
27,475,4,0,3,0,8,6,3,2,2,1,2,1,4,7,0,0
27,475,4,0,3,0,8,6,3,2,2,1,2,1,4,7,0,0
27,475,4,0,3,0,8,6,3,2,2,1,2,1,4,7,0,0
27,475,4,0,3,0,8,6,3,2,2,1,2,1,4,7,0,0
27,475,4,0,3,0,8,6,3,2,2,1,2,1,4,7,0,0
0,476,4,0,4,0,9,6,4,2,3,1,3,1,7,7,0,0
0,476,4,0,4,0,9,6,4,2,3,1,3,1,7,7,0,0
0,476,4,0,4,0,9,6,4,2,3,1,3,1,7,7,0,0
0,476,4,0,4,0,9,6,4,2,3,1,3,1,7,7,0,0
0,476,4,0,4,0,9,6,4,2,3,1,3,1,7,7,0,0
0,476,4,0,4,0,9,6,4,2,3,1,3,1,7,7,0,0
0,476,4,0,4,0,9,6,4,2,3,1,3,1,8,7,8,0
0,476,4,0,4,0,10,9,4,4,3,1,4,1,8,8,8,2
0,476,4,0,4,0,10,10,4,4,3,2,4,1,8,8,8,2
0,476,4,0,4,0,10,10,4,4,3,2,4,1,8,8,9,2
0,476,4,0,4,0,10,10,4,4,3,2,4,1,8,8,9,2
0,476,4,0,4,0,10,10,4,4,3,3,4,1,8,8,9,2
0,476,4,0,4,0,10,10,4,4,3,3,4,1,8,8,9,2
0,476,4,0,4,0,10,10,4,4,3,3,4,1,8,8,5,2
0,476,4,0,4,0,10,9,4,4,3,2,4,1,8,8,5,2
0,476,4,0,4,0,10,9,4,4,3,2,4,1,8,8,5,2
0,476,4,0,4,0,9,9,4,4,3,2,3,1,8,8,5,2
0,476,4,0,4,0,9,9,4,4,3,2,3,1,8,8,0,2
0,476,4,0,4,0,9,9,4,4,3,2,3,1,8,8,0,2
0,476,4,0,4,0,9,9,4,4,3,2,3,1,8,8,0,1
0,476,4,0,4,0,9,9,4,4,3,2,3,1,8,8,0,1
0,476,4,0,4,0,9,9,4,4,3,2,3,1,8,8,0,0
0,476,4,0,4,0,9,8,4,4,3,2,3,1,8,8,0,0
0,476,4,0,4,0,9,8,4,4,3,2,3,1,7,8,0,0
1,477,4,0,4,0,9,8,4,4,3,2,3,1,4,8,0,0
1,477,4,0,4,0,9,8,4,4,3,2,3,1,4,8,0,0
1,477,4,0,4,0,9,8,4,4,3,2,3,1,4,8,0,0
1,477,4,0,4,0,9,8,4,4,3,2,3,1,4,8,0,0
1,477,4,0,4,0,9,8,4,4,3,2,3,1,4,8,0,0
1,477,4,0,4,0,9,8,4,4,3,2,3,1,4,8,0,0
1,477,4,0,4,0,9,8,4,4,3,2,3,1,4,8,8,0
1,477,4,0,4,0,10,9,4,3,3,3,4,1,5,8,8,1
1,477,4,0,4,0,10,10,4,4,3,3,4,1,5,8,8,1
1,477,4,0,4,0,10,10,4,4,3,3,4,1,5,8,9,2
1,477,4,0,4,0,10,10,4,4,3,3,4,1,5,8,9,2
1,477,4,0,4,0,10,10,4,3,3,3,4,1,5,8,9,2
1,477,4,0,4,0,10,10,4,4,3,2,4,1,5,8,9,2
1,477,4,0,4,0,10,10,4,4,3,2,4,1,5,8,5,2
1,477,4,0,4,0,10,10,4,4,3,2,4,1,5,8,5,2
1,477,4,0,4,0,10,10,4,4,3,2,4,1,4,8,5,2
1,477,4,0,4,0,9,10,4,3,3,2,3,1,4,8,5,2
1,477,4,0,4,0,9,10,4,3,3,2,3,1,4,8,0,2
1,477,4,0,4,0,9,8,4,3,3,2,3,1,4,8,0,2
1,477,4,0,4,0,9,8,4,3,3,2,3,1,4,8,0,2
1,477,4,0,4,0,9,8,4,3,3,2,3,0,4,8,0,2
1,477,4,0,4,0,9,8,4,3,3,2,3,0,4,8,0,2
1,477,4,0,4,0,9,8,4,3,3,2,3,0,4,8,0,2
1,477,4,0,4,0,9,8,4,3,3,2,3,0,4,8,0,2
2,478,4,0,4,0,9,8,4,3,3,2,3,0,7,8,0,2
2,478,4,0,4,0,9,8,4,3,3,2,3,0,7,8,0,2
2,478,4,0,4,0,9,8,4,3,3,2,3,0,7,8,0,2
2,478,4,0,4,0,9,8,4,3,3,2,3,0,7,8,0,2
2,478,4,0,4,0,9,8,4,3,3,2,3,0,7,8,0,2
2,478,4,0,4,0,9,8,4,3,3,2,3,0,7,8,0,2
2,478,4,0,4,0,9,8,4,3,3,2,3,0,10,10,8,2
2,478,4,0,4,0,10,9,4,4,3,2,4,1,10,10,8,3
2,478,4,0,4,0,10,10,4,4,3,3,4,1,10,10,8,3
2,478,4,0,4,0,10,10,4,4,3,3,4,1,10,10,9,2
2,478,4,0,4,0,10,10,4,4,3,3,4,1,10,10,9,2
2,478,4,0,4,0,10,10,4,4,3,3,4,1,10,10,9,2
2,478,4,0,4,0,10,10,4,4,3,2,4,1,10,11,9,2
2,478,4,0,4,0,10,10,4,4,3,2,4,1,10,10,5,1
2,478,4,0,4,0,10,10,4,4,3,2,4,1,10,9,5,0
2,478,4,0,4,0,10,10,4,4,3,2,4,1,8,8,5,0
2,478,4,0,4,0,9,10,4,4,3,2,3,1,8,8,5,0
2,478,4,0,4,0,9,10,4,4,3,2,3,1,8,8,0,0
2,478,4,0,4,0,9,10,4,4,3,2,3,1,8,8,0,0
2,478,4,0,4,0,9,10,4,4,3,2,3,1,8,8,0,0
2,478,4,0,4,0,9,10,4,4,3,2,3,1,8,8,0,0
2,478,4,0,4,0,9,10,4,4,3,2,3,1,8,8,0,0
2,478,4,0,4,0,9,10,4,4,3,2,3,1,8,8,0,0
2,478,4,0,4,0,9,10,4,4,3,2,3,1,7,8,0,0
3,479,4,0,4,0,9,10,4,4,3,2,3,1,7,8,0,0
3,479,4,0,4,0,9,10,4,4,3,2,3,1,7,8,0,0
3,479,4,0,4,0,9,10,4,4,3,2,3,1,7,8,0,0
3,479,4,0,4,0,9,10,4,4,3,2,3,1,7,8,0,0
3,479,4,0,4,0,9,10,4,4,3,2,3,1,7,8,0,0
3,479,4,0,4,0,9,10,4,4,3,2,3,1,7,8,0,0
3,479,4,0,4,0,9,10,4,4,3,2,3,1,8,8,8,0
3,479,4,0,4,0,10,10,4,4,3,3,4,2,8,8,8,0
3,479,4,0,4,0,10,10,4,4,3,3,4,2,8,8,8,0
3,479,4,0,4,0,10,10,4,4,3,3,4,2,8,8,9,0
3,479,4,0,4,0,10,10,4,4,3,3,4,2,8,8,9,0
3,479,4,0,4,0,10,10,4,4,3,3,4,2,8,8,9,0
3,479,4,0,4,0,10,10,4,4,3,3,4,2,8,8,9,0
3,479,4,0,4,0,10,10,4,4,3,3,4,2,8,8,5,0
3,479,4,0,4,0,10,10,4,4,3,3,4,2,8,8,5,0
3,479,4,0,4,0,10,10,4,4,3,3,4,2,8,8,5,0
3,479,4,0,4,0,9,10,4,4,3,3,3,2,8,8,5,0
3,479,4,0,4,0,9,10,4,4,3,3,3,2,8,8,0,0
3,479,4,0,4,0,9,10,4,4,3,3,3,2,8,8,0,0
3,479,4,0,4,0,9,10,4,4,3,3,3,2,8,8,0,0
3,479,4,0,4,0,9,10,4,4,3,3,3,2,8,8,0,0
3,479,4,0,4,0,9,10,4,4,3,3,3,2,8,8,0,0
3,479,4,0,4,0,9,10,4,4,3,3,3,2,8,8,0,0
3,479,4,0,4,0,9,10,4,4,3,3,3,2,7,8,0,0
4,480,4,0,4,0,9,10,4,4,3,3,3,2,7,8,0,0
4,480,4,0,4,0,9,10,4,4,3,3,3,2,7,8,0,0
4,480,4,0,4,0,9,10,4,4,3,3,3,2,7,8,0,0
4,480,4,0,4,0,9,10,4,4,3,3,3,2,7,8,0,0
4,480,4,0,4,0,9,10,4,4,3,3,3,2,7,8,0,0
4,480,4,0,4,0,9,10,4,4,3,3,3,2,7,8,0,0
4,480,4,0,4,0,9,10,4,4,3,3,3,2,8,8,8,0
4,480,4,0,4,0,10,10,4,4,3,3,4,3,8,8,8,1
4,480,4,0,4,0,10,10,4,4,3,3,4,3,8,8,8,1
4,480,4,0,4,0,10,10,4,3,3,3,4,3,8,8,9,1
4,480,4,0,4,0,10,10,4,4,3,3,4,3,8,8,9,1
4,480,4,0,4,0,10,10,4,4,3,3,4,3,8,8,9,1
4,480,4,0,4,0,10,10,4,4,3,3,4,3,8,8,9,1
4,480,4,0,4,0,10,10,4,4,3,3,4,3,8,8,5,1
4,480,4,0,4,0,10,9,4,4,3,2,4,3,8,8,5,1
4,480,4,0,4,0,10,9,4,4,3,2,4,3,8,8,5,1
4,480,4,0,4,0,9,9,4,4,3,2,3,3,8,8,5,1
4,480,4,0,4,0,9,9,4,4,3,2,3,3,8,8,0,1
4,480,4,0,4,0,9,9,4,4,3,2,3,3,8,8,0,1
4,480,4,0,4,0,9,9,4,4,3,2,3,3,8,8,0,1
4,480,4,0,4,0,9,8,4,4,3,2,3,3,8,8,0,1
4,480,4,0,4,0,9,8,4,4,3,2,3,3,8,8,0,1
4,480,4,0,4,0,9,7,4,4,3,2,3,3,8,7,0,1
4,480,4,0,4,0,9,7,4,4,3,2,3,3,7,7,0,1
5,481,4,0,3,0,8,7,3,4,2,2,2,3,7,7,0,1
5,481,4,0,3,0,8,7,3,4,2,2,2,3,7,7,0,1
5,481,4,0,3,0,8,7,3,4,2,2,2,3,7,7,0,1
5,481,4,0,3,0,8,7,3,4,2,2,2,3,7,7,0,1
5,481,4,0,3,0,8,7,3,4,2,2,2,3,7,7,0,1
5,481,4,0,3,0,8,7,3,4,2,2,2,3,7,7,0,1
5,481,4,0,3,0,8,7,3,4,2,2,3,3,10,7,0,1
5,481,4,0,3,0,8,7,3,4,2,2,3,2,10,7,0,1
5,481,4,0,3,0,8,7,3,4,2,2,3,2,10,7,0,1
5,481,4,0,3,0,8,7,3,4,2,2,3,2,10,7,0,1
5,481,4,0,3,0,8,7,3,4,2,2,3,2,10,7,0,1
5,481,4,0,3,0,8,7,3,4,2,2,3,2,10,7,0,1
5,481,4,0,3,0,8,7,3,4,2,2,3,2,10,7,0,0
5,481,4,0,3,0,8,7,3,4,2,2,3,2,10,7,0,0
5,481,4,0,3,0,8,7,3,4,2,2,3,2,10,7,0,0
5,481,4,0,3,0,8,7,3,4,2,2,2,2,8,7,0,0
5,481,4,0,3,0,8,7,3,4,2,2,2,2,8,7,0,0
5,481,4,0,3,0,8,7,3,4,2,2,2,2,8,7,0,0
5,481,4,0,3,0,8,7,3,4,2,2,2,2,8,7,0,0
5,481,4,0,3,0,8,7,3,4,2,2,2,2,8,7,0,0
5,481,4,0,3,0,8,7,3,4,2,2,2,2,8,7,0,0
5,481,4,0,3,0,8,7,3,4,2,2,2,2,8,7,0,0
5,481,4,0,3,0,8,7,3,4,2,2,2,2,8,7,0,0
5,481,4,0,3,0,8,7,3,4,2,2,2,2,7,7,0,0
6,482,4,0,3,0,8,7,3,4,2,2,2,2,4,7,0,0
6,482,4,0,3,0,8,7,3,4,2,2,2,2,4,7,0,0
6,482,4,0,3,0,8,7,3,4,2,2,2,2,4,7,0,0
6,482,4,0,3,0,8,7,3,4,2,2,2,2,4,7,0,0
6,482,4,0,3,0,8,7,3,4,2,2,2,2,4,7,0,0
6,482,4,0,3,0,8,7,3,4,2,2,2,2,4,7,0,0
6,482,4,0,3,0,8,7,3,4,2,2,3,2,4,7,0,0
6,482,4,0,3,0,8,7,3,4,2,2,3,2,5,7,0,0
6,482,4,0,3,0,8,7,3,4,2,2,3,2,5,7,0,0
6,482,4,0,3,0,8,7,3,4,2,2,3,2,5,7,0,0
6,482,4,0,3,0,8,7,3,4,2,2,3,2,5,7,0,0
6,482,4,0,3,0,8,7,3,4,2,2,3,2,5,7,0,0
6,482,4,0,3,0,8,7,3,4,2,2,3,2,5,7,0,0
6,482,4,0,3,0,8,7,3,4,2,2,3,2,5,6,0,0
6,482,4,0,3,0,8,7,3,4,2,2,3,2,5,6,0,0
6,482,4,0,3,0,8,7,3,4,2,2,2,2,4,6,0,0
6,482,4,0,3,0,8,7,3,4,2,2,2,2,4,6,0,0
6,482,4,0,3,0,8,7,3,4,2,2,2,2,4,6,0,0
6,482,4,0,3,0,8,7,3,4,2,2,2,2,4,6,0,0
6,482,4,0,3,0,8,7,3,4,2,2,2,2,4,6,0,0
6,482,4,0,3,0,8,7,3,2,2,2,2,2,4,6,0,0
6,482,4,0,3,0,8,7,3,2,2,2,2,2,4,6,0,0
6,482,4,0,3,0,8,7,3,2,2,2,2,2,4,6,0,0
6,482,4,0,3,0,8,7,3,2,2,2,2,2,4,6,0,0
7,483,4,0,4,0,9,7,4,2,3,2,3,2,7,6,0,0
7,483,4,0,4,0,9,7,4,2,3,2,3,2,7,6,0,0
7,483,4,0,4,0,9,7,4,2,3,2,3,2,7,6,0,0
7,483,4,0,4,0,9,7,4,2,3,2,3,2,7,6,0,0
7,483,4,0,4,0,9,7,4,2,3,2,3,2,7,6,0,0
7,483,4,0,4,0,9,7,4,2,3,2,3,2,7,6,0,0
7,483,4,0,4,0,9,7,4,2,3,2,3,2,8,6,8,0
7,483,4,0,4,0,10,9,4,4,3,3,4,3,8,8,8,1
7,483,4,0,4,0,10,10,4,4,3,3,4,3,8,8,8,1
7,483,4,0,4,0,10,10,4,4,3,3,4,3,8,8,9,1
7,483,4,0,4,0,10,10,4,4,3,3,4,3,8,8,9,1
7,483,4,0,4,0,10,10,4,4,3,3,4,3,8,8,9,1
7,483,4,0,4,0,10,10,4,4,3,3,4,3,8,8,9,1
7,483,4,0,4,0,10,10,4,4,3,3,4,3,8,8,5,1
7,483,4,0,4,0,10,10,4,4,3,3,4,3,8,8,5,1
7,483,4,0,4,0,10,10,4,4,3,3,4,3,8,7,5,1
7,483,4,0,4,0,9,10,4,4,3,3,3,3,8,7,5,0
7,483,4,0,4,0,9,10,4,4,3,2,3,3,8,7,0,0
7,483,4,0,4,0,9,10,4,4,3,2,3,3,8,7,0,0
7,483,4,0,4,0,9,10,4,4,3,2,3,2,8,7,0,0
7,483,4,0,4,0,9,10,4,4,3,2,3,2,8,7,0,0
7,483,4,0,4,0,9,10,4,4,3,2,3,2,8,7,0,0
7,483,4,0,4,0,9,10,4,3,3,2,3,2,8,7,0,0
7,483,4,0,4,0,9,10,4,3,3,2,3,2,7,7,0,0
8,484,4,0,4,0,9,10,4,3,3,2,3,2,4,7,0,0
8,484,4,0,4,0,9,10,4,3,3,2,3,2,4,7,0,0
8,484,4,0,4,0,9,10,4,3,3,2,3,2,4,7,0,0
8,484,4,0,4,0,9,10,4,3,3,2,3,2,4,7,0,0
8,484,4,0,4,0,9,10,4,3,3,2,3,2,4,7,0,0
8,484,4,0,4,0,9,10,4,3,3,2,3,2,4,7,0,0
8,484,4,0,4,0,9,10,4,3,3,2,3,2,4,7,8,0
8,484,4,0,4,0,10,10,4,4,3,3,4,2,5,7,8,2
8,484,4,0,4,0,10,10,4,4,3,3,4,2,5,7,8,3
8,484,4,0,4,0,10,10,4,4,3,3,4,2,5,7,9,3
8,484,4,0,4,0,10,10,4,4,3,3,4,2,5,7,9,3
8,484,4,0,4,0,10,10,4,4,3,3,4,2,5,7,9,3
8,484,4,0,4,0,10,10,4,4,3,3,4,2,5,7,9,3
8,484,4,0,4,0,10,10,4,4,3,3,4,2,5,7,5,3
8,484,4,0,4,0,10,10,4,4,3,3,4,2,5,7,5,3
8,484,4,0,4,0,10,10,4,4,3,2,4,2,4,7,5,3
8,484,4,0,4,0,9,10,4,4,3,2,3,2,4,7,5,3
8,484,4,0,4,0,9,10,4,4,3,2,3,2,4,7,0,3
8,484,4,0,4,0,9,10,4,4,3,2,3,2,4,7,0,3
8,484,4,0,4,0,9,9,4,4,3,2,3,2,4,6,0,2
8,484,4,0,4,0,9,9,4,4,3,2,3,2,4,6,0,2
8,484,4,0,4,0,9,9,4,4,3,2,3,2,4,6,0,2
8,484,4,0,4,0,9,8,4,4,3,2,3,2,4,6,0,2
8,484,4,0,4,0,9,8,4,4,3,2,3,2,4,6,0,2
9,485,4,0,4,0,9,8,4,4,3,2,3,2,7,7,0,2
9,485,4,0,4,0,9,8,4,4,3,2,3,2,7,7,0,2
9,485,4,0,4,0,9,8,4,4,3,2,3,2,7,7,0,2
9,485,4,0,4,0,9,8,4,4,3,2,3,2,7,7,0,2
9,485,4,0,4,0,9,8,4,4,3,2,3,2,7,7,0,2
9,485,4,0,4,0,9,8,4,4,3,2,3,2,7,7,0,2
9,485,4,0,4,0,9,8,4,4,3,2,3,2,10,7,8,2
9,485,4,0,4,0,10,10,4,3,3,3,4,3,10,10,8,1
9,485,4,0,4,0,10,10,4,3,3,3,4,3,10,10,8,2
9,485,4,0,4,0,10,10,4,4,3,3,4,3,10,10,9,2
9,485,4,0,4,0,10,10,4,4,3,3,4,3,10,10,9,3
9,485,4,0,4,0,10,10,4,4,3,3,4,3,10,10,9,3
9,485,4,0,4,0,10,10,4,4,3,3,4,3,10,10,9,3
9,485,4,0,4,0,10,10,4,4,3,3,4,3,10,10,5,3
9,485,4,0,4,0,10,10,4,4,3,3,4,3,10,9,5,2
9,485,4,0,4,0,10,10,4,4,3,3,4,3,8,9,5,2
9,485,4,0,4,0,9,10,4,4,3,3,3,3,8,8,5,1
9,485,4,0,4,0,9,10,4,4,3,3,3,3,8,8,0,1
9,485,4,0,4,0,9,10,4,4,3,3,3,3,8,7,0,1
9,485,4,0,4,0,9,10,4,4,3,3,3,3,8,7,0,1
9,485,4,0,4,0,9,10,4,4,3,3,3,3,8,7,0,1
9,485,4,0,4,0,9,10,4,4,3,3,3,3,8,7,0,1
9,485,4,0,4,0,9,10,4,4,3,3,3,3,8,7,0,1
9,485,4,0,4,0,9,10,4,4,3,3,3,3,7,7,0,1
10,486,4,0,4,0,9,10,4,4,3,3,3,3,7,7,0,1
10,486,4,0,4,0,9,10,4,4,3,3,3,3,7,7,0,1
10,486,4,0,4,0,9,10,4,4,3,3,3,3,7,7,0,1
10,486,4,0,4,0,9,10,4,4,3,3,3,3,7,7,0,1
10,486,4,0,4,0,9,10,4,4,3,3,3,3,7,7,0,1
10,486,4,0,4,0,9,10,4,4,3,3,3,3,7,7,0,1
10,486,4,0,4,0,9,10,4,4,3,3,3,3,8,7,8,1
10,486,4,0,4,0,10,10,4,4,3,3,4,4,8,8,8,0
10,486,4,0,4,0,10,10,4,4,3,3,4,4,8,8,8,0
10,486,4,0,4,0,10,10,4,4,3,3,4,4,8,8,9,0
10,486,4,0,4,0,10,10,4,4,3,3,4,4,8,8,9,0
10,486,4,0,4,0,10,10,4,4,3,3,4,4,8,8,9,0
10,486,4,0,4,0,10,10,4,4,3,3,4,4,8,8,9,0
10,486,4,0,4,0,10,10,4,4,3,3,4,3,8,8,5,0
10,486,4,0,4,0,10,10,4,4,3,3,4,3,8,8,5,0
10,486,4,0,4,0,10,10,4,4,3,3,4,3,8,8,5,0
10,486,4,0,4,0,9,10,4,4,3,3,3,3,8,8,5,0
10,486,4,0,4,0,9,10,4,4,3,3,3,3,8,8,0,0
10,486,4,0,4,0,9,10,4,4,3,2,3,3,8,8,0,0
10,486,4,0,4,0,9,10,4,4,3,2,3,3,8,8,0,0
10,486,4,0,4,0,9,10,4,4,3,2,3,3,8,8,0,0
10,486,4,0,4,0,9,10,4,4,3,2,3,3,8,8,0,0
10,486,4,0,4,0,9,10,4,4,3,2,3,3,8,8,0,0
10,486,4,0,4,0,9,10,4,4,3,2,3,3,7,8,0,0
11,487,4,0,4,0,9,10,4,4,3,2,3,3,7,8,0,0
11,487,4,0,4,0,9,10,4,4,3,2,3,3,7,8,0,0
11,487,4,0,4,0,9,10,4,4,3,2,3,3,7,8,0,0
11,487,4,0,4,0,9,10,4,4,3,2,3,3,7,8,0,0
11,487,4,0,4,0,9,10,4,4,3,2,3,3,7,8,0,0
11,487,4,0,4,0,9,10,4,4,3,2,3,3,7,8,0,0
11,487,4,0,4,0,9,10,4,4,3,2,3,3,8,8,8,0
11,487,4,0,4,0,10,10,4,4,3,3,4,3,8,8,8,0
11,487,4,0,4,0,10,10,4,4,3,3,4,3,8,8,8,1
11,487,4,0,4,0,10,10,4,4,3,3,4,3,8,8,9,1
11,487,4,0,4,0,10,10,4,4,3,3,4,3,8,9,9,1
11,487,4,0,4,0,10,10,4,4,3,3,4,3,8,9,9,1
11,487,4,0,4,0,10,10,4,4,3,3,4,3,8,9,9,1
11,487,4,0,4,0,10,10,4,4,3,3,4,3,8,9,5,1
11,487,4,0,4,0,10,10,4,4,3,3,4,3,8,9,5,1
11,487,4,0,4,0,10,10,4,4,3,3,4,3,8,9,5,1
11,487,4,0,4,0,9,9,4,4,3,3,3,3,8,9,5,1
11,487,4,0,4,0,9,9,4,4,3,3,3,3,8,8,0,0
11,487,4,0,4,0,9,9,4,4,3,3,3,3,8,8,0,0
11,487,4,0,4,0,9,9,4,4,3,3,3,3,8,7,0,0
11,487,4,0,4,0,9,9,4,4,3,3,3,3,8,7,0,0
11,487,4,0,4,0,9,9,4,4,3,3,3,3,8,7,0,0
11,487,4,0,4,0,9,9,4,4,3,3,3,3,8,7,0,0
11,487,4,0,4,0,9,9,4,4,3,3,3,3,7,7,0,0
12,488,4,0,3,0,8,9,3,4,2,3,2,3,7,7,0,0
12,488,4,0,3,0,8,9,3,4,2,3,2,3,7,7,0,0
12,488,4,0,3,0,8,9,3,4,2,3,2,3,7,7,0,0
12,488,4,0,3,0,8,9,3,4,2,3,2,3,7,7,0,0
12,488,4,0,3,0,8,9,3,4,2,3,2,3,7,7,0,0
12,488,4,0,3,0,8,9,3,4,2,3,2,3,7,7,0,0
12,488,4,0,3,0,8,9,3,4,2,3,3,3,10,7,0,0
12,488,4,0,3,0,8,8,3,3,2,3,3,3,10,7,0,0
12,488,4,0,3,0,8,8,3,3,2,3,3,3,10,7,0,0
12,488,4,0,3,0,8,8,3,3,2,3,3,3,10,7,0,0
12,488,4,0,3,0,8,8,3,3,2,3,3,3,10,7,0,0
12,488,4,0,3,0,8,8,3,3,2,2,3,3,10,7,0,0
12,488,4,0,3,0,8,8,3,3,2,2,3,3,10,7,0,0
12,488,4,0,3,0,8,8,3,3,2,2,3,3,10,7,0,0
12,488,4,0,3,0,8,8,3,3,2,2,3,3,10,7,0,0
12,488,4,0,3,0,8,8,3,3,2,2,2,3,8,7,0,0
12,488,4,0,3,0,8,7,3,3,2,2,2,3,8,6,0,0
12,488,4,0,3,0,8,7,3,3,2,1,2,3,8,6,0,0
12,488,4,0,3,0,8,6,3,3,2,1,2,3,8,6,0,0
12,488,4,0,3,0,8,6,3,3,2,1,2,3,8,6,0,0
12,488,4,0,3,0,8,6,3,3,2,1,2,3,8,6,0,0
12,488,4,0,3,0,8,6,3,3,2,1,2,3,8,6,0,0
12,488,4,0,3,0,8,6,3,3,2,1,2,3,8,6,0,0
12,488,4,0,3,0,8,6,3,3,2,1,2,3,7,6,0,0
13,489,4,0,3,0,8,6,3,3,2,1,2,3,4,6,0,0
13,489,4,0,3,0,8,6,3,3,2,1,2,3,4,6,0,0
13,489,4,0,3,0,8,6,3,3,2,1,2,3,4,6,0,0
13,489,4,0,3,0,8,6,3,3,2,1,2,3,4,6,0,0
13,489,4,0,3,0,8,6,3,3,2,1,2,3,4,6,0,0
13,489,4,0,3,0,8,6,3,3,2,1,2,3,4,6,0,0
13,489,4,0,3,0,8,6,3,3,2,1,3,3,4,6,0,0
13,489,4,0,3,0,8,6,3,2,2,1,3,2,5,6,0,0
13,489,4,0,3,0,8,6,3,2,2,1,3,2,5,6,0,0
13,489,4,0,3,0,8,6,3,2,2,1,3,2,5,6,0,0
13,489,4,0,3,0,8,6,3,2,2,1,3,2,5,6,0,0
13,489,4,0,3,0,8,6,3,2,2,1,3,2,5,6,0,0
13,489,4,0,3,0,8,6,3,2,2,1,3,2,5,6,0,0
13,489,4,0,3,0,8,6,3,2,2,1,3,2,5,6,0,0
13,489,4,0,3,0,8,6,3,2,2,1,3,2,5,6,0,0
13,489,4,0,3,0,8,6,3,2,2,1,2,2,4,6,0,0
13,489,4,0,3,0,8,6,3,2,2,1,2,2,4,6,0,0
13,489,4,0,3,0,8,6,3,2,2,1,2,2,4,6,0,0
13,489,4,0,3,0,8,6,3,2,2,1,2,2,4,6,0,0
13,489,4,0,3,0,8,6,3,2,2,1,2,2,4,6,0,0
13,489,4,0,3,0,8,6,3,2,2,1,2,2,4,6,0,0
13,489,4,0,3,0,8,5,3,2,2,1,2,1,4,6,0,0
13,489,4,0,3,0,8,5,3,2,2,1,2,1,4,6,0,0
13,489,4,0,3,0,8,5,3,2,2,1,2,1,4,6,0,0
14,490,4,0,4,0,9,5,4,2,3,1,3,1,7,6,0,0
14,490,4,0,4,0,9,5,4,2,3,1,3,1,7,6,0,0
14,490,4,0,4,0,9,5,4,2,3,1,3,1,7,6,0,0
14,490,4,0,4,0,9,5,4,2,3,1,3,1,7,6,0,0
14,490,4,0,4,0,9,5,4,2,3,1,3,1,7,6,0,0
14,490,4,0,4,0,9,5,4,2,3,1,3,1,7,6,0,0
14,490,4,0,4,0,9,5,4,2,3,1,3,1,8,6,8,0
14,490,4,0,4,0,10,8,4,4,3,1,4,2,8,7,8,2
14,490,4,0,4,0,10,9,4,4,3,1,4,2,8,7,8,2
14,490,4,0,4,0,10,10,4,4,3,1,4,2,8,8,9,2
14,490,4,0,4,0,10,10,4,4,3,1,4,2,8,8,9,2
14,490,4,0,4,0,10,10,4,4,3,1,4,2,8,8,9,2
14,490,4,0,4,0,10,10,4,4,3,1,4,2,8,8,9,2
14,490,4,0,4,0,10,10,4,3,3,1,4,2,8,8,5,2
14,490,4,0,4,0,10,10,4,3,3,1,4,2,8,8,5,2
14,490,4,0,4,0,10,10,4,3,3,1,4,2,8,8,5,2
14,490,4,0,4,0,9,10,4,3,3,1,3,2,8,8,5,2
14,490,4,0,4,0,9,10,4,3,3,1,3,2,8,8,0,2
14,490,4,0,4,0,9,10,4,3,3,1,3,2,8,8,0,0
14,490,4,0,4,0,9,10,4,3,3,1,3,2,8,8,0,0
14,490,4,0,4,0,9,10,4,3,3,1,3,2,8,8,0,0
14,490,4,0,4,0,9,10,4,3,3,1,3,2,8,8,0,0
14,490,4,0,4,0,9,10,4,3,3,1,3,2,8,8,0,0
14,490,4,0,4,0,9,10,4,3,3,1,3,2,7,8,0,0
15,491,4,0,4,0,9,10,4,3,3,1,3,2,4,8,0,0
15,491,4,0,4,0,9,10,4,3,3,1,3,2,4,8,0,0
15,491,4,0,4,0,9,10,4,3,3,1,3,2,4,8,0,0
15,491,4,0,4,0,9,10,4,3,3,1,3,2,4,8,0,0
15,491,4,0,4,0,9,10,4,3,3,1,3,2,4,8,0,0
15,491,4,0,4,0,9,10,4,3,3,1,3,2,4,8,0,0
15,491,4,0,4,0,9,10,4,3,3,1,3,2,4,8,8,0
15,491,4,0,4,0,10,10,4,3,3,3,4,3,5,8,8,2
15,491,4,0,4,0,10,10,4,4,3,3,4,3,5,8,8,3
15,491,4,0,4,0,10,10,4,4,3,3,4,3,5,8,9,4
15,491,4,0,4,0,10,10,4,3,3,3,4,3,5,8,9,4
15,491,4,0,4,0,10,10,4,4,3,3,4,3,5,8,9,4
15,491,4,0,4,0,10,10,4,4,3,3,4,3,5,8,9,4
15,491,4,0,4,0,10,10,4,4,3,3,4,3,5,8,5,4
15,491,4,0,4,0,10,9,4,4,3,3,4,3,5,7,5,4
15,491,4,0,4,0,10,9,4,4,3,3,4,3,4,7,5,3
15,491,4,0,4,0,9,9,4,4,3,3,3,3,4,7,5,3
15,491,4,0,4,0,9,7,4,4,3,3,3,3,4,7,0,3
15,491,4,0,4,0,9,7,4,4,3,3,3,3,4,7,0,3
15,491,4,0,4,0,9,7,4,4,3,3,3,3,4,7,0,2
15,491,4,0,4,0,9,7,4,4,3,3,3,3,4,7,0,2
15,491,4,0,4,0,9,7,4,4,3,3,3,3,4,7,0,2
15,491,4,0,4,0,9,7,4,4,3,3,3,3,4,7,0,2
15,491,4,0,4,0,9,7,4,4,3,3,3,3,4,7,0,2
16,492,4,0,4,0,9,7,4,4,3,3,3,3,7,7,0,2
16,492,4,0,4,0,9,7,4,4,3,3,3,3,7,7,0,2
16,492,4,0,4,0,9,7,4,4,3,3,3,3,7,7,0,2
16,492,4,0,4,0,9,7,4,4,3,3,3,3,7,7,0,2
16,492,4,0,4,0,9,7,4,4,3,3,3,3,7,7,0,2
16,492,4,0,4,0,9,7,4,4,3,3,3,3,7,7,0,2
16,492,4,0,4,0,9,7,4,4,3,3,3,3,10,8,8,2
16,492,4,0,4,0,10,10,4,4,3,3,4,3,10,9,8,1
16,492,4,0,4,0,10,10,4,4,3,3,4,3,10,10,8,1
16,492,4,0,4,0,10,10,4,4,3,3,4,3,10,10,9,2
16,492,4,0,4,0,10,10,4,4,3,3,4,3,10,11,9,2
16,492,4,0,4,0,10,10,4,4,3,3,4,3,10,11,9,2
16,492,4,0,4,0,10,8,4,4,3,3,4,3,10,10,9,2
16,492,4,0,4,0,10,9,4,4,3,3,4,3,10,10,5,1
16,492,4,0,4,0,10,9,4,3,3,3,4,3,10,10,5,1
16,492,4,0,4,0,10,9,4,3,3,3,4,3,8,10,5,1
16,492,4,0,4,0,9,9,4,3,3,3,3,3,8,10,5,1
16,492,4,0,4,0,9,9,4,3,3,3,3,3,8,10,0,1
16,492,4,0,4,0,9,9,4,3,3,3,3,3,8,10,0,1
16,492,4,0,4,0,9,9,4,3,3,3,3,3,8,10,0,1
16,492,4,0,4,0,9,9,4,3,3,2,3,3,8,10,0,1
16,492,4,0,4,0,9,9,4,3,3,2,3,3,8,10,0,1
16,492,4,0,4,0,9,9,4,3,3,2,3,3,8,10,0,1
16,492,4,0,4,0,9,9,4,3,3,2,3,3,7,10,0,1
17,493,4,0,4,0,9,9,4,3,3,2,3,3,7,10,0,1
17,493,4,0,4,0,9,9,4,3,3,2,3,3,7,10,0,1
17,493,4,0,4,0,9,9,4,3,3,2,3,3,7,10,0,1
17,493,4,0,4,0,9,9,4,3,3,2,3,3,7,10,0,1
17,493,4,0,4,0,9,9,4,3,3,2,3,3,7,10,0,1
17,493,4,0,4,0,9,9,4,3,3,2,3,3,7,10,0,1
17,493,4,0,4,0,9,9,4,3,3,2,3,3,8,10,8,1
17,493,4,0,4,0,10,8,4,4,3,2,4,4,8,9,8,1
17,493,4,0,4,0,10,10,4,4,3,2,4,4,8,9,8,1
17,493,4,0,4,0,10,9,4,3,3,2,4,4,8,9,9,1
17,493,4,0,4,0,10,10,4,3,3,2,4,4,8,9,9,1
17,493,4,0,4,0,10,10,4,3,3,2,4,4,8,9,9,1
17,493,4,0,4,0,10,10,4,3,3,2,4,4,8,9,9,1
17,493,4,0,4,0,10,10,4,3,3,2,4,4,8,9,5,1
17,493,4,0,4,0,10,9,4,3,3,2,4,4,8,9,5,1
17,493,4,0,4,0,10,8,4,3,3,2,4,4,8,9,5,1
17,493,4,0,4,0,9,8,4,3,3,2,3,4,8,9,5,1
17,493,4,0,4,0,9,8,4,3,3,2,3,4,8,9,0,1
17,493,4,0,4,0,9,8,4,3,3,2,3,4,8,9,0,1
17,493,4,0,4,0,9,8,4,3,3,2,3,4,8,9,0,1
17,493,4,0,4,0,9,8,4,3,3,2,3,4,8,9,0,1
17,493,4,0,4,0,9,8,4,3,3,2,3,4,8,9,0,1
17,493,4,0,4,0,9,8,4,3,3,2,3,4,8,9,0,1
17,493,4,0,4,0,9,8,4,3,3,2,3,4,7,9,0,1
18,494,4,0,4,0,9,8,4,3,3,2,3,4,7,9,0,1
18,494,4,0,4,0,9,8,4,3,3,2,3,4,7,9,0,1
18,494,4,0,4,0,9,8,4,3,3,2,3,4,7,9,0,1
18,494,4,0,4,0,9,8,4,3,3,2,3,4,7,9,0,1
18,494,4,0,4,0,9,8,4,3,3,2,3,4,7,9,0,1
18,494,4,0,4,0,9,8,4,3,3,2,3,4,7,9,0,1
18,494,4,0,4,0,9,8,4,3,3,2,3,4,8,9,8,1
18,494,4,0,4,0,10,8,4,3,3,3,4,4,8,8,8,2
18,494,4,0,4,0,10,10,4,4,3,3,4,4,8,8,8,2
18,494,4,0,4,0,10,10,4,4,3,3,4,4,8,8,9,3
18,494,4,0,4,0,10,10,4,4,3,3,4,4,8,8,9,3
18,494,4,0,4,0,10,10,4,4,3,3,4,4,8,8,9,3
18,494,4,0,4,0,10,10,4,4,3,3,4,4,8,8,9,3
18,494,4,0,4,0,10,10,4,4,3,3,4,4,8,8,5,3
18,494,4,0,4,0,10,10,4,4,3,3,4,4,8,6,5,2
18,494,4,0,4,0,10,10,4,4,3,3,4,4,8,6,5,1
18,494,4,0,4,0,9,10,4,4,3,3,3,4,8,6,5,1
18,494,4,0,4,0,9,9,4,4,3,3,3,4,8,6,0,1
18,494,4,0,4,0,9,9,4,4,3,3,3,4,8,6,0,1
18,494,4,0,4,0,9,9,4,4,3,2,3,4,8,6,0,1
18,494,4,0,4,0,9,8,4,4,3,2,3,4,8,6,0,1
18,494,4,0,4,0,9,8,4,4,3,2,3,4,8,6,0,1
18,494,4,0,4,0,9,8,4,4,3,2,3,4,8,6,0,1
18,494,4,0,4,0,9,8,4,4,3,2,3,4,7,6,0,1
19,495,4,0,3,0,8,8,3,4,2,2,2,4,7,6,0,1
19,495,4,0,3,0,8,8,3,4,2,2,2,4,7,6,0,1
19,495,4,0,3,0,8,8,3,4,2,2,2,4,7,6,0,1
19,495,4,0,3,0,8,8,3,4,2,2,2,4,7,6,0,1
19,495,4,0,3,0,8,8,3,4,2,2,2,4,7,6,0,1
19,495,4,0,3,0,8,8,3,4,2,2,2,4,7,6,0,1
19,495,4,0,3,0,8,8,3,4,2,2,3,4,10,6,0,1
19,495,4,0,3,0,8,6,3,4,2,1,3,4,10,5,0,1
19,495,4,0,3,0,8,6,3,4,2,1,3,4,10,5,0,1
19,495,4,0,3,0,8,6,3,3,2,1,3,4,10,5,0,0
19,495,4,0,3,0,8,6,3,3,2,1,3,4,10,5,0,0
19,495,4,0,3,0,8,6,3,3,2,1,3,4,10,5,0,0
19,495,4,0,3,0,8,6,3,3,2,1,3,4,10,5,0,0
19,495,4,0,3,0,8,6,3,3,2,1,3,4,10,5,0,0
19,495,4,0,3,0,8,6,3,3,2,1,3,4,10,5,0,0
19,495,4,0,3,0,8,6,3,3,2,1,2,4,8,5,0,0
19,495,4,0,3,0,8,6,3,3,2,1,2,4,8,5,0,0
19,495,4,0,3,0,8,6,3,3,2,1,2,4,8,5,0,0
19,495,4,0,3,0,8,6,3,3,2,1,2,4,8,5,0,0
19,495,4,0,3,0,8,6,3,3,2,1,2,4,8,5,0,0
19,495,4,0,3,0,8,6,3,3,2,1,2,4,8,5,0,0
19,495,4,0,3,0,8,6,3,3,2,1,2,4,8,5,0,0
19,495,4,0,3,0,8,6,3,3,2,1,2,4,8,5,0,0
19,495,4,0,3,0,8,6,3,3,2,1,2,4,7,5,0,0
20,496,4,0,3,0,8,6,3,3,2,1,2,4,4,5,0,0
20,496,4,0,3,0,8,6,3,3,2,1,2,4,4,5,0,0
20,496,4,0,3,0,8,6,3,3,2,1,2,4,4,5,0,0
20,496,4,0,3,0,8,6,3,3,2,1,2,4,4,5,0,0
20,496,4,0,3,0,8,6,3,3,2,1,2,4,4,5,0,0
20,496,4,0,3,0,8,6,3,3,2,1,2,4,4,5,0,0
20,496,4,0,3,0,8,6,3,3,2,1,3,4,4,5,0,0
20,496,4,0,3,0,8,6,3,3,2,1,3,2,5,5,0,0
20,496,4,0,3,0,8,6,3,3,2,1,3,2,5,5,0,0
20,496,4,0,3,0,8,6,3,2,2,1,3,2,5,5,0,0
20,496,4,0,3,0,8,6,3,2,2,1,3,2,5,5,0,0
20,496,4,0,3,0,8,6,3,2,2,1,3,2,5,4,0,0
20,496,4,0,3,0,8,6,3,2,2,1,3,2,5,4,0,0
20,496,4,0,3,0,8,6,3,2,2,1,3,2,5,4,0,0
20,496,4,0,3,0,8,6,3,2,2,1,3,2,5,4,0,0
20,496,4,0,3,0,8,6,3,2,2,1,2,2,4,4,0,0
20,496,4,0,3,0,8,6,3,2,2,1,2,2,4,4,0,0
20,496,4,0,3,0,8,6,3,2,2,1,2,2,4,4,0,0
20,496,4,0,3,0,8,5,3,2,2,1,2,2,4,3,0,0
20,496,4,0,3,0,8,5,3,2,2,1,2,2,4,3,0,0
20,496,4,0,3,0,8,5,3,2,2,1,2,2,4,3,0,0
20,496,4,0,3,0,8,5,3,2,2,1,2,2,4,3,0,0
20,496,4,0,3,0,8,5,3,2,2,1,2,2,4,3,0,0
20,496,4,0,3,0,8,5,3,2,2,1,2,2,4,3,0,0
21,497,4,0,4,0,9,5,4,2,3,1,3,2,7,3,0,0
21,497,4,0,4,0,9,5,4,2,3,1,3,2,7,3,0,0
21,497,4,0,4,0,9,5,4,2,3,1,3,2,7,3,0,0
21,497,4,0,4,0,9,5,4,2,3,1,3,2,7,3,0,0
21,497,4,0,4,0,9,5,4,2,3,1,3,2,7,3,0,0
21,497,4,0,4,0,9,5,4,2,3,1,3,2,7,3,0,0
21,497,4,0,4,0,9,5,4,2,3,1,3,2,8,3,8,0
21,497,4,0,4,0,10,8,4,4,3,2,4,2,8,3,8,1
21,497,4,0,4,0,10,9,4,4,3,3,4,2,8,3,8,1
21,497,4,0,4,0,10,10,4,4,3,2,4,2,8,4,9,1
21,497,4,0,4,0,10,10,4,4,3,3,4,2,8,4,9,1
21,497,4,0,4,0,10,10,4,4,3,2,4,2,8,4,9,1
21,497,4,0,4,0,10,10,4,4,3,3,4,2,8,4,9,1
21,497,4,0,4,0,10,9,4,4,3,3,4,2,8,3,5,1
21,497,4,0,4,0,10,9,4,4,3,2,4,2,8,3,5,1
21,497,4,0,4,0,10,9,4,4,3,2,4,2,8,3,5,1
21,497,4,0,4,0,9,9,4,4,3,2,3,2,8,3,5,1
21,497,4,0,4,0,9,9,4,4,3,2,3,2,8,3,0,1
21,497,4,0,4,0,9,9,4,4,3,2,3,2,8,3,0,1
21,497,4,0,4,0,9,9,4,4,3,2,3,2,8,3,0,0
21,497,4,0,4,0,9,9,4,4,3,2,3,2,8,3,0,0
21,497,4,0,4,0,9,9,4,4,3,2,3,2,8,3,0,0
21,497,4,0,4,0,9,9,4,4,3,2,3,2,8,3,0,0
21,497,4,0,4,0,9,9,4,4,3,2,3,2,7,3,0,0
22,498,4,0,4,0,9,9,4,4,3,2,3,2,4,3,0,0
22,498,4,0,4,0,9,9,4,4,3,2,3,2,4,3,0,0
22,498,4,0,4,0,9,9,4,4,3,2,3,2,4,3,0,0
22,498,4,0,4,0,9,9,4,4,3,2,3,2,4,3,0,0
22,498,4,0,4,0,9,9,4,4,3,2,3,2,4,3,0,0
22,498,4,0,4,0,9,9,4,4,3,2,3,2,4,3,0,0
22,498,4,0,4,0,9,9,4,4,3,2,3,2,4,3,8,0
22,498,4,0,4,0,10,9,4,4,3,3,4,3,5,5,8,5
22,498,4,0,4,0,10,10,4,4,3,3,4,3,5,6,8,6
22,498,4,0,4,0,10,10,4,4,3,3,4,3,5,6,9,7
22,498,4,0,4,0,10,10,4,4,3,3,4,2,5,6,9,8
22,498,4,0,4,0,10,10,4,4,3,3,4,2,5,6,9,8
22,498,4,0,4,0,10,10,4,4,3,2,4,2,5,6,9,8
22,498,4,0,4,0,10,10,4,4,3,2,4,2,5,5,5,8
22,498,4,0,4,0,10,10,4,4,3,2,4,2,5,5,5,8
22,498,4,0,4,0,10,10,4,4,3,2,4,2,4,5,5,4
22,498,4,0,4,0,9,10,4,4,3,2,3,2,4,5,5,4
22,498,4,0,4,0,9,10,4,4,3,2,3,2,4,5,0,4
22,498,4,0,4,0,9,10,4,4,3,2,3,2,4,4,0,3
22,498,4,0,4,0,9,10,4,4,3,2,3,2,4,4,0,1
22,498,4,0,4,0,9,10,4,4,3,2,3,2,4,4,0,1
22,498,4,0,4,0,9,9,4,4,3,2,3,2,4,4,0,1
22,498,4,0,4,0,9,8,4,4,3,2,3,2,4,4,0,1
22,498,4,0,4,0,9,8,4,4,3,2,3,2,4,4,0,1
23,499,4,0,4,0,9,8,4,4,3,2,3,2,7,4,0,1
23,499,4,0,4,0,9,8,4,4,3,2,3,2,7,4,0,1
23,499,4,0,4,0,9,8,4,4,3,2,3,2,7,4,0,1
23,499,4,0,4,0,9,8,4,4,3,2,3,2,7,4,0,1
23,499,4,0,4,0,9,8,4,4,3,2,3,2,7,4,0,1
23,499,4,0,4,0,9,8,4,4,3,2,3,2,7,4,0,1
23,499,4,0,4,0,9,8,4,4,3,2,3,2,10,4,8,1
23,499,4,0,4,0,10,7,4,4,3,3,4,3,10,9,8,0
23,499,4,0,4,0,10,8,4,4,3,3,4,3,10,8,8,0
23,499,4,0,4,0,10,9,4,4,3,3,4,3,10,10,9,0
23,499,4,0,4,0,10,10,4,4,3,3,4,3,10,10,9,0
23,499,4,0,4,0,10,10,4,4,3,3,4,3,10,10,9,0
23,499,4,0,4,0,10,10,4,4,3,3,4,3,10,10,9,0
23,499,4,0,4,0,10,9,4,4,3,3,4,3,10,10,5,0
23,499,4,0,4,0,10,9,4,4,3,3,4,3,10,10,5,0
23,499,4,0,4,0,10,8,4,4,3,3,4,3,8,10,5,0
23,499,4,0,4,0,9,8,4,4,3,3,3,3,8,9,5,0
23,499,4,0,4,0,9,8,4,4,3,3,3,3,8,9,0,0
23,499,4,0,4,0,9,8,4,4,3,3,3,3,8,8,0,0
23,499,4,0,4,0,9,7,4,4,3,2,3,3,8,6,0,0
23,499,4,0,4,0,9,7,4,4,3,2,3,3,8,6,0,0
23,499,4,0,4,0,9,7,4,3,3,2,3,3,8,6,0,0
23,499,4,0,4,0,9,7,4,3,3,2,3,3,8,6,0,0
23,499,4,0,4,0,9,7,4,3,3,2,3,3,7,6,0,0
24,500,4,0,4,0,9,7,4,3,3,2,3,3,7,6,0,0
24,500,4,0,4,0,9,7,4,3,3,2,3,3,7,6,0,0
24,500,4,0,4,0,9,7,4,3,3,2,3,3,7,6,0,0
24,500,4,0,4,0,9,7,4,3,3,2,3,3,7,6,0,0
24,500,4,0,4,0,9,7,4,3,3,2,3,3,7,6,0,0
24,500,4,0,4,0,9,7,4,3,3,2,3,3,7,6,0,0
24,500,4,0,4,0,9,7,4,3,3,2,3,3,8,6,8,0
24,500,4,0,4,0,10,8,4,4,3,2,4,4,8,8,8,0
24,500,4,0,4,0,10,10,4,4,3,2,4,4,8,8,8,0
24,500,4,0,4,0,10,10,4,4,3,2,4,4,8,8,9,0
24,500,4,0,4,0,10,10,4,4,3,2,4,4,8,8,9,0
24,500,4,0,4,0,10,10,4,3,3,2,4,4,8,8,9,0
24,500,4,0,4,0,10,10,4,3,3,2,4,4,8,8,9,0
24,500,4,0,4,0,10,10,4,3,3,2,4,4,8,7,5,0
24,500,4,0,4,0,10,10,4,3,3,2,4,4,8,7,5,0
24,500,4,0,4,0,10,9,4,3,3,2,4,4,8,6,5,0
24,500,4,0,4,0,9,9,4,3,3,2,3,4,8,6,5,0
24,500,4,0,4,0,9,9,4,3,3,2,3,4,8,6,0,0
24,500,4,0,4,0,9,9,4,3,3,2,3,4,8,6,0,0
24,500,4,0,4,0,9,9,4,3,3,2,3,4,8,6,0,0
24,500,4,0,4,0,9,9,4,3,3,2,3,4,8,6,0,0
24,500,4,0,4,0,9,9,4,3,3,2,3,4,8,6,0,0
24,500,4,0,4,0,9,9,4,3,3,2,3,4,8,6,0,0
24,500,4,0,4,0,9,9,4,3,3,2,3,4,7,6,0,0
25,501,4,0,4,0,9,9,4,3,3,2,3,4,7,6,0,0
25,501,4,0,4,0,9,9,4,3,3,2,3,4,7,6,0,0
25,501,4,0,4,0,9,9,4,3,3,2,3,4,7,6,0,0
25,501,4,0,4,0,9,9,4,3,3,2,3,4,7,6,0,0
25,501,4,0,4,0,9,9,4,3,3,2,3,4,7,6,0,0
25,501,4,0,4,0,9,9,4,3,3,2,3,4,7,6,0,0
25,501,4,0,4,0,9,9,4,3,3,2,3,4,8,6,8,0
25,501,4,0,4,0,10,10,4,3,3,3,4,4,8,7,8,1
25,501,4,0,4,0,10,10,4,4,3,3,4,4,8,7,8,1
25,501,4,0,4,0,10,10,4,4,3,3,4,4,8,8,9,2
25,501,4,0,4,0,10,10,4,4,3,3,4,4,8,8,9,3
25,501,4,0,4,0,10,10,4,4,3,3,4,4,8,7,9,4
25,501,4,0,4,0,10,10,4,4,3,3,4,4,8,8,9,4
25,501,4,0,4,0,10,10,4,4,3,3,4,4,8,8,5,3
25,501,4,0,4,0,10,9,4,4,3,3,4,4,8,8,5,3
25,501,4,0,4,0,10,9,4,4,3,3,4,4,8,8,5,1
25,501,4,0,4,0,9,8,4,4,3,3,3,4,8,7,5,1
25,501,4,0,4,0,9,7,4,3,3,3,3,4,8,7,0,1
25,501,4,0,4,0,9,7,4,3,3,3,3,4,8,7,0,1
25,501,4,0,4,0,9,7,4,3,3,3,3,4,8,7,0,1
25,501,4,0,4,0,9,7,4,3,3,3,3,4,8,7,0,1
25,501,4,0,4,0,9,7,4,3,3,3,3,4,8,5,0,1
25,501,4,0,4,0,9,7,4,2,3,2,3,4,8,5,0,1
25,501,4,0,4,0,9,7,4,2,3,2,3,4,7,5,0,1
26,502,4,0,3,0,8,7,3,2,2,3,2,4,7,5,0,1
26,502,4,0,3,0,8,7,3,2,2,3,2,4,7,5,0,1
26,502,4,0,3,0,8,7,3,2,2,3,2,4,7,5,0,1
26,502,4,0,3,0,8,7,3,2,2,3,2,4,7,5,0,1
26,502,4,0,3,0,8,7,3,2,2,3,2,4,7,5,0,1
26,502,4,0,3,0,8,7,3,2,2,3,2,4,7,5,0,1
26,502,4,0,3,0,8,7,3,2,2,3,3,4,10,5,0,1
26,502,4,0,3,0,8,7,3,2,2,3,3,3,10,4,0,1
26,502,4,0,3,0,8,7,3,2,2,2,3,3,10,4,0,0
26,502,4,0,3,0,8,7,3,2,2,2,3,3,10,4,0,0
26,502,4,0,3,0,8,7,3,2,2,2,3,3,10,4,0,0
26,502,4,0,3,0,8,7,3,1,2,2,3,3,10,4,0,0
26,502,4,0,3,0,8,7,3,1,2,2,3,3,10,4,0,0
26,502,4,0,3,0,8,7,3,1,2,2,3,3,10,3,0,0
26,502,4,0,3,0,8,7,3,1,2,2,3,3,10,3,0,0
26,502,4,0,3,0,8,7,3,1,2,2,2,3,8,3,0,0
26,502,4,0,3,0,8,7,3,1,2,2,2,3,8,3,0,0
26,502,4,0,3,0,8,7,3,1,2,2,2,3,8,3,0,0
26,502,4,0,3,0,8,6,3,1,2,2,2,3,8,3,0,0
26,502,4,0,3,0,8,6,3,1,2,2,2,3,8,3,0,0
26,502,4,0,3,0,8,6,3,1,2,2,2,3,8,3,0,0
26,502,4,0,3,0,8,6,3,1,2,2,2,3,8,3,0,0
26,502,4,0,3,0,8,6,3,1,2,2,2,3,8,3,0,0
26,502,4,0,3,0,8,6,3,1,2,2,2,3,7,3,0,0
27,503,4,0,3,0,8,6,3,1,2,2,2,3,4,3,0,0
27,503,4,0,3,0,8,6,3,1,2,2,2,3,4,3,0,0
27,503,4,0,3,0,8,6,3,1,2,2,2,3,4,3,0,0
27,503,4,0,3,0,8,6,3,1,2,2,2,3,4,3,0,0
27,503,4,0,3,0,8,6,3,1,2,2,2,3,4,3,0,0
27,503,4,0,3,0,8,6,3,1,2,2,2,3,4,3,0,0
27,503,4,0,3,0,8,6,3,1,2,2,3,3,4,3,0,0
27,503,4,0,3,0,8,5,3,1,2,2,3,2,5,2,0,0
27,503,4,0,3,0,8,5,3,1,2,2,3,2,5,2,0,0
27,503,4,0,3,0,8,5,3,1,2,2,3,2,5,2,0,0
27,503,4,0,3,0,8,5,3,1,2,2,3,2,5,2,0,0
27,503,4,0,3,0,8,5,3,1,2,2,3,2,5,2,0,0
27,503,4,0,3,0,8,5,3,1,2,2,3,2,5,2,0,0
27,503,4,0,3,0,8,5,3,1,2,2,3,2,5,2,0,0
27,503,4,0,3,0,8,5,3,1,2,1,3,2,5,2,0,0
27,503,4,0,3,0,8,4,3,1,2,1,2,2,4,2,0,0
27,503,4,0,3,0,8,4,3,1,2,1,2,2,4,2,0,0
27,503,4,0,3,0,8,4,3,1,2,1,2,1,4,2,0,0
27,503,4,0,3,0,8,4,3,1,2,1,2,1,4,2,0,0
27,503,4,0,3,0,8,4,3,1,2,1,2,1,4,2,0,0
27,503,4,0,3,0,8,4,3,1,2,1,2,1,4,2,0,0
27,503,4,0,3,0,8,4,3,1,2,1,2,1,4,2,0,0
27,503,4,0,3,0,8,4,3,1,2,1,2,1,4,2,0,0
27,503,4,0,3,0,8,4,3,1,2,1,2,1,4,2,0,0
0,504,4,0,4,0,9,4,4,1,3,1,3,1,7,2,0,0
0,504,4,0,4,0,9,4,4,1,3,1,3,1,7,2,0,0
0,504,4,0,4,0,9,4,4,1,3,1,3,1,7,2,0,0
0,504,4,0,4,0,9,4,4,1,3,1,3,1,7,2,0,0
0,504,4,0,4,0,9,4,4,1,3,1,3,1,7,2,0,0
0,504,4,0,4,0,9,4,4,1,3,1,3,1,7,2,0,0
0,504,4,0,4,0,9,4,4,1,3,1,3,1,8,2,8,0
0,504,4,0,4,0,10,7,4,3,3,1,4,2,8,3,8,2
0,504,4,0,4,0,10,8,4,4,3,1,4,2,8,3,8,2
0,504,4,0,4,0,10,8,4,4,3,1,4,2,8,5,9,2
0,504,4,0,4,0,10,9,4,4,3,1,4,2,8,5,9,2
0,504,4,0,4,0,10,9,4,4,3,2,4,2,8,5,9,2
0,504,4,0,4,0,10,10,4,4,3,2,4,2,8,5,9,2
0,504,4,0,4,0,10,10,4,4,3,2,4,2,8,3,5,2
0,504,4,0,4,0,10,8,4,3,3,1,4,2,8,3,5,1
0,504,4,0,4,0,10,7,4,3,3,1,4,2,8,3,5,1
0,504,4,0,4,0,9,7,4,3,3,1,3,2,8,3,5,1
0,504,4,0,4,0,9,6,4,3,3,1,3,2,8,3,0,1
0,504,4,0,4,0,9,6,4,3,3,1,3,2,8,3,0,1
0,504,4,0,4,0,9,6,4,3,3,1,3,2,8,3,0,1
0,504,4,0,4,0,9,6,4,3,3,1,3,2,8,3,0,1
0,504,4,0,4,0,9,6,4,3,3,1,3,1,8,3,0,1
0,504,4,0,4,0,9,6,4,3,3,1,3,1,8,3,0,1
0,504,4,0,4,0,9,6,4,3,3,1,3,1,7,3,0,1
1,505,4,0,4,0,9,6,4,3,3,1,3,1,4,3,0,1
1,505,4,0,4,0,9,6,4,3,3,1,3,1,4,3,0,1
1,505,4,0,4,0,9,6,4,3,3,1,3,1,4,3,0,1
1,505,4,0,4,0,9,6,4,3,3,1,3,1,4,3,0,1
1,505,4,0,4,0,9,6,4,3,3,1,3,1,4,3,0,1
1,505,4,0,4,0,9,6,4,3,3,1,3,1,4,3,0,1
1,505,4,0,4,0,9,6,4,3,3,1,3,1,4,3,8,1
1,505,4,0,4,0,10,9,4,3,3,3,4,2,5,4,8,2
1,505,4,0,4,0,10,10,4,3,3,3,4,2,5,5,8,2
1,505,4,0,4,0,10,10,4,4,3,3,4,2,5,5,9,3
1,505,4,0,4,0,10,10,4,4,3,3,4,2,5,5,9,3
1,505,4,0,4,0,10,10,4,4,3,3,4,2,5,5,9,2
1,505,4,0,4,0,10,10,4,4,3,3,4,2,5,5,9,2
1,505,4,0,4,0,10,10,4,4,3,3,4,2,5,5,5,2
1,505,4,0,4,0,10,10,4,4,3,3,4,2,5,5,5,2
1,505,4,0,4,0,10,10,4,4,3,3,4,2,4,5,5,2
1,505,4,0,4,0,9,10,4,3,3,3,3,2,4,5,5,2
1,505,4,0,4,0,9,9,4,3,3,2,3,2,4,5,0,1
1,505,4,0,4,0,9,9,4,3,3,2,3,2,4,5,0,1
1,505,4,0,4,0,9,9,4,3,3,2,3,2,4,5,0,1
1,505,4,0,4,0,9,9,4,3,3,2,3,1,4,5,0,1
1,505,4,0,4,0,9,8,4,3,3,2,3,1,4,5,0,0
1,505,4,0,4,0,9,8,4,3,3,2,3,1,4,5,0,0
1,505,4,0,4,0,9,8,4,3,3,2,3,1,4,5,0,0
2,506,4,0,4,0,9,8,4,3,3,2,3,1,7,5,0,0
2,506,4,0,4,0,9,8,4,3,3,2,3,1,7,5,0,0
2,506,4,0,4,0,9,8,4,3,3,2,3,1,7,5,0,0
2,506,4,0,4,0,9,8,4,3,3,2,3,1,7,5,0,0
2,506,4,0,4,0,9,8,4,3,3,2,3,1,7,5,0,0
2,506,4,0,4,0,9,8,4,3,3,2,3,1,7,5,0,0
2,506,4,0,4,0,9,8,4,3,3,2,3,1,10,5,8,0
2,506,4,0,4,0,10,9,4,3,3,2,4,2,10,9,8,1
2,506,4,0,4,0,10,9,4,4,3,2,4,2,10,10,8,1
2,506,4,0,4,0,10,10,4,4,3,2,4,2,10,10,9,1
2,506,4,0,4,0,10,10,4,4,3,3,4,2,10,10,9,1
2,506,4,0,4,0,10,10,4,3,3,3,4,2,10,10,9,1
2,506,4,0,4,0,10,10,4,2,3,3,4,2,10,11,9,1
2,506,4,0,4,0,10,10,4,2,3,3,4,2,10,11,5,1
2,506,4,0,4,0,10,10,4,2,3,3,4,2,10,11,5,1
2,506,4,0,4,0,10,10,4,2,3,3,4,2,8,10,5,0
2,506,4,0,4,0,9,10,4,2,3,3,3,2,8,10,5,0
2,506,4,0,4,0,9,10,4,2,3,3,3,2,8,9,0,0
2,506,4,0,4,0,9,10,4,2,3,3,3,2,8,9,0,0
2,506,4,0,4,0,9,10,4,2,3,3,3,2,8,9,0,0
2,506,4,0,4,0,9,10,4,2,3,3,3,2,8,9,0,0
2,506,4,0,4,0,9,10,4,2,3,3,3,2,8,9,0,0
2,506,4,0,4,0,9,10,4,2,3,3,3,2,8,9,0,0
2,506,4,0,4,0,9,10,4,2,3,3,3,2,7,9,0,0
3,507,4,0,4,0,9,10,4,2,3,3,3,2,7,9,0,0
3,507,4,0,4,0,9,10,4,2,3,3,3,2,7,9,0,0
3,507,4,0,4,0,9,10,4,2,3,3,3,2,7,9,0,0
3,507,4,0,4,0,9,10,4,2,3,3,3,2,7,9,0,0
3,507,4,0,4,0,9,10,4,2,3,3,3,2,7,9,0,0
3,507,4,0,4,0,9,10,4,2,3,3,3,2,7,9,0,0
3,507,4,0,4,0,9,10,4,2,3,3,3,2,8,9,8,0
3,507,4,0,4,0,10,8,4,3,3,3,4,3,8,8,8,0
3,507,4,0,4,0,10,8,4,3,3,3,4,3,8,8,8,0
3,507,4,0,4,0,10,10,4,3,3,3,4,3,8,8,9,0
3,507,4,0,4,0,10,10,4,3,3,3,4,3,8,8,9,0
3,507,4,0,4,0,10,10,4,3,3,3,4,3,8,8,9,0
3,507,4,0,4,0,10,10,4,3,3,2,4,3,8,8,9,0
3,507,4,0,4,0,10,10,4,3,3,2,4,3,8,8,5,0
3,507,4,0,4,0,10,9,4,3,3,2,4,3,8,8,5,0
3,507,4,0,4,0,10,9,4,3,3,2,4,3,8,8,5,0
3,507,4,0,4,0,9,9,4,3,3,2,3,3,8,8,5,0
3,507,4,0,4,0,9,9,4,3,3,2,3,3,8,8,0,0
3,507,4,0,4,0,9,9,4,3,3,2,3,3,8,8,0,0
3,507,4,0,4,0,9,9,4,3,3,2,3,3,8,7,0,0
3,507,4,0,4,0,9,9,4,3,3,2,3,3,8,7,0,0
3,507,4,0,4,0,9,9,4,3,3,2,3,3,8,7,0,0
3,507,4,0,4,0,9,8,4,3,3,2,3,3,8,7,0,0
3,507,4,0,4,0,9,8,4,3,3,2,3,3,7,7,0,0
4,508,4,0,4,0,9,8,4,3,3,2,3,3,7,7,0,0
4,508,4,0,4,0,9,8,4,3,3,2,3,3,7,7,0,0
4,508,4,0,4,0,9,8,4,3,3,2,3,3,7,7,0,0
4,508,4,0,4,0,9,8,4,3,3,2,3,3,7,7,0,0
4,508,4,0,4,0,9,8,4,3,3,2,3,3,7,7,0,0
4,508,4,0,4,0,9,8,4,3,3,2,3,3,7,7,0,0
4,508,4,0,4,0,9,8,4,3,3,2,3,3,8,7,8,0
4,508,4,0,4,0,10,9,4,3,3,2,4,3,8,8,8,1
4,508,4,0,4,0,10,10,4,4,3,3,4,3,8,8,8,1
4,508,4,0,4,0,10,10,4,4,3,3,4,3,8,8,9,1
4,508,4,0,4,0,10,10,4,4,3,3,4,3,8,8,9,1
4,508,4,0,4,0,10,10,4,4,3,3,4,3,8,8,9,1
4,508,4,0,4,0,10,10,4,4,3,3,4,3,8,8,9,1
4,508,4,0,4,0,10,10,4,4,3,3,4,3,8,8,5,1
4,508,4,0,4,0,10,10,4,3,3,3,4,3,8,8,5,1
4,508,4,0,4,0,10,9,4,3,3,3,4,3,8,7,5,1
4,508,4,0,4,0,9,9,4,3,3,3,3,3,8,7,5,1
4,508,4,0,4,0,9,9,4,3,3,3,3,3,8,7,0,1
4,508,4,0,4,0,9,8,4,3,3,3,3,3,8,7,0,1
4,508,4,0,4,0,9,8,4,3,3,3,3,3,8,7,0,1
4,508,4,0,4,0,9,8,4,3,3,3,3,3,8,7,0,1
4,508,4,0,4,0,9,8,4,3,3,3,3,3,8,7,0,1
4,508,4,0,4,0,9,8,4,3,3,3,3,3,8,7,0,1
4,508,4,0,4,0,9,8,4,3,3,3,3,3,7,7,0,1
5,509,4,0,3,0,8,8,3,4,2,3,2,3,7,7,0,1
5,509,4,0,3,0,8,8,3,4,2,3,2,3,7,7,0,1
5,509,4,0,3,0,8,8,3,4,2,3,2,3,7,7,0,1
5,509,4,0,3,0,8,8,3,4,2,3,2,3,7,7,0,1
5,509,4,0,3,0,8,8,3,4,2,3,2,3,7,7,0,1
5,509,4,0,3,0,8,8,3,4,2,3,2,3,7,7,0,1
5,509,4,0,3,0,8,8,3,4,2,3,3,3,10,7,0,1
5,509,4,0,3,0,8,7,3,3,2,3,3,3,10,5,0,0
5,509,4,0,3,0,8,6,3,3,2,3,3,3,10,5,0,0
5,509,4,0,3,0,8,6,3,3,2,2,3,2,10,5,0,0
5,509,4,0,3,0,8,6,3,3,2,1,3,2,10,5,0,0
5,509,4,0,3,0,8,6,3,3,2,1,3,2,10,5,0,0
5,509,4,0,3,0,8,6,3,3,2,1,3,2,10,5,0,0
5,509,4,0,3,0,8,6,3,3,2,1,3,2,10,5,0,0
5,509,4,0,3,0,8,6,3,3,2,1,3,2,10,5,0,0
5,509,4,0,3,0,8,6,3,3,2,1,2,2,8,5,0,0
5,509,4,0,3,0,8,5,3,3,2,1,2,2,8,4,0,0
5,509,4,0,3,0,8,5,3,3,2,1,2,2,8,4,0,0
5,509,4,0,3,0,8,5,3,2,2,1,2,2,8,4,0,0
5,509,4,0,3,0,8,5,3,2,2,1,2,2,8,4,0,0
5,509,4,0,3,0,8,4,3,2,2,1,2,2,8,4,0,0
5,509,4,0,3,0,8,4,3,2,2,1,2,2,8,4,0,0
5,509,4,0,3,0,8,4,3,2,2,1,2,2,8,4,0,0
5,509,4,0,3,0,8,4,3,2,2,1,2,2,7,4,0,0
6,510,4,0,3,0,8,4,3,2,2,1,2,2,4,4,0,0
6,510,4,0,3,0,8,4,3,2,2,1,2,2,4,4,0,0
6,510,4,0,3,0,8,4,3,2,2,1,2,2,4,4,0,0
6,510,4,0,3,0,8,4,3,2,2,1,2,2,4,4,0,0
6,510,4,0,3,0,8,4,3,2,2,1,2,2,4,4,0,0
6,510,4,0,3,0,8,4,3,2,2,1,2,2,4,4,0,0
6,510,4,0,3,0,8,4,3,2,2,1,3,2,4,4,0,0
6,510,4,0,3,0,8,4,3,2,2,1,3,1,5,4,0,0
6,510,4,0,3,0,8,4,3,2,2,1,3,1,5,4,0,0
6,510,4,0,3,0,8,4,3,2,2,1,3,1,5,4,0,0
6,510,4,0,3,0,8,4,3,2,2,1,3,1,5,4,0,0
6,510,4,0,3,0,8,4,3,2,2,1,3,1,5,4,0,0
6,510,4,0,3,0,8,4,3,2,2,1,3,1,5,4,0,0
6,510,4,0,3,0,8,4,3,2,2,1,3,1,5,4,0,0
6,510,4,0,3,0,8,4,3,2,2,1,3,1,5,4,0,0
6,510,4,0,3,0,8,4,3,2,2,1,2,1,4,3,0,0
6,510,4,0,3,0,8,4,3,2,2,1,2,1,4,3,0,0
6,510,4,0,3,0,8,4,3,2,2,1,2,1,4,3,0,0
6,510,4,0,3,0,8,4,3,2,2,1,2,1,4,3,0,0
6,510,4,0,3,0,8,4,3,2,2,1,2,1,4,3,0,0
6,510,4,0,3,0,8,4,3,2,2,1,2,1,4,3,0,0
6,510,4,0,3,0,8,4,3,2,2,1,2,1,4,3,0,0
6,510,4,0,3,0,8,4,3,2,2,1,2,1,4,3,0,0
6,510,4,0,3,0,8,4,3,2,2,1,2,1,4,3,0,0
7,511,4,0,4,0,9,4,4,2,3,1,3,1,7,3,0,0
7,511,4,0,4,0,9,4,4,2,3,1,3,1,7,3,0,0
7,511,4,0,4,0,9,4,4,2,3,1,3,1,7,3,0,0
7,511,4,0,4,0,9,4,4,2,3,1,3,1,7,3,0,0
7,511,4,0,4,0,9,4,4,2,3,1,3,1,7,3,0,0
7,511,4,0,4,0,9,4,4,2,3,1,3,1,7,3,0,0
7,511,4,0,4,0,9,4,4,2,3,1,3,1,8,3,8,0
7,511,4,0,4,0,10,7,4,4,3,2,4,2,8,4,8,1
7,511,4,0,4,0,10,7,4,4,3,3,4,2,8,5,8,1
7,511,4,0,4,0,10,7,4,4,3,3,4,2,8,6,9,1
7,511,4,0,4,0,10,8,4,4,3,3,4,2,8,6,9,1
7,511,4,0,4,0,10,8,4,4,3,3,4,2,8,7,9,1
7,511,4,0,4,0,10,8,4,4,3,3,4,2,8,7,9,1
7,511,4,0,4,0,10,7,4,4,3,3,4,2,8,7,5,0
7,511,4,0,4,0,10,7,4,4,3,3,4,2,8,7,5,0
7,511,4,0,4,0,10,7,4,4,3,3,4,1,8,7,5,0
7,511,4,0,4,0,9,7,4,4,3,3,3,1,8,7,5,0
7,511,4,0,4,0,9,7,4,4,3,3,3,1,8,7,0,0
7,511,4,0,4,0,9,7,4,4,3,3,3,1,8,7,0,0
7,511,4,0,4,0,9,7,4,4,3,3,3,1,8,7,0,0
7,511,4,0,4,0,9,7,4,4,3,3,3,1,8,7,0,0
7,511,4,0,4,0,9,7,4,4,3,3,3,1,8,7,0,0
7,511,4,0,4,0,9,7,4,4,3,3,3,1,8,6,0,0
7,511,4,0,4,0,9,7,4,4,3,3,3,1,7,6,0,0
8,512,4,0,4,0,9,7,4,4,3,3,3,1,4,6,0,0
8,512,4,0,4,0,9,7,4,4,3,3,3,1,4,6,0,0
8,512,4,0,4,0,9,7,4,4,3,3,3,1,4,6,0,0
8,512,4,0,4,0,9,7,4,4,3,3,3,1,4,6,0,0
8,512,4,0,4,0,9,7,4,4,3,3,3,1,4,6,0,0
8,512,4,0,4,0,9,7,4,4,3,3,3,1,4,6,0,0
8,512,4,0,4,0,9,7,4,4,3,3,3,1,4,6,8,0
8,512,4,0,4,0,10,9,4,4,3,3,4,2,5,5,8,2
8,512,4,0,4,0,10,9,4,4,3,3,4,2,5,5,8,3
8,512,4,0,4,0,10,10,4,4,3,3,4,2,5,5,9,3
8,512,4,0,4,0,10,10,4,4,3,3,4,2,5,5,9,3
8,512,4,0,4,0,10,10,4,4,3,3,4,2,5,5,9,3
8,512,4,0,4,0,10,10,4,4,3,3,4,2,5,6,9,3
8,512,4,0,4,0,10,10,4,4,3,3,4,2,5,6,5,3
8,512,4,0,4,0,10,10,4,4,3,3,4,2,5,6,5,3
8,512,4,0,4,0,10,10,4,4,3,3,4,2,4,6,5,3
8,512,4,0,4,0,9,9,4,4,3,2,3,2,4,6,5,3
8,512,4,0,4,0,9,9,4,4,3,2,3,2,4,5,0,2
8,512,4,0,4,0,9,9,4,4,3,2,3,2,4,5,0,2
8,512,4,0,4,0,9,9,4,4,3,2,3,2,4,5,0,2
8,512,4,0,4,0,9,9,4,4,3,2,3,2,4,5,0,2
8,512,4,0,4,0,9,9,4,4,3,2,3,2,4,5,0,2
8,512,4,0,4,0,9,9,4,4,3,2,3,2,4,4,0,2
8,512,4,0,4,0,9,9,4,4,3,2,3,2,4,4,0,2
9,513,4,0,4,0,9,9,4,4,3,2,3,2,7,4,0,2
9,513,4,0,4,0,9,9,4,4,3,2,3,2,7,4,0,2
9,513,4,0,4,0,9,9,4,4,3,2,3,2,7,4,0,2
9,513,4,0,4,0,9,9,4,4,3,2,3,2,7,4,0,2
9,513,4,0,4,0,9,9,4,4,3,2,3,2,7,4,0,2
9,513,4,0,4,0,9,9,4,4,3,2,3,2,7,4,0,2
9,513,4,0,4,0,9,9,4,4,3,2,3,2,10,4,8,2
9,513,4,0,4,0,10,9,4,4,3,3,4,3,10,9,8,1
9,513,4,0,4,0,10,10,4,4,3,3,4,3,10,11,8,2
9,513,4,0,4,0,10,10,4,4,3,3,4,3,10,11,9,2
9,513,4,0,4,0,10,10,4,4,3,3,4,2,10,11,9,3
9,513,4,0,4,0,10,10,4,4,3,3,4,2,10,11,9,3
9,513,4,0,4,0,10,10,4,4,3,3,4,2,10,10,9,3
9,513,4,0,4,0,10,10,4,4,3,3,4,2,10,10,5,3
9,513,4,0,4,0,10,9,4,3,3,3,4,2,10,10,5,2
9,513,4,0,4,0,10,10,4,3,3,3,4,1,8,10,5,1
9,513,4,0,4,0,9,10,4,3,3,3,3,1,8,10,5,1
9,513,4,0,4,0,9,10,4,3,3,3,3,1,8,10,0,1
9,513,4,0,4,0,9,10,4,3,3,3,3,1,8,9,0,1
9,513,4,0,4,0,9,10,4,3,3,3,3,1,8,9,0,1
9,513,4,0,4,0,9,10,4,3,3,2,3,1,8,8,0,1
9,513,4,0,4,0,9,10,4,3,3,2,3,1,8,8,0,1
9,513,4,0,4,0,9,10,4,3,3,2,3,1,8,8,0,0
9,513,4,0,4,0,9,10,4,3,3,2,3,1,7,8,0,0
10,514,4,0,4,0,9,10,4,3,3,2,3,1,7,8,0,0
10,514,4,0,4,0,9,10,4,3,3,2,3,1,7,8,0,0
10,514,4,0,4,0,9,10,4,3,3,2,3,1,7,8,0,0
10,514,4,0,4,0,9,10,4,3,3,2,3,1,7,8,0,0
10,514,4,0,4,0,9,10,4,3,3,2,3,1,7,8,0,0
10,514,4,0,4,0,9,10,4,3,3,2,3,1,7,8,0,0
10,514,4,0,4,0,9,10,4,3,3,2,3,1,8,8,8,0
10,514,4,0,4,0,10,10,4,4,3,2,4,2,8,7,8,0
10,514,4,0,4,0,10,10,4,4,3,2,4,2,8,8,8,0
10,514,4,0,4,0,10,10,4,4,3,2,4,2,8,8,9,0
10,514,4,0,4,0,10,10,4,4,3,2,4,2,8,8,9,0
10,514,4,0,4,0,10,10,4,4,3,2,4,2,8,8,9,0
10,514,4,0,4,0,10,10,4,4,3,2,4,2,8,7,9,0
10,514,4,0,4,0,10,10,4,4,3,2,4,2,8,7,5,0
10,514,4,0,4,0,10,10,4,4,3,2,4,2,8,6,5,0
10,514,4,0,4,0,10,10,4,4,3,2,4,2,8,6,5,0
10,514,4,0,4,0,9,10,4,4,3,2,3,2,8,6,5,0
10,514,4,0,4,0,9,10,4,4,3,2,3,2,8,6,0,0
10,514,4,0,4,0,9,10,4,4,3,1,3,2,8,6,0,0
10,514,4,0,4,0,9,10,4,4,3,1,3,2,8,6,0,0
10,514,4,0,4,0,9,10,4,4,3,1,3,2,8,6,0,0
10,514,4,0,4,0,9,10,4,4,3,1,3,2,8,6,0,0
10,514,4,0,4,0,9,10,4,4,3,1,3,2,8,5,0,0
10,514,4,0,4,0,9,10,4,4,3,1,3,2,7,5,0,0
11,515,4,0,4,0,9,10,4,4,3,1,3,2,7,5,0,0
11,515,4,0,4,0,9,10,4,4,3,1,3,2,7,5,0,0
11,515,4,0,4,0,9,10,4,4,3,1,3,2,7,5,0,0
11,515,4,0,4,0,9,10,4,4,3,1,3,2,7,5,0,0
11,515,4,0,4,0,9,10,4,4,3,1,3,2,7,5,0,0
11,515,4,0,4,0,9,10,4,4,3,1,3,2,7,5,0,0
11,515,4,0,4,0,9,10,4,4,3,1,3,2,8,5,8,0
11,515,4,0,4,0,10,10,4,3,3,3,4,3,8,7,8,0
11,515,4,0,4,0,10,10,4,4,3,3,4,3,8,8,8,1
11,515,4,0,4,0,10,10,4,4,3,3,4,3,8,8,9,1
11,515,4,0,4,0,10,10,4,4,3,3,4,3,8,8,9,1
11,515,4,0,4,0,10,10,4,4,3,3,4,3,8,8,9,1
11,515,4,0,4,0,10,10,4,3,3,3,4,3,8,8,9,1
11,515,4,0,4,0,10,10,4,3,3,3,4,3,8,9,5,1
11,515,4,0,4,0,10,10,4,3,3,3,4,3,8,9,5,1
11,515,4,0,4,0,10,10,4,3,3,3,4,3,8,8,5,1
11,515,4,0,4,0,9,10,4,3,3,3,3,3,8,8,5,1
11,515,4,0,4,0,9,10,4,3,3,3,3,3,8,8,0,1
11,515,4,0,4,0,9,10,4,3,3,2,3,3,8,7,0,0
11,515,4,0,4,0,9,10,4,3,3,2,3,3,8,7,0,0
11,515,4,0,4,0,9,10,4,3,3,2,3,3,8,7,0,0
11,515,4,0,4,0,9,10,4,3,3,2,3,3,8,7,0,0
11,515,4,0,4,0,9,10,4,3,3,2,3,3,8,7,0,0
11,515,4,0,4,0,9,10,4,3,3,2,3,3,7,7,0,0
12,516,4,0,3,0,8,10,3,3,2,2,2,3,7,7,0,0
12,516,4,0,3,0,8,10,3,3,2,2,2,3,7,7,0,0
12,516,4,0,3,0,8,10,3,3,2,2,2,3,7,7,0,0
12,516,4,0,3,0,8,10,3,3,2,2,2,3,7,7,0,0
12,516,4,0,3,0,8,10,3,3,2,2,2,3,7,7,0,0
12,516,4,0,3,0,8,10,3,3,2,2,2,3,7,7,0,0
12,516,4,0,3,0,8,10,3,3,2,2,3,3,10,7,0,0
12,516,4,0,3,0,8,10,3,3,2,2,3,3,10,5,0,0
12,516,4,0,3,0,8,10,3,3,2,2,3,2,10,5,0,0
12,516,4,0,3,0,8,10,3,3,2,2,3,2,10,5,0,0
12,516,4,0,3,0,8,10,3,3,2,2,3,2,10,5,0,0
12,516,4,0,3,0,8,10,3,3,2,2,3,2,10,5,0,0
12,516,4,0,3,0,8,10,3,3,2,2,3,2,10,5,0,0
12,516,4,0,3,0,8,10,3,3,2,2,3,2,10,5,0,0
12,516,4,0,3,0,8,10,3,3,2,2,3,2,10,5,0,0
12,516,4,0,3,0,8,10,3,3,2,2,2,2,8,5,0,0
12,516,4,0,3,0,8,10,3,3,2,2,2,2,8,5,0,0
12,516,4,0,3,0,8,10,3,3,2,1,2,2,8,5,0,0
12,516,4,0,3,0,8,10,3,3,2,1,2,2,8,5,0,0
12,516,4,0,3,0,8,9,3,3,2,1,2,2,8,5,0,0
12,516,4,0,3,0,8,9,3,3,2,1,2,2,8,5,0,0
12,516,4,0,3,0,8,9,3,3,2,1,2,2,8,5,0,0
12,516,4,0,3,0,8,9,3,3,2,1,2,2,8,5,0,0
12,516,4,0,3,0,8,9,3,3,2,1,2,2,7,5,0,0
13,517,4,0,3,0,8,9,3,3,2,1,2,2,4,5,0,0
13,517,4,0,3,0,8,9,3,3,2,1,2,2,4,5,0,0
13,517,4,0,3,0,8,9,3,3,2,1,2,2,4,5,0,0
13,517,4,0,3,0,8,9,3,3,2,1,2,2,4,5,0,0
13,517,4,0,3,0,8,9,3,3,2,1,2,2,4,5,0,0
13,517,4,0,3,0,8,9,3,3,2,1,2,2,4,5,0,0
13,517,4,0,3,0,8,9,3,3,2,1,3,2,4,5,0,0
13,517,4,0,3,0,8,9,3,3,2,1,3,2,5,5,0,0
13,517,4,0,3,0,8,9,3,2,2,1,3,2,5,5,0,0
13,517,4,0,3,0,8,9,3,2,2,1,3,2,5,5,0,0
13,517,4,0,3,0,8,9,3,2,2,1,3,1,5,5,0,0
13,517,4,0,3,0,8,9,3,2,2,1,3,1,5,5,0,0
13,517,4,0,3,0,8,9,3,2,2,1,3,1,5,5,0,0
13,517,4,0,3,0,8,9,3,2,2,1,3,1,5,5,0,0
13,517,4,0,3,0,8,9,3,2,2,1,3,1,5,5,0,0
13,517,4,0,3,0,8,9,3,2,2,1,2,1,4,5,0,0
13,517,4,0,3,0,8,9,3,2,2,1,2,1,4,5,0,0
13,517,4,0,3,0,8,8,3,2,2,1,2,1,4,5,0,0
13,517,4,0,3,0,8,8,3,2,2,1,2,1,4,5,0,0
13,517,4,0,3,0,8,8,3,2,2,1,2,1,4,5,0,0
13,517,4,0,3,0,8,8,3,2,2,1,2,1,4,5,0,0
13,517,4,0,3,0,8,8,3,2,2,1,2,1,4,5,0,0
13,517,4,0,3,0,8,8,3,2,2,1,2,1,4,5,0,0
13,517,4,0,3,0,8,8,3,2,2,1,2,1,4,5,0,0
14,518,4,0,4,0,9,8,4,2,3,1,3,1,7,5,0,0
14,518,4,0,4,0,9,8,4,2,3,1,3,1,7,5,0,0
14,518,4,0,4,0,9,8,4,2,3,1,3,1,7,5,0,0
14,518,4,0,4,0,9,8,4,2,3,1,3,1,7,5,0,0
14,518,4,0,4,0,9,8,4,2,3,1,3,1,7,5,0,0
14,518,4,0,4,0,9,8,4,2,3,1,3,1,7,5,0,0
14,518,4,0,4,0,9,8,4,2,3,1,3,1,8,5,8,0
14,518,4,0,4,0,10,9,4,4,3,1,4,2,8,8,8,2
14,518,4,0,4,0,10,10,4,4,3,1,4,2,8,8,8,2
14,518,4,0,4,0,10,10,4,4,3,1,4,2,8,8,9,2
14,518,4,0,4,0,10,10,4,4,3,1,4,2,8,8,9,2
14,518,4,0,4,0,10,10,4,4,3,1,4,2,8,8,9,2
14,518,4,0,4,0,10,10,4,4,3,1,4,2,8,8,9,2
14,518,4,0,4,0,10,10,4,3,3,1,4,2,8,8,5,2
14,518,4,0,4,0,10,10,4,3,3,1,4,2,8,9,5,2
14,518,4,0,4,0,10,10,4,3,3,1,4,2,8,9,5,2
14,518,4,0,4,0,9,10,4,3,3,1,3,2,8,9,5,2
14,518,4,0,4,0,9,10,4,3,3,1,3,2,8,9,0,2
14,518,4,0,4,0,9,10,4,3,3,1,3,2,8,8,0,1
14,518,4,0,4,0,9,9,4,3,3,1,3,2,8,8,0,1
14,518,4,0,4,0,9,9,4,3,3,1,3,2,8,8,0,0
14,518,4,0,4,0,9,9,4,3,3,1,3,2,8,8,0,0
14,518,4,0,4,0,9,9,4,3,3,1,3,2,8,8,0,0
14,518,4,0,4,0,9,9,4,3,3,1,3,2,7,8,0,0
15,519,4,0,4,0,9,9,4,3,3,1,3,2,4,8,0,0
15,519,4,0,4,0,9,9,4,3,3,1,3,2,4,8,0,0
15,519,4,0,4,0,9,9,4,3,3,1,3,2,4,8,0,0
15,519,4,0,4,0,9,9,4,3,3,1,3,2,4,8,0,0
15,519,4,0,4,0,9,9,4,3,3,1,3,2,4,8,0,0
15,519,4,0,4,0,9,9,4,3,3,1,3,2,4,8,0,0
15,519,4,0,4,0,9,9,4,3,3,1,3,2,4,8,8,0
15,519,4,0,4,0,10,9,4,4,3,3,4,3,5,7,8,2
15,519,4,0,4,0,10,10,4,4,3,3,4,3,5,7,8,3
15,519,4,0,4,0,10,10,4,4,3,3,4,3,5,7,9,4
15,519,4,0,4,0,10,10,4,4,3,2,4,3,5,7,9,4
15,519,4,0,4,0,10,10,4,4,3,3,4,3,5,7,9,4
15,519,4,0,4,0,10,10,4,4,3,2,4,3,5,7,9,4
15,519,4,0,4,0,10,9,4,4,3,2,4,3,5,7,5,3
15,519,4,0,4,0,10,9,4,4,3,3,4,3,5,7,5,3
15,519,4,0,4,0,10,9,4,4,3,3,4,3,4,7,5,2
15,519,4,0,4,0,9,9,4,4,3,3,3,3,4,7,5,2
15,519,4,0,4,0,9,9,4,4,3,3,3,3,4,6,0,2
15,519,4,0,4,0,9,9,4,4,3,3,3,3,4,6,0,2
15,519,4,0,4,0,9,9,4,4,3,3,3,3,4,6,0,2
15,519,4,0,4,0,9,9,4,4,3,3,3,3,4,6,0,2
15,519,4,0,4,0,9,9,4,4,3,3,3,3,4,6,0,2
15,519,4,0,4,0,9,9,4,4,3,3,3,3,4,6,0,1
15,519,4,0,4,0,9,9,4,4,3,3,3,3,4,5,0,1
16,520,4,0,4,0,9,9,4,4,3,3,3,3,7,5,0,1
16,520,4,0,4,0,9,9,4,4,3,3,3,3,7,5,0,1
16,520,4,0,4,0,9,9,4,4,3,3,3,3,7,5,0,1
16,520,4,0,4,0,9,9,4,4,3,3,3,3,7,5,0,1
16,520,4,0,4,0,9,9,4,4,3,3,3,3,7,5,0,1
16,520,4,0,4,0,9,9,4,4,3,3,3,3,7,5,0,1
16,520,4,0,4,0,9,9,4,4,3,3,3,3,10,5,8,1
16,520,4,0,4,0,10,9,4,3,3,3,4,3,10,10,8,1
16,520,4,0,4,0,10,10,4,3,3,3,4,3,10,10,8,1
16,520,4,0,4,0,10,10,4,4,3,3,4,3,10,9,9,2
16,520,4,0,4,0,10,10,4,4,3,3,4,3,10,10,9,2
16,520,4,0,4,0,10,10,4,4,3,3,4,3,10,10,9,2
16,520,4,0,4,0,10,10,4,4,3,3,4,3,10,10,9,2
16,520,4,0,4,0,10,10,4,4,3,3,4,3,10,9,5,2
16,520,4,0,4,0,10,10,4,4,3,3,4,3,10,9,5,2
16,520,4,0,4,0,10,10,4,4,3,3,4,3,8,9,5,2
16,520,4,0,4,0,9,10,4,4,3,3,3,3,8,9,5,2
16,520,4,0,4,0,9,10,4,4,3,3,3,3,8,9,0,2
16,520,4,0,4,0,9,10,4,4,3,3,3,3,8,8,0,1
16,520,4,0,4,0,9,10,4,4,3,3,3,3,8,8,0,1
16,520,4,0,4,0,9,10,4,4,3,3,3,3,8,8,0,1
16,520,4,0,4,0,9,10,4,4,3,3,3,3,8,8,0,0
16,520,4,0,4,0,9,10,4,4,3,3,3,3,8,8,0,0
16,520,4,0,4,0,9,10,4,4,3,3,3,3,7,8,0,0
17,521,4,0,4,0,9,10,4,4,3,3,3,3,7,8,0,0
17,521,4,0,4,0,9,10,4,4,3,3,3,3,7,8,0,0
17,521,4,0,4,0,9,10,4,4,3,3,3,3,7,8,0,0
17,521,4,0,4,0,9,10,4,4,3,3,3,3,7,8,0,0
17,521,4,0,4,0,9,10,4,4,3,3,3,3,7,8,0,0
17,521,4,0,4,0,9,10,4,4,3,3,3,3,7,8,0,0
17,521,4,0,4,0,9,10,4,4,3,3,3,3,8,8,8,0
17,521,4,0,4,0,10,7,4,4,3,3,4,3,8,8,8,0
17,521,4,0,4,0,10,9,4,4,3,3,4,3,8,8,8,0
17,521,4,0,4,0,10,10,4,4,3,3,4,3,8,8,9,0
17,521,4,0,4,0,10,10,4,4,3,3,4,3,8,8,9,0
17,521,4,0,4,0,10,10,4,4,3,3,4,3,8,8,9,0
17,521,4,0,4,0,10,10,4,4,3,3,4,3,8,8,9,0
17,521,4,0,4,0,10,10,4,3,3,3,4,3,8,8,5,0
17,521,4,0,4,0,10,10,4,3,3,3,4,3,8,7,5,0
17,521,4,0,4,0,10,10,4,3,3,3,4,3,8,7,5,0
17,521,4,0,4,0,9,10,4,3,3,3,3,3,8,7,5,0
17,521,4,0,4,0,9,10,4,3,3,3,3,3,8,7,0,0
17,521,4,0,4,0,9,10,4,3,3,3,3,3,8,7,0,0
17,521,4,0,4,0,9,10,4,3,3,3,3,3,8,7,0,0
17,521,4,0,4,0,9,10,4,3,3,3,3,3,8,7,0,0
17,521,4,0,4,0,9,10,4,3,3,3,3,3,8,7,0,0
17,521,4,0,4,0,9,10,4,3,3,3,3,3,8,7,0,0
17,521,4,0,4,0,9,10,4,3,3,3,3,3,7,7,0,0
18,522,4,0,4,0,9,10,4,3,3,3,3,3,7,7,0,0
18,522,4,0,4,0,9,10,4,3,3,3,3,3,7,7,0,0
18,522,4,0,4,0,9,10,4,3,3,3,3,3,7,7,0,0
18,522,4,0,4,0,9,10,4,3,3,3,3,3,7,7,0,0
18,522,4,0,4,0,9,10,4,3,3,3,3,3,7,7,0,0
18,522,4,0,4,0,9,10,4,3,3,3,3,3,7,7,0,0
18,522,4,0,4,0,9,10,4,3,3,3,3,3,8,7,8,0
18,522,4,0,4,0,10,10,4,4,3,3,4,4,8,8,8,1
18,522,4,0,4,0,10,10,4,4,3,3,4,4,8,8,8,1
18,522,4,0,4,0,10,10,4,4,3,3,4,4,8,8,9,2
18,522,4,0,4,0,10,10,4,4,3,3,4,4,8,8,9,2
18,522,4,0,4,0,10,10,4,4,3,3,4,4,8,9,9,2
18,522,4,0,4,0,10,10,4,4,3,3,4,4,8,9,9,2
18,522,4,0,4,0,10,10,4,4,3,3,4,4,8,9,5,2
18,522,4,0,4,0,10,10,4,4,3,3,4,4,8,8,5,1
18,522,4,0,4,0,10,10,4,4,3,3,4,4,8,8,5,1
18,522,4,0,4,0,9,10,4,4,3,3,3,4,8,8,5,1
18,522,4,0,4,0,9,9,4,4,3,3,3,4,8,8,0,1
18,522,4,0,4,0,9,9,4,4,3,3,3,4,8,8,0,1
18,522,4,0,4,0,9,9,4,3,3,3,3,4,8,8,0,1
18,522,4,0,4,0,9,8,4,3,3,3,3,4,8,7,0,1
18,522,4,0,4,0,9,8,4,3,3,3,3,4,8,7,0,1
18,522,4,0,4,0,9,8,4,3,3,3,3,4,8,7,0,1
18,522,4,0,4,0,9,8,4,3,3,3,3,4,7,7,0,1
19,523,4,0,3,0,8,8,3,3,2,3,2,4,7,7,0,1
19,523,4,0,3,0,8,8,3,3,2,3,2,4,7,7,0,1
19,523,4,0,3,0,8,8,3,3,2,3,2,4,7,7,0,1
19,523,4,0,3,0,8,8,3,3,2,3,2,4,7,7,0,1
19,523,4,0,3,0,8,8,3,3,2,3,2,4,7,7,0,1
19,523,4,0,3,0,8,8,3,3,2,3,2,4,7,7,0,1
19,523,4,0,3,0,8,8,3,3,2,3,3,4,10,7,0,1
19,523,4,0,3,0,8,8,3,3,2,3,3,4,10,6,0,1
19,523,4,0,3,0,8,8,3,3,2,3,3,4,10,6,0,0
19,523,4,0,3,0,8,8,3,3,2,3,3,4,10,6,0,0
19,523,4,0,3,0,8,8,3,3,2,3,3,4,10,6,0,0
19,523,4,0,3,0,8,8,3,2,2,2,3,4,10,6,0,0
19,523,4,0,3,0,8,8,3,2,2,2,3,4,10,6,0,0
19,523,4,0,3,0,8,8,3,2,2,2,3,4,10,6,0,0
19,523,4,0,3,0,8,8,3,2,2,2,3,4,10,6,0,0
19,523,4,0,3,0,8,8,3,2,2,2,2,4,8,6,0,0
19,523,4,0,3,0,8,8,3,2,2,2,2,4,8,6,0,0
19,523,4,0,3,0,8,8,3,2,2,2,2,4,8,6,0,0
19,523,4,0,3,0,8,8,3,2,2,2,2,4,8,6,0,0
19,523,4,0,3,0,8,8,3,2,2,2,2,4,8,6,0,0
19,523,4,0,3,0,8,8,3,2,2,2,2,4,8,6,0,0
19,523,4,0,3,0,8,8,3,2,2,2,2,4,8,5,0,0
19,523,4,0,3,0,8,8,3,2,2,2,2,3,8,5,0,0
19,523,4,0,3,0,8,8,3,2,2,2,2,3,7,5,0,0
20,524,4,0,3,0,8,8,3,2,2,2,2,3,4,5,0,0
20,524,4,0,3,0,8,8,3,2,2,2,2,3,4,5,0,0
20,524,4,0,3,0,8,8,3,2,2,2,2,3,4,5,0,0
20,524,4,0,3,0,8,8,3,2,2,2,2,3,4,5,0,0
20,524,4,0,3,0,8,8,3,2,2,2,2,3,4,5,0,0
20,524,4,0,3,0,8,8,3,2,2,2,2,3,4,5,0,0
20,524,4,0,3,0,8,8,3,2,2,2,3,3,4,5,0,0
20,524,4,0,3,0,8,8,3,2,2,2,3,1,5,5,0,0
20,524,4,0,3,0,8,8,3,2,2,2,3,1,5,5,0,0
20,524,4,0,3,0,8,8,3,2,2,1,3,1,5,5,0,0
20,524,4,0,3,0,8,8,3,2,2,1,3,1,5,5,0,0
20,524,4,0,3,0,8,8,3,2,2,1,3,1,5,5,0,0
20,524,4,0,3,0,8,8,3,2,2,1,3,1,5,5,0,0
20,524,4,0,3,0,8,8,3,2,2,1,3,1,5,5,0,0
20,524,4,0,3,0,8,7,3,2,2,1,3,1,5,5,0,0
20,524,4,0,3,0,8,7,3,2,2,1,2,1,4,5,0,0
20,524,4,0,3,0,8,7,3,2,2,1,2,1,4,5,0,0
20,524,4,0,3,0,8,7,3,2,2,1,2,1,4,5,0,0
20,524,4,0,3,0,8,7,3,2,2,1,2,1,4,5,0,0
20,524,4,0,3,0,8,7,3,2,2,1,2,1,4,5,0,0
20,524,4,0,3,0,8,7,3,2,2,1,2,1,4,5,0,0
20,524,4,0,3,0,8,7,3,2,2,1,2,1,4,5,0,0
20,524,4,0,3,0,8,7,3,2,2,1,2,1,4,5,0,0
20,524,4,0,3,0,8,7,3,2,2,1,2,1,4,5,0,0
21,525,4,0,4,0,9,7,4,2,3,1,3,1,7,5,0,0
21,525,4,0,4,0,9,7,4,2,3,1,3,1,7,5,0,0
21,525,4,0,4,0,9,7,4,2,3,1,3,1,7,5,0,0
21,525,4,0,4,0,9,7,4,2,3,1,3,1,7,5,0,0
21,525,4,0,4,0,9,7,4,2,3,1,3,1,7,5,0,0
21,525,4,0,4,0,9,7,4,2,3,1,3,1,7,5,0,0
21,525,4,0,4,0,9,7,4,2,3,1,3,1,8,5,8,0
21,525,4,0,4,0,10,9,4,4,3,2,4,2,8,7,8,1
21,525,4,0,4,0,10,10,4,4,3,3,4,2,8,6,8,1
21,525,4,0,4,0,10,10,4,4,3,2,4,2,8,8,9,1
21,525,4,0,4,0,10,10,4,4,3,3,4,2,8,8,9,1
21,525,4,0,4,0,10,10,4,4,3,2,4,2,8,8,9,1
21,525,4,0,4,0,10,10,4,4,3,3,4,2,8,9,9,1
21,525,4,0,4,0,10,10,4,4,3,3,4,2,8,8,5,1
21,525,4,0,4,0,10,10,4,4,3,3,4,2,8,8,5,1
21,525,4,0,4,0,10,10,4,4,3,2,4,2,8,7,5,0
21,525,4,0,4,0,9,10,4,4,3,2,3,2,8,7,5,0
21,525,4,0,4,0,9,10,4,4,3,2,3,2,8,7,0,0
21,525,4,0,4,0,9,10,4,4,3,2,3,2,8,7,0,0
21,525,4,0,4,0,9,10,4,4,3,2,3,2,8,7,0,0
21,525,4,0,4,0,9,10,4,3,3,2,3,2,8,6,0,0
21,525,4,0,4,0,9,10,4,3,3,2,3,2,8,6,0,0
21,525,4,0,4,0,9,9,4,3,3,2,3,2,8,6,0,0
21,525,4,0,4,0,9,9,4,3,3,2,3,2,7,6,0,0
22,526,4,0,4,0,9,9,4,3,3,2,3,2,4,6,0,0
22,526,4,0,4,0,9,9,4,3,3,2,3,2,4,6,0,0
22,526,4,0,4,0,9,9,4,3,3,2,3,2,4,6,0,0
22,526,4,0,4,0,9,9,4,3,3,2,3,2,4,6,0,0
22,526,4,0,4,0,9,9,4,3,3,2,3,2,4,6,0,0
22,526,4,0,4,0,9,9,4,3,3,2,3,2,4,6,0,0
22,526,4,0,4,0,9,9,4,3,3,2,3,2,4,6,8,0
22,526,4,0,4,0,10,8,4,3,3,1,4,3,5,6,8,5
22,526,4,0,4,0,10,10,4,3,3,3,4,3,5,6,8,6
22,526,4,0,4,0,10,10,4,4,3,3,4,3,5,6,9,7
22,526,4,0,4,0,10,10,4,4,3,3,4,3,5,6,9,8
22,526,4,0,4,0,10,9,4,4,3,3,4,3,5,6,9,7
22,526,4,0,4,0,10,10,4,4,3,3,4,3,5,6,9,7
22,526,4,0,4,0,10,9,4,4,3,3,4,3,5,6,5,7
22,526,4,0,4,0,10,9,4,3,3,3,4,3,5,6,5,7
22,526,4,0,4,0,10,9,4,2,3,3,4,3,4,6,5,4
22,526,4,0,4,0,9,10,4,2,3,2,3,3,4,6,5,4
22,526,4,0,4,0,9,10,4,1,3,2,3,3,4,6,0,4
22,526,4,0,4,0,9,9,4,1,3,2,3,3,4,6,0,3
22,526,4,0,4,0,9,8,4,1,3,2,3,3,4,6,0,3
22,526,4,0,4,0,9,8,4,0,3,1,3,3,4,6,0,3
22,526,4,0,4,0,9,8,4,0,3,1,3,3,4,6,0,3
22,526,4,0,4,0,9,8,4,0,3,1,3,3,4,6,0,3
22,526,4,0,4,0,9,8,4,0,3,1,3,3,4,6,0,3
23,527,4,0,4,0,9,8,4,0,3,1,3,3,7,7,0,3
23,527,4,0,4,0,9,8,4,0,3,1,3,3,7,7,0,3
23,527,4,0,4,0,9,8,4,0,3,1,3,3,7,7,0,3
23,527,4,0,4,0,9,8,4,0,3,1,3,3,7,7,0,3
23,527,4,0,4,0,9,8,4,0,3,1,3,3,7,7,0,3
23,527,4,0,4,0,9,8,4,0,3,1,3,3,7,7,0,3
23,527,4,0,4,0,9,8,4,0,3,1,3,3,10,9,8,3
23,527,4,0,4,0,10,10,4,1,3,0,4,4,10,10,8,2
23,527,4,0,4,0,10,10,4,1,3,0,4,4,10,10,8,2
23,527,4,0,4,0,10,10,4,2,3,0,4,4,10,10,9,2
23,527,4,0,4,0,10,10,4,3,3,0,4,4,10,9,9,0
23,527,4,0,4,0,10,10,4,3,3,0,4,4,10,9,9,0
23,527,4,0,4,0,10,10,4,3,3,0,4,4,10,10,9,0
23,527,4,0,4,0,10,10,4,3,3,0,4,4,10,10,5,0
23,527,4,0,4,0,10,10,4,3,3,0,4,4,10,10,5,0
23,527,4,0,4,0,10,10,4,3,3,0,4,4,8,10,5,0
23,527,4,0,4,0,9,10,4,3,3,0,3,4,8,10,5,0
23,527,4,0,4,0,9,10,4,3,3,0,3,4,8,10,0,0
23,527,4,0,4,0,9,10,4,3,3,0,3,4,8,10,0,0
23,527,4,0,4,0,9,10,4,3,3,0,3,4,8,10,0,0
23,527,4,0,4,0,9,10,4,3,3,0,3,4,8,10,0,0
23,527,4,0,4,0,9,10,4,3,3,0,3,3,8,10,0,0
23,527,4,0,4,0,9,9,4,3,3,0,3,3,8,9,0,0
23,527,4,0,4,0,9,9,4,3,3,0,3,3,7,9,0,0
24,528,4,0,4,0,9,9,4,3,3,0,3,3,7,9,0,0
24,528,4,0,4,0,9,9,4,3,3,0,3,3,7,9,0,0
24,528,4,0,4,0,9,9,4,3,3,0,3,3,7,9,0,0
24,528,4,0,4,0,9,9,4,3,3,0,3,3,7,9,0,0
24,528,4,0,4,0,9,9,4,3,3,0,3,3,7,9,0,0
24,528,4,0,4,0,9,9,4,3,3,0,3,3,7,9,0,0
24,528,4,0,4,0,9,9,4,3,3,0,3,3,8,9,8,0
24,528,4,0,4,0,10,9,4,4,3,0,4,4,8,8,8,0
24,528,4,0,4,0,10,10,4,4,3,0,4,4,8,8,8,0
24,528,4,0,4,0,10,10,4,4,3,0,4,4,8,8,9,0
24,528,4,0,4,0,10,10,4,4,3,0,4,4,8,8,9,0
24,528,4,0,4,0,10,10,4,4,3,0,4,4,8,8,9,0
24,528,4,0,4,0,10,10,4,4,3,0,4,4,8,8,9,0
24,528,4,0,4,0,10,10,4,4,3,0,4,4,8,7,5,0
24,528,4,0,4,0,10,10,4,4,3,0,4,4,8,7,5,0
24,528,4,0,4,0,10,10,4,4,3,0,4,4,8,7,5,0
24,528,4,0,4,0,9,10,4,4,3,0,3,4,8,7,5,0
24,528,4,0,4,0,9,10,4,4,3,0,3,4,8,7,0,0
24,528,4,0,4,0,9,10,4,3,3,0,3,4,8,7,0,0
24,528,4,0,4,0,9,10,4,3,3,0,3,4,8,7,0,0
24,528,4,0,4,0,9,10,4,3,3,0,3,4,8,7,0,0
24,528,4,0,4,0,9,10,4,3,3,0,3,4,8,7,0,0
24,528,4,0,4,0,9,10,4,3,3,0,3,4,8,7,0,0
24,528,4,0,4,0,9,10,4,3,3,0,3,4,7,7,0,0
25,529,4,0,4,0,9,10,4,3,3,0,3,4,7,7,0,0
25,529,4,0,4,0,9,10,4,3,3,0,3,4,7,7,0,0
25,529,4,0,4,0,9,10,4,3,3,0,3,4,7,7,0,0
25,529,4,0,4,0,9,10,4,3,3,0,3,4,7,7,0,0
25,529,4,0,4,0,9,10,4,3,3,0,3,4,7,7,0,0
25,529,4,0,4,0,9,10,4,3,3,0,3,4,7,7,0,0
25,529,4,0,4,0,9,10,4,3,3,0,3,4,8,7,8,0
25,529,4,0,4,0,10,9,4,3,3,1,4,4,8,8,8,1
25,529,4,0,4,0,10,10,4,3,3,3,4,4,8,8,8,1
25,529,4,0,4,0,10,10,4,4,3,3,4,4,8,8,9,2
25,529,4,0,4,0,10,10,4,4,3,3,4,4,8,8,9,3
25,529,4,0,4,0,10,10,4,4,3,3,4,4,8,8,9,4
25,529,4,0,4,0,10,10,4,4,3,2,4,4,8,8,9,4
25,529,4,0,4,0,10,10,4,4,3,2,4,4,8,8,5,4
25,529,4,0,4,0,10,10,4,4,3,1,4,4,8,8,5,4
25,529,4,0,4,0,10,10,4,3,3,1,4,4,8,8,5,2
25,529,4,0,4,0,9,10,4,3,3,1,3,4,8,8,5,2
25,529,4,0,4,0,9,10,4,3,3,1,3,4,8,7,0,1
25,529,4,0,4,0,9,9,4,3,3,1,3,4,8,7,0,1
25,529,4,0,4,0,9,8,4,3,3,1,3,4,8,6,0,1
25,529,4,0,4,0,9,8,4,3,3,1,3,4,8,6,0,1
25,529,4,0,4,0,9,8,4,3,3,1,3,4,8,6,0,1
25,529,4,0,4,0,9,8,4,3,3,1,3,4,8,6,0,1
25,529,4,0,4,0,9,8,4,3,3,1,3,4,7,6,0,1
26,530,4,0,3,0,8,8,3,3,2,1,2,4,7,6,0,1
26,530,4,0,3,0,8,8,3,3,2,1,2,4,7,6,0,1
26,530,4,0,3,0,8,8,3,3,2,1,2,4,7,6,0,1
26,530,4,0,3,0,8,8,3,3,2,1,2,4,7,6,0,1
26,530,4,0,3,0,8,8,3,3,2,2,2,4,7,6,0,1
26,530,4,0,3,0,8,8,3,3,2,2,2,4,7,6,0,1
26,530,4,0,3,0,8,8,3,3,2,2,3,4,10,6,0,1
26,530,4,0,3,0,8,8,3,1,2,2,3,3,10,6,0,1
26,530,4,0,3,0,8,8,3,1,2,2,3,3,10,6,0,1
26,530,4,0,3,0,8,8,3,1,2,2,3,3,10,6,0,1
26,530,4,0,3,0,8,8,3,1,2,1,3,3,10,6,0,0
26,530,4,0,3,0,8,8,3,1,2,1,3,3,10,6,0,0
26,530,4,0,3,0,8,8,3,1,2,1,3,3,10,5,0,0
26,530,4,0,3,0,8,8,3,1,2,1,3,3,10,5,0,0
26,530,4,0,3,0,8,8,3,1,2,1,3,3,10,5,0,0
26,530,4,0,3,0,8,8,3,1,2,1,2,3,8,5,0,0
26,530,4,0,3,0,8,8,3,1,2,1,2,3,8,5,0,0
26,530,4,0,3,0,8,8,3,1,2,1,2,3,8,5,0,0
26,530,4,0,3,0,8,7,3,1,2,1,2,3,8,5,0,0
26,530,4,0,3,0,8,7,3,1,2,1,2,3,8,5,0,0
26,530,4,0,3,0,8,7,3,1,2,1,2,3,8,5,0,0
26,530,4,0,3,0,8,7,3,1,2,1,2,3,8,5,0,0
26,530,4,0,3,0,8,7,3,1,2,1,2,3,8,5,0,0
26,530,4,0,3,0,8,7,3,1,2,1,2,3,7,5,0,0
27,531,4,0,3,0,8,7,3,1,2,1,2,3,4,5,0,0
27,531,4,0,3,0,8,7,3,1,2,1,2,3,4,5,0,0
27,531,4,0,3,0,8,7,3,1,2,1,2,3,4,5,0,0
27,531,4,0,3,0,8,7,3,1,2,1,2,3,4,5,0,0
27,531,4,0,3,0,8,7,3,1,2,1,2,3,4,5,0,0
27,531,4,0,3,0,8,7,3,1,2,1,2,3,4,5,0,0
27,531,4,0,3,0,8,7,3,1,2,1,3,3,4,5,0,0
27,531,4,0,3,0,8,7,3,0,2,1,3,3,5,5,0,0
27,531,4,0,3,0,8,7,3,0,2,1,3,3,5,5,0,0
27,531,4,0,3,0,8,7,3,0,2,1,3,3,5,5,0,0
27,531,4,0,3,0,8,7,3,0,2,1,3,3,5,5,0,0
27,531,4,0,3,0,8,7,3,0,2,1,3,3,5,5,0,0
27,531,4,0,3,0,8,7,3,0,2,1,3,3,5,5,0,0
27,531,4,0,3,0,8,7,3,0,2,1,3,3,5,5,0,0
27,531,4,0,3,0,8,7,3,0,2,1,3,3,5,5,0,0
27,531,4,0,3,0,8,7,3,0,2,1,2,3,4,5,0,0
27,531,4,0,3,0,8,7,3,0,2,1,2,3,4,5,0,0
27,531,4,0,3,0,8,6,3,0,2,1,2,3,4,4,0,0
27,531,4,0,3,0,8,6,3,0,2,1,2,3,4,4,0,0
27,531,4,0,3,0,8,6,3,0,2,1,2,2,4,4,0,0
27,531,4,0,3,0,8,6,3,0,2,1,2,2,4,4,0,0
27,531,4,0,3,0,8,6,3,0,2,1,2,2,4,4,0,0
27,531,4,0,3,0,8,6,3,0,2,1,2,2,4,4,0,0
27,531,4,0,3,0,8,6,3,0,2,1,2,2,4,4,0,0
0,532,4,0,4,0,9,6,4,0,3,1,3,2,7,4,0,0
0,532,4,0,4,0,9,6,4,0,3,1,3,2,7,4,0,0
0,532,4,0,4,0,9,6,4,0,3,1,3,2,7,4,0,0
0,532,4,0,4,0,9,6,4,0,3,1,3,2,7,4,0,0
0,532,4,0,4,0,9,6,4,0,3,1,3,2,7,4,0,0
0,532,4,0,4,0,9,6,4,0,3,1,3,2,7,4,0,0
0,532,4,0,4,0,9,6,4,0,3,1,3,2,8,4,8,0
0,532,4,0,4,0,10,9,4,2,3,0,4,3,8,5,8,2
0,532,4,0,4,0,10,10,4,3,3,0,4,3,8,5,8,2
0,532,4,0,4,0,10,10,4,3,3,0,4,3,8,7,9,2
0,532,4,0,4,0,10,10,4,3,3,0,4,3,8,8,9,2
0,532,4,0,4,0,10,10,4,4,3,0,4,2,8,8,9,2
0,532,4,0,4,0,10,10,4,4,3,0,4,2,8,8,9,2
0,532,4,0,4,0,10,10,4,4,3,0,4,2,8,6,5,2
0,532,4,0,4,0,10,10,4,3,3,0,4,2,8,6,5,2
0,532,4,0,4,0,10,9,4,3,3,0,4,2,8,5,5,2
0,532,4,0,4,0,9,9,4,3,3,0,3,2,8,5,5,2
0,532,4,0,4,0,9,9,4,3,3,0,3,2,8,5,0,1
0,532,4,0,4,0,9,9,4,3,3,0,3,2,8,5,0,1
0,532,4,0,4,0,9,9,4,3,3,0,3,2,8,5,0,1
0,532,4,0,4,0,9,9,4,3,3,0,3,2,8,5,0,1
0,532,4,0,4,0,9,9,4,3,3,0,3,2,8,5,0,1
0,532,4,0,4,0,9,9,4,3,3,0,3,2,8,5,0,1
0,532,4,0,4,0,9,9,4,3,3,0,3,2,7,5,0,1
1,533,4,0,4,0,9,9,4,3,3,0,3,2,4,5,0,1
1,533,4,0,4,0,9,9,4,3,3,0,3,2,4,5,0,1
1,533,4,0,4,0,9,9,4,3,3,0,3,2,4,5,0,1
1,533,4,0,4,0,9,9,4,3,3,0,3,2,4,5,0,1
1,533,4,0,4,0,9,9,4,3,3,0,3,2,4,5,0,1
1,533,4,0,4,0,9,9,4,3,3,0,3,2,4,5,0,1
1,533,4,0,4,0,9,9,4,3,3,0,3,2,4,5,8,1
1,533,4,0,4,0,10,9,4,3,3,2,4,3,5,5,8,1
1,533,4,0,4,0,10,10,4,4,3,3,4,3,5,5,8,1
1,533,4,0,4,0,10,10,4,4,3,3,4,3,5,5,9,2
1,533,4,0,4,0,10,9,4,4,3,2,4,3,5,5,9,2
1,533,4,0,4,0,10,10,4,4,3,3,4,3,5,6,9,2
1,533,4,0,4,0,10,10,4,4,3,3,4,3,5,6,9,2
1,533,4,0,4,0,10,10,4,4,3,2,4,3,5,6,5,2
1,533,4,0,4,0,10,10,4,4,3,2,4,3,5,6,5,1
1,533,4,0,4,0,10,10,4,4,3,2,4,3,4,6,5,1
1,533,4,0,4,0,9,9,4,4,3,2,3,3,4,6,5,1
1,533,4,0,4,0,9,9,4,4,3,2,3,3,4,5,0,0
1,533,4,0,4,0,9,9,4,4,3,2,3,3,4,5,0,0
1,533,4,0,4,0,9,9,4,4,3,2,3,3,4,5,0,0
1,533,4,0,4,0,9,9,4,4,3,2,3,3,4,5,0,0
1,533,4,0,4,0,9,9,4,4,3,2,3,2,4,5,0,0
1,533,4,0,4,0,9,9,4,4,3,2,3,2,4,5,0,0
1,533,4,0,4,0,9,9,4,4,3,2,3,2,4,5,0,0
2,534,4,0,4,0,9,9,4,4,3,2,3,2,7,5,0,0
2,534,4,0,4,0,9,9,4,4,3,2,3,2,7,5,0,0
2,534,4,0,4,0,9,9,4,4,3,2,3,2,7,5,0,0
2,534,4,0,4,0,9,9,4,4,3,2,3,2,7,5,0,0
2,534,4,0,4,0,9,9,4,4,3,2,3,2,7,5,0,0
2,534,4,0,4,0,9,9,4,4,3,2,3,2,7,5,0,0
2,534,4,0,4,0,9,9,4,4,3,2,3,2,10,5,8,0
2,534,4,0,4,0,10,9,4,4,3,2,4,2,10,10,8,1
2,534,4,0,4,0,10,10,4,4,3,3,4,2,10,10,8,1
2,534,4,0,4,0,10,10,4,4,3,3,4,2,10,10,9,1
2,534,4,0,4,0,10,10,4,4,3,3,4,2,10,11,9,1
2,534,4,0,4,0,10,10,4,4,3,3,4,1,10,11,9,1
2,534,4,0,4,0,10,10,4,4,3,3,4,1,10,11,9,1
2,534,4,0,4,0,10,10,4,4,3,1,4,1,10,11,5,1
2,534,4,0,4,0,10,10,4,4,3,1,4,1,10,10,5,0
2,534,4,0,4,0,10,10,4,4,3,1,4,1,8,10,5,0
2,534,4,0,4,0,9,10,4,4,3,1,3,1,8,10,5,0
2,534,4,0,4,0,9,10,4,4,3,1,3,1,8,10,0,0
2,534,4,0,4,0,9,10,4,4,3,1,3,1,8,10,0,0
2,534,4,0,4,0,9,10,4,4,3,1,3,1,8,10,0,0
2,534,4,0,4,0,9,10,4,4,3,1,3,1,8,10,0,0
2,534,4,0,4,0,9,10,4,4,3,1,3,1,8,10,0,0
2,534,4,0,4,0,9,10,4,4,3,1,3,1,8,10,0,0
2,534,4,0,4,0,9,10,4,4,3,1,3,1,7,10,0,0
3,535,4,0,4,0,9,10,4,4,3,1,3,1,7,10,0,0
3,535,4,0,4,0,9,10,4,4,3,1,3,1,7,10,0,0
3,535,4,0,4,0,9,10,4,4,3,1,3,1,7,10,0,0
3,535,4,0,4,0,9,10,4,4,3,1,3,1,7,10,0,0
3,535,4,0,4,0,9,10,4,4,3,1,3,1,7,10,0,0
3,535,4,0,4,0,9,10,4,4,3,1,3,1,7,10,0,0
3,535,4,0,4,0,9,10,4,4,3,1,3,1,8,10,8,0
3,535,4,0,4,0,10,10,4,4,3,2,4,2,8,7,8,0
3,535,4,0,4,0,10,10,4,4,3,2,4,2,8,8,8,0
3,535,4,0,4,0,10,10,4,4,3,2,4,2,8,8,9,0
3,535,4,0,4,0,10,10,4,4,3,2,4,2,8,8,9,0
3,535,4,0,4,0,10,10,4,4,3,2,4,2,8,8,9,0
3,535,4,0,4,0,10,10,4,4,3,1,4,2,8,8,9,0
3,535,4,0,4,0,10,10,4,4,3,1,4,2,8,8,5,0
3,535,4,0,4,0,10,10,4,4,3,1,4,2,8,8,5,0
3,535,4,0,4,0,10,10,4,4,3,1,4,2,8,8,5,0
3,535,4,0,4,0,9,10,4,4,3,1,3,2,8,8,5,0
3,535,4,0,4,0,9,10,4,4,3,1,3,2,8,8,0,0
3,535,4,0,4,0,9,10,4,4,3,1,3,2,8,7,0,0
3,535,4,0,4,0,9,10,4,4,3,1,3,2,8,7,0,0
3,535,4,0,4,0,9,10,4,4,3,1,3,2,8,7,0,0
3,535,4,0,4,0,9,10,4,4,3,1,3,2,8,6,0,0
3,535,4,0,4,0,9,10,4,4,3,1,3,2,8,6,0,0
3,535,4,0,4,0,9,10,4,4,3,1,3,2,7,6,0,0
4,536,4,0,4,0,9,10,4,4,3,1,3,2,7,6,0,0
4,536,4,0,4,0,9,10,4,4,3,1,3,2,7,6,0,0
4,536,4,0,4,0,9,10,4,4,3,1,3,2,7,6,0,0
4,536,4,0,4,0,9,10,4,4,3,1,3,2,7,6,0,0
4,536,4,0,4,0,9,10,4,4,3,1,3,2,7,6,0,0
4,536,4,0,4,0,9,10,4,4,3,1,3,2,7,6,0,0
4,536,4,0,4,0,9,10,4,4,3,1,3,2,8,6,8,0
4,536,4,0,4,0,10,10,4,4,3,1,4,2,8,7,8,1
4,536,4,0,4,0,10,10,4,4,3,3,4,2,8,8,8,1
4,536,4,0,4,0,10,10,4,3,3,3,4,2,8,8,9,1
4,536,4,0,4,0,10,10,4,4,3,3,4,2,8,8,9,1
4,536,4,0,4,0,10,10,4,4,3,3,4,2,8,8,9,1
4,536,4,0,4,0,10,9,4,4,3,3,4,2,8,8,9,1
4,536,4,0,4,0,10,9,4,4,3,3,4,2,8,8,5,1
4,536,4,0,4,0,10,8,4,4,3,2,4,2,8,8,5,1
4,536,4,0,4,0,10,7,4,4,3,2,4,2,8,7,5,1
4,536,4,0,4,0,9,7,4,4,3,2,3,2,8,7,5,1
4,536,4,0,4,0,9,7,4,4,3,2,3,2,8,7,0,1
4,536,4,0,4,0,9,7,4,4,3,2,3,2,8,7,0,1
4,536,4,0,4,0,9,7,4,4,3,2,3,2,8,7,0,1
4,536,4,0,4,0,9,7,4,3,3,2,3,2,8,7,0,1
4,536,4,0,4,0,9,7,4,3,3,2,3,2,8,7,0,1
4,536,4,0,4,0,9,7,4,3,3,2,3,2,8,7,0,1
4,536,4,0,4,0,9,7,4,3,3,2,3,2,7,7,0,1
5,537,4,0,3,0,8,7,3,3,2,2,2,2,7,7,0,1
5,537,4,0,3,0,8,7,3,3,2,2,2,2,7,7,0,1
5,537,4,0,3,0,8,7,3,3,2,2,2,2,7,7,0,1
5,537,4,0,3,0,8,7,3,3,2,2,2,2,7,7,0,1
5,537,4,0,3,0,8,7,3,3,2,2,2,2,7,7,0,1
5,537,4,0,3,0,8,7,3,3,2,2,2,2,7,7,0,1
5,537,4,0,3,0,8,7,3,3,2,2,3,2,10,7,0,1
5,537,4,0,3,0,8,7,3,3,2,2,3,2,10,5,0,0
5,537,4,0,3,0,8,7,3,3,2,2,3,2,10,5,0,0
5,537,4,0,3,0,8,7,3,3,2,2,3,2,10,5,0,0
5,537,4,0,3,0,8,7,3,3,2,2,3,2,10,5,0,0
5,537,4,0,3,0,8,7,3,3,2,2,3,2,10,5,0,0
5,537,4,0,3,0,8,7,3,3,2,2,3,2,10,5,0,0
5,537,4,0,3,0,8,7,3,3,2,2,3,2,10,5,0,0
5,537,4,0,3,0,8,7,3,3,2,1,3,2,10,5,0,0
5,537,4,0,3,0,8,7,3,3,2,1,2,2,8,5,0,0
5,537,4,0,3,0,8,7,3,3,2,1,2,2,8,5,0,0
5,537,4,0,3,0,8,7,3,3,2,1,2,2,8,5,0,0
5,537,4,0,3,0,8,7,3,3,2,1,2,2,8,5,0,0
5,537,4,0,3,0,8,7,3,3,2,1,2,2,8,4,0,0
5,537,4,0,3,0,8,7,3,3,2,1,2,2,8,4,0,0
5,537,4,0,3,0,8,7,3,3,2,1,2,2,8,4,0,0
5,537,4,0,3,0,8,7,3,3,2,1,2,2,8,4,0,0
5,537,4,0,3,0,8,7,3,3,2,1,2,2,7,4,0,0
6,538,4,0,3,0,8,7,3,3,2,1,2,2,4,4,0,0
6,538,4,0,3,0,8,7,3,3,2,1,2,2,4,4,0,0
6,538,4,0,3,0,8,7,3,3,2,1,2,2,4,4,0,0
6,538,4,0,3,0,8,7,3,3,2,1,2,2,4,4,0,0
6,538,4,0,3,0,8,7,3,3,2,1,2,2,4,4,0,0
6,538,4,0,3,0,8,7,3,3,2,1,2,2,4,4,0,0
6,538,4,0,3,0,8,7,3,3,2,1,3,2,4,4,0,0
6,538,4,0,3,0,8,7,3,3,2,0,3,2,5,4,0,0
6,538,4,0,3,0,8,7,3,3,2,0,3,2,5,4,0,0
6,538,4,0,3,0,8,7,3,3,2,0,3,2,5,4,0,0
6,538,4,0,3,0,8,7,3,3,2,0,3,2,5,4,0,0
6,538,4,0,3,0,8,7,3,3,2,0,3,2,5,4,0,0
6,538,4,0,3,0,8,7,3,3,2,0,3,2,5,4,0,0
6,538,4,0,3,0,8,7,3,3,2,0,3,1,5,4,0,0
6,538,4,0,3,0,8,7,3,3,2,0,3,0,5,4,0,0
6,538,4,0,3,0,8,7,3,3,2,0,2,0,4,4,0,0
6,538,4,0,3,0,8,7,3,3,2,0,2,0,4,4,0,0
6,538,4,0,3,0,8,7,3,3,2,0,2,0,4,4,0,0
6,538,4,0,3,0,8,7,3,3,2,0,2,0,4,4,0,0
6,538,4,0,3,0,8,7,3,3,2,0,2,0,4,4,0,0
6,538,4,0,3,0,8,7,3,3,2,0,2,0,4,4,0,0
6,538,4,0,3,0,8,7,3,3,2,0,2,0,4,4,0,0
6,538,4,0,3,0,8,6,3,3,2,0,2,0,4,4,0,0
6,538,4,0,3,0,8,6,3,3,2,0,2,0,4,4,0,0
7,539,4,0,4,0,9,6,4,3,3,0,3,0,7,4,0,0
7,539,4,0,4,0,9,6,4,3,3,0,3,0,7,4,0,0
7,539,4,0,4,0,9,6,4,3,3,0,3,0,7,4,0,0
7,539,4,0,4,0,9,6,4,3,3,0,3,0,7,4,0,0
7,539,4,0,4,0,9,6,4,3,3,0,3,0,7,4,0,0
7,539,4,0,4,0,9,6,4,3,3,0,3,0,7,4,0,0
7,539,4,0,4,0,9,6,4,3,3,0,3,0,8,4,8,0
7,539,4,0,4,0,10,9,4,4,3,2,4,1,8,5,8,1
7,539,4,0,4,0,10,9,4,4,3,3,4,1,8,6,8,1
7,539,4,0,4,0,10,9,4,4,3,3,4,1,8,7,9,1
7,539,4,0,4,0,10,10,4,4,3,2,4,1,8,7,9,1
7,539,4,0,4,0,10,10,4,4,3,3,4,1,8,8,9,1
7,539,4,0,4,0,10,10,4,4,3,3,4,1,8,8,9,1
7,539,4,0,4,0,10,9,4,4,3,3,4,1,8,7,5,1
7,539,4,0,4,0,10,8,4,4,3,3,4,1,8,7,5,1
7,539,4,0,4,0,10,8,4,4,3,3,4,1,8,7,5,1
7,539,4,0,4,0,9,8,4,4,3,3,3,1,8,7,5,1
7,539,4,0,4,0,9,8,4,4,3,3,3,1,8,7,0,1
7,539,4,0,4,0,9,8,4,3,3,3,3,1,8,7,0,1
7,539,4,0,4,0,9,8,4,3,3,3,3,1,8,7,0,0
7,539,4,0,4,0,9,8,4,2,3,3,3,1,8,7,0,0
7,539,4,0,4,0,9,8,4,2,3,3,3,1,8,7,0,0
7,539,4,0,4,0,9,8,4,2,3,3,3,1,8,7,0,0
7,539,4,0,4,0,9,8,4,2,3,3,3,1,7,7,0,0
8,540,4,0,4,0,9,8,4,2,3,3,3,1,4,7,0,0
8,540,4,0,4,0,9,8,4,2,3,3,3,1,4,7,0,0
8,540,4,0,4,0,9,8,4,2,3,3,3,1,4,7,0,0
8,540,4,0,4,0,9,8,4,2,3,3,3,1,4,7,0,0
8,540,4,0,4,0,9,8,4,2,3,3,3,1,4,7,0,0
8,540,4,0,4,0,9,8,4,2,3,3,3,1,4,7,0,0
8,540,4,0,4,0,9,8,4,2,3,3,3,1,4,7,8,0
8,540,4,0,4,0,10,9,4,4,3,3,4,2,5,6,8,2
8,540,4,0,4,0,10,9,4,4,3,3,4,2,5,6,8,3
8,540,4,0,4,0,10,10,4,4,3,3,4,2,5,6,9,3
8,540,4,0,4,0,10,10,4,3,3,3,4,2,5,6,9,3
8,540,4,0,4,0,10,10,4,4,3,3,4,2,5,6,9,3
8,540,4,0,4,0,10,10,4,4,3,3,4,2,5,6,9,3
8,540,4,0,4,0,10,10,4,4,3,3,4,2,5,5,5,3
8,540,4,0,4,0,10,10,4,4,3,3,4,2,5,5,5,3
8,540,4,0,4,0,10,10,4,4,3,3,4,2,4,5,5,3
8,540,4,0,4,0,9,10,4,4,3,3,3,2,4,5,5,3
8,540,4,0,4,0,9,10,4,4,3,3,3,2,4,5,0,3
8,540,4,0,4,0,9,10,4,4,3,3,3,2,4,5,0,3
8,540,4,0,4,0,9,10,4,4,3,3,3,2,4,5,0,3
8,540,4,0,4,0,9,10,4,3,3,2,3,2,4,5,0,3
8,540,4,0,4,0,9,10,4,3,3,2,3,2,4,4,0,2
8,540,4,0,4,0,9,10,4,3,3,2,3,2,4,4,0,2
8,540,4,0,4,0,9,10,4,3,3,2,3,2,4,4,0,2
9,541,4,0,4,0,9,10,4,3,3,2,3,2,7,5,0,2
9,541,4,0,4,0,9,10,4,3,3,2,3,2,7,5,0,2
9,541,4,0,4,0,9,10,4,3,3,2,3,2,7,5,0,2
9,541,4,0,4,0,9,10,4,3,3,2,3,2,7,5,0,2
9,541,4,0,4,0,9,10,4,3,3,2,3,2,7,5,0,2
9,541,4,0,4,0,9,10,4,3,3,2,3,2,7,5,0,2
9,541,4,0,4,0,9,10,4,3,3,2,3,2,10,5,8,2
9,541,4,0,4,0,10,10,4,4,3,2,4,3,10,8,8,1
9,541,4,0,4,0,10,10,4,4,3,2,4,3,10,10,8,2
9,541,4,0,4,0,10,10,4,4,3,3,4,3,10,11,9,2
9,541,4,0,4,0,10,10,4,3,3,3,4,3,10,11,9,3
9,541,4,0,4,0,10,10,4,3,3,3,4,3,10,10,9,3
9,541,4,0,4,0,10,10,4,3,3,3,4,3,10,10,9,3
9,541,4,0,4,0,10,10,4,3,3,3,4,3,10,10,5,3
9,541,4,0,4,0,10,10,4,3,3,3,4,3,10,9,5,2
9,541,4,0,4,0,10,10,4,2,3,3,4,3,8,8,5,1
9,541,4,0,4,0,9,10,4,2,3,2,3,3,8,8,5,1
9,541,4,0,4,0,9,9,4,2,3,2,3,3,8,8,0,1
9,541,4,0,4,0,9,8,4,2,3,2,3,3,8,8,0,1
9,541,4,0,4,0,9,8,4,2,3,2,3,3,8,8,0,0
9,541,4,0,4,0,9,8,4,2,3,2,3,3,8,8,0,0
9,541,4,0,4,0,9,8,4,2,3,2,3,3,8,8,0,0
9,541,4,0,4,0,9,8,4,2,3,2,3,3,8,8,0,0
9,541,4,0,4,0,9,8,4,2,3,2,3,3,7,8,0,0
10,542,4,0,4,0,9,8,4,2,3,2,3,3,7,8,0,0
10,542,4,0,4,0,9,8,4,2,3,2,3,3,7,8,0,0
10,542,4,0,4,0,9,8,4,2,3,2,3,3,7,8,0,0
10,542,4,0,4,0,9,8,4,2,3,2,3,3,7,8,0,0
10,542,4,0,4,0,9,8,4,2,3,2,3,3,7,8,0,0
10,542,4,0,4,0,9,8,4,2,3,2,3,3,7,8,0,0
10,542,4,0,4,0,9,8,4,2,3,2,3,3,8,8,8,0
10,542,4,0,4,0,10,9,4,3,3,2,4,3,8,8,8,0
10,542,4,0,4,0,10,10,4,3,3,2,4,3,8,8,8,0
10,542,4,0,4,0,10,10,4,3,3,2,4,3,8,8,9,0
10,542,4,0,4,0,10,10,4,3,3,2,4,3,8,8,9,0
10,542,4,0,4,0,10,10,4,3,3,2,4,3,8,8,9,0
10,542,4,0,4,0,10,10,4,3,3,2,4,3,8,8,9,0
10,542,4,0,4,0,10,10,4,3,3,2,4,3,8,7,5,0
10,542,4,0,4,0,10,10,4,3,3,2,4,3,8,6,5,0
10,542,4,0,4,0,10,10,4,2,3,2,4,3,8,6,5,0
10,542,4,0,4,0,9,10,4,2,3,2,3,3,8,6,5,0
10,542,4,0,4,0,9,10,4,2,3,2,3,3,8,6,0,0
10,542,4,0,4,0,9,10,4,2,3,2,3,3,8,6,0,0
10,542,4,0,4,0,9,10,4,2,3,2,3,3,8,6,0,0
10,542,4,0,4,0,9,10,4,2,3,2,3,3,8,6,0,0
10,542,4,0,4,0,9,10,4,2,3,2,3,3,8,6,0,0
10,542,4,0,4,0,9,10,4,2,3,2,3,2,8,6,0,0
10,542,4,0,4,0,9,10,4,2,3,2,3,2,7,6,0,0
11,543,4,0,4,0,9,10,4,2,3,2,3,2,7,6,0,0
11,543,4,0,4,0,9,10,4,2,3,2,3,2,7,6,0,0
11,543,4,0,4,0,9,10,4,2,3,2,3,2,7,6,0,0
11,543,4,0,4,0,9,10,4,2,3,2,3,2,7,6,0,0
11,543,4,0,4,0,9,10,4,2,3,2,3,2,7,6,0,0
11,543,4,0,4,0,9,10,4,2,3,2,3,2,7,6,0,0
11,543,4,0,4,0,9,10,4,2,3,2,3,2,8,6,8,0
11,543,4,0,4,0,10,10,4,3,3,3,4,3,8,7,8,0
11,543,4,0,4,0,10,10,4,4,3,3,4,3,8,8,8,1
11,543,4,0,4,0,10,10,4,4,3,3,4,3,8,8,9,1
11,543,4,0,4,0,10,10,4,4,3,3,4,3,8,8,9,1
11,543,4,0,4,0,10,10,4,4,3,3,4,3,8,8,9,1
11,543,4,0,4,0,10,9,4,4,3,3,4,3,8,9,9,1
11,543,4,0,4,0,10,9,4,3,3,3,4,3,8,8,5,0
11,543,4,0,4,0,10,9,4,3,3,3,4,3,8,8,5,0
11,543,4,0,4,0,10,9,4,3,3,3,4,3,8,7,5,0
11,543,4,0,4,0,9,9,4,3,3,3,3,3,8,7,5,0
11,543,4,0,4,0,9,9,4,3,3,3,3,3,8,7,0,0
11,543,4,0,4,0,9,9,4,3,3,3,3,3,8,7,0,0
11,543,4,0,4,0,9,9,4,3,3,3,3,3,8,6,0,0
11,543,4,0,4,0,9,9,4,3,3,3,3,3,8,6,0,0
11,543,4,0,4,0,9,9,4,3,3,3,3,3,8,6,0,0
11,543,4,0,4,0,9,9,4,3,3,3,3,3,8,6,0,0
11,543,4,0,4,0,9,9,4,3,3,3,3,3,7,6,0,0
12,544,4,0,3,0,8,9,3,3,2,3,2,3,7,6,0,0
12,544,4,0,3,0,8,9,3,3,2,3,2,3,7,6,0,0
12,544,4,0,3,0,8,9,3,3,2,3,2,3,7,6,0,0
12,544,4,0,3,0,8,9,3,3,2,3,2,3,7,6,0,0
12,544,4,0,3,0,8,9,3,3,2,3,2,3,7,6,0,0
12,544,4,0,3,0,8,9,3,3,2,3,2,3,7,6,0,0
12,544,4,0,3,0,8,9,3,3,2,3,3,3,10,6,0,0
12,544,4,0,3,0,8,9,3,3,2,3,3,3,10,6,0,0
12,544,4,0,3,0,8,9,3,3,2,3,3,3,10,6,0,0
12,544,4,0,3,0,8,9,3,3,2,3,3,3,10,6,0,0
12,544,4,0,3,0,8,9,3,3,2,2,3,3,10,6,0,0
12,544,4,0,3,0,8,9,3,3,2,2,3,3,10,6,0,0
12,544,4,0,3,0,8,9,3,3,2,2,3,3,10,5,0,0
12,544,4,0,3,0,8,9,3,3,2,2,3,3,10,5,0,0
12,544,4,0,3,0,8,9,3,3,2,2,3,3,10,5,0,0
12,544,4,0,3,0,8,9,3,3,2,2,2,3,8,5,0,0
12,544,4,0,3,0,8,9,3,3,2,2,2,3,8,5,0,0
12,544,4,0,3,0,8,9,3,3,2,2,2,3,8,5,0,0
12,544,4,0,3,0,8,9,3,3,2,2,2,3,8,5,0,0
12,544,4,0,3,0,8,9,3,3,2,2,2,3,8,5,0,0
12,544,4,0,3,0,8,9,3,3,2,2,2,3,8,5,0,0
12,544,4,0,3,0,8,8,3,3,2,2,2,3,8,4,0,0
12,544,4,0,3,0,8,8,3,3,2,2,2,3,8,4,0,0
12,544,4,0,3,0,8,8,3,3,2,2,2,3,7,4,0,0
13,545,4,0,3,0,8,8,3,3,2,2,2,3,4,4,0,0
13,545,4,0,3,0,8,8,3,3,2,2,2,3,4,4,0,0
13,545,4,0,3,0,8,8,3,3,2,2,2,3,4,4,0,0
13,545,4,0,3,0,8,8,3,3,2,2,2,3,4,4,0,0
13,545,4,0,3,0,8,8,3,3,2,2,2,3,4,4,0,0
13,545,4,0,3,0,8,8,3,3,2,2,2,3,4,4,0,0
13,545,4,0,3,0,8,8,3,3,2,2,3,3,4,4,0,0
13,545,4,0,3,0,8,7,3,2,2,2,3,1,5,4,0,0
13,545,4,0,3,0,8,7,3,2,2,2,3,1,5,4,0,0
13,545,4,0,3,0,8,7,3,2,2,2,3,1,5,4,0,0
13,545,4,0,3,0,8,7,3,2,2,2,3,1,5,4,0,0
13,545,4,0,3,0,8,7,3,2,2,2,3,1,5,4,0,0
13,545,4,0,3,0,8,7,3,2,2,2,3,1,5,4,0,0
13,545,4,0,3,0,8,7,3,2,2,2,3,1,5,4,0,0
13,545,4,0,3,0,8,6,3,2,2,2,3,1,5,4,0,0
13,545,4,0,3,0,8,6,3,2,2,2,2,1,4,3,0,0
13,545,4,0,3,0,8,6,3,2,2,2,2,1,4,3,0,0
13,545,4,0,3,0,8,6,3,2,2,2,2,1,4,3,0,0
13,545,4,0,3,0,8,6,3,2,2,2,2,1,4,3,0,0
13,545,4,0,3,0,8,6,3,2,2,2,2,1,4,3,0,0
13,545,4,0,3,0,8,6,3,2,2,2,2,1,4,3,0,0
13,545,4,0,3,0,8,6,3,2,2,2,2,1,4,3,0,0
13,545,4,0,3,0,8,6,3,2,2,2,2,1,4,3,0,0
13,545,4,0,3,0,8,6,3,2,2,2,2,1,4,3,0,0
14,546,4,0,4,0,9,6,4,2,3,2,3,1,7,3,0,0
14,546,4,0,4,0,9,6,4,2,3,2,3,1,7,3,0,0
14,546,4,0,4,0,9,6,4,2,3,2,3,1,7,3,0,0
14,546,4,0,4,0,9,6,4,2,3,2,3,1,7,3,0,0
14,546,4,0,4,0,9,6,4,2,3,2,3,1,7,3,0,0
14,546,4,0,4,0,9,6,4,2,3,2,3,1,7,3,0,0
14,546,4,0,4,0,9,6,4,2,3,2,3,1,8,3,8,0
14,546,4,0,4,0,10,9,4,4,3,2,4,2,8,4,8,2
14,546,4,0,4,0,10,10,4,4,3,2,4,2,8,4,8,2
14,546,4,0,4,0,10,10,4,4,3,3,4,2,8,8,9,2
14,546,4,0,4,0,10,10,4,4,3,3,4,2,8,8,9,2
14,546,4,0,4,0,10,10,4,4,3,3,4,2,8,8,9,2
14,546,4,0,4,0,10,10,4,4,3,3,4,2,8,8,9,2
14,546,4,0,4,0,10,10,4,4,3,2,4,2,8,6,5,2
14,546,4,0,4,0,10,10,4,4,3,2,4,2,8,6,5,2
14,546,4,0,4,0,10,10,4,4,3,2,4,2,8,6,5,2
14,546,4,0,4,0,9,10,4,4,3,2,3,2,8,5,5,2
14,546,4,0,4,0,9,10,4,4,3,2,3,2,8,5,0,2
14,546,4,0,4,0,9,9,4,4,3,2,3,2,8,5,0,2
14,546,4,0,4,0,9,9,4,4,3,2,3,2,8,5,0,2
14,546,4,0,4,0,9,9,4,4,3,2,3,2,8,5,0,2
14,546,4,0,4,0,9,8,4,4,3,2,3,2,8,5,0,1
14,546,4,0,4,0,9,8,4,4,3,2,3,2,8,5,0,1
14,546,4,0,4,0,9,8,4,4,3,2,3,2,7,5,0,1
15,547,4,0,4,0,9,8,4,4,3,2,3,2,4,5,0,1
15,547,4,0,4,0,9,8,4,4,3,2,3,2,4,5,0,1
15,547,4,0,4,0,9,8,4,4,3,2,3,2,4,5,0,1
15,547,4,0,4,0,9,8,4,4,3,2,3,2,4,5,0,1
15,547,4,0,4,0,9,8,4,4,3,2,3,2,4,5,0,1
15,547,4,0,4,0,9,8,4,4,3,2,3,2,4,5,0,1
15,547,4,0,4,0,9,8,4,4,3,2,3,2,4,5,8,1
15,547,4,0,4,0,10,10,4,4,3,3,4,3,5,5,8,2
15,547,4,0,4,0,10,10,4,4,3,3,4,3,5,5,8,3
15,547,4,0,4,0,10,10,4,4,3,3,4,3,5,5,9,4
15,547,4,0,4,0,10,10,4,4,3,3,4,3,5,5,9,4
15,547,4,0,4,0,10,10,4,4,3,3,4,3,5,5,9,4
15,547,4,0,4,0,10,10,4,4,3,3,4,3,5,5,9,4
15,547,4,0,4,0,10,10,4,4,3,3,4,3,5,5,5,4
15,547,4,0,4,0,10,10,4,4,3,3,4,3,5,5,5,4
15,547,4,0,4,0,10,10,4,4,3,3,4,3,4,6,5,1
15,547,4,0,4,0,9,10,4,4,3,3,3,3,4,5,5,0
15,547,4,0,4,0,9,10,4,4,3,3,3,3,4,5,0,0
15,547,4,0,4,0,9,10,4,4,3,3,3,3,4,5,0,0
15,547,4,0,4,0,9,10,4,4,3,3,3,3,4,5,0,0
15,547,4,0,4,0,9,10,4,4,3,3,3,3,4,5,0,0
15,547,4,0,4,0,9,10,4,4,3,2,3,3,4,5,0,0
15,547,4,0,4,0,9,10,4,4,3,2,3,3,4,5,0,0
15,547,4,0,4,0,9,10,4,4,3,2,3,3,4,5,0,0
16,548,4,0,4,0,9,10,4,4,3,2,3,3,7,5,0,0
16,548,4,0,4,0,9,10,4,4,3,2,3,3,7,5,0,0
16,548,4,0,4,0,9,10,4,4,3,2,3,3,7,5,0,0
16,548,4,0,4,0,9,10,4,4,3,2,3,3,7,5,0,0
16,548,4,0,4,0,9,10,4,4,3,2,3,3,7,5,0,0
16,548,4,0,4,0,9,10,4,4,3,2,3,3,7,5,0,0
16,548,4,0,4,0,9,10,4,4,3,2,3,3,10,5,8,0
16,548,4,0,4,0,10,10,4,4,3,2,4,4,10,10,8,1
16,548,4,0,4,0,10,10,4,4,3,2,4,4,10,10,8,1
16,548,4,0,4,0,10,10,4,4,3,3,4,4,10,10,9,2
16,548,4,0,4,0,10,10,4,4,3,3,4,4,10,10,9,2
16,548,4,0,4,0,10,10,4,4,3,3,4,4,10,10,9,2
16,548,4,0,4,0,10,10,4,4,3,3,4,4,10,11,9,2
16,548,4,0,4,0,10,10,4,4,3,3,4,4,10,10,5,1
16,548,4,0,4,0,10,10,4,4,3,2,4,4,10,10,5,1
16,548,4,0,4,0,10,10,4,4,3,2,4,4,8,10,5,1
16,548,4,0,4,0,9,10,4,4,3,2,3,4,8,9,5,0
16,548,4,0,4,0,9,10,4,4,3,2,3,4,8,9,0,0
16,548,4,0,4,0,9,10,4,4,3,2,3,4,8,9,0,0
16,548,4,0,4,0,9,10,4,4,3,2,3,4,8,9,0,0
16,548,4,0,4,0,9,10,4,4,3,2,3,4,8,9,0,0
16,548,4,0,4,0,9,9,4,4,3,2,3,4,8,8,0,0
16,548,4,0,4,0,9,9,4,4,3,2,3,4,8,8,0,0
16,548,4,0,4,0,9,9,4,4,3,2,3,4,7,8,0,0
17,549,4,0,4,0,9,9,4,4,3,2,3,4,7,8,0,0
17,549,4,0,4,0,9,9,4,4,3,2,3,4,7,8,0,0
17,549,4,0,4,0,9,9,4,4,3,2,3,4,7,8,0,0
17,549,4,0,4,0,9,9,4,4,3,2,3,4,7,8,0,0
17,549,4,0,4,0,9,9,4,4,3,2,3,4,7,8,0,0
17,549,4,0,4,0,9,9,4,4,3,2,3,4,7,8,0,0
17,549,4,0,4,0,9,9,4,4,3,2,3,4,8,8,8,0
17,549,4,0,4,0,10,10,4,4,3,3,4,4,8,6,8,0
17,549,4,0,4,0,10,10,4,4,3,3,4,4,8,8,8,0
17,549,4,0,4,0,10,10,4,4,3,3,4,4,8,8,9,0
17,549,4,0,4,0,10,10,4,4,3,3,4,4,8,8,9,0
17,549,4,0,4,0,10,10,4,4,3,3,4,4,8,8,9,0
17,549,4,0,4,0,10,10,4,4,3,3,4,4,8,8,9,0
17,549,4,0,4,0,10,10,4,4,3,3,4,4,8,8,5,0
17,549,4,0,4,0,10,10,4,4,3,3,4,4,8,8,5,0
17,549,4,0,4,0,10,10,4,4,3,3,4,4,8,8,5,0
17,549,4,0,4,0,9,10,4,4,3,3,3,4,8,8,5,0
17,549,4,0,4,0,9,10,4,4,3,3,3,4,8,8,0,0
17,549,4,0,4,0,9,10,4,4,3,3,3,4,8,8,0,0
17,549,4,0,4,0,9,10,4,4,3,3,3,4,8,8,0,0
17,549,4,0,4,0,9,9,4,4,3,3,3,4,8,8,0,0
17,549,4,0,4,0,9,8,4,4,3,3,3,4,8,8,0,0
17,549,4,0,4,0,9,8,4,4,3,3,3,3,8,8,0,0
17,549,4,0,4,0,9,8,4,4,3,3,3,3,7,8,0,0
18,550,4,0,4,0,9,8,4,4,3,3,3,3,7,8,0,0
18,550,4,0,4,0,9,8,4,4,3,3,3,3,7,8,0,0
18,550,4,0,4,0,9,8,4,4,3,3,3,3,7,8,0,0
18,550,4,0,4,0,9,8,4,4,3,3,3,3,7,8,0,0
18,550,4,0,4,0,9,8,4,4,3,3,3,3,7,8,0,0
18,550,4,0,4,0,9,8,4,4,3,3,3,3,7,8,0,0
18,550,4,0,4,0,9,8,4,4,3,3,3,3,8,8,8,0
18,550,4,0,4,0,10,10,4,4,3,3,4,4,8,7,8,1
18,550,4,0,4,0,10,10,4,4,3,3,4,4,8,8,8,1
18,550,4,0,4,0,10,10,4,4,3,3,4,4,8,8,9,2
18,550,4,0,4,0,10,10,4,4,3,3,4,4,8,8,9,2
18,550,4,0,4,0,10,10,4,4,3,3,4,4,8,9,9,2
18,550,4,0,4,0,10,10,4,4,3,3,4,4,8,9,9,2
18,550,4,0,4,0,10,10,4,4,3,3,4,4,8,9,5,2
18,550,4,0,4,0,10,10,4,4,3,3,4,4,8,9,5,2
18,550,4,0,4,0,10,10,4,4,3,3,4,4,8,8,5,1
18,550,4,0,4,0,9,10,4,4,3,3,3,4,8,8,5,1
18,550,4,0,4,0,9,10,4,4,3,3,3,4,8,8,0,1
18,550,4,0,4,0,9,10,4,4,3,3,3,4,8,8,0,1
18,550,4,0,4,0,9,10,4,4,3,3,3,4,8,8,0,1
18,550,4,0,4,0,9,10,4,4,3,3,3,4,8,8,0,1
18,550,4,0,4,0,9,10,4,4,3,3,3,4,8,8,0,0
18,550,4,0,4,0,9,10,4,4,3,3,3,4,8,8,0,0
18,550,4,0,4,0,9,10,4,4,3,3,3,4,7,8,0,0
19,551,4,0,3,0,8,10,3,4,2,3,2,4,7,8,0,0
19,551,4,0,3,0,8,10,3,4,2,3,2,4,7,8,0,0
19,551,4,0,3,0,8,10,3,4,2,3,2,4,7,8,0,0
19,551,4,0,3,0,8,10,3,4,2,3,2,4,7,8,0,0
19,551,4,0,3,0,8,10,3,4,2,3,2,4,7,8,0,0
19,551,4,0,3,0,8,10,3,4,2,3,2,4,7,8,0,0
19,551,4,0,3,0,8,10,3,4,2,3,3,4,10,8,0,0
19,551,4,0,3,0,8,10,3,4,2,2,3,3,10,8,0,0
19,551,4,0,3,0,8,10,3,4,2,2,3,3,10,8,0,0
19,551,4,0,3,0,8,10,3,4,2,2,3,3,10,8,0,0
19,551,4,0,3,0,8,10,3,4,2,2,3,3,10,8,0,0
19,551,4,0,3,0,8,10,3,4,2,2,3,3,10,8,0,0
19,551,4,0,3,0,8,10,3,4,2,2,3,3,10,8,0,0
19,551,4,0,3,0,8,10,3,4,2,2,3,3,10,8,0,0
19,551,4,0,3,0,8,10,3,4,2,2,3,3,10,8,0,0
19,551,4,0,3,0,8,10,3,4,2,2,2,3,8,8,0,0
19,551,4,0,3,0,8,10,3,4,2,2,2,3,8,8,0,0
19,551,4,0,3,0,8,10,3,4,2,2,2,3,8,8,0,0
19,551,4,0,3,0,8,10,3,4,2,2,2,3,8,8,0,0
19,551,4,0,3,0,8,10,3,4,2,2,2,3,8,8,0,0
19,551,4,0,3,0,8,10,3,4,2,2,2,3,8,8,0,0
19,551,4,0,3,0,8,10,3,4,2,2,2,3,8,7,0,0
19,551,4,0,3,0,8,10,3,4,2,2,2,3,8,7,0,0
19,551,4,0,3,0,8,10,3,4,2,2,2,3,7,7,0,0
20,552,4,0,3,0,8,10,3,4,2,2,2,3,4,7,0,0
20,552,4,0,3,0,8,10,3,4,2,2,2,3,4,7,0,0
20,552,4,0,3,0,8,10,3,4,2,2,2,3,4,7,0,0
20,552,4,0,3,0,8,10,3,4,2,2,2,3,4,7,0,0
20,552,4,0,3,0,8,10,3,4,2,2,2,3,4,7,0,0
20,552,4,0,3,0,8,10,3,4,2,2,2,3,4,7,0,0
20,552,4,0,3,0,8,10,3,4,2,2,3,3,4,7,0,0
20,552,4,0,3,0,8,8,3,4,2,2,3,2,5,6,0,0
20,552,4,0,3,0,8,8,3,4,2,2,3,2,5,6,0,0
20,552,4,0,3,0,8,8,3,4,2,2,3,2,5,6,0,0
20,552,4,0,3,0,8,7,3,4,2,2,3,2,5,6,0,0
20,552,4,0,3,0,8,7,3,4,2,2,3,2,5,6,0,0
20,552,4,0,3,0,8,7,3,4,2,2,3,1,5,6,0,0
20,552,4,0,3,0,8,7,3,4,2,2,3,1,5,6,0,0
20,552,4,0,3,0,8,7,3,4,2,2,3,1,5,6,0,0
20,552,4,0,3,0,8,7,3,4,2,2,2,1,4,6,0,0
20,552,4,0,3,0,8,7,3,4,2,2,2,1,4,6,0,0
20,552,4,0,3,0,8,7,3,4,2,2,2,1,4,6,0,0
20,552,4,0,3,0,8,7,3,4,2,2,2,1,4,6,0,0
20,552,4,0,3,0,8,7,3,4,2,2,2,1,4,6,0,0
20,552,4,0,3,0,8,7,3,4,2,2,2,1,4,6,0,0
20,552,4,0,3,0,8,7,3,4,2,2,2,1,4,6,0,0
20,552,4,0,3,0,8,7,3,4,2,2,2,1,4,6,0,0
20,552,4,0,3,0,8,7,3,4,2,2,2,1,4,6,0,0
21,553,4,0,4,0,9,7,4,4,3,2,3,1,7,6,0,0
21,553,4,0,4,0,9,7,4,4,3,2,3,1,7,6,0,0
21,553,4,0,4,0,9,7,4,4,3,2,3,1,7,6,0,0
21,553,4,0,4,0,9,7,4,4,3,2,3,1,7,6,0,0
21,553,4,0,4,0,9,7,4,4,3,2,3,1,7,6,0,0
21,553,4,0,4,0,9,7,4,4,3,2,3,1,7,6,0,0
21,553,4,0,4,0,9,7,4,4,3,2,3,1,8,6,8,0
21,553,4,0,4,0,10,8,4,4,3,3,4,2,8,8,8,1
21,553,4,0,4,0,10,9,4,4,3,3,4,2,8,8,8,1
21,553,4,0,4,0,10,10,4,4,3,2,4,2,8,8,9,1
21,553,4,0,4,0,10,10,4,4,3,3,4,2,8,8,9,1
21,553,4,0,4,0,10,10,4,4,3,3,4,2,8,8,9,1
21,553,4,0,4,0,10,10,4,4,3,2,4,2,8,8,9,1
21,553,4,0,4,0,10,9,4,4,3,2,4,2,8,8,5,1
21,553,4,0,4,0,10,9,4,4,3,2,4,2,8,8,5,1
21,553,4,0,4,0,10,9,4,4,3,2,4,2,8,8,5,1
21,553,4,0,4,0,9,9,4,4,3,2,3,2,8,8,5,1
21,553,4,0,4,0,9,9,4,4,3,2,3,2,8,8,0,1
21,553,4,0,4,0,9,9,4,4,3,2,3,2,8,8,0,1
21,553,4,0,4,0,9,9,4,4,3,2,3,2,8,8,0,1
21,553,4,0,4,0,9,9,4,4,3,2,3,2,8,8,0,1
21,553,4,0,4,0,9,9,4,4,3,2,3,2,8,8,0,1
21,553,4,0,4,0,9,9,4,4,3,2,3,2,8,8,0,1
21,553,4,0,4,0,9,9,4,4,3,2,3,2,7,8,0,1
22,554,4,0,4,0,9,9,4,4,3,2,3,2,4,8,0,1
22,554,4,0,4,0,9,9,4,4,3,2,3,2,4,8,0,1
22,554,4,0,4,0,9,9,4,4,3,2,3,2,4,8,0,1
22,554,4,0,4,0,9,9,4,4,3,2,3,2,4,8,0,1
22,554,4,0,4,0,9,9,4,4,3,2,3,2,4,8,0,1
22,554,4,0,4,0,9,9,4,4,3,2,3,2,4,8,0,1
22,554,4,0,4,0,9,9,4,4,3,2,3,2,4,8,8,1
22,554,4,0,4,0,10,9,4,4,3,3,4,3,5,6,8,6
22,554,4,0,4,0,10,10,4,4,3,3,4,3,5,6,8,7
22,554,4,0,4,0,10,10,4,4,3,2,4,3,5,6,9,8
22,554,4,0,4,0,10,10,4,4,3,2,4,3,5,6,9,9
22,554,4,0,4,0,10,10,4,4,3,2,4,3,5,6,9,8
22,554,4,0,4,0,10,10,4,4,3,2,4,3,5,6,9,8
22,554,4,0,4,0,10,10,4,4,3,2,4,3,5,6,5,7
22,554,4,0,4,0,10,10,4,4,3,2,4,3,5,6,5,7
22,554,4,0,4,0,10,10,4,4,3,2,4,3,4,6,5,5
22,554,4,0,4,0,9,10,4,4,3,2,3,3,4,6,5,5
22,554,4,0,4,0,9,10,4,4,3,2,3,3,4,6,0,5
22,554,4,0,4,0,9,10,4,4,3,2,3,3,4,6,0,5
22,554,4,0,4,0,9,10,4,4,3,2,3,3,4,6,0,5
22,554,4,0,4,0,9,10,4,4,3,2,3,3,4,6,0,5
22,554,4,0,4,0,9,10,4,4,3,2,3,3,4,6,0,5
22,554,4,0,4,0,9,10,4,4,3,2,3,3,4,6,0,4
22,554,4,0,4,0,9,10,4,4,3,2,3,3,4,6,0,4
23,555,4,0,4,0,9,10,4,4,3,2,3,3,7,7,0,4
23,555,4,0,4,0,9,10,4,4,3,2,3,3,7,7,0,4
23,555,4,0,4,0,9,10,4,4,3,2,3,3,7,7,0,4
23,555,4,0,4,0,9,10,4,4,3,2,3,3,7,7,0,4
23,555,4,0,4,0,9,10,4,4,3,2,3,3,7,7,0,4
23,555,4,0,4,0,9,10,4,4,3,2,3,3,7,7,0,4
23,555,4,0,4,0,9,10,4,4,3,2,3,3,10,8,8,4
23,555,4,0,4,0,10,10,4,4,3,3,4,4,10,10,8,2
23,555,4,0,4,0,10,10,4,4,3,3,4,4,10,10,8,1
23,555,4,0,4,0,10,10,4,4,3,3,4,4,10,10,9,1
23,555,4,0,4,0,10,10,4,4,3,3,4,4,10,10,9,0
23,555,4,0,4,0,10,10,4,3,3,3,4,4,10,10,9,0
23,555,4,0,4,0,10,10,4,3,3,3,4,4,10,10,9,0
23,555,4,0,4,0,10,10,4,3,3,3,4,4,10,10,5,0
23,555,4,0,4,0,10,10,4,3,3,3,4,4,10,10,5,0
23,555,4,0,4,0,10,10,4,3,3,3,4,4,8,10,5,0
23,555,4,0,4,0,9,10,4,3,3,3,3,4,8,9,5,0
23,555,4,0,4,0,9,10,4,3,3,3,3,4,8,9,0,0
23,555,4,0,4,0,9,10,4,3,3,3,3,4,8,9,0,0
23,555,4,0,4,0,9,10,4,3,3,3,3,4,8,9,0,0
23,555,4,0,4,0,9,9,4,3,3,3,3,4,8,8,0,0
23,555,4,0,4,0,9,9,4,3,3,3,3,4,8,8,0,0
23,555,4,0,4,0,9,9,4,3,3,3,3,4,8,8,0,0
23,555,4,0,4,0,9,9,4,3,3,3,3,4,7,8,0,0
24,556,4,0,4,0,9,9,4,3,3,3,3,4,7,8,0,0
24,556,4,0,4,0,9,9,4,3,3,3,3,4,7,8,0,0
24,556,4,0,4,0,9,9,4,3,3,3,3,4,7,8,0,0
24,556,4,0,4,0,9,9,4,3,3,3,3,4,7,8,0,0
24,556,4,0,4,0,9,9,4,3,3,3,3,4,7,8,0,0
24,556,4,0,4,0,9,9,4,3,3,3,3,4,7,8,0,0
24,556,4,0,4,0,9,9,4,3,3,3,3,4,8,8,8,0
24,556,4,0,4,0,10,10,4,3,3,3,4,4,8,8,8,0
24,556,4,0,4,0,10,10,4,3,3,3,4,4,8,8,8,0
24,556,4,0,4,0,10,10,4,3,3,3,4,4,8,8,9,0
24,556,4,0,4,0,10,10,4,3,3,3,4,4,8,8,9,0
24,556,4,0,4,0,10,10,4,3,3,3,4,4,8,8,9,0
24,556,4,0,4,0,10,10,4,3,3,3,4,4,8,8,9,0
24,556,4,0,4,0,10,10,4,3,3,3,4,4,8,7,5,0
24,556,4,0,4,0,10,10,4,3,3,3,4,4,8,7,5,0
24,556,4,0,4,0,10,10,4,3,3,2,4,4,8,7,5,0
24,556,4,0,4,0,9,10,4,3,3,2,3,4,8,7,5,0
24,556,4,0,4,0,9,9,4,2,3,2,3,4,8,7,0,0
24,556,4,0,4,0,9,9,4,2,3,2,3,4,8,7,0,0
24,556,4,0,4,0,9,9,4,2,3,2,3,4,8,7,0,0
24,556,4,0,4,0,9,9,4,2,3,2,3,4,8,7,0,0
24,556,4,0,4,0,9,9,4,2,3,2,3,4,8,7,0,0
24,556,4,0,4,0,9,9,4,2,3,2,3,4,8,7,0,0
24,556,4,0,4,0,9,9,4,2,3,2,3,4,7,7,0,0
25,557,4,0,4,0,9,9,4,2,3,2,3,4,7,7,0,0
25,557,4,0,4,0,9,9,4,2,3,2,3,4,7,7,0,0
25,557,4,0,4,0,9,9,4,2,3,2,3,4,7,7,0,0
25,557,4,0,4,0,9,9,4,2,3,2,3,4,7,7,0,0
25,557,4,0,4,0,9,9,4,2,3,2,3,4,7,7,0,0
25,557,4,0,4,0,9,9,4,2,3,2,3,4,7,7,0,0
25,557,4,0,4,0,9,9,4,2,3,2,3,4,8,7,8,0
25,557,4,0,4,0,10,9,4,2,3,2,4,3,8,8,8,1
25,557,4,0,4,0,10,10,4,3,3,3,4,3,8,8,8,1
25,557,4,0,4,0,10,10,4,4,3,3,4,3,8,8,9,2
25,557,4,0,4,0,10,10,4,4,3,3,4,3,8,8,9,3
25,557,4,0,4,0,10,10,4,4,3,3,4,3,8,8,9,4
25,557,4,0,4,0,10,10,4,4,3,3,4,3,8,8,9,4
25,557,4,0,4,0,10,10,4,4,3,2,4,3,8,9,5,4
25,557,4,0,4,0,10,10,4,4,3,3,4,3,8,8,5,3
25,557,4,0,4,0,10,10,4,4,3,3,4,3,8,8,5,1
25,557,4,0,4,0,9,10,4,4,3,3,3,3,8,8,5,1
25,557,4,0,4,0,9,10,4,2,3,3,3,3,8,8,0,1
25,557,4,0,4,0,9,9,4,1,3,2,3,3,8,8,0,1
25,557,4,0,4,0,9,9,4,1,3,2,3,3,8,8,0,1
25,557,4,0,4,0,9,9,4,0,3,1,3,3,8,8,0,1
25,557,4,0,4,0,9,9,4,0,3,1,3,3,8,8,0,1
25,557,4,0,4,0,9,9,4,0,3,1,3,3,8,8,0,1
25,557,4,0,4,0,9,9,4,0,3,1,3,3,7,8,0,1
26,558,4,0,3,0,8,9,3,0,2,1,2,3,7,8,0,1
26,558,4,0,3,0,8,9,3,0,2,1,2,3,7,8,0,1
26,558,4,0,3,0,8,9,3,0,2,1,2,3,7,8,0,1
26,558,4,0,3,0,8,9,3,0,2,1,2,3,7,8,0,1
26,558,4,0,3,0,8,9,3,0,2,1,2,3,7,8,0,1
26,558,4,0,3,0,8,9,3,0,2,1,2,3,7,8,0,1
26,558,4,0,3,0,8,9,3,0,2,1,3,3,10,8,0,1
26,558,4,0,3,0,8,8,3,0,2,1,3,3,10,8,0,0
26,558,4,0,3,0,8,8,3,0,2,1,3,3,10,7,0,0
26,558,4,0,3,0,8,8,3,0,2,1,3,3,10,7,0,0
26,558,4,0,3,0,8,8,3,0,2,1,3,3,10,7,0,0
26,558,4,0,3,0,8,8,3,0,2,1,3,3,10,7,0,0
26,558,4,0,3,0,8,8,3,0,2,1,3,3,10,7,0,0
26,558,4,0,3,0,8,8,3,0,2,1,3,3,10,7,0,0
26,558,4,0,3,0,8,8,3,0,2,1,3,3,10,7,0,0
26,558,4,0,3,0,8,8,3,0,2,1,2,3,8,7,0,0
26,558,4,0,3,0,8,8,3,0,2,1,2,3,8,7,0,0
26,558,4,0,3,0,8,8,3,0,2,1,2,3,8,7,0,0
26,558,4,0,3,0,8,8,3,0,2,1,2,3,8,7,0,0
26,558,4,0,3,0,8,6,3,0,2,1,2,3,8,6,0,0
26,558,4,0,3,0,8,6,3,0,2,1,2,3,8,6,0,0
26,558,4,0,3,0,8,6,3,0,2,1,2,3,8,6,0,0
26,558,4,0,3,0,8,6,3,0,2,1,2,3,8,6,0,0
26,558,4,0,3,0,8,6,3,0,2,1,2,3,7,6,0,0
27,559,4,0,3,0,8,6,3,0,2,1,2,3,4,6,0,0
27,559,4,0,3,0,8,6,3,0,2,1,2,3,4,6,0,0
27,559,4,0,3,0,8,6,3,0,2,1,2,3,4,6,0,0
27,559,4,0,3,0,8,6,3,0,2,1,2,3,4,6,0,0
27,559,4,0,3,0,8,6,3,0,2,1,2,3,4,6,0,0
27,559,4,0,3,0,8,6,3,0,2,1,2,3,4,6,0,0
27,559,4,0,3,0,8,6,3,0,2,1,3,3,4,6,0,0
27,559,4,0,3,0,8,6,3,0,2,1,3,2,5,6,0,0
27,559,4,0,3,0,8,6,3,0,2,1,3,2,5,6,0,0
27,559,4,0,3,0,8,6,3,0,2,1,3,2,5,6,0,0
27,559,4,0,3,0,8,6,3,0,2,1,3,2,5,6,0,0
27,559,4,0,3,0,8,6,3,0,2,1,3,2,5,6,0,0
27,559,4,0,3,0,8,6,3,0,2,1,3,2,5,6,0,0
27,559,4,0,3,0,8,6,3,0,2,1,3,2,5,6,0,0
27,559,4,0,3,0,8,6,3,0,2,1,3,2,5,6,0,0
27,559,4,0,3,0,8,6,3,0,2,1,2,2,4,6,0,0
27,559,4,0,3,0,8,6,3,0,2,1,2,2,4,6,0,0
27,559,4,0,3,0,8,6,3,0,2,1,2,2,4,6,0,0
27,559,4,0,3,0,8,6,3,0,2,1,2,2,4,6,0,0
27,559,4,0,3,0,8,6,3,0,2,1,2,2,4,6,0,0
27,559,4,0,3,0,8,6,3,0,2,1,2,2,4,6,0,0
27,559,4,0,3,0,8,6,3,0,2,1,2,2,4,6,0,0
27,559,4,0,3,0,8,6,3,0,2,1,2,2,4,6,0,0
27,559,4,0,3,0,8,6,3,0,2,1,2,2,4,6,0,0
0,560,4,0,4,0,9,6,4,0,3,1,3,2,7,6,0,0
0,560,4,0,4,0,9,6,4,0,3,1,3,2,7,6,0,0
0,560,4,0,4,0,9,6,4,0,3,1,3,2,7,6,0,0
0,560,4,0,4,0,9,6,4,0,3,1,3,2,7,6,0,0
0,560,4,0,4,0,9,6,4,0,3,1,3,2,7,6,0,0
0,560,4,0,4,0,9,6,4,0,3,1,3,2,7,6,0,0
0,560,4,0,4,0,9,6,4,0,3,1,3,2,8,6,8,0
0,560,4,0,4,0,10,9,4,2,3,1,4,2,8,7,8,2
0,560,4,0,4,0,10,10,4,3,3,1,4,2,8,7,8,2
0,560,4,0,4,0,10,10,4,2,3,1,4,2,8,8,9,2
0,560,4,0,4,0,10,10,4,2,3,1,4,2,8,8,9,2
0,560,4,0,4,0,10,10,4,3,3,1,4,2,8,8,9,2
0,560,4,0,4,0,10,10,4,3,3,1,4,2,8,8,9,2
0,560,4,0,4,0,10,10,4,3,3,1,4,2,8,7,5,2
0,560,4,0,4,0,10,10,4,2,3,1,4,2,8,8,5,2
0,560,4,0,4,0,10,9,4,2,3,1,4,2,8,7,5,2
0,560,4,0,4,0,9,9,4,2,3,1,3,2,8,7,5,1
0,560,4,0,4,0,9,9,4,2,3,1,3,2,8,7,0,0
0,560,4,0,4,0,9,9,4,2,3,1,3,2,8,7,0,0
0,560,4,0,4,0,9,9,4,2,3,1,3,2,8,7,0,0
0,560,4,0,4,0,9,9,4,2,3,1,3,2,8,7,0,0
0,560,4,0,4,0,9,9,4,2,3,1,3,1,8,7,0,0
0,560,4,0,4,0,9,9,4,2,3,1,3,1,8,7,0,0
0,560,4,0,4,0,9,9,4,2,3,1,3,1,7,7,0,0
1,561,4,0,4,0,9,9,4,2,3,1,3,1,4,7,0,0
1,561,4,0,4,0,9,9,4,2,3,1,3,1,4,7,0,0
1,561,4,0,4,0,9,9,4,2,3,1,3,1,4,7,0,0
1,561,4,0,4,0,9,9,4,2,3,1,3,1,4,7,0,0
1,561,4,0,4,0,9,9,4,2,3,1,3,1,4,7,0,0
1,561,4,0,4,0,9,9,4,2,3,1,3,1,4,7,0,0
1,561,4,0,4,0,9,9,4,2,3,1,3,1,4,7,8,0
1,561,4,0,4,0,10,9,4,2,3,3,4,1,5,7,8,1
1,561,4,0,4,0,10,10,4,4,3,3,4,1,5,7,8,1
1,561,4,0,4,0,10,10,4,4,3,3,4,1,5,7,9,2
1,561,4,0,4,0,10,10,4,4,3,2,4,1,5,7,9,2
1,561,4,0,4,0,10,10,4,4,3,3,4,1,5,7,9,2
1,561,4,0,4,0,10,10,4,4,3,3,4,1,5,7,9,2
1,561,4,0,4,0,10,10,4,4,3,2,4,0,5,7,5,2
1,561,4,0,4,0,10,9,4,4,3,3,4,0,5,7,5,2
1,561,4,0,4,0,10,8,4,4,3,3,4,0,4,7,5,2
1,561,4,0,4,0,9,7,4,3,3,3,3,0,4,7,5,2
1,561,4,0,4,0,9,7,4,3,3,3,3,0,4,7,0,2
1,561,4,0,4,0,9,7,4,3,3,3,3,0,4,7,0,2
1,561,4,0,4,0,9,7,4,3,3,3,3,0,4,7,0,2
1,561,4,0,4,0,9,7,4,3,3,3,3,0,4,7,0,2
1,561,4,0,4,0,9,7,4,3,3,3,3,0,4,7,0,2
1,561,4,0,4,0,9,7,4,3,3,3,3,0,4,7,0,2
1,561,4,0,4,0,9,7,4,3,3,3,3,0,4,7,0,2
2,562,4,0,4,0,9,7,4,3,3,3,3,0,7,7,0,2
2,562,4,0,4,0,9,7,4,3,3,3,3,0,7,7,0,2
2,562,4,0,4,0,9,7,4,3,3,3,3,0,7,7,0,2
2,562,4,0,4,0,9,7,4,3,3,3,3,0,7,7,0,2
2,562,4,0,4,0,9,7,4,3,3,3,3,0,7,7,0,2
2,562,4,0,4,0,9,7,4,3,3,3,3,0,7,7,0,2
2,562,4,0,4,0,9,7,4,3,3,3,3,0,10,9,8,2
2,562,4,0,4,0,10,10,4,3,3,2,4,1,10,9,8,2
2,562,4,0,4,0,10,10,4,4,3,2,4,1,10,10,8,2
2,562,4,0,4,0,10,10,4,4,3,2,4,1,10,10,9,2
2,562,4,0,4,0,10,10,4,4,3,3,4,1,10,10,9,2
2,562,4,0,4,0,10,10,4,4,3,3,4,1,10,10,9,1
2,562,4,0,4,0,10,10,4,4,3,3,4,1,10,10,9,1
2,562,4,0,4,0,10,9,4,4,3,3,4,1,10,10,5,1
2,562,4,0,4,0,10,8,4,4,3,3,4,1,10,10,5,1
2,562,4,0,4,0,10,8,4,4,3,3,4,1,8,10,5,1
2,562,4,0,4,0,9,8,4,3,3,3,3,1,8,10,5,1
2,562,4,0,4,0,9,8,4,3,3,3,3,1,8,10,0,1
2,562,4,0,4,0,9,8,4,3,3,3,3,1,8,9,0,0
2,562,4,0,4,0,9,7,4,3,3,3,3,1,8,9,0,0
2,562,4,0,4,0,9,7,4,3,3,3,3,1,8,9,0,0
2,562,4,0,4,0,9,7,4,3,3,3,3,1,8,9,0,0
2,562,4,0,4,0,9,7,4,3,3,3,3,1,8,9,0,0
2,562,4,0,4,0,9,7,4,3,3,3,3,1,7,9,0,0
3,563,4,0,4,0,9,7,4,3,3,3,3,1,7,9,0,0
3,563,4,0,4,0,9,7,4,3,3,3,3,1,7,9,0,0
3,563,4,0,4,0,9,7,4,3,3,3,3,1,7,9,0,0
3,563,4,0,4,0,9,7,4,3,3,3,3,1,7,9,0,0
3,563,4,0,4,0,9,7,4,3,3,3,3,1,7,9,0,0
3,563,4,0,4,0,9,7,4,3,3,3,3,1,7,9,0,0
3,563,4,0,4,0,9,7,4,3,3,3,3,1,8,9,8,0
3,563,4,0,4,0,10,9,4,4,3,3,4,2,8,8,8,0
3,563,4,0,4,0,10,10,4,4,3,3,4,2,8,8,8,0
3,563,4,0,4,0,10,10,4,4,3,3,4,2,8,8,9,0
3,563,4,0,4,0,10,10,4,4,3,3,4,2,8,8,9,0
3,563,4,0,4,0,10,10,4,4,3,3,4,2,8,8,9,0
3,563,4,0,4,0,10,10,4,4,3,3,4,2,8,8,9,0
3,563,4,0,4,0,10,10,4,4,3,3,4,2,8,8,5,0
3,563,4,0,4,0,10,10,4,3,3,3,4,2,8,8,5,0
3,563,4,0,4,0,10,10,4,3,3,3,4,2,8,8,5,0
3,563,4,0,4,0,9,10,4,3,3,3,3,2,8,8,5,0
3,563,4,0,4,0,9,10,4,3,3,3,3,2,8,8,0,0
3,563,4,0,4,0,9,10,4,3,3,3,3,2,8,8,0,0
3,563,4,0,4,0,9,10,4,3,3,3,3,2,8,8,0,0
3,563,4,0,4,0,9,10,4,3,3,3,3,2,8,8,0,0
3,563,4,0,4,0,9,10,4,2,3,3,3,2,8,8,0,0
3,563,4,0,4,0,9,10,4,2,3,3,3,2,8,8,0,0
3,563,4,0,4,0,9,10,4,2,3,3,3,2,7,8,0,0
4,564,4,0,4,0,9,10,4,2,3,3,3,2,7,8,0,0
4,564,4,0,4,0,9,10,4,2,3,3,3,2,7,8,0,0
4,564,4,0,4,0,9,10,4,2,3,3,3,2,7,8,0,0
4,564,4,0,4,0,9,10,4,2,3,3,3,2,7,8,0,0
4,564,4,0,4,0,9,10,4,2,3,3,3,2,7,8,0,0
4,564,4,0,4,0,9,10,4,2,3,3,3,2,7,8,0,0
4,564,4,0,4,0,9,10,4,2,3,3,3,2,8,8,8,0
4,564,4,0,4,0,10,9,4,3,3,1,4,3,8,8,8,1
4,564,4,0,4,0,10,10,4,3,3,3,4,3,8,8,8,1
4,564,4,0,4,0,10,10,4,4,3,3,4,3,8,8,9,1
4,564,4,0,4,0,10,10,4,4,3,3,4,3,8,8,9,1
4,564,4,0,4,0,10,10,4,4,3,3,4,3,8,8,9,1
4,564,4,0,4,0,10,10,4,4,3,3,4,3,8,8,9,1
4,564,4,0,4,0,10,10,4,3,3,3,4,3,8,8,5,1
4,564,4,0,4,0,10,10,4,4,3,3,4,3,8,8,5,1
4,564,4,0,4,0,10,10,4,4,3,3,4,3,8,8,5,1
4,564,4,0,4,0,9,10,4,4,3,2,3,3,8,8,5,1
4,564,4,0,4,0,9,9,4,4,3,2,3,3,8,8,0,1
4,564,4,0,4,0,9,9,4,4,3,2,3,3,8,8,0,1
4,564,4,0,4,0,9,8,4,4,3,2,3,3,8,7,0,1
4,564,4,0,4,0,9,8,4,4,3,2,3,3,8,7,0,1
4,564,4,0,4,0,9,8,4,4,3,2,3,3,8,7,0,1
4,564,4,0,4,0,9,8,4,4,3,2,3,3,8,7,0,1
4,564,4,0,4,0,9,8,4,4,3,2,3,3,7,7,0,1
5,565,4,0,3,0,8,8,3,4,2,2,2,3,7,7,0,1
5,565,4,0,3,0,8,8,3,4,2,2,2,3,7,7,0,1
5,565,4,0,3,0,8,8,3,4,2,2,2,3,7,7,0,1
5,565,4,0,3,0,8,8,3,4,2,2,2,3,7,7,0,1
5,565,4,0,3,0,8,8,3,4,2,2,2,3,7,7,0,1
5,565,4,0,3,0,8,8,3,4,2,2,2,3,7,7,0,1
5,565,4,0,3,0,8,8,3,4,2,2,3,3,10,7,0,1
5,565,4,0,3,0,8,7,3,2,2,2,3,3,10,7,0,0
5,565,4,0,3,0,8,7,3,2,2,2,3,3,10,7,0,0
5,565,4,0,3,0,8,7,3,2,2,2,3,3,10,7,0,0
5,565,4,0,3,0,8,7,3,2,2,2,3,3,10,7,0,0
5,565,4,0,3,0,8,7,3,2,2,2,3,2,10,7,0,0
5,565,4,0,3,0,8,7,3,2,2,2,3,2,10,7,0,0
5,565,4,0,3,0,8,7,3,2,2,2,3,1,10,7,0,0
5,565,4,0,3,0,8,7,3,2,2,2,3,1,10,7,0,0
5,565,4,0,3,0,8,7,3,2,2,2,2,1,8,7,0,0
5,565,4,0,3,0,8,7,3,2,2,2,2,1,8,7,0,0
5,565,4,0,3,0,8,7,3,2,2,2,2,1,8,7,0,0
5,565,4,0,3,0,8,7,3,2,2,2,2,1,8,7,0,0
5,565,4,0,3,0,8,7,3,2,2,2,2,1,8,7,0,0
5,565,4,0,3,0,8,7,3,2,2,2,2,1,8,7,0,0
5,565,4,0,3,0,8,7,3,2,2,2,2,1,8,7,0,0
5,565,4,0,3,0,8,7,3,2,2,2,2,1,8,7,0,0
5,565,4,0,3,0,8,7,3,2,2,2,2,1,7,7,0,0
6,566,4,0,3,0,8,7,3,2,2,2,2,1,4,7,0,0
6,566,4,0,3,0,8,7,3,2,2,2,2,1,4,7,0,0
6,566,4,0,3,0,8,7,3,2,2,2,2,1,4,7,0,0
6,566,4,0,3,0,8,7,3,2,2,2,2,1,4,7,0,0
6,566,4,0,3,0,8,7,3,2,2,2,2,1,4,7,0,0
6,566,4,0,3,0,8,7,3,2,2,2,2,1,4,7,0,0
6,566,4,0,3,0,8,7,3,2,2,2,3,1,4,7,0,0
6,566,4,0,3,0,8,7,3,2,2,2,3,1,5,6,0,0
6,566,4,0,3,0,8,7,3,2,2,2,3,1,5,6,0,0
6,566,4,0,3,0,8,7,3,2,2,2,3,1,5,6,0,0
6,566,4,0,3,0,8,7,3,2,2,2,3,1,5,6,0,0
6,566,4,0,3,0,8,7,3,2,2,2,3,1,5,6,0,0
6,566,4,0,3,0,8,7,3,2,2,2,3,1,5,6,0,0
6,566,4,0,3,0,8,7,3,2,2,2,3,1,5,6,0,0
6,566,4,0,3,0,8,7,3,2,2,2,3,1,5,6,0,0
6,566,4,0,3,0,8,7,3,2,2,2,2,1,4,6,0,0
6,566,4,0,3,0,8,7,3,2,2,2,2,1,4,6,0,0
6,566,4,0,3,0,8,7,3,2,2,2,2,1,4,6,0,0
6,566,4,0,3,0,8,7,3,2,2,2,2,1,4,6,0,0
6,566,4,0,3,0,8,7,3,2,2,2,2,1,4,6,0,0
6,566,4,0,3,0,8,7,3,2,2,2,2,1,4,6,0,0
6,566,4,0,3,0,8,7,3,2,2,2,2,1,4,6,0,0
6,566,4,0,3,0,8,7,3,2,2,2,2,1,4,6,0,0
6,566,4,0,3,0,8,7,3,2,2,2,2,1,4,6,0,0
7,567,4,0,4,0,9,7,4,2,3,2,3,1,7,6,0,0
7,567,4,0,4,0,9,7,4,2,3,2,3,1,7,6,0,0
7,567,4,0,4,0,9,7,4,2,3,2,3,1,7,6,0,0
7,567,4,0,4,0,9,7,4,2,3,2,3,1,7,6,0,0
7,567,4,0,4,0,9,7,4,2,3,2,3,1,7,6,0,0
7,567,4,0,4,0,9,7,4,2,3,2,3,1,7,6,0,0
7,567,4,0,4,0,9,7,4,2,3,2,3,1,8,6,8,0
7,567,4,0,4,0,10,9,4,4,3,3,4,2,8,8,8,1
7,567,4,0,4,0,10,10,4,4,3,3,4,2,8,8,8,1
7,567,4,0,4,0,10,10,4,4,3,3,4,2,8,8,9,1
7,567,4,0,4,0,10,10,4,4,3,3,4,2,8,8,9,1
7,567,4,0,4,0,10,10,4,4,3,3,4,2,8,8,9,1
7,567,4,0,4,0,10,10,4,4,3,3,4,2,8,8,9,1
7,567,4,0,4,0,10,10,4,4,3,3,4,2,8,8,5,1
7,567,4,0,4,0,10,10,4,4,3,2,4,2,8,8,5,1
7,567,4,0,4,0,10,10,4,3,3,2,4,2,8,8,5,1
7,567,4,0,4,0,9,10,4,3,3,2,3,2,8,8,5,0
7,567,4,0,4,0,9,10,4,3,3,2,3,2,8,8,0,0
7,567,4,0,4,0,9,10,4,3,3,2,3,2,8,8,0,0
7,567,4,0,4,0,9,10,4,3,3,2,3,2,8,8,0,0
7,567,4,0,4,0,9,10,4,3,3,2,3,2,8,8,0,0
7,567,4,0,4,0,9,10,4,3,3,2,3,2,8,8,0,0
7,567,4,0,4,0,9,10,4,3,3,2,3,2,8,8,0,0
7,567,4,0,4,0,9,10,4,3,3,2,3,2,7,8,0,0
8,568,4,0,4,0,9,10,4,3,3,2,3,2,4,8,0,0
8,568,4,0,4,0,9,10,4,3,3,2,3,2,4,8,0,0
8,568,4,0,4,0,9,10,4,3,3,2,3,2,4,8,0,0
8,568,4,0,4,0,9,10,4,3,3,2,3,2,4,8,0,0
8,568,4,0,4,0,9,10,4,3,3,2,3,2,4,8,0,0
8,568,4,0,4,0,9,10,4,3,3,2,3,2,4,8,0,0
8,568,4,0,4,0,9,10,4,3,3,2,3,2,4,8,8,0
8,568,4,0,4,0,10,9,4,4,3,3,4,3,5,8,8,2
8,568,4,0,4,0,10,9,4,4,3,3,4,3,5,8,8,3
8,568,4,0,4,0,10,10,4,4,3,3,4,3,5,8,9,3
8,568,4,0,4,0,10,10,4,4,3,3,4,3,5,8,9,3
8,568,4,0,4,0,10,10,4,3,3,3,4,3,5,8,9,3
8,568,4,0,4,0,10,10,4,4,3,3,4,3,5,8,9,3
8,568,4,0,4,0,10,10,4,4,3,3,4,3,5,8,5,3
8,568,4,0,4,0,10,10,4,4,3,3,4,3,5,8,5,3
8,568,4,0,4,0,10,10,4,4,3,3,4,3,4,8,5,2
8,568,4,0,4,0,9,10,4,4,3,3,3,3,4,8,5,2
8,568,4,0,4,0,9,10,4,4,3,3,3,3,4,8,0,2
8,568,4,0,4,0,9,10,4,4,3,3,3,3,4,8,0,2
8,568,4,0,4,0,9,10,4,4,3,3,3,3,4,8,0,2
8,568,4,0,4,0,9,9,4,4,3,3,3,3,4,8,0,1
8,568,4,0,4,0,9,9,4,4,3,3,3,3,4,8,0,1
8,568,4,0,4,0,9,9,4,4,3,3,3,3,4,8,0,1
8,568,4,0,4,0,9,9,4,4,3,3,3,3,4,8,0,1
9,569,4,0,4,0,9,9,4,4,3,3,3,3,7,8,0,1
9,569,4,0,4,0,9,9,4,4,3,3,3,3,7,8,0,1
9,569,4,0,4,0,9,9,4,4,3,3,3,3,7,8,0,1
9,569,4,0,4,0,9,9,4,4,3,3,3,3,7,8,0,1
9,569,4,0,4,0,9,9,4,4,3,3,3,3,7,8,0,1
9,569,4,0,4,0,9,9,4,4,3,3,3,3,7,8,0,1
9,569,4,0,4,0,9,9,4,4,3,3,3,3,10,9,8,1
9,569,4,0,4,0,10,10,4,4,3,3,4,4,10,9,8,2
9,569,4,0,4,0,10,10,4,4,3,3,4,4,10,10,8,3
9,569,4,0,4,0,10,10,4,4,3,3,4,4,10,10,9,3
9,569,4,0,4,0,10,10,4,4,3,3,4,4,10,10,9,3
9,569,4,0,4,0,10,10,4,4,3,3,4,4,10,10,9,3
9,569,4,0,4,0,10,10,4,4,3,3,4,4,10,10,9,3
9,569,4,0,4,0,10,10,4,4,3,3,4,4,10,10,5,3
9,569,4,0,4,0,10,10,4,4,3,3,4,4,10,10,5,2
9,569,4,0,4,0,10,10,4,4,3,3,4,4,8,10,5,2
9,569,4,0,4,0,9,9,4,4,3,3,3,4,8,9,5,2
9,569,4,0,4,0,9,9,4,4,3,3,3,4,8,8,0,1
9,569,4,0,4,0,9,9,4,4,3,3,3,4,8,8,0,1
9,569,4,0,4,0,9,9,4,4,3,3,3,4,8,8,0,1
9,569,4,0,4,0,9,9,4,4,3,3,3,4,8,7,0,0
9,569,4,0,4,0,9,9,4,4,3,3,3,4,8,7,0,0
9,569,4,0,4,0,9,8,4,4,3,3,3,4,8,7,0,0
9,569,4,0,4,0,9,8,4,4,3,3,3,4,7,7,0,0
10,570,4,0,4,0,9,8,4,4,3,3,3,4,7,7,0,0
10,570,4,0,4,0,9,8,4,4,3,3,3,4,7,7,0,0
10,570,4,0,4,0,9,8,4,4,3,3,3,4,7,7,0,0
10,570,4,0,4,0,9,8,4,4,3,3,3,4,7,7,0,0
10,570,4,0,4,0,9,8,4,4,3,3,3,4,7,7,0,0
10,570,4,0,4,0,9,8,4,4,3,3,3,4,7,7,0,0
10,570,4,0,4,0,9,8,4,4,3,3,3,4,8,7,8,0
10,570,4,0,4,0,10,9,4,4,3,3,4,4,8,8,8,0
10,570,4,0,4,0,10,10,4,4,3,3,4,4,8,8,8,0
10,570,4,0,4,0,10,10,4,4,3,3,4,4,8,8,9,0
10,570,4,0,4,0,10,10,4,4,3,3,4,4,8,8,9,0
10,570,4,0,4,0,10,10,4,4,3,3,4,4,8,8,9,0
10,570,4,0,4,0,10,10,4,4,3,3,4,4,8,8,9,0
10,570,4,0,4,0,10,10,4,4,3,3,4,4,8,8,5,0
10,570,4,0,4,0,10,10,4,4,3,3,4,4,8,8,5,0
10,570,4,0,4,0,10,10,4,4,3,3,4,4,8,8,5,0
10,570,4,0,4,0,9,9,4,4,3,3,3,4,8,8,5,0
10,570,4,0,4,0,9,9,4,4,3,3,3,4,8,8,0,0
10,570,4,0,4,0,9,9,4,4,3,3,3,4,8,8,0,0
10,570,4,0,4,0,9,9,4,4,3,3,3,4,8,8,0,0
10,570,4,0,4,0,9,9,4,4,3,3,3,4,8,8,0,0
10,570,4,0,4,0,9,9,4,4,3,3,3,4,8,8,0,0
10,570,4,0,4,0,9,9,4,4,3,3,3,4,8,8,0,0
10,570,4,0,4,0,9,9,4,4,3,3,3,4,7,8,0,0
11,571,4,0,4,0,9,9,4,4,3,3,3,4,7,8,0,0
11,571,4,0,4,0,9,9,4,4,3,3,3,4,7,8,0,0
11,571,4,0,4,0,9,9,4,4,3,3,3,4,7,8,0,0
11,571,4,0,4,0,9,9,4,4,3,3,3,4,7,8,0,0
11,571,4,0,4,0,9,9,4,4,3,3,3,4,7,8,0,0
11,571,4,0,4,0,9,9,4,4,3,3,3,4,7,8,0,0
11,571,4,0,4,0,9,9,4,4,3,3,3,4,8,8,8,0
11,571,4,0,4,0,10,9,4,4,3,3,4,4,8,8,8,0
11,571,4,0,4,0,10,10,4,4,3,3,4,4,8,8,8,1
11,571,4,0,4,0,10,10,4,4,3,3,4,4,8,8,9,1
11,571,4,0,4,0,10,10,4,4,3,3,4,4,8,8,9,1
11,571,4,0,4,0,10,10,4,4,3,3,4,4,8,8,9,1
11,571,4,0,4,0,10,10,4,4,3,3,4,4,8,8,9,1
11,571,4,0,4,0,10,10,4,4,3,3,4,4,8,8,5,1
11,571,4,0,4,0,10,10,4,4,3,3,4,4,8,9,5,1
11,571,4,0,4,0,10,10,4,4,3,3,4,4,8,8,5,0
11,571,4,0,4,0,9,10,4,4,3,3,3,4,8,8,5,0
11,571,4,0,4,0,9,10,4,4,3,3,3,4,8,8,0,0
11,571,4,0,4,0,9,10,4,4,3,3,3,4,8,8,0,0
11,571,4,0,4,0,9,10,4,4,3,3,3,4,8,8,0,0
11,571,4,0,4,0,9,10,4,4,3,3,3,4,8,8,0,0
11,571,4,0,4,0,9,10,4,4,3,3,3,4,8,8,0,0
11,571,4,0,4,0,9,10,4,4,3,3,3,4,8,8,0,0
11,571,4,0,4,0,9,10,4,4,3,3,3,4,7,8,0,0
12,572,4,0,3,0,8,10,3,4,2,3,2,4,7,8,0,0
12,572,4,0,3,0,8,10,3,4,2,3,2,4,7,8,0,0
12,572,4,0,3,0,8,10,3,4,2,3,2,4,7,8,0,0
12,572,4,0,3,0,8,10,3,4,2,3,2,4,7,8,0,0
12,572,4,0,3,0,8,10,3,4,2,3,2,4,7,8,0,0
12,572,4,0,3,0,8,10,3,4,2,3,2,4,7,8,0,0
12,572,4,0,3,0,8,10,3,4,2,3,3,4,10,8,0,0
12,572,4,0,3,0,8,10,3,4,2,3,3,2,10,8,0,0
12,572,4,0,3,0,8,10,3,4,2,3,3,2,10,8,0,0
12,572,4,0,3,0,8,10,3,4,2,3,3,2,10,8,0,0
12,572,4,0,3,0,8,10,3,4,2,3,3,2,10,8,0,0
12,572,4,0,3,0,8,9,3,4,2,3,3,2,10,8,0,0
12,572,4,0,3,0,8,9,3,4,2,3,3,2,10,8,0,0
12,572,4,0,3,0,8,9,3,4,2,3,3,2,10,8,0,0
12,572,4,0,3,0,8,9,3,4,2,3,3,1,10,8,0,0
12,572,4,0,3,0,8,9,3,4,2,3,2,1,8,8,0,0
12,572,4,0,3,0,8,9,3,4,2,3,2,1,8,8,0,0
12,572,4,0,3,0,8,9,3,4,2,3,2,1,8,8,0,0
12,572,4,0,3,0,8,9,3,4,2,2,2,1,8,8,0,0
12,572,4,0,3,0,8,9,3,4,2,2,2,1,8,8,0,0
12,572,4,0,3,0,8,9,3,4,2,2,2,1,8,8,0,0
12,572,4,0,3,0,8,9,3,4,2,2,2,1,8,8,0,0
12,572,4,0,3,0,8,9,3,4,2,2,2,1,8,8,0,0
12,572,4,0,3,0,8,9,3,4,2,2,2,1,7,8,0,0
13,573,4,0,3,0,8,9,3,4,2,2,2,1,4,8,0,0
13,573,4,0,3,0,8,9,3,4,2,2,2,1,4,8,0,0
13,573,4,0,3,0,8,9,3,4,2,2,2,1,4,8,0,0
13,573,4,0,3,0,8,9,3,4,2,2,2,1,4,8,0,0
13,573,4,0,3,0,8,9,3,4,2,2,2,1,4,8,0,0
13,573,4,0,3,0,8,9,3,4,2,2,2,1,4,8,0,0
13,573,4,0,3,0,8,9,3,4,2,2,3,1,4,8,0,0
13,573,4,0,3,0,8,9,3,3,2,2,3,1,5,8,0,0
13,573,4,0,3,0,8,9,3,2,2,1,3,1,5,8,0,0
13,573,4,0,3,0,8,9,3,2,2,1,3,1,5,8,0,0
13,573,4,0,3,0,8,9,3,2,2,1,3,1,5,8,0,0
13,573,4,0,3,0,8,9,3,1,2,1,3,1,5,8,0,0
13,573,4,0,3,0,8,9,3,1,2,1,3,1,5,8,0,0
13,573,4,0,3,0,8,9,3,1,2,1,3,1,5,8,0,0
13,573,4,0,3,0,8,9,3,1,2,1,3,1,5,8,0,0
13,573,4,0,3,0,8,9,3,1,2,1,2,1,4,8,0,0
13,573,4,0,3,0,8,9,3,1,2,1,2,1,4,8,0,0
13,573,4,0,3,0,8,9,3,1,2,1,2,1,4,8,0,0
13,573,4,0,3,0,8,9,3,1,2,1,2,1,4,8,0,0
13,573,4,0,3,0,8,9,3,1,2,1,2,1,4,8,0,0
13,573,4,0,3,0,8,9,3,1,2,1,2,1,4,8,0,0
13,573,4,0,3,0,8,9,3,1,2,1,2,1,4,8,0,0
13,573,4,0,3,0,8,9,3,1,2,1,2,1,4,8,0,0
13,573,4,0,3,0,8,9,3,1,2,1,2,1,4,8,0,0
14,574,4,0,4,0,9,9,4,1,3,1,3,1,7,8,0,0
14,574,4,0,4,0,9,9,4,1,3,1,3,1,7,8,0,0
14,574,4,0,4,0,9,9,4,1,3,1,3,1,7,8,0,0
14,574,4,0,4,0,9,9,4,1,3,1,3,1,7,8,0,0
14,574,4,0,4,0,9,9,4,1,3,1,3,1,7,8,0,0
14,574,4,0,4,0,9,9,4,1,3,1,3,1,7,8,0,0
14,574,4,0,4,0,9,9,4,1,3,1,3,1,8,8,8,0
14,574,4,0,4,0,10,9,4,3,3,1,4,1,8,8,8,2
14,574,4,0,4,0,10,10,4,3,3,1,4,1,8,8,8,2
14,574,4,0,4,0,10,10,4,4,3,1,4,1,8,8,9,2
14,574,4,0,4,0,10,10,4,4,3,1,4,1,8,8,9,2
14,574,4,0,4,0,10,10,4,4,3,1,4,1,8,8,9,2
14,574,4,0,4,0,10,10,4,4,3,1,4,1,8,8,9,2
14,574,4,0,4,0,10,10,4,3,3,1,4,1,8,8,5,2
14,574,4,0,4,0,10,10,4,2,3,1,4,1,8,8,5,2
14,574,4,0,4,0,10,10,4,2,3,1,4,1,8,8,5,2
14,574,4,0,4,0,9,10,4,2,3,1,3,1,8,8,5,1
14,574,4,0,4,0,9,10,4,2,3,1,3,1,8,8,0,1
14,574,4,0,4,0,9,10,4,2,3,1,3,1,8,8,0,1
14,574,4,0,4,0,9,10,4,2,3,1,3,1,8,8,0,0
14,574,4,0,4,0,9,10,4,2,3,1,3,1,8,8,0,0
14,574,4,0,4,0,9,10,4,2,3,1,3,1,8,8,0,0
14,574,4,0,4,0,9,10,4,2,3,1,3,1,8,8,0,0
14,574,4,0,4,0,9,10,4,2,3,1,3,1,7,8,0,0
15,575,4,0,4,0,9,10,4,2,3,1,3,1,4,8,0,0
15,575,4,0,4,0,9,10,4,2,3,1,3,1,4,8,0,0
15,575,4,0,4,0,9,10,4,2,3,1,3,1,4,8,0,0
15,575,4,0,4,0,9,10,4,2,3,1,3,1,4,8,0,0
15,575,4,0,4,0,9,10,4,2,3,1,3,1,4,8,0,0
15,575,4,0,4,0,9,10,4,2,3,1,3,1,4,8,0,0
15,575,4,0,4,0,9,10,4,2,3,1,3,1,4,8,8,0
15,575,4,0,4,0,10,8,4,3,3,3,4,2,5,7,8,2
15,575,4,0,4,0,10,9,4,4,3,3,4,2,5,7,8,3
15,575,4,0,4,0,10,10,4,4,3,3,4,2,5,7,9,4
15,575,4,0,4,0,10,10,4,4,3,2,4,2,5,7,9,4
15,575,4,0,4,0,10,10,4,4,3,3,4,2,5,7,9,4
15,575,4,0,4,0,10,10,4,4,3,3,4,2,5,7,9,4
15,575,4,0,4,0,10,10,4,4,3,2,4,2,5,7,5,3
15,575,4,0,4,0,10,10,4,4,3,2,4,2,5,7,5,3
15,575,4,0,4,0,10,10,4,4,3,2,4,2,4,7,5,1
15,575,4,0,4,0,9,10,4,4,3,2,3,2,4,7,5,1
15,575,4,0,4,0,9,10,4,4,3,1,3,2,4,7,0,1
15,575,4,0,4,0,9,10,4,4,3,1,3,2,4,7,0,1
15,575,4,0,4,0,9,10,4,4,3,1,3,2,4,7,0,1
15,575,4,0,4,0,9,10,4,4,3,1,3,2,4,7,0,1
15,575,4,0,4,0,9,9,4,4,3,1,3,2,4,7,0,0
15,575,4,0,4,0,9,8,4,4,3,1,3,2,4,7,0,0
15,575,4,0,4,0,9,8,4,4,3,1,3,2,4,7,0,0
16,576,4,0,4,0,9,8,4,4,3,1,3,2,7,7,0,0
16,576,4,0,4,0,9,8,4,4,3,1,3,2,7,7,0,0
16,576,4,0,4,0,9,8,4,4,3,1,3,2,7,7,0,0
16,576,4,0,4,0,9,8,4,4,3,1,3,2,7,7,0,0
16,576,4,0,4,0,9,8,4,4,3,1,3,2,7,7,0,0
16,576,4,0,4,0,9,8,4,4,3,1,3,2,7,7,0,0
16,576,4,0,4,0,9,8,4,4,3,1,3,2,10,7,8,0
16,576,4,0,4,0,10,9,4,3,3,2,4,3,10,10,8,1
16,576,4,0,4,0,10,10,4,3,3,2,4,3,10,10,8,1
16,576,4,0,4,0,10,10,4,4,3,2,4,3,10,9,9,2
16,576,4,0,4,0,10,10,4,4,3,2,4,3,10,10,9,2
16,576,4,0,4,0,10,10,4,4,3,3,4,3,10,10,9,2
16,576,4,0,4,0,10,10,4,4,3,2,4,3,10,10,9,2
16,576,4,0,4,0,10,10,4,4,3,2,4,3,10,9,5,1
16,576,4,0,4,0,10,10,4,3,3,1,4,3,10,10,5,1
16,576,4,0,4,0,10,10,4,3,3,1,4,3,8,10,5,1
16,576,4,0,4,0,9,10,4,3,3,1,3,3,8,10,5,1
16,576,4,0,4,0,9,10,4,3,3,1,3,3,8,9,0,0
16,576,4,0,4,0,9,10,4,3,3,1,3,3,8,9,0,0
16,576,4,0,4,0,9,9,4,3,3,1,3,3,8,9,0,0
16,576,4,0,4,0,9,9,4,3,3,1,3,3,8,9,0,0
16,576,4,0,4,0,9,9,4,3,3,1,3,3,8,9,0,0
16,576,4,0,4,0,9,9,4,3,3,1,3,3,8,9,0,0
16,576,4,0,4,0,9,9,4,3,3,1,3,3,7,9,0,0
17,577,4,0,4,0,9,9,4,3,3,1,3,3,7,9,0,0
17,577,4,0,4,0,9,9,4,3,3,1,3,3,7,9,0,0
17,577,4,0,4,0,9,9,4,3,3,1,3,3,7,9,0,0
17,577,4,0,4,0,9,9,4,3,3,1,3,3,7,9,0,0
17,577,4,0,4,0,9,9,4,3,3,1,3,3,7,9,0,0
17,577,4,0,4,0,9,9,4,3,3,1,3,3,7,9,0,0
17,577,4,0,4,0,9,9,4,3,3,1,3,3,8,9,8,0
17,577,4,0,4,0,10,8,4,4,3,1,4,3,8,8,8,0
17,577,4,0,4,0,10,10,4,4,3,1,4,3,8,8,8,0
17,577,4,0,4,0,10,9,4,4,3,1,4,3,8,8,9,0
17,577,4,0,4,0,10,10,4,4,3,1,4,3,8,8,9,0
17,577,4,0,4,0,10,10,4,3,3,0,4,3,8,8,9,0
17,577,4,0,4,0,10,10,4,3,3,0,4,3,8,8,9,0
17,577,4,0,4,0,10,10,4,3,3,0,4,3,8,8,5,0
17,577,4,0,4,0,10,9,4,3,3,0,4,3,8,8,5,0
17,577,4,0,4,0,10,9,4,3,3,0,4,3,8,8,5,0
17,577,4,0,4,0,9,9,4,3,3,0,3,3,8,8,5,0
17,577,4,0,4,0,9,9,4,3,3,0,3,3,8,8,0,0
17,577,4,0,4,0,9,9,4,3,3,0,3,3,8,8,0,0
17,577,4,0,4,0,9,9,4,3,3,0,3,3,8,8,0,0
17,577,4,0,4,0,9,9,4,3,3,0,3,3,8,8,0,0
17,577,4,0,4,0,9,9,4,3,3,0,3,3,8,8,0,0
17,577,4,0,4,0,9,9,4,3,3,0,3,3,8,8,0,0
17,577,4,0,4,0,9,9,4,3,3,0,3,3,7,8,0,0
18,578,4,0,4,0,9,9,4,3,3,0,3,3,7,8,0,0
18,578,4,0,4,0,9,9,4,3,3,0,3,3,7,8,0,0
18,578,4,0,4,0,9,9,4,3,3,0,3,3,7,8,0,0
18,578,4,0,4,0,9,9,4,3,3,0,3,3,7,8,0,0
18,578,4,0,4,0,9,9,4,3,3,0,3,3,7,8,0,0
18,578,4,0,4,0,9,9,4,3,3,0,3,3,7,8,0,0
18,578,4,0,4,0,9,9,4,3,3,0,3,3,8,8,8,0
18,578,4,0,4,0,10,8,4,2,3,1,4,4,8,8,8,1
18,578,4,0,4,0,10,10,4,2,3,3,4,4,8,8,8,1
18,578,4,0,4,0,10,10,4,3,3,3,4,4,8,8,9,2
18,578,4,0,4,0,10,10,4,4,3,3,4,3,8,8,9,2
18,578,4,0,4,0,10,10,4,4,3,3,4,3,8,8,9,2
18,578,4,0,4,0,10,10,4,3,3,3,4,3,8,8,9,2
18,578,4,0,4,0,10,10,4,2,3,3,4,3,8,9,5,2
18,578,4,0,4,0,10,10,4,2,3,3,4,3,8,8,5,1
18,578,4,0,4,0,10,10,4,2,3,3,4,3,8,8,5,1
18,578,4,0,4,0,9,10,4,2,3,3,3,3,8,8,5,1
18,578,4,0,4,0,9,9,4,2,3,3,3,3,8,8,0,1
18,578,4,0,4,0,9,9,4,2,3,3,3,3,8,8,0,1
18,578,4,0,4,0,9,9,4,2,3,2,3,3,8,8,0,1
18,578,4,0,4,0,9,9,4,2,3,2,3,3,8,8,0,1
18,578,4,0,4,0,9,9,4,2,3,2,3,3,8,8,0,1
18,578,4,0,4,0,9,9,4,2,3,2,3,3,8,8,0,1
18,578,4,0,4,0,9,9,4,2,3,2,3,3,7,8,0,1
19,579,4,0,3,0,8,9,3,2,2,2,2,3,7,8,0,1
19,579,4,0,3,0,8,9,3,2,2,2,2,3,7,8,0,1
19,579,4,0,3,0,8,9,3,2,2,2,2,3,7,8,0,1
19,579,4,0,3,0,8,9,3,2,2,2,2,3,7,8,0,1
19,579,4,0,3,0,8,9,3,2,2,2,2,3,7,8,0,1
19,579,4,0,3,0,8,9,3,2,2,2,2,3,7,8,0,1
19,579,4,0,3,0,8,9,3,2,2,2,3,3,10,8,0,1
19,579,4,0,3,0,8,8,3,2,2,2,3,2,10,8,0,1
19,579,4,0,3,0,8,7,3,2,2,2,3,2,10,8,0,0
19,579,4,0,3,0,8,7,3,2,2,2,3,2,10,8,0,0
19,579,4,0,3,0,8,6,3,2,2,2,3,2,10,7,0,0
19,579,4,0,3,0,8,6,3,2,2,2,3,2,10,7,0,0
19,579,4,0,3,0,8,6,3,2,2,2,3,2,10,7,0,0
19,579,4,0,3,0,8,6,3,2,2,2,3,2,10,7,0,0
19,579,4,0,3,0,8,6,3,2,2,2,3,2,10,7,0,0
19,579,4,0,3,0,8,6,3,2,2,2,2,2,8,7,0,0
19,579,4,0,3,0,8,6,3,2,2,2,2,2,8,7,0,0
19,579,4,0,3,0,8,6,3,2,2,2,2,1,8,7,0,0
19,579,4,0,3,0,8,6,3,2,2,2,2,1,8,7,0,0
19,579,4,0,3,0,8,6,3,2,2,2,2,1,8,7,0,0
19,579,4,0,3,0,8,6,3,2,2,2,2,1,8,7,0,0
19,579,4,0,3,0,8,6,3,2,2,2,2,1,8,7,0,0
19,579,4,0,3,0,8,6,3,2,2,2,2,1,8,7,0,0
19,579,4,0,3,0,8,6,3,2,2,2,2,1,7,7,0,0
20,580,4,0,3,0,8,6,3,2,2,2,2,1,4,7,0,0
20,580,4,0,3,0,8,6,3,2,2,2,2,1,4,7,0,0
20,580,4,0,3,0,8,6,3,2,2,2,2,1,4,7,0,0
20,580,4,0,3,0,8,6,3,2,2,2,2,1,4,7,0,0
20,580,4,0,3,0,8,6,3,2,2,2,2,1,4,7,0,0
20,580,4,0,3,0,8,6,3,2,2,2,2,1,4,7,0,0
20,580,4,0,3,0,8,6,3,2,2,2,3,1,4,7,0,0
20,580,4,0,3,0,8,6,3,2,2,1,3,1,5,7,0,0
20,580,4,0,3,0,8,6,3,2,2,1,3,1,5,7,0,0
20,580,4,0,3,0,8,6,3,2,2,1,3,1,5,7,0,0
20,580,4,0,3,0,8,6,3,2,2,1,3,1,5,7,0,0
20,580,4,0,3,0,8,6,3,2,2,1,3,1,5,7,0,0
20,580,4,0,3,0,8,6,3,2,2,1,3,1,5,7,0,0
20,580,4,0,3,0,8,6,3,2,2,1,3,1,5,7,0,0
20,580,4,0,3,0,8,6,3,2,2,1,3,1,5,7,0,0
20,580,4,0,3,0,8,6,3,2,2,1,2,1,4,7,0,0
20,580,4,0,3,0,8,6,3,2,2,1,2,1,4,7,0,0
20,580,4,0,3,0,8,6,3,2,2,1,2,1,4,7,0,0
20,580,4,0,3,0,8,6,3,2,2,1,2,1,4,7,0,0
20,580,4,0,3,0,8,6,3,2,2,1,2,1,4,7,0,0
20,580,4,0,3,0,8,6,3,2,2,1,2,1,4,7,0,0
20,580,4,0,3,0,8,6,3,2,2,1,2,1,4,7,0,0
20,580,4,0,3,0,8,6,3,2,2,1,2,1,4,7,0,0
20,580,4,0,3,0,8,6,3,2,2,1,2,1,4,7,0,0
21,581,4,0,4,0,9,6,4,2,3,1,3,1,7,7,0,0
21,581,4,0,4,0,9,6,4,2,3,1,3,1,7,7,0,0
21,581,4,0,4,0,9,6,4,2,3,1,3,1,7,7,0,0
21,581,4,0,4,0,9,6,4,2,3,1,3,1,7,7,0,0
21,581,4,0,4,0,9,6,4,2,3,1,3,1,7,7,0,0
21,581,4,0,4,0,9,6,4,2,3,1,3,1,7,7,0,0
21,581,4,0,4,0,9,6,4,2,3,1,3,1,8,7,8,0
21,581,4,0,4,0,10,9,4,3,3,1,4,2,8,8,8,1
21,581,4,0,4,0,10,10,4,4,3,2,4,2,8,8,8,1
21,581,4,0,4,0,10,10,4,4,3,3,4,2,8,8,9,1
21,581,4,0,4,0,10,10,4,4,3,2,4,2,8,8,9,1
21,581,4,0,4,0,10,10,4,4,3,3,4,2,8,8,9,1
21,581,4,0,4,0,10,10,4,4,3,3,4,2,8,8,9,1
21,581,4,0,4,0,10,10,4,4,3,3,4,2,8,8,5,1
21,581,4,0,4,0,10,10,4,4,3,2,4,2,8,8,5,1
21,581,4,0,4,0,10,10,4,4,3,1,4,2,8,8,5,1
21,581,4,0,4,0,9,10,4,4,3,1,3,2,8,8,5,1
21,581,4,0,4,0,9,10,4,4,3,1,3,2,8,8,0,1
21,581,4,0,4,0,9,10,4,4,3,1,3,2,8,8,0,1
21,581,4,0,4,0,9,10,4,4,3,0,3,2,8,8,0,1
21,581,4,0,4,0,9,9,4,4,3,0,3,2,8,7,0,0
21,581,4,0,4,0,9,9,4,4,3,0,3,2,8,7,0,0
21,581,4,0,4,0,9,9,4,4,3,0,3,2,8,7,0,0
21,581,4,0,4,0,9,9,4,4,3,0,3,2,7,7,0,0
22,582,4,0,4,0,9,9,4,4,3,0,3,2,4,7,0,0
22,582,4,0,4,0,9,9,4,4,3,0,3,2,4,7,0,0
22,582,4,0,4,0,9,9,4,4,3,0,3,2,4,7,0,0
22,582,4,0,4,0,9,9,4,4,3,0,3,2,4,7,0,0
22,582,4,0,4,0,9,9,4,4,3,0,3,2,4,7,0,0
22,582,4,0,4,0,9,9,4,4,3,0,3,2,4,7,0,0
22,582,4,0,4,0,9,9,4,4,3,0,3,2,4,7,8,0
22,582,4,0,4,0,10,8,4,4,3,2,4,3,5,7,8,5
22,582,4,0,4,0,10,10,4,4,3,3,4,3,5,7,8,6
22,582,4,0,4,0,10,10,4,4,3,2,4,3,5,7,9,7
22,582,4,0,4,0,10,10,4,4,3,2,4,3,5,7,9,8
22,582,4,0,4,0,10,10,4,4,3,2,4,3,5,7,9,8
22,582,4,0,4,0,10,10,4,4,3,2,4,3,5,7,9,8
22,582,4,0,4,0,10,10,4,4,3,2,4,3,5,7,5,8
22,582,4,0,4,0,10,10,4,4,3,2,4,3,5,7,5,7
22,582,4,0,4,0,10,10,4,4,3,2,4,3,4,7,5,4
22,582,4,0,4,0,9,9,4,4,3,1,3,3,4,7,5,3
22,582,4,0,4,0,9,9,4,3,3,1,3,3,4,7,0,3
22,582,4,0,4,0,9,9,4,3,3,1,3,3,4,7,0,3
22,582,4,0,4,0,9,9,4,3,3,1,3,3,4,6,0,3
22,582,4,0,4,0,9,9,4,3,3,1,3,3,4,6,0,3
22,582,4,0,4,0,9,9,4,3,3,1,3,3,4,6,0,3
22,582,4,0,4,0,9,9,4,3,3,0,3,3,4,6,0,3
22,582,4,0,4,0,9,9,4,3,3,0,3,3,4,6,0,3
23,583,4,0,4,0,9,9,4,3,3,0,3,3,7,7,0,3
23,583,4,0,4,0,9,9,4,3,3,0,3,3,7,7,0,3
23,583,4,0,4,0,9,9,4,3,3,0,3,3,7,7,0,3
23,583,4,0,4,0,9,9,4,3,3,0,3,3,7,7,0,3
23,583,4,0,4,0,9,9,4,3,3,0,3,3,7,7,0,3
23,583,4,0,4,0,9,9,4,3,3,0,3,3,7,7,0,3
23,583,4,0,4,0,9,9,4,3,3,0,3,3,10,8,8,3
23,583,4,0,4,0,10,10,4,4,3,0,4,4,10,10,8,1
23,583,4,0,4,0,10,10,4,4,3,0,4,4,10,9,8,0
23,583,4,0,4,0,10,10,4,4,3,1,4,4,10,10,9,0
23,583,4,0,4,0,10,10,4,4,3,2,4,4,10,10,9,0
23,583,4,0,4,0,10,9,4,4,3,2,4,4,10,10,9,0
23,583,4,0,4,0,10,10,4,3,3,2,4,4,10,10,9,0
23,583,4,0,4,0,10,10,4,3,3,1,4,4,10,10,5,0
23,583,4,0,4,0,10,9,4,3,3,1,4,3,10,10,5,0
23,583,4,0,4,0,10,9,4,3,3,1,4,3,8,10,5,0
23,583,4,0,4,0,9,9,4,3,3,1,3,3,8,10,5,0
23,583,4,0,4,0,9,9,4,3,3,1,3,3,8,10,0,0
23,583,4,0,4,0,9,9,4,3,3,1,3,3,8,10,0,0
23,583,4,0,4,0,9,9,4,2,3,1,3,3,8,10,0,0
23,583,4,0,4,0,9,9,4,2,3,1,3,3,8,10,0,0
23,583,4,0,4,0,9,9,4,2,3,1,3,3,8,10,0,0
23,583,4,0,4,0,9,9,4,2,3,1,3,3,8,9,0,0
23,583,4,0,4,0,9,9,4,2,3,1,3,3,7,9,0,0
24,584,4,0,4,0,9,9,4,2,3,1,3,3,7,9,0,0
24,584,4,0,4,0,9,9,4,2,3,1,3,3,7,9,0,0
24,584,4,0,4,0,9,9,4,2,3,1,3,3,7,9,0,0
24,584,4,0,4,0,9,9,4,2,3,1,3,3,7,9,0,0
24,584,4,0,4,0,9,9,4,2,3,1,3,3,7,9,0,0
24,584,4,0,4,0,9,9,4,2,3,1,3,3,7,9,0,0
24,584,4,0,4,0,9,9,4,2,3,1,3,3,8,9,8,0
24,584,4,0,4,0,10,7,4,3,3,1,4,4,8,8,8,0
24,584,4,0,4,0,10,9,4,3,3,1,4,4,8,8,8,0
24,584,4,0,4,0,10,10,4,3,3,1,4,4,8,8,9,0
24,584,4,0,4,0,10,10,4,3,3,1,4,4,8,8,9,0
24,584,4,0,4,0,10,10,4,3,3,1,4,4,8,8,9,0
24,584,4,0,4,0,10,10,4,3,3,1,4,4,8,8,9,0
24,584,4,0,4,0,10,10,4,3,3,1,4,4,8,8,5,0
24,584,4,0,4,0,10,10,4,3,3,1,4,4,8,8,5,0
24,584,4,0,4,0,10,9,4,3,3,1,4,3,8,8,5,0
24,584,4,0,4,0,9,9,4,3,3,1,3,3,8,8,5,0
24,584,4,0,4,0,9,9,4,3,3,1,3,3,8,8,0,0
24,584,4,0,4,0,9,9,4,3,3,1,3,3,8,8,0,0
24,584,4,0,4,0,9,9,4,3,3,1,3,3,8,8,0,0
24,584,4,0,4,0,9,8,4,3,3,1,3,3,8,7,0,0
24,584,4,0,4,0,9,8,4,3,3,1,3,2,8,7,0,0
24,584,4,0,4,0,9,8,4,3,3,1,3,2,8,7,0,0
24,584,4,0,4,0,9,8,4,3,3,1,3,2,7,7,0,0
25,585,4,0,4,0,9,8,4,3,3,1,3,2,7,7,0,0
25,585,4,0,4,0,9,8,4,3,3,1,3,2,7,7,0,0
25,585,4,0,4,0,9,8,4,3,3,1,3,2,7,7,0,0
25,585,4,0,4,0,9,8,4,3,3,1,3,2,7,7,0,0
25,585,4,0,4,0,9,8,4,3,3,1,3,2,7,7,0,0
25,585,4,0,4,0,9,8,4,3,3,1,3,2,7,7,0,0
25,585,4,0,4,0,9,8,4,3,3,1,3,2,8,7,8,0
25,585,4,0,4,0,10,7,4,2,3,2,4,3,8,8,8,1
25,585,4,0,4,0,10,10,4,3,3,3,4,3,8,8,8,1
25,585,4,0,4,0,10,10,4,4,3,1,4,3,8,8,9,2
25,585,4,0,4,0,10,10,4,4,3,2,4,3,8,8,9,3
25,585,4,0,4,0,10,10,4,4,3,3,4,3,8,8,9,4
25,585,4,0,4,0,10,10,4,4,3,3,4,3,8,8,9,4
25,585,4,0,4,0,10,10,4,3,3,3,4,3,8,8,5,4
25,585,4,0,4,0,10,10,4,2,3,3,4,3,8,8,5,4
25,585,4,0,4,0,10,9,4,2,3,3,4,3,8,8,5,2
25,585,4,0,4,0,9,9,4,2,3,3,3,3,8,8,5,2
25,585,4,0,4,0,9,9,4,2,3,3,3,3,8,8,0,2
25,585,4,0,4,0,9,8,4,2,3,3,3,3,8,8,0,2
25,585,4,0,4,0,9,8,4,2,3,3,3,3,8,8,0,1
25,585,4,0,4,0,9,8,4,2,3,3,3,3,8,8,0,1
25,585,4,0,4,0,9,7,4,2,3,3,3,3,8,8,0,1
25,585,4,0,4,0,9,7,4,2,3,3,3,3,8,8,0,1
25,585,4,0,4,0,9,7,4,2,3,3,3,3,7,8,0,1
26,586,4,0,3,0,8,7,3,2,2,3,2,3,7,8,0,1
26,586,4,0,3,0,8,7,3,2,2,3,2,3,7,8,0,1
26,586,4,0,3,0,8,7,3,2,2,3,2,3,7,8,0,1
26,586,4,0,3,0,8,7,3,2,2,3,2,3,7,8,0,1
26,586,4,0,3,0,8,7,3,2,2,3,2,3,7,8,0,1
26,586,4,0,3,0,8,7,3,2,2,3,2,3,7,8,0,1
26,586,4,0,3,0,8,7,3,2,2,3,3,3,10,8,0,1
26,586,4,0,3,0,8,7,3,1,2,2,3,2,10,8,0,0
26,586,4,0,3,0,8,7,3,1,2,2,3,2,10,8,0,0
26,586,4,0,3,0,8,7,3,1,2,2,3,2,10,8,0,0
26,586,4,0,3,0,8,7,3,1,2,2,3,2,10,8,0,0
26,586,4,0,3,0,8,7,3,1,2,2,3,2,10,8,0,0
26,586,4,0,3,0,8,5,3,1,2,2,3,2,10,8,0,0
26,586,4,0,3,0,8,5,3,1,2,2,3,2,10,8,0,0
26,586,4,0,3,0,8,5,3,1,2,2,3,2,10,8,0,0
26,586,4,0,3,0,8,5,3,1,2,2,2,2,8,8,0,0
26,586,4,0,3,0,8,5,3,1,2,2,2,2,8,8,0,0
26,586,4,0,3,0,8,5,3,0,2,2,2,2,8,8,0,0
26,586,4,0,3,0,8,5,3,0,2,2,2,2,8,8,0,0
26,586,4,0,3,0,8,5,3,0,2,2,2,2,8,8,0,0
26,586,4,0,3,0,8,5,3,0,2,2,2,2,8,8,0,0
26,586,4,0,3,0,8,5,3,0,2,2,2,2,8,8,0,0
26,586,4,0,3,0,8,5,3,0,2,2,2,2,8,8,0,0
26,586,4,0,3,0,8,5,3,0,2,2,2,2,7,8,0,0
27,587,4,0,3,0,8,5,3,0,2,2,2,2,4,8,0,0
27,587,4,0,3,0,8,5,3,0,2,2,2,2,4,8,0,0
27,587,4,0,3,0,8,5,3,0,2,2,2,2,4,8,0,0
27,587,4,0,3,0,8,5,3,0,2,2,2,2,4,8,0,0
27,587,4,0,3,0,8,5,3,0,2,2,2,2,4,8,0,0
27,587,4,0,3,0,8,5,3,0,2,2,2,2,4,8,0,0
27,587,4,0,3,0,8,5,3,0,2,2,3,2,4,8,0,0
27,587,4,0,3,0,8,5,3,0,2,2,3,2,5,8,0,0
27,587,4,0,3,0,8,5,3,0,2,2,3,2,5,8,0,0
27,587,4,0,3,0,8,5,3,0,2,2,3,2,5,8,0,0
27,587,4,0,3,0,8,5,3,0,2,2,3,2,5,8,0,0
27,587,4,0,3,0,8,5,3,0,2,2,3,2,5,8,0,0
27,587,4,0,3,0,8,5,3,0,2,2,3,2,5,8,0,0
27,587,4,0,3,0,8,5,3,0,2,2,3,2,5,8,0,0
27,587,4,0,3,0,8,5,3,0,2,2,3,2,5,8,0,0
27,587,4,0,3,0,8,5,3,0,2,2,2,2,4,8,0,0
27,587,4,0,3,0,8,5,3,0,2,2,2,2,4,8,0,0
27,587,4,0,3,0,8,5,3,0,2,2,2,2,4,8,0,0
27,587,4,0,3,0,8,5,3,0,2,2,2,2,4,8,0,0
27,587,4,0,3,0,8,5,3,0,2,2,2,2,4,8,0,0
27,587,4,0,3,0,8,5,3,0,2,2,2,2,4,8,0,0
27,587,4,0,3,0,8,5,3,0,2,2,2,2,4,8,0,0
27,587,4,0,3,0,8,5,3,0,2,2,2,2,4,8,0,0
27,587,4,0,3,0,8,5,3,0,2,2,2,2,4,8,0,0
0,588,4,0,4,0,9,5,4,0,3,2,3,2,7,8,0,0
0,588,4,0,4,0,9,5,4,0,3,2,3,2,7,8,0,0
0,588,4,0,4,0,9,5,4,0,3,2,3,2,7,8,0,0
0,588,4,0,4,0,9,5,4,0,3,2,3,2,7,8,0,0
0,588,4,0,4,0,9,5,4,0,3,2,3,2,7,8,0,0
0,588,4,0,4,0,9,5,4,0,3,2,3,2,7,8,0,0
0,588,4,0,4,0,9,5,4,0,3,2,3,2,8,8,8,0
0,588,4,0,4,0,10,9,4,2,3,2,4,3,8,8,8,2
0,588,4,0,4,0,10,10,4,3,3,2,4,3,8,8,8,2
0,588,4,0,4,0,10,10,4,3,3,2,4,3,8,8,9,2
0,588,4,0,4,0,10,10,4,3,3,2,4,3,8,8,9,2
0,588,4,0,4,0,10,10,4,4,3,2,4,3,8,8,9,2
0,588,4,0,4,0,10,10,4,4,3,2,4,2,8,8,9,2
0,588,4,0,4,0,10,10,4,4,3,2,4,2,8,8,5,2
0,588,4,0,4,0,10,9,4,3,3,2,4,2,8,8,5,1
0,588,4,0,4,0,10,9,4,3,3,2,4,2,8,8,5,0
0,588,4,0,4,0,9,9,4,3,3,2,3,2,8,8,5,0
0,588,4,0,4,0,9,9,4,3,3,2,3,2,8,8,0,0
0,588,4,0,4,0,9,9,4,3,3,2,3,2,8,8,0,0
0,588,4,0,4,0,9,9,4,3,3,2,3,2,8,8,0,0
0,588,4,0,4,0,9,9,4,3,3,2,3,2,8,8,0,0
0,588,4,0,4,0,9,9,4,3,3,2,3,2,8,8,0,0
0,588,4,0,4,0,9,9,4,3,3,2,3,2,8,8,0,0
0,588,4,0,4,0,9,9,4,3,3,2,3,2,7,8,0,0
1,589,4,0,4,0,9,9,4,3,3,2,3,2,4,8,0,0
1,589,4,0,4,0,9,9,4,3,3,2,3,2,4,8,0,0
1,589,4,0,4,0,9,9,4,3,3,2,3,2,4,8,0,0
1,589,4,0,4,0,9,9,4,3,3,2,3,2,4,8,0,0
1,589,4,0,4,0,9,9,4,3,3,2,3,2,4,8,0,0
1,589,4,0,4,0,9,9,4,3,3,2,3,2,4,8,0,0
1,589,4,0,4,0,9,9,4,3,3,2,3,2,4,8,8,0
1,589,4,0,4,0,10,9,4,4,3,3,4,2,5,8,8,1
1,589,4,0,4,0,10,10,4,4,3,3,4,2,5,8,8,1
1,589,4,0,4,0,10,10,4,3,3,3,4,2,5,8,9,2
1,589,4,0,4,0,10,10,4,4,3,3,4,2,5,8,9,2
1,589,4,0,4,0,10,10,4,4,3,3,4,2,5,8,9,2
1,589,4,0,4,0,10,10,4,4,3,3,4,2,5,8,9,2
1,589,4,0,4,0,10,10,4,4,3,3,4,2,5,8,5,2
1,589,4,0,4,0,10,10,4,4,3,2,4,2,5,8,5,2
1,589,4,0,4,0,10,10,4,4,3,2,4,2,4,8,5,2
1,589,4,0,4,0,9,10,4,4,3,2,3,2,4,8,5,2
1,589,4,0,4,0,9,10,4,4,3,2,3,2,4,8,0,2
1,589,4,0,4,0,9,10,4,4,3,2,3,1,4,8,0,2
1,589,4,0,4,0,9,10,4,4,3,2,3,1,4,8,0,1
1,589,4,0,4,0,9,10,4,4,3,2,3,1,4,8,0,1
1,589,4,0,4,0,9,10,4,4,3,2,3,1,4,8,0,1
1,589,4,0,4,0,9,10,4,4,3,2,3,1,4,8,0,1
1,589,4,0,4,0,9,10,4,4,3,2,3,1,4,8,0,1
2,590,4,0,4,0,9,10,4,4,3,2,3,1,7,8,0,1
2,590,4,0,4,0,9,10,4,4,3,2,3,1,7,8,0,1
2,590,4,0,4,0,9,10,4,4,3,2,3,1,7,8,0,1
2,590,4,0,4,0,9,10,4,4,3,2,3,1,7,8,0,1
2,590,4,0,4,0,9,10,4,4,3,2,3,1,7,8,0,1
2,590,4,0,4,0,9,10,4,4,3,2,3,1,7,8,0,1
2,590,4,0,4,0,9,10,4,4,3,2,3,1,10,9,8,1
2,590,4,0,4,0,10,10,4,4,3,3,4,2,10,9,8,2
2,590,4,0,4,0,10,10,4,4,3,3,4,2,10,10,8,2
2,590,4,0,4,0,10,10,4,4,3,3,4,2,10,10,9,2
2,590,4,0,4,0,10,10,4,4,3,3,4,2,10,10,9,2
2,590,4,0,4,0,10,10,4,4,3,3,4,2,10,10,9,2
2,590,4,0,4,0,10,10,4,4,3,3,4,2,10,10,9,1
2,590,4,0,4,0,10,10,4,4,3,3,4,2,10,9,5,0
2,590,4,0,4,0,10,10,4,4,3,2,4,2,10,9,5,0
2,590,4,0,4,0,10,10,4,4,3,2,4,2,8,8,5,0
2,590,4,0,4,0,9,10,4,4,3,2,3,2,8,8,5,0
2,590,4,0,4,0,9,10,4,4,3,2,3,2,8,8,0,0
2,590,4,0,4,0,9,10,4,4,3,2,3,2,8,8,0,0
2,590,4,0,4,0,9,10,4,4,3,2,3,2,8,8,0,0
2,590,4,0,4,0,9,10,4,4,3,2,3,2,8,8,0,0
2,590,4,0,4,0,9,10,4,4,3,2,3,2,8,8,0,0
2,590,4,0,4,0,9,10,4,4,3,2,3,2,8,8,0,0
2,590,4,0,4,0,9,10,4,4,3,2,3,2,7,8,0,0
3,591,4,0,4,0,9,10,4,4,3,2,3,2,7,8,0,0
3,591,4,0,4,0,9,10,4,4,3,2,3,2,7,8,0,0
3,591,4,0,4,0,9,10,4,4,3,2,3,2,7,8,0,0
3,591,4,0,4,0,9,10,4,4,3,2,3,2,7,8,0,0
3,591,4,0,4,0,9,10,4,4,3,2,3,2,7,8,0,0
3,591,4,0,4,0,9,10,4,4,3,2,3,2,7,8,0,0
3,591,4,0,4,0,9,10,4,4,3,2,3,2,8,8,8,0
3,591,4,0,4,0,10,10,4,4,3,3,4,3,8,8,8,0
3,591,4,0,4,0,10,10,4,4,3,3,4,3,8,8,8,0
3,591,4,0,4,0,10,10,4,4,3,3,4,3,8,8,9,0
3,591,4,0,4,0,10,10,4,4,3,3,4,3,8,8,9,0
3,591,4,0,4,0,10,10,4,4,3,3,4,3,8,8,9,0
3,591,4,0,4,0,10,10,4,3,3,2,4,3,8,8,9,0
3,591,4,0,4,0,10,10,4,3,3,2,4,3,8,8,5,0
3,591,4,0,4,0,10,10,4,3,3,2,4,3,8,8,5,0
3,591,4,0,4,0,10,10,4,3,3,2,4,3,8,8,5,0
3,591,4,0,4,0,9,10,4,3,3,2,3,3,8,8,5,0
3,591,4,0,4,0,9,10,4,3,3,2,3,3,8,8,0,0
3,591,4,0,4,0,9,10,4,3,3,2,3,3,8,8,0,0
3,591,4,0,4,0,9,10,4,3,3,2,3,3,8,8,0,0
3,591,4,0,4,0,9,10,4,3,3,2,3,3,8,8,0,0
3,591,4,0,4,0,9,10,4,3,3,2,3,3,8,8,0,0
3,591,4,0,4,0,9,10,4,3,3,2,3,3,8,8,0,0
3,591,4,0,4,0,9,10,4,3,3,2,3,3,7,8,0,0
4,592,4,0,4,0,9,10,4,3,3,2,3,3,7,8,0,0
4,592,4,0,4,0,9,10,4,3,3,2,3,3,7,8,0,0
4,592,4,0,4,0,9,10,4,3,3,2,3,3,7,8,0,0
4,592,4,0,4,0,9,10,4,3,3,2,3,3,7,8,0,0
4,592,4,0,4,0,9,10,4,3,3,2,3,3,7,8,0,0
4,592,4,0,4,0,9,10,4,3,3,2,3,3,7,8,0,0
4,592,4,0,4,0,9,10,4,3,3,2,3,3,8,8,8,0
4,592,4,0,4,0,10,10,4,2,3,3,4,3,8,8,8,1
4,592,4,0,4,0,10,10,4,4,3,3,4,3,8,8,8,1
4,592,4,0,4,0,10,10,4,4,3,2,4,3,8,8,9,1
4,592,4,0,4,0,10,10,4,3,3,3,4,3,8,8,9,1
4,592,4,0,4,0,10,10,4,4,3,3,4,3,8,8,9,1
4,592,4,0,4,0,10,10,4,4,3,3,4,3,8,8,9,1
4,592,4,0,4,0,10,10,4,4,3,3,4,3,8,8,5,1
4,592,4,0,4,0,10,10,4,2,3,3,4,3,8,8,5,1
4,592,4,0,4,0,10,10,4,2,3,3,4,3,8,8,5,1
4,592,4,0,4,0,9,10,4,2,3,3,3,3,8,8,5,1
4,592,4,0,4,0,9,10,4,2,3,3,3,3,8,8,0,1
4,592,4,0,4,0,9,10,4,2,3,3,3,3,8,8,0,1
4,592,4,0,4,0,9,10,4,2,3,1,3,3,8,7,0,1
4,592,4,0,4,0,9,10,4,2,3,1,3,3,8,7,0,1
4,592,4,0,4,0,9,10,4,2,3,1,3,3,8,7,0,1
4,592,4,0,4,0,9,10,4,2,3,1,3,3,8,7,0,1
4,592,4,0,4,0,9,10,4,2,3,1,3,3,7,7,0,1
5,593,4,0,3,0,8,10,3,2,2,1,2,3,7,7,0,1
5,593,4,0,3,0,8,10,3,2,2,1,2,3,7,7,0,1
5,593,4,0,3,0,8,10,3,2,2,1,2,3,7,7,0,1
5,593,4,0,3,0,8,10,3,2,2,1,2,3,7,7,0,1
5,593,4,0,3,0,8,10,3,2,2,1,2,3,7,7,0,1
5,593,4,0,3,0,8,10,3,2,2,1,2,3,7,7,0,1
5,593,4,0,3,0,8,10,3,2,2,1,3,3,10,7,0,1
5,593,4,0,3,0,8,10,3,1,2,1,3,3,10,7,0,0
5,593,4,0,3,0,8,10,3,1,2,1,3,3,10,7,0,0
5,593,4,0,3,0,8,10,3,1,2,1,3,3,10,7,0,0
5,593,4,0,3,0,8,10,3,1,2,1,3,3,10,7,0,0
5,593,4,0,3,0,8,10,3,1,2,1,3,3,10,7,0,0
5,593,4,0,3,0,8,10,3,1,2,1,3,3,10,7,0,0
5,593,4,0,3,0,8,10,3,1,2,1,3,3,10,7,0,0
5,593,4,0,3,0,8,10,3,1,2,1,3,3,10,7,0,0
5,593,4,0,3,0,8,10,3,1,2,1,2,3,8,7,0,0
5,593,4,0,3,0,8,10,3,1,2,1,2,3,8,7,0,0
5,593,4,0,3,0,8,10,3,1,2,1,2,3,8,7,0,0
5,593,4,0,3,0,8,10,3,1,2,1,2,3,8,7,0,0
5,593,4,0,3,0,8,10,3,1,2,1,2,3,8,7,0,0
5,593,4,0,3,0,8,10,3,1,2,1,2,3,8,7,0,0
5,593,4,0,3,0,8,10,3,1,2,1,2,3,8,7,0,0
5,593,4,0,3,0,8,10,3,1,2,1,2,3,8,7,0,0
5,593,4,0,3,0,8,10,3,1,2,1,2,3,7,7,0,0
6,594,4,0,3,0,8,10,3,1,2,1,2,3,4,7,0,0
6,594,4,0,3,0,8,10,3,1,2,1,2,3,4,7,0,0
6,594,4,0,3,0,8,10,3,1,2,1,2,3,4,7,0,0
6,594,4,0,3,0,8,10,3,1,2,1,2,3,4,7,0,0
6,594,4,0,3,0,8,10,3,1,2,1,2,3,4,7,0,0
6,594,4,0,3,0,8,10,3,1,2,1,2,3,4,7,0,0
6,594,4,0,3,0,8,10,3,1,2,1,3,3,4,7,0,0
6,594,4,0,3,0,8,8,3,1,2,1,3,3,5,6,0,0
6,594,4,0,3,0,8,8,3,1,2,1,3,3,5,6,0,0
6,594,4,0,3,0,8,8,3,1,2,1,3,3,5,5,0,0
6,594,4,0,3,0,8,8,3,1,2,1,3,3,5,5,0,0
6,594,4,0,3,0,8,8,3,1,2,1,3,3,5,5,0,0
6,594,4,0,3,0,8,8,3,1,2,1,3,3,5,5,0,0
6,594,4,0,3,0,8,7,3,1,2,1,3,3,5,5,0,0
6,594,4,0,3,0,8,7,3,1,2,1,3,3,5,5,0,0
6,594,4,0,3,0,8,7,3,1,2,1,2,3,4,5,0,0
6,594,4,0,3,0,8,7,3,1,2,1,2,3,4,5,0,0
6,594,4,0,3,0,8,7,3,1,2,1,2,3,4,5,0,0
6,594,4,0,3,0,8,7,3,1,2,1,2,3,4,5,0,0
6,594,4,0,3,0,8,7,3,1,2,1,2,3,4,5,0,0
6,594,4,0,3,0,8,7,3,1,2,1,2,3,4,5,0,0
6,594,4,0,3,0,8,7,3,1,2,1,2,3,4,5,0,0
6,594,4,0,3,0,8,7,3,1,2,1,2,3,4,5,0,0
6,594,4,0,3,0,8,7,3,1,2,1,2,3,4,5,0,0
7,595,4,0,4,0,9,7,4,1,3,1,3,3,7,5,0,0
7,595,4,0,4,0,9,7,4,1,3,1,3,3,7,5,0,0
7,595,4,0,4,0,9,7,4,1,3,1,3,3,7,5,0,0
7,595,4,0,4,0,9,7,4,1,3,1,3,3,7,5,0,0
7,595,4,0,4,0,9,7,4,1,3,1,3,3,7,5,0,0
7,595,4,0,4,0,9,7,4,1,3,1,3,3,7,5,0,0
7,595,4,0,4,0,9,7,4,1,3,1,3,3,8,5,8,0
7,595,4,0,4,0,10,9,4,3,3,2,4,3,8,7,8,1
7,595,4,0,4,0,10,9,4,3,3,3,4,3,8,8,8,1
7,595,4,0,4,0,10,10,4,4,3,3,4,3,8,8,9,1
7,595,4,0,4,0,10,10,4,3,3,3,4,3,8,8,9,1
7,595,4,0,4,0,10,10,4,4,3,3,4,3,8,8,9,1
7,595,4,0,4,0,10,10,4,4,3,2,4,3,8,8,9,1
7,595,4,0,4,0,10,9,4,4,3,2,4,3,8,8,5,1
7,595,4,0,4,0,10,9,4,4,3,2,4,3,8,8,5,1
7,595,4,0,4,0,10,10,4,4,3,1,4,3,8,8,5,1
7,595,4,0,4,0,9,9,4,4,3,1,3,3,8,8,5,0
7,595,4,0,4,0,9,9,4,4,3,1,3,3,8,8,0,0
7,595,4,0,4,0,9,9,4,4,3,1,3,3,8,8,0,0
7,595,4,0,4,0,9,9,4,4,3,1,3,3,8,8,0,0
7,595,4,0,4,0,9,9,4,4,3,1,3,3,8,8,0,0
7,595,4,0,4,0,9,9,4,4,3,1,3,3,8,8,0,0
7,595,4,0,4,0,9,9,4,4,3,1,3,3,8,8,0,0
7,595,4,0,4,0,9,9,4,4,3,1,3,3,7,8,0,0
8,596,4,0,4,0,9,9,4,4,3,1,3,3,4,8,0,0
8,596,4,0,4,0,9,9,4,4,3,1,3,3,4,8,0,0
8,596,4,0,4,0,9,9,4,4,3,1,3,3,4,8,0,0
8,596,4,0,4,0,9,9,4,4,3,1,3,3,4,8,0,0
8,596,4,0,4,0,9,9,4,4,3,1,3,3,4,8,0,0
8,596,4,0,4,0,9,9,4,4,3,1,3,3,4,8,0,0
8,596,4,0,4,0,9,9,4,4,3,1,3,3,4,8,8,0
8,596,4,0,4,0,10,9,4,2,3,3,4,3,5,8,8,2
8,596,4,0,4,0,10,9,4,4,3,3,4,3,5,8,8,3
8,596,4,0,4,0,10,10,4,4,3,3,4,3,5,8,9,3
8,596,4,0,4,0,10,10,4,4,3,3,4,3,5,8,9,3
8,596,4,0,4,0,10,10,4,4,3,3,4,3,5,8,9,3
8,596,4,0,4,0,10,10,4,4,3,3,4,3,5,8,9,3
8,596,4,0,4,0,10,10,4,4,3,3,4,3,5,8,5,3
8,596,4,0,4,0,10,10,4,4,3,3,4,3,5,8,5,3
8,596,4,0,4,0,10,10,4,3,3,3,4,3,4,8,5,3
8,596,4,0,4,0,9,10,4,3,3,2,3,3,4,8,5,3
8,596,4,0,4,0,9,10,4,3,3,2,3,3,4,8,0,3
8,596,4,0,4,0,9,10,4,3,3,2,3,3,4,8,0,3
8,596,4,0,4,0,9,10,4,2,3,2,3,3,4,8,0,3
8,596,4,0,4,0,9,10,4,2,3,2,3,3,4,8,0,3
8,596,4,0,4,0,9,10,4,2,3,2,3,3,4,8,0,3
8,596,4,0,4,0,9,9,4,2,3,2,3,3,4,8,0,3
8,596,4,0,4,0,9,9,4,2,3,2,3,3,4,8,0,3
9,597,4,0,4,0,9,9,4,2,3,2,3,3,7,8,0,3
9,597,4,0,4,0,9,9,4,2,3,2,3,3,7,8,0,3
9,597,4,0,4,0,9,9,4,2,3,2,3,3,7,8,0,3
9,597,4,0,4,0,9,9,4,2,3,2,3,3,7,8,0,3
9,597,4,0,4,0,9,9,4,2,3,2,3,3,7,8,0,3
9,597,4,0,4,0,9,9,4,2,3,2,3,3,7,8,0,3
9,597,4,0,4,0,9,9,4,2,3,2,3,3,10,10,8,3
9,597,4,0,4,0,10,8,4,3,3,1,4,4,10,10,8,3
9,597,4,0,4,0,10,10,4,3,3,1,4,3,10,10,8,4
9,597,4,0,4,0,10,9,4,4,3,1,4,3,10,10,9,3
9,597,4,0,4,0,10,10,4,4,3,2,4,3,10,10,9,4
9,597,4,0,4,0,10,10,4,4,3,2,4,3,10,10,9,3
9,597,4,0,4,0,10,10,4,3,3,2,4,3,10,10,9,3
9,597,4,0,4,0,10,10,4,3,3,2,4,3,10,10,5,2
9,597,4,0,4,0,10,10,4,3,3,2,4,3,10,9,5,1
9,597,4,0,4,0,10,10,4,3,3,2,4,3,8,9,5,1
9,597,4,0,4,0,9,10,4,3,3,2,3,3,8,9,5,1
9,597,4,0,4,0,9,10,4,3,3,2,3,3,8,9,0,0
9,597,4,0,4,0,9,10,4,3,3,2,3,2,8,9,0,0
9,597,4,0,4,0,9,10,4,3,3,2,3,2,8,9,0,0
9,597,4,0,4,0,9,10,4,3,3,2,3,2,8,9,0,0
9,597,4,0,4,0,9,10,4,3,3,2,3,2,8,9,0,0
9,597,4,0,4,0,9,10,4,3,3,2,3,2,8,9,0,0
9,597,4,0,4,0,9,10,4,3,3,2,3,2,7,9,0,0
10,598,4,0,4,0,9,10,4,3,3,2,3,2,7,9,0,0
10,598,4,0,4,0,9,10,4,3,3,2,3,2,7,9,0,0
10,598,4,0,4,0,9,10,4,3,3,2,3,2,7,9,0,0
10,598,4,0,4,0,9,10,4,3,3,2,3,2,7,9,0,0
10,598,4,0,4,0,9,10,4,3,3,2,3,2,7,9,0,0
10,598,4,0,4,0,9,10,4,3,3,2,3,2,7,9,0,0
10,598,4,0,4,0,9,10,4,3,3,2,3,2,8,9,8,0
10,598,4,0,4,0,10,9,4,4,3,1,4,3,8,8,8,0
10,598,4,0,4,0,10,10,4,4,3,1,4,3,8,8,8,0
10,598,4,0,4,0,10,10,4,4,3,1,4,3,8,8,9,0
10,598,4,0,4,0,10,10,4,4,3,1,4,3,8,8,9,0
10,598,4,0,4,0,10,10,4,4,3,1,4,3,8,8,9,0
10,598,4,0,4,0,10,10,4,4,3,1,4,3,8,8,9,0
10,598,4,0,4,0,10,10,4,4,3,1,4,3,8,8,5,0
10,598,4,0,4,0,10,10,4,4,3,1,4,3,8,8,5,0
10,598,4,0,4,0,10,10,4,4,3,1,4,3,8,8,5,0
10,598,4,0,4,0,9,10,4,4,3,1,3,3,8,8,5,0
10,598,4,0,4,0,9,10,4,4,3,1,3,3,8,8,0,0
10,598,4,0,4,0,9,10,4,4,3,1,3,3,8,8,0,0
10,598,4,0,4,0,9,10,4,4,3,1,3,3,8,8,0,0
10,598,4,0,4,0,9,10,4,3,3,1,3,3,8,8,0,0
10,598,4,0,4,0,9,10,4,3,3,1,3,3,8,8,0,0
10,598,4,0,4,0,9,10,4,3,3,1,3,3,8,8,0,0
10,598,4,0,4,0,9,10,4,3,3,1,3,3,7,8,0,0
11,599,4,0,4,0,9,10,4,3,3,1,3,3,7,8,0,0
11,599,4,0,4,0,9,10,4,3,3,1,3,3,7,8,0,0
11,599,4,0,4,0,9,10,4,3,3,1,3,3,7,8,0,0
11,599,4,0,4,0,9,10,4,3,3,1,3,3,7,8,0,0
11,599,4,0,4,0,9,10,4,3,3,1,3,3,7,8,0,0
11,599,4,0,4,0,9,10,4,3,3,1,3,3,7,8,0,0
11,599,4,0,4,0,9,10,4,3,3,1,3,3,8,8,8,0
11,599,4,0,4,0,10,9,4,3,3,3,4,3,8,8,8,0
11,599,4,0,4,0,10,10,4,4,3,3,4,3,8,8,8,1
11,599,4,0,4,0,10,10,4,4,3,3,4,3,8,8,9,1
11,599,4,0,4,0,10,9,4,4,3,3,4,3,8,8,9,1
11,599,4,0,4,0,10,9,4,3,3,3,4,3,8,8,9,1
11,599,4,0,4,0,10,9,4,3,3,3,4,3,8,8,9,1
11,599,4,0,4,0,10,9,4,2,3,3,4,3,8,8,5,1
11,599,4,0,4,0,10,9,4,1,3,3,4,3,8,8,5,1
11,599,4,0,4,0,10,9,4,1,3,3,4,3,8,7,5,1
11,599,4,0,4,0,9,9,4,1,3,3,3,3,8,6,5,1
11,599,4,0,4,0,9,9,4,1,3,3,3,3,8,6,0,1
11,599,4,0,4,0,9,9,4,1,3,1,3,3,8,6,0,1
11,599,4,0,4,0,9,9,4,1,3,1,3,3,8,6,0,1
11,599,4,0,4,0,9,9,4,1,3,1,3,3,8,6,0,0
11,599,4,0,4,0,9,9,4,1,3,1,3,3,8,6,0,0
11,599,4,0,4,0,9,9,4,1,3,1,3,3,8,6,0,0
11,599,4,0,4,0,9,9,4,1,3,1,3,3,7,6,0,0
12,600,4,0,3,0,8,9,3,1,2,1,2,3,7,6,0,0
12,600,4,0,3,0,8,9,3,1,2,1,2,3,7,6,0,0
12,600,4,0,3,0,8,9,3,1,2,1,2,3,7,6,0,0
12,600,4,0,3,0,8,9,3,1,2,1,2,3,7,6,0,0
12,600,4,0,3,0,8,9,3,1,2,1,2,3,7,6,0,0
12,600,4,0,3,0,8,9,3,1,2,1,2,3,7,6,0,0
12,600,4,0,3,0,8,9,3,1,2,1,3,3,10,6,0,0
12,600,4,0,3,0,8,9,3,1,2,1,3,2,10,6,0,0
12,600,4,0,3,0,8,9,3,1,2,1,3,2,10,6,0,0
12,600,4,0,3,0,8,9,3,1,2,1,3,2,10,6,0,0
12,600,4,0,3,0,8,9,3,1,2,1,3,2,10,6,0,0
12,600,4,0,3,0,8,9,3,1,2,1,3,2,10,6,0,0
12,600,4,0,3,0,8,9,3,1,2,1,3,2,10,6,0,0
12,600,4,0,3,0,8,9,3,1,2,1,3,2,10,6,0,0
12,600,4,0,3,0,8,9,3,1,2,0,3,2,10,6,0,0
12,600,4,0,3,0,8,8,3,1,2,0,2,2,8,6,0,0
12,600,4,0,3,0,8,8,3,1,2,0,2,2,8,6,0,0
12,600,4,0,3,0,8,8,3,1,2,0,2,2,8,6,0,0
12,600,4,0,3,0,8,8,3,1,2,0,2,2,8,6,0,0
12,600,4,0,3,0,8,8,3,1,2,0,2,2,8,6,0,0
12,600,4,0,3,0,8,8,3,1,2,0,2,2,8,6,0,0
12,600,4,0,3,0,8,8,3,1,2,0,2,2,8,6,0,0
12,600,4,0,3,0,8,8,3,1,2,0,2,2,8,6,0,0
12,600,4,0,3,0,8,8,3,1,2,0,2,2,7,6,0,0
13,601,4,0,3,0,8,8,3,1,2,0,2,2,4,6,0,0
13,601,4,0,3,0,8,8,3,1,2,0,2,2,4,6,0,0
13,601,4,0,3,0,8,8,3,1,2,0,2,2,4,6,0,0
13,601,4,0,3,0,8,8,3,1,2,0,2,2,4,6,0,0
13,601,4,0,3,0,8,8,3,1,2,0,2,2,4,6,0,0
13,601,4,0,3,0,8,8,3,1,2,0,2,2,4,6,0,0
13,601,4,0,3,0,8,8,3,1,2,0,3,2,4,6,0,0
13,601,4,0,3,0,8,8,3,1,2,0,3,2,5,6,0,0
13,601,4,0,3,0,8,8,3,1,2,0,3,2,5,6,0,0
13,601,4,0,3,0,8,8,3,1,2,0,3,2,5,6,0,0
13,601,4,0,3,0,8,8,3,1,2,0,3,2,5,6,0,0
13,601,4,0,3,0,8,8,3,1,2,0,3,2,5,6,0,0
13,601,4,0,3,0,8,8,3,1,2,0,3,2,5,6,0,0
13,601,4,0,3,0,8,8,3,1,2,0,3,2,5,6,0,0
13,601,4,0,3,0,8,8,3,1,2,0,3,2,5,6,0,0
13,601,4,0,3,0,8,8,3,1,2,0,2,1,4,6,0,0
13,601,4,0,3,0,8,8,3,1,2,0,2,1,4,6,0,0
13,601,4,0,3,0,8,7,3,1,2,0,2,1,4,6,0,0
13,601,4,0,3,0,8,7,3,1,2,0,2,1,4,6,0,0
13,601,4,0,3,0,8,7,3,1,2,0,2,1,4,6,0,0
13,601,4,0,3,0,8,7,3,1,2,0,2,1,4,6,0,0
13,601,4,0,3,0,8,7,3,1,2,0,2,1,4,6,0,0
13,601,4,0,3,0,8,7,3,1,2,0,2,1,4,6,0,0
13,601,4,0,3,0,8,7,3,1,2,0,2,1,4,6,0,0
14,602,4,0,4,0,9,7,4,1,3,0,3,1,7,6,0,0
14,602,4,0,4,0,9,7,4,1,3,0,3,1,7,6,0,0
14,602,4,0,4,0,9,7,4,1,3,0,3,1,7,6,0,0
14,602,4,0,4,0,9,7,4,1,3,0,3,1,7,6,0,0
14,602,4,0,4,0,9,7,4,1,3,0,3,1,7,6,0,0
14,602,4,0,4,0,9,7,4,1,3,0,3,1,7,6,0,0
14,602,4,0,4,0,9,7,4,1,3,0,3,1,8,6,8,0
14,602,4,0,4,0,10,8,4,3,3,0,4,2,8,8,8,2
14,602,4,0,4,0,10,9,4,3,3,0,4,2,8,8,8,2
14,602,4,0,4,0,10,10,4,4,3,0,4,2,8,8,9,2
14,602,4,0,4,0,10,10,4,4,3,0,4,2,8,8,9,2
14,602,4,0,4,0,10,10,4,4,3,0,4,2,8,8,9,2
14,602,4,0,4,0,10,10,4,4,3,0,4,2,8,8,9,2
14,602,4,0,4,0,10,9,4,3,3,0,4,2,8,8,5,2
14,602,4,0,4,0,10,9,4,3,3,0,4,2,8,8,5,2
14,602,4,0,4,0,10,8,4,3,3,0,4,2,8,8,5,2
14,602,4,0,4,0,9,8,4,3,3,0,3,2,8,8,5,2
14,602,4,0,4,0,9,8,4,3,3,0,3,2,8,8,0,2
14,602,4,0,4,0,9,8,4,3,3,0,3,2,8,8,0,2
14,602,4,0,4,0,9,8,4,3,3,0,3,2,8,8,0,2
14,602,4,0,4,0,9,8,4,3,3,0,3,2,8,8,0,2
14,602,4,0,4,0,9,8,4,3,3,0,3,2,8,8,0,2
14,602,4,0,4,0,9,8,4,3,3,0,3,2,8,8,0,2
14,602,4,0,4,0,9,8,4,3,3,0,3,2,7,8,0,2
15,603,4,0,4,0,9,8,4,3,3,0,3,2,4,8,0,2
15,603,4,0,4,0,9,8,4,3,3,0,3,2,4,8,0,2
15,603,4,0,4,0,9,8,4,3,3,0,3,2,4,8,0,2
15,603,4,0,4,0,9,8,4,3,3,0,3,2,4,8,0,2
15,603,4,0,4,0,9,8,4,3,3,0,3,2,4,8,0,2
15,603,4,0,4,0,9,8,4,3,3,0,3,2,4,8,0,2
15,603,4,0,4,0,9,8,4,3,3,0,3,2,4,8,8,2
15,603,4,0,4,0,10,9,4,3,3,3,4,3,5,8,8,2
15,603,4,0,4,0,10,9,4,4,3,3,4,3,5,8,8,3
15,603,4,0,4,0,10,10,4,4,3,3,4,3,5,8,9,4
15,603,4,0,4,0,10,10,4,4,3,2,4,3,5,8,9,4
15,603,4,0,4,0,10,10,4,4,3,2,4,3,5,8,9,4
15,603,4,0,4,0,10,10,4,4,3,2,4,3,5,8,9,4
15,603,4,0,4,0,10,10,4,4,3,2,4,3,5,8,5,4
15,603,4,0,4,0,10,10,4,4,3,2,4,3,5,8,5,4
15,603,4,0,4,0,10,10,4,4,3,2,4,3,4,8,5,2
15,603,4,0,4,0,9,10,4,4,3,2,3,3,4,8,5,2
15,603,4,0,4,0,9,10,4,4,3,2,3,3,4,8,0,2
15,603,4,0,4,0,9,10,4,4,3,2,3,3,4,8,0,2
15,603,4,0,4,0,9,10,4,4,3,2,3,3,4,8,0,2
15,603,4,0,4,0,9,10,4,4,3,2,3,3,4,8,0,2
15,603,4,0,4,0,9,10,4,4,3,2,3,3,4,8,0,1
15,603,4,0,4,0,9,10,4,4,3,2,3,3,4,8,0,1
15,603,4,0,4,0,9,10,4,4,3,2,3,3,4,8,0,1
16,604,4,0,4,0,9,10,4,4,3,2,3,3,7,8,0,1
16,604,4,0,4,0,9,10,4,4,3,2,3,3,7,8,0,1
16,604,4,0,4,0,9,10,4,4,3,2,3,3,7,8,0,1
16,604,4,0,4,0,9,10,4,4,3,2,3,3,7,8,0,1
16,604,4,0,4,0,9,10,4,4,3,2,3,3,7,8,0,1
16,604,4,0,4,0,9,10,4,4,3,2,3,3,7,8,0,1
16,604,4,0,4,0,9,10,4,4,3,2,3,3,10,9,8,1
16,604,4,0,4,0,10,10,4,3,3,1,4,4,10,10,8,2
16,604,4,0,4,0,10,10,4,3,3,1,4,4,10,10,8,2
16,604,4,0,4,0,10,10,4,4,3,1,4,4,10,11,9,3
16,604,4,0,4,0,10,10,4,4,3,1,4,4,10,10,9,2
16,604,4,0,4,0,10,10,4,4,3,2,4,4,10,10,9,2
16,604,4,0,4,0,10,10,4,4,3,2,4,4,10,10,9,2
16,604,4,0,4,0,10,10,4,4,3,2,4,4,10,10,5,2
16,604,4,0,4,0,10,10,4,3,3,1,4,4,10,10,5,2
16,604,4,0,4,0,10,9,4,3,3,1,4,4,8,10,5,1
16,604,4,0,4,0,9,9,4,3,3,1,3,4,8,10,5,1
16,604,4,0,4,0,9,9,4,3,3,1,3,4,8,10,0,1
16,604,4,0,4,0,9,9,4,3,3,1,3,4,8,9,0,0
16,604,4,0,4,0,9,9,4,3,3,1,3,4,8,9,0,0
16,604,4,0,4,0,9,9,4,3,3,1,3,4,8,9,0,0
16,604,4,0,4,0,9,9,4,3,3,1,3,4,8,9,0,0
16,604,4,0,4,0,9,9,4,3,3,1,3,4,8,9,0,0
16,604,4,0,4,0,9,9,4,3,3,1,3,4,7,9,0,0
17,605,4,0,4,0,9,9,4,3,3,1,3,4,7,9,0,0
17,605,4,0,4,0,9,9,4,3,3,1,3,4,7,9,0,0
17,605,4,0,4,0,9,9,4,3,3,1,3,4,7,9,0,0
17,605,4,0,4,0,9,9,4,3,3,1,3,4,7,9,0,0
17,605,4,0,4,0,9,9,4,3,3,1,3,4,7,9,0,0
17,605,4,0,4,0,9,9,4,3,3,1,3,4,7,9,0,0
17,605,4,0,4,0,9,9,4,3,3,1,3,4,8,9,8,0
17,605,4,0,4,0,10,9,4,4,3,1,4,4,8,8,8,0
17,605,4,0,4,0,10,10,4,4,3,1,4,4,8,8,8,0
17,605,4,0,4,0,10,9,4,4,3,1,4,4,8,8,9,0
17,605,4,0,4,0,10,10,4,4,3,1,4,4,8,8,9,0
17,605,4,0,4,0,10,10,4,4,3,1,4,4,8,7,9,0
17,605,4,0,4,0,10,10,4,4,3,1,4,4,8,7,9,0
17,605,4,0,4,0,10,10,4,4,3,1,4,4,8,7,5,0
17,605,4,0,4,0,10,10,4,4,3,1,4,4,8,7,5,0
17,605,4,0,4,0,10,10,4,4,3,1,4,3,8,7,5,0
17,605,4,0,4,0,9,10,4,4,3,1,3,3,8,7,5,0
17,605,4,0,4,0,9,10,4,4,3,1,3,3,8,7,0,0
17,605,4,0,4,0,9,10,4,4,3,1,3,2,8,7,0,0
17,605,4,0,4,0,9,10,4,3,3,1,3,2,8,7,0,0
17,605,4,0,4,0,9,10,4,3,3,1,3,2,8,7,0,0
17,605,4,0,4,0,9,10,4,3,3,1,3,2,8,7,0,0
17,605,4,0,4,0,9,10,4,3,3,1,3,2,8,7,0,0
17,605,4,0,4,0,9,10,4,3,3,1,3,2,7,7,0,0
18,606,4,0,4,0,9,10,4,3,3,1,3,2,7,7,0,0
18,606,4,0,4,0,9,10,4,3,3,1,3,2,7,7,0,0
18,606,4,0,4,0,9,10,4,3,3,1,3,2,7,7,0,0
18,606,4,0,4,0,9,10,4,3,3,1,3,2,7,7,0,0
18,606,4,0,4,0,9,10,4,3,3,1,3,2,7,7,0,0
18,606,4,0,4,0,9,10,4,3,3,1,3,2,7,7,0,0
18,606,4,0,4,0,9,10,4,3,3,1,3,2,8,7,8,0
18,606,4,0,4,0,10,9,4,3,3,2,4,3,8,8,8,1
18,606,4,0,4,0,10,10,4,4,3,3,4,3,8,8,8,1
18,606,4,0,4,0,10,10,4,4,3,3,4,3,8,8,9,2
18,606,4,0,4,0,10,10,4,4,3,2,4,3,8,8,9,2
18,606,4,0,4,0,10,10,4,4,3,3,4,3,8,8,9,2
18,606,4,0,4,0,10,10,4,4,3,3,4,3,8,9,9,2
18,606,4,0,4,0,10,10,4,4,3,3,4,3,8,9,5,2
18,606,4,0,4,0,10,10,4,4,3,3,4,3,8,9,5,2
18,606,4,0,4,0,10,10,4,4,3,3,4,3,8,9,5,2
18,606,4,0,4,0,9,10,4,3,3,3,3,3,8,7,5,1
18,606,4,0,4,0,9,10,4,3,3,3,3,3,8,7,0,1
18,606,4,0,4,0,9,9,4,3,3,3,3,3,8,7,0,1
18,606,4,0,4,0,9,9,4,3,3,3,3,3,8,7,0,1
18,606,4,0,4,0,9,9,4,3,3,3,3,3,8,7,0,1
18,606,4,0,4,0,9,9,4,3,3,3,3,3,8,7,0,1
18,606,4,0,4,0,9,9,4,2,3,2,3,3,8,7,0,1
18,606,4,0,4,0,9,9,4,2,3,2,3,3,7,7,0,1
19,607,4,0,3,0,8,9,3,2,2,2,2,3,7,7,0,1
19,607,4,0,3,0,8,9,3,2,2,2,2,3,7,7,0,1
19,607,4,0,3,0,8,9,3,2,2,2,2,3,7,7,0,1
19,607,4,0,3,0,8,9,3,2,2,2,2,3,7,7,0,1
19,607,4,0,3,0,8,9,3,2,2,2,2,3,7,7,0,1
19,607,4,0,3,0,8,9,3,2,2,2,2,3,7,7,0,1
19,607,4,0,3,0,8,9,3,2,2,2,3,3,10,7,0,1
19,607,4,0,3,0,8,9,3,2,2,2,3,2,10,7,0,1
19,607,4,0,3,0,8,9,3,2,2,2,3,2,10,7,0,0
19,607,4,0,3,0,8,9,3,2,2,2,3,2,10,7,0,0
19,607,4,0,3,0,8,9,3,2,2,2,3,2,10,7,0,0
19,607,4,0,3,0,8,9,3,1,2,2,3,2,10,7,0,0
19,607,4,0,3,0,8,9,3,1,2,2,3,2,10,7,0,0
19,607,4,0,3,0,8,9,3,1,2,2,3,2,10,7,0,0
19,607,4,0,3,0,8,9,3,1,2,2,3,2,10,7,0,0
19,607,4,0,3,0,8,9,3,1,2,2,2,2,8,7,0,0
19,607,4,0,3,0,8,9,3,1,2,2,2,2,8,7,0,0
19,607,4,0,3,0,8,9,3,1,2,2,2,2,8,7,0,0
19,607,4,0,3,0,8,9,3,1,2,2,2,2,8,7,0,0
19,607,4,0,3,0,8,9,3,1,2,2,2,2,8,7,0,0
19,607,4,0,3,0,8,9,3,1,2,2,2,2,8,7,0,0
19,607,4,0,3,0,8,9,3,1,2,2,2,2,8,7,0,0
19,607,4,0,3,0,8,9,3,1,2,2,2,2,8,7,0,0
19,607,4,0,3,0,8,9,3,1,2,2,2,2,7,7,0,0
20,608,4,0,3,0,8,9,3,1,2,2,2,2,4,7,0,0
20,608,4,0,3,0,8,9,3,1,2,2,2,2,4,7,0,0
20,608,4,0,3,0,8,9,3,1,2,2,2,2,4,7,0,0
20,608,4,0,3,0,8,9,3,1,2,2,2,2,4,7,0,0
20,608,4,0,3,0,8,9,3,1,2,2,2,2,4,7,0,0
20,608,4,0,3,0,8,9,3,1,2,2,2,2,4,7,0,0
20,608,4,0,3,0,8,9,3,1,2,2,3,2,4,7,0,0
20,608,4,0,3,0,8,9,3,0,2,0,3,2,5,7,0,0
20,608,4,0,3,0,8,9,3,0,2,0,3,2,5,7,0,0
20,608,4,0,3,0,8,9,3,0,2,0,3,2,5,7,0,0
20,608,4,0,3,0,8,9,3,0,2,0,3,2,5,7,0,0
20,608,4,0,3,0,8,9,3,0,2,0,3,2,5,7,0,0
20,608,4,0,3,0,8,9,3,0,2,0,3,2,5,7,0,0
20,608,4,0,3,0,8,9,3,0,2,0,3,2,5,7,0,0
20,608,4,0,3,0,8,9,3,0,2,0,3,2,5,7,0,0
20,608,4,0,3,0,8,9,3,0,2,0,2,2,4,7,0,0
20,608,4,0,3,0,8,9,3,0,2,0,2,2,4,7,0,0
20,608,4,0,3,0,8,9,3,0,2,0,2,2,4,7,0,0
20,608,4,0,3,0,8,9,3,0,2,0,2,1,4,7,0,0
20,608,4,0,3,0,8,9,3,0,2,0,2,1,4,7,0,0
20,608,4,0,3,0,8,9,3,0,2,0,2,1,4,7,0,0
20,608,4,0,3,0,8,9,3,0,2,0,2,1,4,7,0,0
20,608,4,0,3,0,8,9,3,0,2,0,2,1,4,7,0,0
20,608,4,0,3,0,8,9,3,0,2,0,2,1,4,7,0,0
21,609,4,0,4,0,9,9,4,0,3,0,3,1,7,7,0,0
21,609,4,0,4,0,9,9,4,0,3,0,3,1,7,7,0,0
21,609,4,0,4,0,9,9,4,0,3,0,3,1,7,7,0,0
21,609,4,0,4,0,9,9,4,0,3,0,3,1,7,7,0,0
21,609,4,0,4,0,9,9,4,0,3,0,3,1,7,7,0,0
21,609,4,0,4,0,9,9,4,0,3,0,3,1,7,7,0,0
21,609,4,0,4,0,9,9,4,0,3,0,3,1,8,7,8,0
21,609,4,0,4,0,10,9,4,2,3,1,4,2,8,8,8,1
21,609,4,0,4,0,10,10,4,3,3,2,4,2,8,8,8,1
21,609,4,0,4,0,10,10,4,3,3,3,4,2,8,8,9,1
21,609,4,0,4,0,10,10,4,4,3,3,4,2,8,8,9,1
21,609,4,0,4,0,10,10,4,4,3,3,4,2,8,8,9,1
21,609,4,0,4,0,10,10,4,4,3,3,4,2,8,9,9,1
21,609,4,0,4,0,10,10,4,4,3,2,4,2,8,9,5,1
21,609,4,0,4,0,10,10,4,4,3,2,4,2,8,9,5,1
21,609,4,0,4,0,10,10,4,4,3,2,4,2,8,8,5,0
21,609,4,0,4,0,9,10,4,4,3,2,3,2,8,8,5,0
21,609,4,0,4,0,9,10,4,4,3,2,3,2,8,8,0,0
21,609,4,0,4,0,9,10,4,4,3,2,3,2,8,8,0,0
21,609,4,0,4,0,9,10,4,4,3,2,3,2,8,8,0,0
21,609,4,0,4,0,9,10,4,4,3,2,3,2,8,8,0,0
21,609,4,0,4,0,9,10,4,4,3,2,3,2,8,8,0,0
21,609,4,0,4,0,9,10,4,4,3,2,3,2,8,8,0,0
21,609,4,0,4,0,9,10,4,4,3,2,3,2,7,8,0,0
22,610,4,0,4,0,9,10,4,4,3,2,3,2,4,8,0,0
22,610,4,0,4,0,9,10,4,4,3,2,3,2,4,8,0,0
22,610,4,0,4,0,9,10,4,4,3,2,3,2,4,8,0,0
22,610,4,0,4,0,9,10,4,4,3,2,3,2,4,8,0,0
22,610,4,0,4,0,9,10,4,4,3,2,3,2,4,8,0,0
22,610,4,0,4,0,9,10,4,4,3,2,3,2,4,8,0,0
22,610,4,0,4,0,9,10,4,4,3,2,3,2,4,8,8,0
22,610,4,0,4,0,10,9,4,4,3,3,4,3,5,8,8,5
22,610,4,0,4,0,10,10,4,4,3,3,4,3,5,8,8,6
22,610,4,0,4,0,10,10,4,4,3,3,4,3,5,8,9,7
22,610,4,0,4,0,10,10,4,4,3,3,4,3,5,8,9,8
22,610,4,0,4,0,10,10,4,4,3,3,4,3,5,8,9,8
22,610,4,0,4,0,10,10,4,4,3,3,4,3,5,8,9,8
22,610,4,0,4,0,10,10,4,4,3,3,4,3,5,8,5,8
22,610,4,0,4,0,10,10,4,4,3,3,4,3,5,8,5,8
22,610,4,0,4,0,10,10,4,4,3,3,4,3,4,8,5,6
22,610,4,0,4,0,9,10,4,4,3,3,3,3,4,8,5,6
22,610,4,0,4,0,9,10,4,4,3,3,3,3,4,8,0,6
22,610,4,0,4,0,9,10,4,4,3,3,3,3,4,8,0,6
22,610,4,0,4,0,9,10,4,4,3,3,3,3,4,8,0,5
22,610,4,0,4,0,9,10,4,4,3,3,3,3,4,8,0,5
22,610,4,0,4,0,9,10,4,4,3,3,3,3,4,8,0,5
22,610,4,0,4,0,9,10,4,4,3,3,3,3,4,8,0,5
22,610,4,0,4,0,9,10,4,4,3,3,3,3,4,8,0,5
23,611,4,0,4,0,9,10,4,4,3,3,3,3,7,8,0,5
23,611,4,0,4,0,9,10,4,4,3,3,3,3,7,8,0,5
23,611,4,0,4,0,9,10,4,4,3,3,3,3,7,8,0,5
23,611,4,0,4,0,9,10,4,4,3,3,3,3,7,8,0,5
23,611,4,0,4,0,9,10,4,4,3,3,3,3,7,8,0,5
23,611,4,0,4,0,9,10,4,4,3,3,3,3,7,8,0,5
23,611,4,0,4,0,9,10,4,4,3,3,3,3,10,10,8,5
23,611,4,0,4,0,10,9,4,4,3,3,4,4,10,10,8,4
23,611,4,0,4,0,10,10,4,4,3,3,4,4,10,10,8,4
23,611,4,0,4,0,10,10,4,4,3,3,4,4,10,10,9,4
23,611,4,0,4,0,10,10,4,4,3,3,4,4,10,10,9,4
23,611,4,0,4,0,10,10,4,4,3,3,4,4,10,10,9,4
23,611,4,0,4,0,10,10,4,4,3,3,4,4,10,10,9,4
23,611,4,0,4,0,10,10,4,4,3,3,4,4,10,10,5,3
23,611,4,0,4,0,10,10,4,4,3,3,4,4,10,10,5,3
23,611,4,0,4,0,10,10,4,4,3,3,4,4,8,10,5,2
23,611,4,0,4,0,9,10,4,4,3,3,3,4,8,10,5,2
23,611,4,0,4,0,9,10,4,4,3,3,3,4,8,9,0,1
23,611,4,0,4,0,9,10,4,4,3,3,3,4,8,8,0,0
23,611,4,0,4,0,9,10,4,4,3,3,3,4,8,8,0,0
23,611,4,0,4,0,9,10,4,4,3,3,3,4,8,8,0,0
23,611,4,0,4,0,9,10,4,4,3,3,3,4,8,8,0,0
23,611,4,0,4,0,9,10,4,4,3,3,3,4,8,8,0,0
23,611,4,0,4,0,9,10,4,4,3,3,3,4,7,8,0,0
24,612,4,0,4,0,9,10,4,4,3,3,3,4,7,8,0,0
24,612,4,0,4,0,9,10,4,4,3,3,3,4,7,8,0,0
24,612,4,0,4,0,9,10,4,4,3,3,3,4,7,8,0,0
24,612,4,0,4,0,9,10,4,4,3,3,3,4,7,8,0,0
24,612,4,0,4,0,9,10,4,4,3,3,3,4,7,8,0,0
24,612,4,0,4,0,9,10,4,4,3,3,3,4,7,8,0,0
24,612,4,0,4,0,9,10,4,4,3,3,3,4,8,8,8,0
24,612,4,0,4,0,10,9,4,4,3,3,4,4,8,8,8,0
24,612,4,0,4,0,10,10,4,4,3,3,4,4,8,8,8,0
24,612,4,0,4,0,10,10,4,4,3,3,4,4,8,8,9,0
24,612,4,0,4,0,10,10,4,4,3,3,4,4,8,8,9,0
24,612,4,0,4,0,10,10,4,4,3,3,4,4,8,8,9,0
24,612,4,0,4,0,10,10,4,4,3,3,4,4,8,8,9,0
24,612,4,0,4,0,10,10,4,4,3,3,4,4,8,8,5,0
24,612,4,0,4,0,10,10,4,4,3,2,4,4,8,8,5,0
24,612,4,0,4,0,10,10,4,4,3,2,4,4,8,8,5,0
24,612,4,0,4,0,9,10,4,4,3,2,3,4,8,8,5,0
24,612,4,0,4,0,9,10,4,4,3,2,3,4,8,8,0,0
24,612,4,0,4,0,9,10,4,4,3,2,3,4,8,8,0,0
24,612,4,0,4,0,9,10,4,4,3,2,3,4,8,8,0,0
24,612,4,0,4,0,9,10,4,3,3,2,3,4,8,8,0,0
24,612,4,0,4,0,9,10,4,3,3,2,3,4,8,8,0,0
24,612,4,0,4,0,9,10,4,3,3,2,3,4,8,8,0,0
24,612,4,0,4,0,9,10,4,3,3,2,3,4,7,8,0,0
25,613,4,0,4,0,9,10,4,3,3,2,3,4,7,8,0,0
25,613,4,0,4,0,9,10,4,3,3,2,3,4,7,8,0,0
25,613,4,0,4,0,9,10,4,3,3,2,3,4,7,8,0,0
25,613,4,0,4,0,9,10,4,3,3,2,3,4,7,8,0,0
25,613,4,0,4,0,9,10,4,3,3,2,3,4,7,8,0,0
25,613,4,0,4,0,9,10,4,3,3,2,3,4,7,8,0,0
25,613,4,0,4,0,9,10,4,3,3,2,3,4,8,8,8,0
25,613,4,0,4,0,10,10,4,3,3,3,4,4,8,7,8,1
25,613,4,0,4,0,10,10,4,4,3,3,4,4,8,8,8,1
25,613,4,0,4,0,10,10,4,4,3,3,4,4,8,8,9,2
25,613,4,0,4,0,10,10,4,4,3,2,4,4,8,8,9,3
25,613,4,0,4,0,10,10,4,4,3,3,4,4,8,8,9,4
25,613,4,0,4,0,10,10,4,4,3,3,4,4,8,9,9,4
25,613,4,0,4,0,10,9,4,4,3,3,4,4,8,9,5,4
25,613,4,0,4,0,10,9,4,4,3,2,4,4,8,8,5,3
25,613,4,0,4,0,10,9,4,4,3,2,4,4,8,8,5,1
25,613,4,0,4,0,9,9,4,4,3,2,3,4,8,8,5,1
25,613,4,0,4,0,9,9,4,4,3,2,3,4,8,8,0,1
25,613,4,0,4,0,9,9,4,4,3,2,3,4,8,8,0,1
25,613,4,0,4,0,9,9,4,4,3,2,3,4,8,8,0,1
25,613,4,0,4,0,9,9,4,4,3,2,3,4,8,8,0,0
25,613,4,0,4,0,9,9,4,4,3,1,3,4,8,8,0,0
25,613,4,0,4,0,9,9,4,4,3,1,3,3,8,8,0,0
25,613,4,0,4,0,9,9,4,4,3,1,3,3,7,8,0,0
26,614,4,0,3,0,8,9,3,4,2,1,2,3,7,8,0,0
26,614,4,0,3,0,8,9,3,4,2,1,2,3,7,8,0,0
26,614,4,0,3,0,8,9,3,4,2,1,2,3,7,8,0,0
26,614,4,0,3,0,8,9,3,4,2,1,2,3,7,8,0,0
26,614,4,0,3,0,8,9,3,4,2,1,2,3,7,8,0,0
26,614,4,0,3,0,8,9,3,4,2,1,2,3,7,8,0,0
26,614,4,0,3,0,8,9,3,4,2,1,3,3,10,8,0,0
26,614,4,0,3,0,8,9,3,4,2,1,3,2,10,8,0,0
26,614,4,0,3,0,8,9,3,4,2,1,3,2,10,8,0,0
26,614,4,0,3,0,8,9,3,4,2,1,3,2,10,8,0,0
26,614,4,0,3,0,8,9,3,4,2,1,3,2,10,8,0,0
26,614,4,0,3,0,8,9,3,4,2,1,3,2,10,8,0,0
26,614,4,0,3,0,8,9,3,4,2,1,3,2,10,8,0,0
26,614,4,0,3,0,8,9,3,3,2,0,3,2,10,8,0,0
26,614,4,0,3,0,8,9,3,3,2,0,3,2,10,7,0,0
26,614,4,0,3,0,8,9,3,3,2,0,2,2,8,7,0,0
26,614,4,0,3,0,8,9,3,3,2,0,2,2,8,7,0,0
26,614,4,0,3,0,8,9,3,3,2,0,2,2,8,7,0,0
26,614,4,0,3,0,8,9,3,3,2,0,2,2,8,7,0,0
26,614,4,0,3,0,8,9,3,2,2,0,2,2,8,7,0,0
26,614,4,0,3,0,8,9,3,2,2,0,2,2,8,7,0,0
26,614,4,0,3,0,8,9,3,2,2,0,2,2,8,7,0,0
26,614,4,0,3,0,8,9,3,2,2,0,2,2,8,7,0,0
26,614,4,0,3,0,8,9,3,2,2,0,2,2,7,7,0,0
27,615,4,0,3,0,8,9,3,2,2,0,2,2,4,7,0,0
27,615,4,0,3,0,8,9,3,2,2,0,2,2,4,7,0,0
27,615,4,0,3,0,8,9,3,2,2,0,2,2,4,7,0,0
27,615,4,0,3,0,8,9,3,2,2,0,2,2,4,7,0,0
27,615,4,0,3,0,8,9,3,2,2,0,2,2,4,7,0,0
27,615,4,0,3,0,8,9,3,2,2,0,2,2,4,7,0,0
27,615,4,0,3,0,8,9,3,2,2,0,3,2,4,7,0,0
27,615,4,0,3,0,8,9,3,2,2,0,3,2,5,7,0,0
27,615,4,0,3,0,8,9,3,2,2,0,3,2,5,7,0,0
27,615,4,0,3,0,8,9,3,2,2,0,3,2,5,7,0,0
27,615,4,0,3,0,8,9,3,2,2,0,3,2,5,7,0,0
27,615,4,0,3,0,8,9,3,2,2,0,3,2,5,7,0,0
27,615,4,0,3,0,8,9,3,2,2,0,3,2,5,7,0,0
27,615,4,0,3,0,8,9,3,2,2,0,3,2,5,7,0,0
27,615,4,0,3,0,8,9,3,2,2,0,3,2,5,7,0,0
27,615,4,0,3,0,8,9,3,2,2,0,2,2,4,7,0,0
27,615,4,0,3,0,8,9,3,2,2,0,2,2,4,7,0,0
27,615,4,0,3,0,8,9,3,2,2,0,2,2,4,7,0,0
27,615,4,0,3,0,8,9,3,2,2,0,2,2,4,7,0,0
27,615,4,0,3,0,8,9,3,2,2,0,2,2,4,7,0,0
27,615,4,0,3,0,8,9,3,2,2,0,2,2,4,7,0,0
27,615,4,0,3,0,8,9,3,2,2,0,2,2,4,7,0,0
27,615,4,0,3,0,8,9,3,2,2,0,2,2,4,7,0,0
27,615,4,0,3,0,8,9,3,2,2,0,2,2,4,7,0,0
0,616,4,0,4,0,9,9,4,2,3,0,3,2,7,7,0,0
0,616,4,0,4,0,9,9,4,2,3,0,3,2,7,7,0,0
0,616,4,0,4,0,9,9,4,2,3,0,3,2,7,7,0,0
0,616,4,0,4,0,9,9,4,2,3,0,3,2,7,7,0,0
0,616,4,0,4,0,9,9,4,2,3,0,3,2,7,7,0,0
0,616,4,0,4,0,9,9,4,2,3,0,3,2,7,7,0,0
0,616,4,0,4,0,9,9,4,2,3,0,3,2,8,7,8,0
0,616,4,0,4,0,10,9,4,4,3,0,4,2,8,8,8,2
0,616,4,0,4,0,10,10,4,4,3,1,4,2,8,8,8,2
0,616,4,0,4,0,10,10,4,4,3,1,4,2,8,8,9,2
0,616,4,0,4,0,10,10,4,4,3,1,4,2,8,8,9,2
0,616,4,0,4,0,10,10,4,4,3,2,4,2,8,8,9,2
0,616,4,0,4,0,10,10,4,4,3,2,4,2,8,8,9,2
0,616,4,0,4,0,10,10,4,4,3,2,4,2,8,8,5,2
0,616,4,0,4,0,10,10,4,4,3,1,4,2,8,7,5,2
0,616,4,0,4,0,10,9,4,4,3,1,4,1,8,6,5,2
0,616,4,0,4,0,9,9,4,4,3,1,3,1,8,6,5,2
0,616,4,0,4,0,9,9,4,4,3,1,3,1,8,6,0,2
0,616,4,0,4,0,9,9,4,4,3,1,3,1,8,6,0,1
0,616,4,0,4,0,9,9,4,4,3,1,3,1,8,6,0,1
0,616,4,0,4,0,9,9,4,4,3,1,3,1,8,6,0,1
0,616,4,0,4,0,9,9,4,4,3,1,3,1,8,6,0,1
0,616,4,0,4,0,9,8,4,4,3,1,3,1,8,6,0,0
0,616,4,0,4,0,9,8,4,4,3,1,3,1,7,6,0,0
1,617,4,0,4,0,9,8,4,4,3,1,3,1,4,6,0,0
1,617,4,0,4,0,9,8,4,4,3,1,3,1,4,6,0,0
1,617,4,0,4,0,9,8,4,4,3,1,3,1,4,6,0,0
1,617,4,0,4,0,9,8,4,4,3,1,3,1,4,6,0,0
1,617,4,0,4,0,9,8,4,4,3,1,3,1,4,6,0,0
1,617,4,0,4,0,9,8,4,4,3,1,3,1,4,6,0,0
1,617,4,0,4,0,9,8,4,4,3,1,3,1,4,6,8,0
1,617,4,0,4,0,10,9,4,3,3,3,4,1,5,5,8,1
1,617,4,0,4,0,10,10,4,4,3,3,4,1,5,5,8,1
1,617,4,0,4,0,10,10,4,4,3,3,4,1,5,5,9,2
1,617,4,0,4,0,10,10,4,4,3,3,4,1,5,5,9,2
1,617,4,0,4,0,10,10,4,4,3,3,4,1,5,5,9,2
1,617,4,0,4,0,10,10,4,4,3,3,4,1,5,5,9,2
1,617,4,0,4,0,10,10,4,4,3,3,4,1,5,5,5,2
1,617,4,0,4,0,10,9,4,4,3,3,4,1,5,5,5,2
1,617,4,0,4,0,10,9,4,4,3,3,4,1,4,5,5,1
1,617,4,0,4,0,9,8,4,4,3,3,3,1,4,5,5,0
1,617,4,0,4,0,9,8,4,4,3,3,3,1,4,5,0,0
1,617,4,0,4,0,9,8,4,4,3,3,3,1,4,5,0,0
1,617,4,0,4,0,9,8,4,4,3,3,3,1,4,5,0,0
1,617,4,0,4,0,9,8,4,4,3,3,3,1,4,5,0,0
1,617,4,0,4,0,9,7,4,3,3,3,3,1,4,5,0,0
1,617,4,0,4,0,9,7,4,3,3,3,3,1,4,5,0,0
1,617,4,0,4,0,9,7,4,3,3,3,3,1,4,5,0,0
2,618,4,0,4,0,9,7,4,3,3,3,3,1,7,5,0,0
2,618,4,0,4,0,9,7,4,3,3,3,3,1,7,5,0,0
2,618,4,0,4,0,9,7,4,3,3,3,3,1,7,5,0,0
2,618,4,0,4,0,9,7,4,3,3,3,3,1,7,5,0,0
2,618,4,0,4,0,9,7,4,3,3,3,3,1,7,5,0,0
2,618,4,0,4,0,9,7,4,3,3,3,3,1,7,5,0,0
2,618,4,0,4,0,9,7,4,3,3,3,3,1,10,5,8,0
2,618,4,0,4,0,10,9,4,3,3,3,4,1,10,9,8,1
2,618,4,0,4,0,10,10,4,4,3,2,4,1,10,10,8,1
2,618,4,0,4,0,10,10,4,3,3,2,4,1,10,10,9,1
2,618,4,0,4,0,10,10,4,4,3,2,4,1,10,10,9,1
2,618,4,0,4,0,10,9,4,4,3,2,4,1,10,10,9,1
2,618,4,0,4,0,10,9,4,4,3,2,4,1,10,10,9,1
2,618,4,0,4,0,10,9,4,4,3,2,4,1,10,10,5,1
2,618,4,0,4,0,10,9,4,4,3,2,4,1,10,10,5,1
2,618,4,0,4,0,10,9,4,4,3,2,4,1,8,10,5,1
2,618,4,0,4,0,9,9,4,4,3,2,3,1,8,10,5,1
2,618,4,0,4,0,9,9,4,4,3,2,3,1,8,10,0,1
2,618,4,0,4,0,9,8,4,4,3,2,3,1,8,10,0,1
2,618,4,0,4,0,9,8,4,4,3,2,3,1,8,10,0,1
2,618,4,0,4,0,9,8,4,4,3,2,3,1,8,9,0,1
2,618,4,0,4,0,9,8,4,4,3,2,3,1,8,9,0,1
2,618,4,0,4,0,9,8,4,4,3,2,3,1,8,9,0,0
2,618,4,0,4,0,9,8,4,4,3,2,3,1,7,9,0,0
3,619,4,0,4,0,9,8,4,4,3,2,3,1,7,9,0,0
3,619,4,0,4,0,9,8,4,4,3,2,3,1,7,9,0,0
3,619,4,0,4,0,9,8,4,4,3,2,3,1,7,9,0,0
3,619,4,0,4,0,9,8,4,4,3,2,3,1,7,9,0,0
3,619,4,0,4,0,9,8,4,4,3,2,3,1,7,9,0,0
3,619,4,0,4,0,9,8,4,4,3,2,3,1,7,9,0,0
3,619,4,0,4,0,9,8,4,4,3,2,3,1,8,9,8,0
3,619,4,0,4,0,10,9,4,3,3,2,4,2,8,8,8,0
3,619,4,0,4,0,10,10,4,3,3,2,4,2,8,8,8,0
3,619,4,0,4,0,10,10,4,3,3,2,4,2,8,8,9,0
3,619,4,0,4,0,10,10,4,3,3,2,4,2,8,8,9,0
3,619,4,0,4,0,10,10,4,3,3,2,4,2,8,8,9,0
3,619,4,0,4,0,10,10,4,3,3,2,4,2,8,8,9,0
3,619,4,0,4,0,10,10,4,3,3,2,4,2,8,8,5,0
3,619,4,0,4,0,10,10,4,3,3,2,4,2,8,8,5,0
3,619,4,0,4,0,10,10,4,2,3,2,4,2,8,8,5,0
3,619,4,0,4,0,9,10,4,2,3,2,3,2,8,8,5,0
3,619,4,0,4,0,9,10,4,2,3,2,3,2,8,8,0,0
3,619,4,0,4,0,9,10,4,2,3,2,3,2,8,8,0,0
3,619,4,0,4,0,9,10,4,2,3,2,3,1,8,8,0,0
3,619,4,0,4,0,9,9,4,2,3,2,3,1,8,7,0,0
3,619,4,0,4,0,9,9,4,2,3,2,3,1,8,7,0,0
3,619,4,0,4,0,9,9,4,2,3,2,3,1,8,7,0,0
3,619,4,0,4,0,9,9,4,2,3,2,3,1,7,7,0,0
4,620,4,0,4,0,9,9,4,2,3,2,3,1,7,7,0,0
4,620,4,0,4,0,9,9,4,2,3,2,3,1,7,7,0,0
4,620,4,0,4,0,9,9,4,2,3,2,3,1,7,7,0,0
4,620,4,0,4,0,9,9,4,2,3,2,3,1,7,7,0,0
4,620,4,0,4,0,9,9,4,2,3,2,3,1,7,7,0,0
4,620,4,0,4,0,9,9,4,2,3,2,3,1,7,7,0,0
4,620,4,0,4,0,9,9,4,2,3,2,3,1,8,7,8,0
4,620,4,0,4,0,10,9,4,2,3,3,4,2,8,8,8,1
4,620,4,0,4,0,10,10,4,4,3,3,4,2,8,8,8,1
4,620,4,0,4,0,10,10,4,4,3,3,4,2,8,8,9,1
4,620,4,0,4,0,10,10,4,4,3,3,4,2,8,8,9,1
4,620,4,0,4,0,10,10,4,4,3,2,4,2,8,8,9,1
4,620,4,0,4,0,10,10,4,4,3,3,4,2,8,8,9,1
4,620,4,0,4,0,10,10,4,4,3,3,4,2,8,8,5,1
4,620,4,0,4,0,10,10,4,4,3,3,4,2,8,8,5,1
4,620,4,0,4,0,10,10,4,4,3,3,4,2,8,8,5,1
4,620,4,0,4,0,9,10,4,4,3,3,3,2,8,8,5,1
4,620,4,0,4,0,9,10,4,4,3,3,3,2,8,8,0,1
4,620,4,0,4,0,9,10,4,3,3,3,3,2,8,8,0,1
4,620,4,0,4,0,9,10,4,3,3,3,3,2,8,8,0,1
4,620,4,0,4,0,9,10,4,3,3,3,3,2,8,8,0,0
4,620,4,0,4,0,9,10,4,3,3,3,3,2,8,8,0,0
4,620,4,0,4,0,9,10,4,2,3,2,3,2,8,8,0,0
4,620,4,0,4,0,9,10,4,2,3,2,3,2,7,8,0,0
5,621,4,0,3,0,8,10,3,2,2,2,2,2,7,8,0,0
5,621,4,0,3,0,8,10,3,2,2,2,2,2,7,8,0,0
5,621,4,0,3,0,8,10,3,2,2,2,2,2,7,8,0,0
5,621,4,0,3,0,8,10,3,2,2,2,2,2,7,8,0,0
5,621,4,0,3,0,8,10,3,2,2,2,2,2,7,8,0,0
5,621,4,0,3,0,8,10,3,2,2,2,2,2,7,8,0,0
5,621,4,0,3,0,8,10,3,2,2,2,3,2,10,8,0,0
5,621,4,0,3,0,8,8,3,2,2,1,3,2,10,7,0,0
5,621,4,0,3,0,8,8,3,2,2,1,3,2,10,7,0,0
5,621,4,0,3,0,8,7,3,2,2,1,3,2,10,6,0,0
5,621,4,0,3,0,8,7,3,2,2,1,3,2,10,6,0,0
5,621,4,0,3,0,8,7,3,2,2,1,3,2,10,5,0,0
5,621,4,0,3,0,8,7,3,1,2,1,3,2,10,5,0,0
5,621,4,0,3,0,8,7,3,1,2,1,3,2,10,5,0,0
5,621,4,0,3,0,8,7,3,1,2,1,3,2,10,5,0,0
5,621,4,0,3,0,8,7,3,1,2,1,2,2,8,5,0,0
5,621,4,0,3,0,8,7,3,1,2,1,2,2,8,5,0,0
5,621,4,0,3,0,8,7,3,1,2,1,2,2,8,5,0,0
5,621,4,0,3,0,8,7,3,1,2,1,2,2,8,5,0,0
5,621,4,0,3,0,8,7,3,1,2,1,2,2,8,5,0,0
5,621,4,0,3,0,8,7,3,1,2,1,2,2,8,5,0,0
5,621,4,0,3,0,8,7,3,1,2,1,2,2,8,5,0,0
5,621,4,0,3,0,8,7,3,1,2,1,2,2,8,5,0,0
5,621,4,0,3,0,8,7,3,1,2,1,2,2,7,5,0,0
6,622,4,0,3,0,8,7,3,1,2,1,2,2,4,5,0,0
6,622,4,0,3,0,8,7,3,1,2,1,2,2,4,5,0,0
6,622,4,0,3,0,8,7,3,1,2,1,2,2,4,5,0,0
6,622,4,0,3,0,8,7,3,1,2,1,2,2,4,5,0,0
6,622,4,0,3,0,8,7,3,1,2,1,2,2,4,5,0,0
6,622,4,0,3,0,8,7,3,1,2,1,2,2,4,5,0,0
6,622,4,0,3,0,8,7,3,1,2,1,3,2,4,5,0,0
6,622,4,0,3,0,8,7,3,1,2,1,3,2,5,5,0,0
6,622,4,0,3,0,8,7,3,1,2,1,3,2,5,5,0,0
6,622,4,0,3,0,8,7,3,1,2,1,3,2,5,5,0,0
6,622,4,0,3,0,8,7,3,1,2,1,3,2,5,5,0,0
6,622,4,0,3,0,8,7,3,1,2,1,3,2,5,5,0,0
6,622,4,0,3,0,8,7,3,1,2,1,3,2,5,5,0,0
6,622,4,0,3,0,8,7,3,1,2,1,3,2,5,5,0,0
6,622,4,0,3,0,8,7,3,1,2,1,3,2,5,5,0,0
6,622,4,0,3,0,8,7,3,1,2,1,2,2,4,5,0,0
6,622,4,0,3,0,8,7,3,1,2,1,2,2,4,5,0,0
6,622,4,0,3,0,8,7,3,1,2,1,2,2,4,5,0,0
6,622,4,0,3,0,8,7,3,1,2,1,2,2,4,5,0,0
6,622,4,0,3,0,8,7,3,1,2,0,2,2,4,5,0,0
6,622,4,0,3,0,8,7,3,1,2,0,2,2,4,5,0,0
6,622,4,0,3,0,8,7,3,1,2,0,2,2,4,5,0,0
6,622,4,0,3,0,8,7,3,1,2,0,2,2,4,5,0,0
6,622,4,0,3,0,8,7,3,1,2,0,2,2,4,5,0,0
7,623,4,0,4,0,9,7,4,1,3,0,3,2,7,5,0,0
7,623,4,0,4,0,9,7,4,1,3,0,3,2,7,5,0,0
7,623,4,0,4,0,9,7,4,1,3,0,3,2,7,5,0,0
7,623,4,0,4,0,9,7,4,1,3,0,3,2,7,5,0,0
7,623,4,0,4,0,9,7,4,1,3,0,3,2,7,5,0,0
7,623,4,0,4,0,9,7,4,1,3,0,3,2,7,5,0,0
7,623,4,0,4,0,9,7,4,1,3,0,3,2,8,5,8,0
7,623,4,0,4,0,10,9,4,3,3,1,4,3,8,6,8,1
7,623,4,0,4,0,10,9,4,3,3,2,4,3,8,7,8,1
7,623,4,0,4,0,10,9,4,4,3,3,4,3,8,8,9,1
7,623,4,0,4,0,10,10,4,4,3,3,4,3,8,8,9,1
7,623,4,0,4,0,10,10,4,4,3,3,4,3,8,8,9,1
7,623,4,0,4,0,10,10,4,4,3,3,4,3,8,8,9,1
7,623,4,0,4,0,10,9,4,3,3,3,4,3,8,8,5,1
7,623,4,0,4,0,10,9,4,4,3,2,4,3,8,8,5,1
7,623,4,0,4,0,10,9,4,4,3,2,4,3,8,8,5,1
7,623,4,0,4,0,9,9,4,4,3,2,3,3,8,8,5,1
7,623,4,0,4,0,9,9,4,4,3,2,3,3,8,8,0,1
7,623,4,0,4,0,9,9,4,4,3,2,3,3,8,8,0,1
7,623,4,0,4,0,9,9,4,4,3,2,3,3,8,8,0,0
7,623,4,0,4,0,9,9,4,4,3,2,3,3,8,8,0,0
7,623,4,0,4,0,9,9,4,4,3,2,3,3,8,7,0,0
7,623,4,0,4,0,9,9,4,4,3,2,3,3,8,7,0,0
7,623,4,0,4,0,9,9,4,4,3,2,3,3,7,7,0,0
8,624,4,0,4,0,9,9,4,4,3,2,3,3,4,7,0,0
8,624,4,0,4,0,9,9,4,4,3,2,3,3,4,7,0,0
8,624,4,0,4,0,9,9,4,4,3,2,3,3,4,7,0,0
8,624,4,0,4,0,9,9,4,4,3,2,3,3,4,7,0,0
8,624,4,0,4,0,9,9,4,4,3,2,3,3,4,7,0,0
8,624,4,0,4,0,9,9,4,4,3,2,3,3,4,7,0,0
8,624,4,0,4,0,9,9,4,4,3,2,3,3,4,7,8,0
8,624,4,0,4,0,10,9,4,4,3,2,4,4,5,6,8,2
8,624,4,0,4,0,10,9,4,4,3,3,4,4,5,6,8,3
8,624,4,0,4,0,10,10,4,4,3,3,4,4,5,6,9,3
8,624,4,0,4,0,10,10,4,4,3,3,4,4,5,6,9,3
8,624,4,0,4,0,10,9,4,4,3,2,4,4,5,5,9,3
8,624,4,0,4,0,10,10,4,4,3,3,4,4,5,5,9,3
8,624,4,0,4,0,10,10,4,4,3,2,4,4,5,5,5,3
8,624,4,0,4,0,10,10,4,4,3,2,4,4,5,6,5,3
8,624,4,0,4,0,10,10,4,4,3,2,4,4,4,6,5,3
8,624,4,0,4,0,9,9,4,4,3,2,3,4,4,6,5,3
8,624,4,0,4,0,9,9,4,4,3,2,3,4,4,6,0,3
8,624,4,0,4,0,9,9,4,4,3,2,3,4,4,5,0,2
8,624,4,0,4,0,9,9,4,4,3,2,3,4,4,5,0,1
8,624,4,0,4,0,9,9,4,4,3,2,3,4,4,5,0,1
8,624,4,0,4,0,9,9,4,4,3,2,3,4,4,5,0,1
8,624,4,0,4,0,9,9,4,4,3,2,3,4,4,5,0,1
8,624,4,0,4,0,9,9,4,4,3,2,3,4,4,5,0,1
9,625,4,0,4,0,9,9,4,4,3,2,3,4,7,5,0,1
9,625,4,0,4,0,9,9,4,4,3,2,3,4,7,5,0,1
9,625,4,0,4,0,9,9,4,4,3,2,3,4,7,5,0,1
9,625,4,0,4,0,9,9,4,4,3,2,3,4,7,5,0,1
9,625,4,0,4,0,9,9,4,4,3,2,3,4,7,5,0,1
9,625,4,0,4,0,9,9,4,4,3,2,3,4,7,5,0,1
9,625,4,0,4,0,9,9,4,4,3,2,3,4,10,5,8,1
9,625,4,0,4,0,10,9,4,3,3,3,4,4,10,10,8,1
9,625,4,0,4,0,10,10,4,3,3,3,4,4,10,10,8,2
9,625,4,0,4,0,10,10,4,4,3,3,4,4,10,10,9,2
9,625,4,0,4,0,10,10,4,4,3,3,4,4,10,11,9,3
9,625,4,0,4,0,10,10,4,4,3,3,4,4,10,10,9,3
9,625,4,0,4,0,10,10,4,4,3,3,4,4,10,10,9,3
9,625,4,0,4,0,10,9,4,4,3,3,4,4,10,10,5,3
9,625,4,0,4,0,10,8,4,4,3,3,4,4,10,10,5,2
9,625,4,0,4,0,10,9,4,4,3,3,4,4,8,10,5,2
9,625,4,0,4,0,9,9,4,4,3,3,3,4,8,10,5,2
9,625,4,0,4,0,9,9,4,4,3,3,3,4,8,10,0,1
9,625,4,0,4,0,9,8,4,4,3,3,3,4,8,8,0,0
9,625,4,0,4,0,9,8,4,4,3,3,3,4,8,8,0,0
9,625,4,0,4,0,9,8,4,4,3,3,3,4,8,7,0,0
9,625,4,0,4,0,9,8,4,4,3,3,3,3,8,7,0,0
9,625,4,0,4,0,9,8,4,4,3,3,3,3,8,7,0,0
9,625,4,0,4,0,9,8,4,4,3,3,3,3,7,7,0,0
10,626,4,0,4,0,9,8,4,4,3,3,3,3,7,7,0,0
10,626,4,0,4,0,9,8,4,4,3,3,3,3,7,7,0,0
10,626,4,0,4,0,9,8,4,4,3,3,3,3,7,7,0,0
10,626,4,0,4,0,9,8,4,4,3,3,3,3,7,7,0,0
10,626,4,0,4,0,9,8,4,4,3,3,3,3,7,7,0,0
10,626,4,0,4,0,9,8,4,4,3,3,3,3,7,7,0,0
10,626,4,0,4,0,9,8,4,4,3,3,3,3,8,7,8,0
10,626,4,0,4,0,10,8,4,4,3,3,4,3,8,8,8,0
10,626,4,0,4,0,10,9,4,4,3,3,4,3,8,8,8,0
10,626,4,0,4,0,10,10,4,4,3,3,4,3,8,8,9,0
10,626,4,0,4,0,10,10,4,4,3,3,4,3,8,8,9,0
10,626,4,0,4,0,10,10,4,4,3,3,4,3,8,8,9,0
10,626,4,0,4,0,10,10,4,4,3,3,4,3,8,7,9,0
10,626,4,0,4,0,10,10,4,4,3,3,4,3,8,7,5,0
10,626,4,0,4,0,10,9,4,4,3,3,4,3,8,7,5,0
10,626,4,0,4,0,10,9,4,4,3,3,4,3,8,7,5,0
10,626,4,0,4,0,9,9,4,4,3,3,3,3,8,7,5,0
10,626,4,0,4,0,9,9,4,4,3,3,3,3,8,7,0,0
10,626,4,0,4,0,9,9,4,4,3,3,3,3,8,7,0,0
10,626,4,0,4,0,9,9,4,3,3,3,3,3,8,7,0,0
10,626,4,0,4,0,9,9,4,2,3,2,3,3,8,7,0,0
10,626,4,0,4,0,9,9,4,2,3,2,3,3,8,7,0,0
10,626,4,0,4,0,9,9,4,2,3,2,3,3,8,7,0,0
10,626,4,0,4,0,9,9,4,2,3,2,3,3,7,7,0,0
11,627,4,0,4,0,9,9,4,2,3,2,3,3,7,7,0,0
11,627,4,0,4,0,9,9,4,2,3,2,3,3,7,7,0,0
11,627,4,0,4,0,9,9,4,2,3,2,3,3,7,7,0,0
11,627,4,0,4,0,9,9,4,2,3,2,3,3,7,7,0,0
11,627,4,0,4,0,9,9,4,2,3,2,3,3,7,7,0,0
11,627,4,0,4,0,9,9,4,2,3,2,3,3,7,7,0,0
11,627,4,0,4,0,9,9,4,2,3,2,3,3,8,7,8,0
11,627,4,0,4,0,10,8,4,2,3,3,4,4,8,8,8,0
11,627,4,0,4,0,10,9,4,3,3,3,4,4,8,8,8,1
11,627,4,0,4,0,10,10,4,4,3,3,4,4,8,8,9,1
11,627,4,0,4,0,10,10,4,4,3,3,4,4,8,8,9,1
11,627,4,0,4,0,10,10,4,4,3,3,4,4,8,8,9,1
11,627,4,0,4,0,10,10,4,4,3,3,4,4,8,8,9,1
11,627,4,0,4,0,10,9,4,4,3,3,4,4,8,8,5,1
11,627,4,0,4,0,10,10,4,3,3,3,4,4,8,8,5,1
11,627,4,0,4,0,10,9,4,2,3,3,4,4,8,8,5,1
11,627,4,0,4,0,9,9,4,1,3,3,3,4,8,8,5,1
11,627,4,0,4,0,9,8,4,1,3,3,3,4,8,8,0,0
11,627,4,0,4,0,9,8,4,1,3,3,3,4,8,8,0,0
11,627,4,0,4,0,9,8,4,1,3,3,3,4,8,8,0,0
11,627,4,0,4,0,9,8,4,1,3,3,3,4,8,7,0,0
11,627,4,0,4,0,9,7,4,1,3,3,3,4,8,6,0,0
11,627,4,0,4,0,9,7,4,1,3,3,3,4,8,6,0,0
11,627,4,0,4,0,9,7,4,1,3,3,3,4,7,6,0,0
12,628,4,0,3,0,8,7,3,1,2,3,2,4,7,6,0,0
12,628,4,0,3,0,8,7,3,1,2,3,2,4,7,6,0,0
12,628,4,0,3,0,8,7,3,1,2,3,2,4,7,6,0,0
12,628,4,0,3,0,8,7,3,1,2,3,2,4,7,6,0,0
12,628,4,0,3,0,8,7,3,1,2,3,2,4,7,6,0,0
12,628,4,0,3,0,8,7,3,1,2,3,2,4,7,6,0,0
12,628,4,0,3,0,8,7,3,1,2,3,3,4,10,6,0,0
12,628,4,0,3,0,8,5,3,1,2,2,3,4,10,4,0,0
12,628,4,0,3,0,8,5,3,1,2,2,3,4,10,4,0,0
12,628,4,0,3,0,8,5,3,1,2,2,3,3,10,4,0,0
12,628,4,0,3,0,8,5,3,1,2,2,3,3,10,4,0,0
12,628,4,0,3,0,8,4,3,1,2,2,3,3,10,3,0,0
12,628,4,0,3,0,8,4,3,1,2,2,3,3,10,3,0,0
12,628,4,0,3,0,8,4,3,1,2,2,3,3,10,3,0,0
12,628,4,0,3,0,8,4,3,1,2,2,3,3,10,3,0,0
12,628,4,0,3,0,8,4,3,1,2,2,2,3,8,3,0,0
12,628,4,0,3,0,8,4,3,1,2,2,2,3,8,3,0,0
12,628,4,0,3,0,8,4,3,1,2,2,2,3,8,3,0,0
12,628,4,0,3,0,8,4,3,1,2,2,2,3,8,3,0,0
12,628,4,0,3,0,8,4,3,1,2,2,2,3,8,3,0,0
12,628,4,0,3,0,8,4,3,1,2,2,2,3,8,3,0,0
12,628,4,0,3,0,8,4,3,1,2,2,2,3,8,3,0,0
12,628,4,0,3,0,8,4,3,1,2,2,2,3,8,3,0,0
12,628,4,0,3,0,8,4,3,1,2,2,2,3,7,3,0,0
13,629,4,0,3,0,8,4,3,1,2,2,2,3,4,3,0,0
13,629,4,0,3,0,8,4,3,1,2,2,2,3,4,3,0,0
13,629,4,0,3,0,8,4,3,1,2,2,2,3,4,3,0,0
13,629,4,0,3,0,8,4,3,1,2,2,2,3,4,3,0,0
13,629,4,0,3,0,8,4,3,1,2,2,2,3,4,3,0,0
13,629,4,0,3,0,8,4,3,1,2,2,2,3,4,3,0,0
13,629,4,0,3,0,8,4,3,1,2,2,3,3,4,3,0,0
13,629,4,0,3,0,8,4,3,1,2,2,3,3,5,3,0,0
13,629,4,0,3,0,8,4,3,1,2,2,3,3,5,3,0,0
13,629,4,0,3,0,8,4,3,1,2,2,3,2,5,3,0,0
13,629,4,0,3,0,8,4,3,1,2,2,3,2,5,3,0,0
13,629,4,0,3,0,8,4,3,1,2,2,3,2,5,3,0,0
13,629,4,0,3,0,8,4,3,1,2,2,3,2,5,3,0,0
13,629,4,0,3,0,8,4,3,1,2,2,3,2,5,3,0,0
13,629,4,0,3,0,8,4,3,1,2,2,3,2,5,3,0,0
13,629,4,0,3,0,8,4,3,1,2,2,2,2,4,3,0,0
13,629,4,0,3,0,8,4,3,1,2,2,2,2,4,3,0,0
13,629,4,0,3,0,8,4,3,1,2,2,2,2,4,3,0,0
13,629,4,0,3,0,8,4,3,1,2,2,2,1,4,3,0,0
13,629,4,0,3,0,8,4,3,1,2,2,2,1,4,3,0,0
13,629,4,0,3,0,8,4,3,1,2,2,2,1,4,3,0,0
13,629,4,0,3,0,8,4,3,1,2,2,2,1,4,3,0,0
13,629,4,0,3,0,8,4,3,1,2,2,2,1,4,3,0,0
13,629,4,0,3,0,8,4,3,1,2,2,2,1,4,3,0,0
14,630,4,0,4,0,9,4,4,1,3,2,3,1,7,3,0,0
14,630,4,0,4,0,9,4,4,1,3,2,3,1,7,3,0,0
14,630,4,0,4,0,9,4,4,1,3,2,3,1,7,3,0,0
14,630,4,0,4,0,9,4,4,1,3,2,3,1,7,3,0,0
14,630,4,0,4,0,9,4,4,1,3,2,3,1,7,3,0,0
14,630,4,0,4,0,9,4,4,1,3,2,3,1,7,3,0,0
14,630,4,0,4,0,9,4,4,1,3,2,3,1,8,3,8,0
14,630,4,0,4,0,10,7,4,3,3,2,4,2,8,4,8,2
14,630,4,0,4,0,10,8,4,3,3,2,4,2,8,4,8,2
14,630,4,0,4,0,10,9,4,4,3,2,4,2,8,7,9,2
14,630,4,0,4,0,10,8,4,4,3,1,4,2,8,7,9,2
14,630,4,0,4,0,10,8,4,4,3,1,4,1,8,8,9,2
14,630,4,0,4,0,10,8,4,4,3,1,4,1,8,8,9,2
14,630,4,0,4,0,10,7,4,3,3,1,4,1,8,6,5,2
14,630,4,0,4,0,10,7,4,3,3,1,4,1,8,6,5,2
14,630,4,0,4,0,10,7,4,3,3,1,4,1,8,5,5,2
14,630,4,0,4,0,9,7,4,3,3,1,3,1,8,5,5,1
14,630,4,0,4,0,9,7,4,3,3,1,3,1,8,5,0,1
14,630,4,0,4,0,9,7,4,3,3,1,3,1,8,5,0,1
14,630,4,0,4,0,9,7,4,3,3,1,3,1,8,5,0,1
14,630,4,0,4,0,9,7,4,3,3,1,3,1,8,5,0,1
14,630,4,0,4,0,9,7,4,3,3,1,3,1,8,5,0,1
14,630,4,0,4,0,9,7,4,3,3,1,3,1,8,5,0,0
14,630,4,0,4,0,9,7,4,3,3,1,3,1,7,5,0,0
15,631,4,0,4,0,9,7,4,3,3,1,3,1,4,5,0,0
15,631,4,0,4,0,9,7,4,3,3,1,3,1,4,5,0,0
15,631,4,0,4,0,9,7,4,3,3,1,3,1,4,5,0,0
15,631,4,0,4,0,9,7,4,3,3,1,3,1,4,5,0,0
15,631,4,0,4,0,9,7,4,3,3,1,3,1,4,5,0,0
15,631,4,0,4,0,9,7,4,3,3,1,3,1,4,5,0,0
15,631,4,0,4,0,9,7,4,3,3,1,3,1,4,5,8,0
15,631,4,0,4,0,10,9,4,3,3,3,4,2,5,5,8,2
15,631,4,0,4,0,10,10,4,4,3,3,4,2,5,5,8,3
15,631,4,0,4,0,10,10,4,3,3,3,4,2,5,5,9,4
15,631,4,0,4,0,10,10,4,4,3,3,4,2,5,6,9,4
15,631,4,0,4,0,10,10,4,4,3,3,4,2,5,5,9,3
15,631,4,0,4,0,10,10,4,4,3,3,4,2,5,5,9,3
15,631,4,0,4,0,10,10,4,4,3,3,4,2,5,5,5,3
15,631,4,0,4,0,10,9,4,4,3,3,4,2,5,5,5,3
15,631,4,0,4,0,10,9,4,3,3,3,4,2,4,5,5,2
15,631,4,0,4,0,9,8,4,3,3,3,3,2,4,5,5,2
15,631,4,0,4,0,9,8,4,3,3,3,3,2,4,5,0,2
15,631,4,0,4,0,9,8,4,3,3,3,3,2,4,5,0,2
15,631,4,0,4,0,9,8,4,3,3,3,3,2,4,5,0,1
15,631,4,0,4,0,9,8,4,3,3,3,3,2,4,5,0,1
15,631,4,0,4,0,9,8,4,3,3,3,3,2,4,5,0,1
15,631,4,0,4,0,9,8,4,3,3,3,3,2,4,4,0,1
15,631,4,0,4,0,9,8,4,3,3,3,3,2,4,4,0,1
16,632,4,0,4,0,9,8,4,3,3,3,3,2,7,4,0,1
16,632,4,0,4,0,9,8,4,3,3,3,3,2,7,4,0,1
16,632,4,0,4,0,9,8,4,3,3,3,3,2,7,4,0,1
16,632,4,0,4,0,9,8,4,3,3,3,3,2,7,4,0,1
16,632,4,0,4,0,9,8,4,3,3,3,3,2,7,4,0,1
16,632,4,0,4,0,9,8,4,3,3,3,3,2,7,4,0,1
16,632,4,0,4,0,9,8,4,3,3,3,3,2,10,4,8,1
16,632,4,0,4,0,10,9,4,3,3,2,4,3,10,8,8,1
16,632,4,0,4,0,10,10,4,3,3,2,4,3,10,10,8,1
16,632,4,0,4,0,10,10,4,4,3,2,4,3,10,10,9,2
16,632,4,0,4,0,10,10,4,4,3,2,4,3,10,11,9,2
16,632,4,0,4,0,10,10,4,4,3,3,4,3,10,11,9,2
16,632,4,0,4,0,10,10,4,4,3,3,4,3,10,11,9,2
16,632,4,0,4,0,10,10,4,4,3,3,4,3,10,11,5,2
16,632,4,0,4,0,10,10,4,3,3,2,4,3,10,11,5,2
16,632,4,0,4,0,10,10,4,3,3,2,4,3,8,10,5,1
16,632,4,0,4,0,9,10,4,3,3,2,3,3,8,10,5,1
16,632,4,0,4,0,9,9,4,3,3,2,3,3,8,10,0,1
16,632,4,0,4,0,9,9,4,3,3,2,3,3,8,10,0,1
16,632,4,0,4,0,9,9,4,3,3,2,3,3,8,10,0,1
16,632,4,0,4,0,9,9,4,3,3,2,3,3,8,10,0,1
16,632,4,0,4,0,9,9,4,2,3,2,3,3,8,9,0,1
16,632,4,0,4,0,9,9,4,2,3,2,3,3,8,8,0,1
16,632,4,0,4,0,9,9,4,2,3,2,3,3,7,8,0,1
17,633,4,0,4,0,9,9,4,2,3,2,3,3,7,8,0,1
17,633,4,0,4,0,9,9,4,2,3,2,3,3,7,8,0,1
17,633,4,0,4,0,9,9,4,2,3,2,3,3,7,8,0,1
17,633,4,0,4,0,9,9,4,2,3,2,3,3,7,8,0,1
17,633,4,0,4,0,9,9,4,2,3,2,3,3,7,8,0,1
17,633,4,0,4,0,9,9,4,2,3,2,3,3,7,8,0,1
17,633,4,0,4,0,9,9,4,2,3,2,3,3,8,8,8,1
17,633,4,0,4,0,10,7,4,3,3,2,4,4,8,8,8,1
17,633,4,0,4,0,10,9,4,3,3,2,4,4,8,8,8,1
17,633,4,0,4,0,10,10,4,3,3,2,4,4,8,8,9,1
17,633,4,0,4,0,10,10,4,3,3,1,4,4,8,8,9,1
17,633,4,0,4,0,10,10,4,3,3,1,4,4,8,8,9,1
17,633,4,0,4,0,10,9,4,3,3,1,4,4,8,8,9,1
17,633,4,0,4,0,10,9,4,3,3,1,4,4,8,8,5,1
17,633,4,0,4,0,10,9,4,3,3,1,4,4,8,8,5,1
17,633,4,0,4,0,10,9,4,3,3,1,4,4,8,8,5,1
17,633,4,0,4,0,9,9,4,3,3,1,3,4,8,8,5,1
17,633,4,0,4,0,9,9,4,3,3,1,3,4,8,8,0,1
17,633,4,0,4,0,9,9,4,3,3,1,3,4,8,7,0,0
17,633,4,0,4,0,9,9,4,3,3,1,3,3,8,7,0,0
17,633,4,0,4,0,9,9,4,3,3,1,3,3,8,7,0,0
17,633,4,0,4,0,9,8,4,3,3,1,3,3,8,6,0,0
17,633,4,0,4,0,9,8,4,3,3,1,3,3,8,5,0,0
17,633,4,0,4,0,9,8,4,3,3,1,3,3,7,5,0,0
18,634,4,0,4,0,9,8,4,3,3,1,3,3,7,5,0,0
18,634,4,0,4,0,9,8,4,3,3,1,3,3,7,5,0,0
18,634,4,0,4,0,9,8,4,3,3,1,3,3,7,5,0,0
18,634,4,0,4,0,9,8,4,3,3,1,3,3,7,5,0,0
18,634,4,0,4,0,9,8,4,3,3,1,3,3,7,5,0,0
18,634,4,0,4,0,9,8,4,3,3,1,3,3,7,5,0,0
18,634,4,0,4,0,9,8,4,3,3,1,3,3,8,5,8,0
18,634,4,0,4,0,10,7,4,3,3,2,4,4,8,8,8,1
18,634,4,0,4,0,10,10,4,4,3,3,4,4,8,8,8,1
18,634,4,0,4,0,10,10,4,3,3,3,4,4,8,8,9,2
18,634,4,0,4,0,10,10,4,4,3,3,4,4,8,8,9,2
18,634,4,0,4,0,10,10,4,4,3,3,4,4,8,8,9,2
18,634,4,0,4,0,10,10,4,4,3,3,4,4,8,8,9,2
18,634,4,0,4,0,10,10,4,2,3,3,4,4,8,8,5,2
18,634,4,0,4,0,10,10,4,2,3,3,4,4,8,8,5,2
18,634,4,0,4,0,10,10,4,2,3,3,4,4,8,8,5,2
18,634,4,0,4,0,9,9,4,2,3,2,3,4,8,8,5,2
18,634,4,0,4,0,9,8,4,2,3,2,3,4,8,7,0,2
18,634,4,0,4,0,9,6,4,2,3,2,3,4,8,7,0,1
18,634,4,0,4,0,9,6,4,2,3,2,3,4,8,7,0,1
18,634,4,0,4,0,9,6,4,2,3,2,3,4,8,7,0,1
18,634,4,0,4,0,9,6,4,2,3,2,3,4,8,7,0,1
18,634,4,0,4,0,9,6,4,2,3,2,3,4,8,7,0,1
18,634,4,0,4,0,9,6,4,2,3,2,3,4,7,7,0,1
19,635,4,0,3,0,8,6,3,2,2,2,2,4,7,7,0,1
19,635,4,0,3,0,8,6,3,2,2,2,2,4,7,7,0,1
19,635,4,0,3,0,8,6,3,2,2,2,2,4,7,7,0,1
19,635,4,0,3,0,8,6,3,2,2,2,2,4,7,7,0,1
19,635,4,0,3,0,8,6,3,2,2,2,2,4,7,7,0,1
19,635,4,0,3,0,8,6,3,2,2,2,2,4,7,7,0,1
19,635,4,0,3,0,8,6,3,2,2,2,3,4,10,7,0,1
19,635,4,0,3,0,8,6,3,1,2,1,3,3,10,4,0,0
19,635,4,0,3,0,8,6,3,1,2,1,3,3,10,4,0,0
19,635,4,0,3,0,8,6,3,1,2,1,3,3,10,4,0,0
19,635,4,0,3,0,8,6,3,1,2,1,3,3,10,4,0,0
19,635,4,0,3,0,8,5,3,1,2,1,3,3,10,4,0,0
19,635,4,0,3,0,8,5,3,1,2,1,3,3,10,4,0,0
19,635,4,0,3,0,8,5,3,1,2,1,3,3,10,4,0,0
19,635,4,0,3,0,8,5,3,1,2,1,3,3,10,4,0,0
19,635,4,0,3,0,8,5,3,1,2,1,2,3,8,4,0,0
19,635,4,0,3,0,8,5,3,1,2,1,2,3,8,4,0,0
19,635,4,0,3,0,8,5,3,1,2,1,2,3,8,4,0,0
19,635,4,0,3,0,8,5,3,1,2,1,2,3,8,4,0,0
19,635,4,0,3,0,8,5,3,1,2,1,2,3,8,4,0,0
19,635,4,0,3,0,8,5,3,1,2,1,2,3,8,4,0,0
19,635,4,0,3,0,8,5,3,1,2,1,2,3,8,4,0,0
19,635,4,0,3,0,8,5,3,1,2,1,2,3,8,4,0,0
19,635,4,0,3,0,8,5,3,1,2,1,2,3,7,4,0,0
20,636,4,0,3,0,8,5,3,1,2,1,2,3,4,4,0,0
20,636,4,0,3,0,8,5,3,1,2,1,2,3,4,4,0,0
20,636,4,0,3,0,8,5,3,1,2,1,2,3,4,4,0,0
20,636,4,0,3,0,8,5,3,1,2,1,2,3,4,4,0,0
20,636,4,0,3,0,8,5,3,1,2,1,2,3,4,4,0,0
20,636,4,0,3,0,8,5,3,1,2,1,2,3,4,4,0,0
20,636,4,0,3,0,8,5,3,1,2,1,3,3,4,4,0,0
20,636,4,0,3,0,8,5,3,1,2,1,3,3,5,3,0,0
20,636,4,0,3,0,8,5,3,1,2,1,3,3,5,3,0,0
20,636,4,0,3,0,8,5,3,1,2,1,3,3,5,3,0,0
20,636,4,0,3,0,8,5,3,1,2,1,3,3,5,3,0,0
20,636,4,0,3,0,8,5,3,1,2,1,3,3,5,3,0,0
20,636,4,0,3,0,8,5,3,1,2,1,3,3,5,3,0,0
20,636,4,0,3,0,8,5,3,1,2,1,3,3,5,3,0,0
20,636,4,0,3,0,8,5,3,1,2,1,3,2,5,3,0,0
20,636,4,0,3,0,8,5,3,1,2,1,2,2,4,3,0,0
20,636,4,0,3,0,8,5,3,1,2,1,2,2,4,3,0,0
20,636,4,0,3,0,8,5,3,1,2,1,2,2,4,3,0,0
20,636,4,0,3,0,8,5,3,1,2,1,2,2,4,3,0,0
20,636,4,0,3,0,8,5,3,1,2,1,2,2,4,3,0,0
20,636,4,0,3,0,8,5,3,1,2,1,2,1,4,3,0,0
20,636,4,0,3,0,8,5,3,1,2,1,2,1,4,3,0,0
20,636,4,0,3,0,8,5,3,1,2,1,2,1,4,3,0,0
20,636,4,0,3,0,8,5,3,1,2,1,2,1,4,3,0,0
21,637,4,0,4,0,9,5,4,1,3,1,3,1,7,3,0,0
21,637,4,0,4,0,9,5,4,1,3,1,3,1,7,3,0,0
21,637,4,0,4,0,9,5,4,1,3,1,3,1,7,3,0,0
21,637,4,0,4,0,9,5,4,1,3,1,3,1,7,3,0,0
21,637,4,0,4,0,9,5,4,1,3,1,3,1,7,3,0,0
21,637,4,0,4,0,9,5,4,1,3,1,3,1,7,3,0,0
21,637,4,0,4,0,9,5,4,1,3,1,3,1,8,3,8,0
21,637,4,0,4,0,10,8,4,3,3,1,4,2,8,4,8,1
21,637,4,0,4,0,10,9,4,4,3,2,4,2,8,4,8,1
21,637,4,0,4,0,10,10,4,4,3,3,4,2,8,5,9,1
21,637,4,0,4,0,10,10,4,4,3,3,4,2,8,5,9,1
21,637,4,0,4,0,10,10,4,4,3,3,4,2,8,5,9,1
21,637,4,0,4,0,10,10,4,4,3,3,4,2,8,5,9,1
21,637,4,0,4,0,10,9,4,4,3,3,4,2,8,6,5,1
21,637,4,0,4,0,10,8,4,4,3,3,4,1,8,6,5,1
21,637,4,0,4,0,10,8,4,4,3,3,4,1,8,6,5,1
21,637,4,0,4,0,9,7,4,4,3,3,3,1,8,5,5,0
21,637,4,0,4,0,9,7,4,4,3,3,3,1,8,5,0,0
21,637,4,0,4,0,9,7,4,4,3,3,3,1,8,5,0,0
21,637,4,0,4,0,9,7,4,4,3,3,3,1,8,5,0,0
21,637,4,0,4,0,9,7,4,4,3,3,3,1,8,5,0,0
21,637,4,0,4,0,9,7,4,4,3,3,3,1,8,5,0,0
21,637,4,0,4,0,9,7,4,4,3,3,3,1,8,5,0,0
21,637,4,0,4,0,9,7,4,4,3,3,3,1,7,5,0,0
22,638,4,0,4,0,9,7,4,4,3,3,3,1,4,5,0,0
22,638,4,0,4,0,9,7,4,4,3,3,3,1,4,5,0,0
22,638,4,0,4,0,9,7,4,4,3,3,3,1,4,5,0,0
22,638,4,0,4,0,9,7,4,4,3,3,3,1,4,5,0,0
22,638,4,0,4,0,9,7,4,4,3,3,3,1,4,5,0,0
22,638,4,0,4,0,9,7,4,4,3,3,3,1,4,5,0,0
22,638,4,0,4,0,9,7,4,4,3,3,3,1,4,5,8,0
22,638,4,0,4,0,10,10,4,3,3,3,4,2,5,5,8,5
22,638,4,0,4,0,10,10,4,4,3,3,4,2,5,6,8,6
22,638,4,0,4,0,10,10,4,4,3,3,4,2,5,6,9,7
22,638,4,0,4,0,10,10,4,4,3,3,4,2,5,6,9,8
22,638,4,0,4,0,10,10,4,4,3,3,4,2,5,6,9,8
22,638,4,0,4,0,10,9,4,4,3,3,4,2,5,5,9,8
22,638,4,0,4,0,10,10,4,4,3,3,4,2,5,5,5,7
22,638,4,0,4,0,10,9,4,4,3,3,4,2,5,5,5,7
22,638,4,0,4,0,10,8,4,4,3,3,4,2,4,5,5,4
22,638,4,0,4,0,9,8,4,4,3,3,3,2,4,5,5,3
22,638,4,0,4,0,9,7,4,4,3,3,3,2,4,5,0,3
22,638,4,0,4,0,9,7,4,4,3,3,3,2,4,4,0,2
22,638,4,0,4,0,9,7,4,4,3,3,3,2,4,4,0,1
22,638,4,0,4,0,9,7,4,4,3,3,3,2,4,4,0,1
22,638,4,0,4,0,9,7,4,4,3,3,3,2,4,4,0,0
22,638,4,0,4,0,9,7,4,3,3,3,3,2,4,4,0,0
22,638,4,0,4,0,9,7,4,3,3,3,3,2,4,4,0,0
23,639,4,0,4,0,9,7,4,3,3,3,3,2,7,4,0,0
23,639,4,0,4,0,9,7,4,3,3,3,3,2,7,4,0,0
23,639,4,0,4,0,9,7,4,3,3,3,3,2,7,4,0,0
23,639,4,0,4,0,9,7,4,3,3,3,3,2,7,4,0,0
23,639,4,0,4,0,9,7,4,3,3,3,3,2,7,4,0,0
23,639,4,0,4,0,9,7,4,3,3,3,3,2,7,4,0,0
23,639,4,0,4,0,9,7,4,3,3,3,3,2,10,4,8,0
23,639,4,0,4,0,10,9,4,3,3,3,4,3,10,9,8,0
23,639,4,0,4,0,10,10,4,3,3,3,4,3,10,10,8,0
23,639,4,0,4,0,10,10,4,4,3,3,4,3,10,10,9,0
23,639,4,0,4,0,10,10,4,4,3,3,4,3,10,10,9,0
23,639,4,0,4,0,10,10,4,4,3,3,4,3,10,10,9,0
23,639,4,0,4,0,10,10,4,4,3,3,4,3,10,10,9,0
23,639,4,0,4,0,10,10,4,4,3,3,4,3,10,10,5,0
23,639,4,0,4,0,10,10,4,4,3,3,4,3,10,10,5,0
23,639,4,0,4,0,10,9,4,4,3,3,4,3,8,10,5,0
23,639,4,0,4,0,9,8,4,4,3,3,3,3,8,10,5,0
23,639,4,0,4,0,9,8,4,3,3,3,3,3,8,10,0,0
23,639,4,0,4,0,9,8,4,3,3,3,3,3,8,10,0,0
23,639,4,0,4,0,9,8,4,3,3,3,3,3,8,10,0,0
23,639,4,0,4,0,9,8,4,3,3,3,3,3,8,10,0,0
23,639,4,0,4,0,9,8,4,3,3,3,3,3,8,10,0,0
23,639,4,0,4,0,9,7,4,3,3,3,3,3,8,9,0,0
23,639,4,0,4,0,9,7,4,3,3,3,3,3,7,9,0,0
24,640,4,0,4,0,9,7,4,3,3,3,3,3,7,9,0,0
24,640,4,0,4,0,9,7,4,3,3,3,3,3,7,9,0,0
24,640,4,0,4,0,9,7,4,3,3,3,3,3,7,9,0,0
24,640,4,0,4,0,9,7,4,3,3,3,3,3,7,9,0,0
24,640,4,0,4,0,9,7,4,3,3,3,3,3,7,9,0,0
24,640,4,0,4,0,9,7,4,3,3,3,3,3,7,9,0,0
24,640,4,0,4,0,9,7,4,3,3,3,3,3,8,9,8,0
24,640,4,0,4,0,10,10,4,4,3,3,4,4,8,8,8,0
24,640,4,0,4,0,10,10,4,4,3,3,4,4,8,7,8,0
24,640,4,0,4,0,10,10,4,4,3,3,4,4,8,8,9,0
24,640,4,0,4,0,10,10,4,4,3,3,4,4,8,8,9,0
24,640,4,0,4,0,10,10,4,3,3,3,4,4,8,8,9,0
24,640,4,0,4,0,10,10,4,3,3,3,4,4,8,8,9,0
24,640,4,0,4,0,10,10,4,2,3,3,4,4,8,8,5,0
24,640,4,0,4,0,10,10,4,2,3,3,4,4,8,8,5,0
24,640,4,0,4,0,10,10,4,2,3,3,4,4,8,8,5,0
24,640,4,0,4,0,9,10,4,2,3,3,3,4,8,8,5,0
24,640,4,0,4,0,9,10,4,2,3,3,3,4,8,8,0,0
24,640,4,0,4,0,9,9,4,2,3,3,3,4,8,7,0,0
24,640,4,0,4,0,9,9,4,2,3,3,3,4,8,7,0,0
24,640,4,0,4,0,9,9,4,2,3,3,3,4,8,7,0,0
24,640,4,0,4,0,9,9,4,2,3,3,3,4,8,7,0,0
24,640,4,0,4,0,9,9,4,2,3,3,3,4,8,7,0,0
24,640,4,0,4,0,9,9,4,2,3,3,3,4,7,7,0,0
25,641,4,0,4,0,9,9,4,2,3,3,3,4,7,7,0,0
25,641,4,0,4,0,9,9,4,2,3,3,3,4,7,7,0,0
25,641,4,0,4,0,9,9,4,2,3,3,3,4,7,7,0,0
25,641,4,0,4,0,9,9,4,2,3,3,3,4,7,7,0,0
25,641,4,0,4,0,9,9,4,2,3,3,3,4,7,7,0,0
25,641,4,0,4,0,9,9,4,2,3,3,3,4,7,7,0,0
25,641,4,0,4,0,9,9,4,2,3,3,3,4,8,7,8,0
25,641,4,0,4,0,10,9,4,2,3,3,4,4,8,8,8,1
25,641,4,0,4,0,10,10,4,4,3,3,4,4,8,8,8,1
25,641,4,0,4,0,10,10,4,4,3,3,4,4,8,8,9,2
25,641,4,0,4,0,10,10,4,4,3,3,4,4,8,8,9,3
25,641,4,0,4,0,10,10,4,4,3,3,4,4,8,8,9,4
25,641,4,0,4,0,10,10,4,4,3,3,4,4,8,8,9,4
25,641,4,0,4,0,10,10,4,4,3,3,4,4,8,9,5,4
25,641,4,0,4,0,10,10,4,3,3,3,4,4,8,9,5,4
25,641,4,0,4,0,10,10,4,1,3,3,4,4,8,9,5,2
25,641,4,0,4,0,9,10,4,1,3,3,3,4,8,9,5,2
25,641,4,0,4,0,9,9,4,1,3,3,3,4,8,8,0,2
25,641,4,0,4,0,9,8,4,1,3,3,3,4,8,6,0,0
25,641,4,0,4,0,9,8,4,1,3,3,3,4,8,6,0,0
25,641,4,0,4,0,9,8,4,0,3,3,3,4,8,6,0,0
25,641,4,0,4,0,9,8,4,0,3,3,3,4,8,5,0,0
25,641,4,0,4,0,9,8,4,0,3,3,3,4,8,5,0,0
25,641,4,0,4,0,9,8,4,0,3,3,3,4,7,5,0,0
26,642,4,0,3,0,8,8,3,0,2,3,2,4,7,5,0,0
26,642,4,0,3,0,8,8,3,0,2,3,2,4,7,5,0,0
26,642,4,0,3,0,8,8,3,0,2,3,2,4,7,5,0,0
26,642,4,0,3,0,8,8,3,0,2,3,2,4,7,5,0,0
26,642,4,0,3,0,8,8,3,0,2,3,2,4,7,5,0,0
26,642,4,0,3,0,8,8,3,0,2,3,2,4,7,5,0,0
26,642,4,0,3,0,8,8,3,0,2,3,3,4,10,5,0,0
26,642,4,0,3,0,8,6,3,0,2,3,3,2,10,5,0,0
26,642,4,0,3,0,8,6,3,0,2,3,3,2,10,5,0,0
26,642,4,0,3,0,8,6,3,0,2,3,3,2,10,5,0,0
26,642,4,0,3,0,8,6,3,0,2,3,3,2,10,5,0,0
26,642,4,0,3,0,8,6,3,0,2,3,3,2,10,5,0,0
26,642,4,0,3,0,8,6,3,0,2,3,3,2,10,5,0,0
26,642,4,0,3,0,8,5,3,0,2,3,3,2,10,4,0,0
26,642,4,0,3,0,8,5,3,0,2,3,3,2,10,4,0,0
26,642,4,0,3,0,8,5,3,0,2,3,2,2,8,4,0,0
26,642,4,0,3,0,8,5,3,0,2,3,2,2,8,3,0,0
26,642,4,0,3,0,8,5,3,0,2,3,2,1,8,3,0,0
26,642,4,0,3,0,8,5,3,0,2,1,2,1,8,3,0,0
26,642,4,0,3,0,8,5,3,0,2,1,2,1,8,3,0,0
26,642,4,0,3,0,8,5,3,0,2,1,2,1,8,3,0,0
26,642,4,0,3,0,8,5,3,0,2,1,2,1,8,3,0,0
26,642,4,0,3,0,8,5,3,0,2,1,2,1,8,3,0,0
26,642,4,0,3,0,8,5,3,0,2,1,2,1,7,3,0,0
27,643,4,0,3,0,8,5,3,0,2,1,2,1,4,3,0,0
27,643,4,0,3,0,8,5,3,0,2,1,2,1,4,3,0,0
27,643,4,0,3,0,8,5,3,0,2,1,2,1,4,3,0,0
27,643,4,0,3,0,8,5,3,0,2,1,2,1,4,3,0,0
27,643,4,0,3,0,8,5,3,0,2,1,2,1,4,3,0,0
27,643,4,0,3,0,8,5,3,0,2,1,2,1,4,3,0,0
27,643,4,0,3,0,8,5,3,0,2,1,3,1,4,3,0,0
27,643,4,0,3,0,8,5,3,0,2,1,3,1,5,3,0,0
27,643,4,0,3,0,8,5,3,0,2,1,3,1,5,3,0,0
27,643,4,0,3,0,8,5,3,0,2,1,3,1,5,3,0,0
27,643,4,0,3,0,8,5,3,0,2,1,3,1,5,3,0,0
27,643,4,0,3,0,8,5,3,0,2,1,3,1,5,3,0,0
27,643,4,0,3,0,8,5,3,0,2,1,3,1,5,3,0,0
27,643,4,0,3,0,8,5,3,0,2,1,3,1,5,3,0,0
27,643,4,0,3,0,8,5,3,0,2,1,3,1,5,3,0,0
27,643,4,0,3,0,8,5,3,0,2,1,2,1,4,3,0,0
27,643,4,0,3,0,8,5,3,0,2,1,2,1,4,3,0,0
27,643,4,0,3,0,8,5,3,0,2,1,2,1,4,3,0,0
27,643,4,0,3,0,8,5,3,0,2,1,2,1,4,3,0,0
27,643,4,0,3,0,8,5,3,0,2,1,2,1,4,3,0,0
27,643,4,0,3,0,8,5,3,0,2,1,2,1,4,3,0,0
27,643,4,0,3,0,8,5,3,0,2,1,2,1,4,3,0,0
27,643,4,0,3,0,8,5,3,0,2,1,2,1,4,3,0,0
27,643,4,0,3,0,8,5,3,0,2,1,2,1,4,3,0,0
0,644,4,0,4,0,9,5,4,0,3,1,3,1,7,3,0,0
0,644,4,0,4,0,9,5,4,0,3,1,3,1,7,3,0,0
0,644,4,0,4,0,9,5,4,0,3,1,3,1,7,3,0,0
0,644,4,0,4,0,9,5,4,0,3,1,3,1,7,3,0,0
0,644,4,0,4,0,9,5,4,0,3,1,3,1,7,3,0,0
0,644,4,0,4,0,9,5,4,0,3,1,3,1,7,3,0,0
0,644,4,0,4,0,9,5,4,0,3,1,3,1,8,3,8,0
0,644,4,0,4,0,10,8,4,2,3,1,4,1,8,4,8,2
0,644,4,0,4,0,10,9,4,3,3,1,4,1,8,4,8,2
0,644,4,0,4,0,10,9,4,3,3,1,4,1,8,6,9,2
0,644,4,0,4,0,10,10,4,3,3,1,4,1,8,5,9,2
0,644,4,0,4,0,10,10,4,4,3,1,4,1,8,5,9,2
0,644,4,0,4,0,10,10,4,4,3,1,4,1,8,7,9,2
0,644,4,0,4,0,10,10,4,4,3,1,4,0,8,5,5,1
0,644,4,0,4,0,10,8,4,3,3,1,4,0,8,5,5,1
0,644,4,0,4,0,10,8,4,3,3,1,4,0,8,4,5,1
0,644,4,0,4,0,9,8,4,3,3,1,3,0,8,4,5,1
0,644,4,0,4,0,9,8,4,3,3,1,3,0,8,4,0,1
0,644,4,0,4,0,9,8,4,3,3,1,3,0,8,4,0,1
0,644,4,0,4,0,9,8,4,3,3,1,3,0,8,4,0,1
0,644,4,0,4,0,9,8,4,3,3,1,3,0,8,4,0,1
0,644,4,0,4,0,9,8,4,3,3,1,3,0,8,4,0,0
0,644,4,0,4,0,9,8,4,3,3,1,3,0,8,4,0,0
0,644,4,0,4,0,9,8,4,3,3,1,3,0,7,4,0,0
1,645,4,0,4,0,9,8,4,3,3,1,3,0,4,4,0,0
1,645,4,0,4,0,9,8,4,3,3,1,3,0,4,4,0,0
1,645,4,0,4,0,9,8,4,3,3,1,3,0,4,4,0,0
1,645,4,0,4,0,9,8,4,3,3,1,3,0,4,4,0,0
1,645,4,0,4,0,9,8,4,3,3,1,3,0,4,4,0,0
1,645,4,0,4,0,9,8,4,3,3,1,3,0,4,4,0,0
1,645,4,0,4,0,9,8,4,3,3,1,3,0,4,4,8,0
1,645,4,0,4,0,10,10,4,3,3,3,4,1,5,5,8,1
1,645,4,0,4,0,10,10,4,4,3,3,4,1,5,5,8,1
1,645,4,0,4,0,10,10,4,4,3,3,4,1,5,5,9,2
1,645,4,0,4,0,10,10,4,3,3,3,4,1,5,5,9,2
1,645,4,0,4,0,10,10,4,3,3,3,4,1,5,5,9,2
1,645,4,0,4,0,10,10,4,4,3,3,4,1,5,5,9,2
1,645,4,0,4,0,10,10,4,4,3,3,4,1,5,5,5,2
1,645,4,0,4,0,10,9,4,4,3,3,4,1,5,5,5,2
1,645,4,0,4,0,10,9,4,3,3,3,4,1,4,5,5,2
1,645,4,0,4,0,9,9,4,3,3,3,3,1,4,5,5,2
1,645,4,0,4,0,9,8,4,2,3,3,3,1,4,5,0,2
1,645,4,0,4,0,9,8,4,2,3,3,3,1,4,5,0,2
1,645,4,0,4,0,9,8,4,2,3,3,3,1,4,5,0,2
1,645,4,0,4,0,9,8,4,2,3,3,3,1,4,5,0,1
1,645,4,0,4,0,9,7,4,2,3,3,3,1,4,4,0,0
1,645,4,0,4,0,9,7,4,2,3,3,3,1,4,4,0,0
1,645,4,0,4,0,9,7,4,2,3,3,3,1,4,4,0,0
2,646,4,0,4,0,9,7,4,2,3,3,3,1,7,4,0,0
2,646,4,0,4,0,9,7,4,2,3,3,3,1,7,4,0,0
2,646,4,0,4,0,9,7,4,2,3,3,3,1,7,4,0,0
2,646,4,0,4,0,9,7,4,2,3,3,3,1,7,4,0,0
2,646,4,0,4,0,9,7,4,2,3,3,3,1,7,4,0,0
2,646,4,0,4,0,9,7,4,2,3,3,3,1,7,4,0,0
2,646,4,0,4,0,9,7,4,2,3,3,3,1,10,4,8,0
2,646,4,0,4,0,10,8,4,3,3,3,4,2,10,7,8,1
2,646,4,0,4,0,10,10,4,4,3,3,4,2,10,8,8,1
2,646,4,0,4,0,10,10,4,4,3,3,4,2,10,10,9,1
2,646,4,0,4,0,10,10,4,4,3,3,4,2,10,10,9,1
2,646,4,0,4,0,10,10,4,4,3,3,4,2,10,10,9,1
2,646,4,0,4,0,10,10,4,4,3,3,4,2,10,10,9,1
2,646,4,0,4,0,10,10,4,4,3,3,4,2,10,8,5,1
2,646,4,0,4,0,10,10,4,4,3,2,4,2,10,7,5,0
2,646,4,0,4,0,10,9,4,4,3,2,4,1,8,7,5,0
2,646,4,0,4,0,9,9,4,4,3,2,3,1,8,7,5,0
2,646,4,0,4,0,9,9,4,4,3,2,3,1,8,7,0,0
2,646,4,0,4,0,9,9,4,3,3,2,3,1,8,7,0,0
2,646,4,0,4,0,9,9,4,3,3,2,3,1,8,7,0,0
2,646,4,0,4,0,9,9,4,3,3,1,3,1,8,7,0,0
2,646,4,0,4,0,9,9,4,3,3,1,3,1,8,6,0,0
2,646,4,0,4,0,9,9,4,3,3,1,3,1,8,6,0,0
2,646,4,0,4,0,9,9,4,3,3,1,3,1,7,6,0,0
3,647,4,0,4,0,9,9,4,3,3,1,3,1,7,6,0,0
3,647,4,0,4,0,9,9,4,3,3,1,3,1,7,6,0,0
3,647,4,0,4,0,9,9,4,3,3,1,3,1,7,6,0,0
3,647,4,0,4,0,9,9,4,3,3,1,3,1,7,6,0,0
3,647,4,0,4,0,9,9,4,3,3,1,3,1,7,6,0,0
3,647,4,0,4,0,9,9,4,3,3,1,3,1,7,6,0,0
3,647,4,0,4,0,9,9,4,3,3,1,3,1,8,6,8,0
3,647,4,0,4,0,10,9,4,3,3,1,4,2,8,8,8,0
3,647,4,0,4,0,10,10,4,3,3,1,4,2,8,8,8,0
3,647,4,0,4,0,10,10,4,3,3,0,4,2,8,8,9,0
3,647,4,0,4,0,10,10,4,3,3,0,4,2,8,8,9,0
3,647,4,0,4,0,10,10,4,3,3,0,4,2,8,8,9,0
3,647,4,0,4,0,10,10,4,3,3,0,4,2,8,8,9,0
3,647,4,0,4,0,10,9,4,3,3,0,4,2,8,8,5,0
3,647,4,0,4,0,10,9,4,3,3,0,4,2,8,8,5,0
3,647,4,0,4,0,10,9,4,3,3,0,4,2,8,8,5,0
3,647,4,0,4,0,9,8,4,3,3,0,3,2,8,7,5,0
3,647,4,0,4,0,9,8,4,3,3,0,3,2,8,7,0,0
3,647,4,0,4,0,9,8,4,3,3,0,3,2,8,7,0,0
3,647,4,0,4,0,9,8,4,3,3,0,3,2,8,7,0,0
3,647,4,0,4,0,9,8,4,3,3,0,3,2,8,7,0,0
3,647,4,0,4,0,9,8,4,3,3,0,3,2,8,7,0,0
3,647,4,0,4,0,9,8,4,3,3,0,3,2,8,7,0,0
3,647,4,0,4,0,9,8,4,3,3,0,3,2,7,7,0,0
4,648,4,0,4,0,9,8,4,3,3,0,3,2,7,7,0,0
4,648,4,0,4,0,9,8,4,3,3,0,3,2,7,7,0,0
4,648,4,0,4,0,9,8,4,3,3,0,3,2,7,7,0,0
4,648,4,0,4,0,9,8,4,3,3,0,3,2,7,7,0,0
4,648,4,0,4,0,9,8,4,3,3,0,3,2,7,7,0,0
4,648,4,0,4,0,9,8,4,3,3,0,3,2,7,7,0,0
4,648,4,0,4,0,9,8,4,3,3,0,3,2,8,7,8,0
4,648,4,0,4,0,10,10,4,3,3,1,4,3,8,8,8,1
4,648,4,0,4,0,10,10,4,3,3,3,4,3,8,8,8,1
4,648,4,0,4,0,10,10,4,4,3,3,4,3,8,6,9,1
4,648,4,0,4,0,10,10,4,4,3,3,4,3,8,8,9,1
4,648,4,0,4,0,10,10,4,4,3,2,4,3,8,8,9,1
4,648,4,0,4,0,10,9,4,3,3,3,4,3,8,8,9,1
4,648,4,0,4,0,10,10,4,3,3,3,4,3,8,8,5,1
4,648,4,0,4,0,10,10,4,4,3,2,4,3,8,8,5,1
4,648,4,0,4,0,10,10,4,4,3,2,4,3,8,8,5,1
4,648,4,0,4,0,9,10,4,4,3,2,3,3,8,8,5,1
4,648,4,0,4,0,9,10,4,4,3,2,3,3,8,8,0,1
4,648,4,0,4,0,9,10,4,4,3,2,3,3,8,8,0,1
4,648,4,0,4,0,9,10,4,3,3,0,3,3,8,8,0,1
4,648,4,0,4,0,9,9,4,3,3,0,3,3,8,7,0,1
4,648,4,0,4,0,9,9,4,3,3,0,3,3,8,7,0,1
4,648,4,0,4,0,9,9,4,3,3,0,3,3,8,7,0,1
4,648,4,0,4,0,9,9,4,3,3,0,3,3,7,7,0,1
5,649,4,0,3,0,8,9,3,3,2,0,2,3,7,7,0,1
5,649,4,0,3,0,8,9,3,3,2,0,2,3,7,7,0,1
5,649,4,0,3,0,8,9,3,3,2,0,2,3,7,7,0,1
5,649,4,0,3,0,8,9,3,3,2,0,2,3,7,7,0,1
5,649,4,0,3,0,8,9,3,3,2,0,2,3,7,7,0,1
5,649,4,0,3,0,8,9,3,3,2,0,2,3,7,7,0,1
5,649,4,0,3,0,8,9,3,3,2,0,3,3,10,7,0,1
5,649,4,0,3,0,8,6,3,3,2,0,3,3,10,4,0,0
5,649,4,0,3,0,8,6,3,3,2,0,3,3,10,4,0,0
5,649,4,0,3,0,8,6,3,3,2,0,3,3,10,4,0,0
5,649,4,0,3,0,8,6,3,3,2,0,3,3,10,4,0,0
5,649,4,0,3,0,8,6,3,3,2,0,3,3,10,4,0,0
5,649,4,0,3,0,8,6,3,3,2,0,3,3,10,4,0,0
5,649,4,0,3,0,8,6,3,3,2,0,3,3,10,4,0,0
5,649,4,0,3,0,8,6,3,3,2,0,3,3,10,4,0,0
5,649,4,0,3,0,8,6,3,3,2,0,2,3,8,4,0,0
5,649,4,0,3,0,8,6,3,3,2,0,2,3,8,4,0,0
5,649,4,0,3,0,8,6,3,3,2,0,2,3,8,4,0,0
5,649,4,0,3,0,8,6,3,3,2,0,2,3,8,4,0,0
5,649,4,0,3,0,8,6,3,3,2,0,2,3,8,4,0,0
5,649,4,0,3,0,8,6,3,3,2,0,2,3,8,4,0,0
5,649,4,0,3,0,8,6,3,3,2,0,2,3,8,4,0,0
5,649,4,0,3,0,8,6,3,3,2,0,2,3,8,4,0,0
5,649,4,0,3,0,8,6,3,3,2,0,2,3,7,4,0,0
6,650,4,0,3,0,8,6,3,3,2,0,2,3,4,4,0,0
6,650,4,0,3,0,8,6,3,3,2,0,2,3,4,4,0,0
6,650,4,0,3,0,8,6,3,3,2,0,2,3,4,4,0,0
6,650,4,0,3,0,8,6,3,3,2,0,2,3,4,4,0,0
6,650,4,0,3,0,8,6,3,3,2,0,2,3,4,4,0,0
6,650,4,0,3,0,8,6,3,3,2,0,2,3,4,4,0,0
6,650,4,0,3,0,8,6,3,3,2,0,3,3,4,4,0,0
6,650,4,0,3,0,8,5,3,3,2,0,3,3,5,4,0,0
6,650,4,0,3,0,8,5,3,3,2,0,3,3,5,4,0,0
6,650,4,0,3,0,8,5,3,3,2,0,3,3,5,4,0,0
6,650,4,0,3,0,8,5,3,3,2,0,3,3,5,4,0,0
6,650,4,0,3,0,8,5,3,3,2,0,3,3,5,4,0,0
6,650,4,0,3,0,8,5,3,3,2,0,3,3,5,4,0,0
6,650,4,0,3,0,8,5,3,3,2,0,3,3,5,4,0,0
6,650,4,0,3,0,8,5,3,3,2,0,3,3,5,4,0,0
6,650,4,0,3,0,8,5,3,3,2,0,2,3,4,4,0,0
6,650,4,0,3,0,8,5,3,3,2,0,2,3,4,4,0,0
6,650,4,0,3,0,8,5,3,3,2,0,2,3,4,4,0,0
6,650,4,0,3,0,8,5,3,3,2,0,2,3,4,4,0,0
6,650,4,0,3,0,8,5,3,3,2,0,2,3,4,4,0,0
6,650,4,0,3,0,8,5,3,3,2,0,2,3,4,4,0,0
6,650,4,0,3,0,8,5,3,3,2,0,2,3,4,4,0,0
6,650,4,0,3,0,8,5,3,3,2,0,2,3,4,4,0,0
6,650,4,0,3,0,8,5,3,3,2,0,2,3,4,4,0,0
7,651,4,0,4,0,9,5,4,3,3,0,3,3,7,4,0,0
7,651,4,0,4,0,9,5,4,3,3,0,3,3,7,4,0,0
7,651,4,0,4,0,9,5,4,3,3,0,3,3,7,4,0,0
7,651,4,0,4,0,9,5,4,3,3,0,3,3,7,4,0,0
7,651,4,0,4,0,9,5,4,3,3,0,3,3,7,4,0,0
7,651,4,0,4,0,9,5,4,3,3,0,3,3,7,4,0,0
7,651,4,0,4,0,9,5,4,3,3,0,3,3,8,4,8,0
7,651,4,0,4,0,10,7,4,4,3,2,4,4,8,5,8,1
7,651,4,0,4,0,10,7,4,4,3,3,4,4,8,6,8,1
7,651,4,0,4,0,10,7,4,4,3,3,4,4,8,7,9,1
7,651,4,0,4,0,10,8,4,4,3,3,4,3,8,7,9,1
7,651,4,0,4,0,10,8,4,4,3,3,4,3,8,8,9,1
7,651,4,0,4,0,10,8,4,4,3,3,4,2,8,8,9,1
7,651,4,0,4,0,10,7,4,4,3,3,4,2,8,7,5,1
7,651,4,0,4,0,10,7,4,4,3,3,4,2,8,7,5,1
7,651,4,0,4,0,10,7,4,4,3,3,4,2,8,7,5,1
7,651,4,0,4,0,9,7,4,4,3,3,3,2,8,7,5,1
7,651,4,0,4,0,9,7,4,4,3,3,3,2,8,7,0,1
7,651,4,0,4,0,9,7,4,4,3,3,3,2,8,7,0,1
7,651,4,0,4,0,9,7,4,4,3,3,3,2,8,7,0,1
7,651,4,0,4,0,9,7,4,4,3,3,3,2,8,7,0,1
7,651,4,0,4,0,9,7,4,4,3,3,3,2,8,7,0,1
7,651,4,0,4,0,9,7,4,4,3,3,3,2,8,7,0,1
7,651,4,0,4,0,9,7,4,4,3,3,3,2,7,7,0,1
8,652,4,0,4,0,9,7,4,4,3,3,3,2,4,7,0,1
8,652,4,0,4,0,9,7,4,4,3,3,3,2,4,7,0,1
8,652,4,0,4,0,9,7,4,4,3,3,3,2,4,7,0,1
8,652,4,0,4,0,9,7,4,4,3,3,3,2,4,7,0,1
8,652,4,0,4,0,9,7,4,4,3,3,3,2,4,7,0,1
8,652,4,0,4,0,9,7,4,4,3,3,3,2,4,7,0,1
8,652,4,0,4,0,9,7,4,4,3,3,3,2,4,7,8,1
8,652,4,0,4,0,10,9,4,4,3,2,4,3,5,7,8,2
8,652,4,0,4,0,10,9,4,4,3,3,4,3,5,7,8,3
8,652,4,0,4,0,10,10,4,4,3,3,4,3,5,7,9,3
8,652,4,0,4,0,10,10,4,4,3,3,4,3,5,7,9,3
8,652,4,0,4,0,10,10,4,4,3,3,4,3,5,7,9,3
8,652,4,0,4,0,10,10,4,4,3,2,4,3,5,7,9,3
8,652,4,0,4,0,10,10,4,4,3,2,4,3,5,7,5,3
8,652,4,0,4,0,10,10,4,4,3,2,4,3,5,7,5,3
8,652,4,0,4,0,10,10,4,4,3,2,4,3,4,7,5,3
8,652,4,0,4,0,9,10,4,4,3,2,3,3,4,7,5,3
8,652,4,0,4,0,9,10,4,4,3,2,3,3,4,7,0,3
8,652,4,0,4,0,9,9,4,4,3,2,3,3,4,7,0,3
8,652,4,0,4,0,9,9,4,4,3,2,3,3,4,7,0,3
8,652,4,0,4,0,9,9,4,4,3,2,3,3,4,7,0,3
8,652,4,0,4,0,9,9,4,4,3,2,3,3,4,7,0,3
8,652,4,0,4,0,9,9,4,4,3,2,3,3,4,7,0,3
8,652,4,0,4,0,9,9,4,4,3,2,3,3,4,7,0,3
9,653,4,0,4,0,9,9,4,4,3,2,3,3,7,7,0,3
9,653,4,0,4,0,9,9,4,4,3,2,3,3,7,7,0,3
9,653,4,0,4,0,9,9,4,4,3,2,3,3,7,7,0,3
9,653,4,0,4,0,9,9,4,4,3,2,3,3,7,7,0,3
9,653,4,0,4,0,9,9,4,4,3,2,3,3,7,7,0,3
9,653,4,0,4,0,9,9,4,4,3,2,3,3,7,7,0,3
9,653,4,0,4,0,9,9,4,4,3,2,3,3,10,9,8,3
9,653,4,0,4,0,10,10,4,4,3,2,4,4,10,9,8,2
9,653,4,0,4,0,10,10,4,4,3,1,4,4,10,10,8,3
9,653,4,0,4,0,10,10,4,4,3,2,4,4,10,10,9,2
9,653,4,0,4,0,10,10,4,4,3,2,4,4,10,11,9,3
9,653,4,0,4,0,10,10,4,4,3,2,4,4,10,11,9,3
9,653,4,0,4,0,10,10,4,4,3,2,4,4,10,11,9,3
9,653,4,0,4,0,10,10,4,4,3,2,4,4,10,11,5,3
9,653,4,0,4,0,10,10,4,4,3,2,4,4,10,11,5,2
9,653,4,0,4,0,10,10,4,4,3,2,4,4,8,11,5,2
9,653,4,0,4,0,9,10,4,4,3,2,3,4,8,9,5,1
9,653,4,0,4,0,9,10,4,4,3,2,3,4,8,9,0,1
9,653,4,0,4,0,9,10,4,4,3,2,3,4,8,9,0,1
9,653,4,0,4,0,9,10,4,4,3,2,3,4,8,9,0,1
9,653,4,0,4,0,9,10,4,4,3,2,3,4,8,9,0,1
9,653,4,0,4,0,9,9,4,4,3,2,3,4,8,8,0,1
9,653,4,0,4,0,9,9,4,4,3,2,3,4,8,8,0,1
9,653,4,0,4,0,9,9,4,4,3,2,3,4,7,8,0,1
10,654,4,0,4,0,9,9,4,4,3,2,3,4,7,8,0,1
10,654,4,0,4,0,9,9,4,4,3,2,3,4,7,8,0,1
10,654,4,0,4,0,9,9,4,4,3,2,3,4,7,8,0,1
10,654,4,0,4,0,9,9,4,4,3,2,3,4,7,8,0,1
10,654,4,0,4,0,9,9,4,4,3,2,3,4,7,8,0,1
10,654,4,0,4,0,9,9,4,4,3,2,3,4,7,8,0,1
10,654,4,0,4,0,9,9,4,4,3,2,3,4,8,8,8,1
10,654,4,0,4,0,10,10,4,4,3,3,4,4,8,8,8,0
10,654,4,0,4,0,10,10,4,4,3,3,4,4,8,8,8,0
10,654,4,0,4,0,10,10,4,4,3,3,4,4,8,8,9,0
10,654,4,0,4,0,10,10,4,4,3,3,4,4,8,8,9,0
10,654,4,0,4,0,10,10,4,4,3,3,4,4,8,8,9,0
10,654,4,0,4,0,10,10,4,4,3,3,4,4,8,8,9,0
10,654,4,0,4,0,10,10,4,4,3,3,4,4,8,8,5,0
10,654,4,0,4,0,10,9,4,4,3,3,4,4,8,8,5,0
10,654,4,0,4,0,10,9,4,4,3,3,4,4,8,8,5,0
10,654,4,0,4,0,9,9,4,4,3,3,3,4,8,8,5,0
10,654,4,0,4,0,9,9,4,4,3,3,3,4,8,8,0,0
10,654,4,0,4,0,9,9,4,4,3,3,3,4,8,7,0,0
10,654,4,0,4,0,9,9,4,4,3,3,3,4,8,6,0,0
10,654,4,0,4,0,9,9,4,4,3,3,3,4,8,6,0,0
10,654,4,0,4,0,9,9,4,4,3,3,3,4,8,6,0,0
10,654,4,0,4,0,9,9,4,4,3,3,3,4,8,6,0,0
10,654,4,0,4,0,9,9,4,4,3,3,3,4,7,6,0,0
11,655,4,0,4,0,9,9,4,4,3,3,3,4,7,6,0,0
11,655,4,0,4,0,9,9,4,4,3,3,3,4,7,6,0,0
11,655,4,0,4,0,9,9,4,4,3,3,3,4,7,6,0,0
11,655,4,0,4,0,9,9,4,4,3,3,3,4,7,6,0,0
11,655,4,0,4,0,9,9,4,4,3,3,3,4,7,6,0,0
11,655,4,0,4,0,9,9,4,4,3,3,3,4,7,6,0,0
11,655,4,0,4,0,9,9,4,4,3,3,3,4,8,6,8,0
11,655,4,0,4,0,10,9,4,4,3,3,4,3,8,8,8,0
11,655,4,0,4,0,10,10,4,4,3,3,4,3,8,8,8,1
11,655,4,0,4,0,10,10,4,4,3,2,4,3,8,8,9,1
11,655,4,0,4,0,10,10,4,4,3,3,4,3,8,8,9,1
11,655,4,0,4,0,10,10,4,4,3,3,4,3,8,8,9,1
11,655,4,0,4,0,10,10,4,4,3,3,4,3,8,8,9,1
11,655,4,0,4,0,10,10,4,4,3,2,4,3,8,9,5,1
11,655,4,0,4,0,10,10,4,4,3,2,4,3,8,8,5,0
11,655,4,0,4,0,10,9,4,4,3,2,4,3,8,8,5,0
11,655,4,0,4,0,9,9,4,4,3,2,3,3,8,7,5,0
11,655,4,0,4,0,9,9,4,4,3,2,3,3,8,7,0,0
11,655,4,0,4,0,9,9,4,4,3,2,3,3,8,7,0,0
11,655,4,0,4,0,9,9,4,4,3,2,3,3,8,7,0,0
11,655,4,0,4,0,9,9,4,4,3,2,3,3,8,7,0,0
11,655,4,0,4,0,9,9,4,4,3,1,3,3,8,7,0,0
11,655,4,0,4,0,9,9,4,4,3,1,3,3,8,7,0,0
11,655,4,0,4,0,9,9,4,4,3,1,3,3,7,7,0,0
12,656,4,0,3,0,8,9,3,4,2,1,2,3,7,7,0,0
12,656,4,0,3,0,8,9,3,4,2,1,2,3,7,7,0,0
12,656,4,0,3,0,8,9,3,4,2,1,2,3,7,7,0,0
12,656,4,0,3,0,8,9,3,4,2,1,2,3,7,7,0,0
12,656,4,0,3,0,8,9,3,4,2,1,2,3,7,7,0,0
12,656,4,0,3,0,8,9,3,4,2,1,2,3,7,7,0,0
12,656,4,0,3,0,8,9,3,4,2,1,3,3,10,7,0,0
12,656,4,0,3,0,8,8,3,4,2,1,3,2,10,6,0,0
12,656,4,0,3,0,8,8,3,4,2,1,3,2,10,6,0,0
12,656,4,0,3,0,8,8,3,4,2,1,3,2,10,6,0,0
12,656,4,0,3,0,8,8,3,4,2,1,3,2,10,6,0,0
12,656,4,0,3,0,8,8,3,4,2,1,3,2,10,6,0,0
12,656,4,0,3,0,8,8,3,4,2,1,3,2,10,6,0,0
12,656,4,0,3,0,8,8,3,4,2,1,3,2,10,6,0,0
12,656,4,0,3,0,8,8,3,4,2,1,3,2,10,6,0,0
12,656,4,0,3,0,8,8,3,4,2,1,2,2,8,6,0,0
12,656,4,0,3,0,8,8,3,4,2,1,2,2,8,6,0,0
12,656,4,0,3,0,8,8,3,4,2,1,2,2,8,6,0,0
12,656,4,0,3,0,8,8,3,4,2,0,2,2,8,6,0,0
12,656,4,0,3,0,8,8,3,4,2,0,2,1,8,6,0,0
12,656,4,0,3,0,8,8,3,4,2,0,2,1,8,5,0,0
12,656,4,0,3,0,8,8,3,4,2,0,2,1,8,5,0,0
12,656,4,0,3,0,8,8,3,4,2,0,2,1,8,5,0,0
12,656,4,0,3,0,8,8,3,4,2,0,2,1,7,5,0,0
13,657,4,0,3,0,8,8,3,4,2,0,2,1,4,5,0,0
13,657,4,0,3,0,8,8,3,4,2,0,2,1,4,5,0,0
13,657,4,0,3,0,8,8,3,4,2,0,2,1,4,5,0,0
13,657,4,0,3,0,8,8,3,4,2,0,2,1,4,5,0,0
13,657,4,0,3,0,8,8,3,4,2,0,2,1,4,5,0,0
13,657,4,0,3,0,8,8,3,4,2,0,2,1,4,5,0,0
13,657,4,0,3,0,8,8,3,4,2,0,3,1,4,5,0,0
13,657,4,0,3,0,8,7,3,4,2,0,3,1,5,4,0,0
13,657,4,0,3,0,8,7,3,4,2,0,3,1,5,4,0,0
13,657,4,0,3,0,8,7,3,4,2,0,3,1,5,4,0,0
13,657,4,0,3,0,8,7,3,4,2,0,3,1,5,4,0,0
13,657,4,0,3,0,8,7,3,4,2,0,3,1,5,4,0,0
13,657,4,0,3,0,8,7,3,4,2,0,3,1,5,4,0,0
13,657,4,0,3,0,8,7,3,4,2,0,3,1,5,4,0,0
13,657,4,0,3,0,8,7,3,4,2,0,3,1,5,4,0,0
13,657,4,0,3,0,8,7,3,4,2,0,2,1,4,4,0,0
13,657,4,0,3,0,8,7,3,4,2,0,2,1,4,4,0,0
13,657,4,0,3,0,8,7,3,4,2,0,2,1,4,4,0,0
13,657,4,0,3,0,8,7,3,4,2,0,2,1,4,4,0,0
13,657,4,0,3,0,8,7,3,4,2,0,2,1,4,4,0,0
13,657,4,0,3,0,8,7,3,4,2,0,2,1,4,4,0,0
13,657,4,0,3,0,8,7,3,4,2,0,2,1,4,4,0,0
13,657,4,0,3,0,8,7,3,4,2,0,2,1,4,4,0,0
13,657,4,0,3,0,8,7,3,4,2,0,2,1,4,4,0,0
14,658,4,0,4,0,9,7,4,4,3,0,3,1,7,4,0,0
14,658,4,0,4,0,9,7,4,4,3,0,3,1,7,4,0,0
14,658,4,0,4,0,9,7,4,4,3,0,3,1,7,4,0,0
14,658,4,0,4,0,9,7,4,4,3,0,3,1,7,4,0,0
14,658,4,0,4,0,9,7,4,4,3,0,3,1,7,4,0,0
14,658,4,0,4,0,9,7,4,4,3,0,3,1,7,4,0,0
14,658,4,0,4,0,9,7,4,4,3,0,3,1,8,4,8,0
14,658,4,0,4,0,10,8,4,4,3,2,4,2,8,6,8,2
14,658,4,0,4,0,10,9,4,4,3,2,4,2,8,6,8,2
14,658,4,0,4,0,10,10,4,4,3,3,4,2,8,8,9,2
14,658,4,0,4,0,10,10,4,4,3,3,4,2,8,8,9,2
14,658,4,0,4,0,10,10,4,4,3,3,4,2,8,8,9,2
14,658,4,0,4,0,10,10,4,4,3,3,4,2,8,8,9,2
14,658,4,0,4,0,10,10,4,4,3,2,4,2,8,8,5,1
14,658,4,0,4,0,10,10,4,4,3,2,4,2,8,8,5,1
14,658,4,0,4,0,10,10,4,4,3,2,4,2,8,8,5,1
14,658,4,0,4,0,9,10,4,4,3,2,3,2,8,8,5,1
14,658,4,0,4,0,9,10,4,4,3,2,3,2,8,8,0,1
14,658,4,0,4,0,9,10,4,4,3,2,3,2,8,8,0,1
14,658,4,0,4,0,9,10,4,4,3,2,3,2,8,8,0,1
14,658,4,0,4,0,9,10,4,4,3,2,3,2,8,8,0,0
14,658,4,0,4,0,9,9,4,4,3,2,3,2,8,8,0,0
14,658,4,0,4,0,9,9,4,4,3,2,3,2,8,8,0,0
14,658,4,0,4,0,9,9,4,4,3,2,3,2,7,8,0,0
15,659,4,0,4,0,9,9,4,4,3,2,3,2,4,8,0,0
15,659,4,0,4,0,9,9,4,4,3,2,3,2,4,8,0,0
15,659,4,0,4,0,9,9,4,4,3,2,3,2,4,8,0,0
15,659,4,0,4,0,9,9,4,4,3,2,3,2,4,8,0,0
15,659,4,0,4,0,9,9,4,4,3,2,3,2,4,8,0,0
15,659,4,0,4,0,9,9,4,4,3,2,3,2,4,8,0,0
15,659,4,0,4,0,9,9,4,4,3,2,3,2,4,8,8,0
15,659,4,0,4,0,10,9,4,4,3,3,4,3,5,7,8,2
15,659,4,0,4,0,10,10,4,4,3,3,4,3,5,7,8,3
15,659,4,0,4,0,10,10,4,4,3,3,4,3,5,6,9,4
15,659,4,0,4,0,10,10,4,4,3,3,4,3,5,6,9,4
15,659,4,0,4,0,10,10,4,4,3,3,4,3,5,6,9,4
15,659,4,0,4,0,10,10,4,4,3,3,4,3,5,6,9,4
15,659,4,0,4,0,10,10,4,4,3,3,4,3,5,6,5,4
15,659,4,0,4,0,10,10,4,4,3,3,4,3,5,6,5,4
15,659,4,0,4,0,10,10,4,4,3,3,4,3,4,6,5,3
15,659,4,0,4,0,9,10,4,4,3,3,3,3,4,6,5,3
15,659,4,0,4,0,9,10,4,4,3,3,3,3,4,6,0,3
15,659,4,0,4,0,9,10,4,4,3,3,3,3,4,6,0,3
15,659,4,0,4,0,9,10,4,4,3,3,3,3,4,6,0,3
15,659,4,0,4,0,9,10,4,4,3,3,3,3,4,6,0,3
15,659,4,0,4,0,9,10,4,4,3,3,3,3,4,6,0,2
15,659,4,0,4,0,9,10,4,4,3,3,3,3,4,6,0,1
15,659,4,0,4,0,9,10,4,4,3,3,3,3,4,6,0,1
16,660,4,0,4,0,9,10,4,4,3,3,3,3,7,7,0,1
16,660,4,0,4,0,9,10,4,4,3,3,3,3,7,7,0,1
16,660,4,0,4,0,9,10,4,4,3,3,3,3,7,7,0,1
16,660,4,0,4,0,9,10,4,4,3,3,3,3,7,7,0,1
16,660,4,0,4,0,9,10,4,4,3,3,3,3,7,7,0,1
16,660,4,0,4,0,9,10,4,4,3,3,3,3,7,7,0,1
16,660,4,0,4,0,9,10,4,4,3,3,3,3,10,7,8,1
16,660,4,0,4,0,10,10,4,4,3,2,4,3,10,10,8,1
16,660,4,0,4,0,10,10,4,4,3,2,4,3,10,10,8,1
16,660,4,0,4,0,10,10,4,4,3,3,4,3,10,11,9,2
16,660,4,0,4,0,10,10,4,4,3,3,4,3,10,11,9,2
16,660,4,0,4,0,10,10,4,4,3,3,4,3,10,11,9,2
16,660,4,0,4,0,10,10,4,4,3,3,4,3,10,11,9,2
16,660,4,0,4,0,10,10,4,4,3,3,4,3,10,10,5,2
16,660,4,0,4,0,10,10,4,3,3,3,4,3,10,10,5,2
16,660,4,0,4,0,10,10,4,3,3,3,4,3,8,10,5,1
16,660,4,0,4,0,9,10,4,3,3,2,3,3,8,10,5,1
16,660,4,0,4,0,9,9,4,3,3,2,3,3,8,9,0,1
16,660,4,0,4,0,9,9,4,3,3,2,3,3,8,9,0,1
16,660,4,0,4,0,9,9,4,3,3,2,3,3,8,7,0,0
16,660,4,0,4,0,9,9,4,3,3,2,3,3,8,7,0,0
16,660,4,0,4,0,9,9,4,3,3,2,3,3,8,7,0,0
16,660,4,0,4,0,9,9,4,3,3,2,3,3,8,7,0,0
16,660,4,0,4,0,9,9,4,3,3,2,3,3,7,7,0,0
17,661,4,0,4,0,9,9,4,3,3,2,3,3,7,7,0,0
17,661,4,0,4,0,9,9,4,3,3,2,3,3,7,7,0,0
17,661,4,0,4,0,9,9,4,3,3,2,3,3,7,7,0,0
17,661,4,0,4,0,9,9,4,3,3,2,3,3,7,7,0,0
17,661,4,0,4,0,9,9,4,3,3,2,3,3,7,7,0,0
17,661,4,0,4,0,9,9,4,3,3,2,3,3,7,7,0,0
17,661,4,0,4,0,9,9,4,3,3,2,3,3,8,7,8,0
17,661,4,0,4,0,10,7,4,3,3,2,4,3,8,8,8,0
17,661,4,0,4,0,10,9,4,3,3,2,4,3,8,8,8,0
17,661,4,0,4,0,10,10,4,3,3,2,4,3,8,8,9,0
17,661,4,0,4,0,10,10,4,3,3,2,4,3,8,8,9,0
17,661,4,0,4,0,10,10,4,3,3,2,4,3,8,8,9,0
17,661,4,0,4,0,10,9,4,3,3,2,4,3,8,8,9,0
17,661,4,0,4,0,10,9,4,3,3,2,4,3,8,8,5,0
17,661,4,0,4,0,10,8,4,3,3,2,4,2,8,8,5,0
17,661,4,0,4,0,10,8,4,3,3,2,4,2,8,8,5,0
17,661,4,0,4,0,9,8,4,3,3,2,3,2,8,8,5,0
17,661,4,0,4,0,9,8,4,3,3,2,3,2,8,8,0,0
17,661,4,0,4,0,9,8,4,3,3,2,3,2,8,8,0,0
17,661,4,0,4,0,9,8,4,3,3,2,3,2,8,8,0,0
17,661,4,0,4,0,9,8,4,3,3,2,3,2,8,8,0,0
17,661,4,0,4,0,9,8,4,3,3,2,3,2,8,8,0,0
17,661,4,0,4,0,9,8,4,3,3,2,3,2,8,8,0,0
17,661,4,0,4,0,9,8,4,3,3,2,3,2,7,8,0,0
18,662,4,0,4,0,9,8,4,3,3,2,3,2,7,8,0,0
18,662,4,0,4,0,9,8,4,3,3,2,3,2,7,8,0,0
18,662,4,0,4,0,9,8,4,3,3,2,3,2,7,8,0,0
18,662,4,0,4,0,9,8,4,3,3,2,3,2,7,8,0,0
18,662,4,0,4,0,9,8,4,3,3,2,3,2,7,8,0,0
18,662,4,0,4,0,9,8,4,3,3,2,3,2,7,8,0,0
18,662,4,0,4,0,9,8,4,3,3,2,3,2,8,8,8,0
18,662,4,0,4,0,10,10,4,3,3,3,4,3,8,8,8,1
18,662,4,0,4,0,10,10,4,4,3,3,4,3,8,8,8,1
18,662,4,0,4,0,10,10,4,4,3,3,4,3,8,8,9,2
18,662,4,0,4,0,10,10,4,4,3,3,4,3,8,7,9,2
18,662,4,0,4,0,10,10,4,4,3,3,4,3,8,7,9,2
18,662,4,0,4,0,10,10,4,4,3,3,4,3,8,8,9,2
18,662,4,0,4,0,10,10,4,4,3,3,4,3,8,8,5,2
18,662,4,0,4,0,10,10,4,4,3,3,4,3,8,8,5,2
18,662,4,0,4,0,10,10,4,4,3,3,4,3,8,7,5,1
18,662,4,0,4,0,9,10,4,4,3,3,3,3,8,7,5,1
18,662,4,0,4,0,9,10,4,4,3,3,3,3,8,7,0,1
18,662,4,0,4,0,9,10,4,4,3,3,3,3,8,7,0,1
18,662,4,0,4,0,9,10,4,3,3,3,3,3,8,7,0,1
18,662,4,0,4,0,9,10,4,3,3,3,3,3,8,7,0,1
18,662,4,0,4,0,9,10,4,3,3,3,3,3,8,7,0,1
18,662,4,0,4,0,9,9,4,3,3,2,3,3,8,6,0,1
18,662,4,0,4,0,9,9,4,3,3,2,3,3,7,6,0,1
19,663,4,0,3,0,8,9,3,3,2,2,2,3,7,6,0,1
19,663,4,0,3,0,8,9,3,3,2,2,2,3,7,6,0,1
19,663,4,0,3,0,8,9,3,3,2,2,2,3,7,6,0,1
19,663,4,0,3,0,8,9,3,3,2,2,2,3,7,6,0,1
19,663,4,0,3,0,8,9,3,3,2,2,2,3,7,6,0,1
19,663,4,0,3,0,8,9,3,3,2,2,2,3,7,6,0,1
19,663,4,0,3,0,8,9,3,3,2,2,3,3,10,6,0,1
19,663,4,0,3,0,8,8,3,3,2,2,3,3,10,6,0,0
19,663,4,0,3,0,8,8,3,3,2,2,3,3,10,6,0,0
19,663,4,0,3,0,8,8,3,3,2,2,3,3,10,6,0,0
19,663,4,0,3,0,8,8,3,3,2,2,3,3,10,6,0,0
19,663,4,0,3,0,8,8,3,3,2,2,3,3,10,6,0,0
19,663,4,0,3,0,8,8,3,3,2,2,3,3,10,6,0,0
19,663,4,0,3,0,8,8,3,3,2,2,3,3,10,6,0,0
19,663,4,0,3,0,8,8,3,3,2,2,3,3,10,6,0,0
19,663,4,0,3,0,8,8,3,3,2,2,2,3,8,6,0,0
19,663,4,0,3,0,8,8,3,3,2,2,2,3,8,6,0,0
19,663,4,0,3,0,8,8,3,3,2,2,2,3,8,6,0,0
19,663,4,0,3,0,8,8,3,3,2,2,2,3,8,6,0,0
19,663,4,0,3,0,8,8,3,3,2,2,2,3,8,6,0,0
19,663,4,0,3,0,8,8,3,3,2,2,2,3,8,6,0,0
19,663,4,0,3,0,8,7,3,3,2,2,2,3,8,6,0,0
19,663,4,0,3,0,8,7,3,3,2,2,2,3,8,6,0,0
19,663,4,0,3,0,8,7,3,3,2,2,2,3,7,6,0,0
20,664,4,0,3,0,8,7,3,3,2,2,2,3,4,6,0,0
20,664,4,0,3,0,8,7,3,3,2,2,2,3,4,6,0,0
20,664,4,0,3,0,8,7,3,3,2,2,2,3,4,6,0,0
20,664,4,0,3,0,8,7,3,3,2,2,2,3,4,6,0,0
20,664,4,0,3,0,8,7,3,3,2,2,2,3,4,6,0,0
20,664,4,0,3,0,8,7,3,3,2,2,2,3,4,6,0,0
20,664,4,0,3,0,8,7,3,3,2,2,3,3,4,6,0,0
20,664,4,0,3,0,8,6,3,3,2,2,3,0,5,5,0,0
20,664,4,0,3,0,8,6,3,3,2,2,3,0,5,5,0,0
20,664,4,0,3,0,8,6,3,3,2,2,3,0,5,5,0,0
20,664,4,0,3,0,8,6,3,3,2,2,3,0,5,5,0,0
20,664,4,0,3,0,8,5,3,3,2,2,3,0,5,4,0,0
20,664,4,0,3,0,8,5,3,3,2,2,3,0,5,4,0,0
20,664,4,0,3,0,8,5,3,3,2,2,3,0,5,4,0,0
20,664,4,0,3,0,8,5,3,3,2,2,3,0,5,4,0,0
20,664,4,0,3,0,8,5,3,3,2,2,2,0,4,4,0,0
20,664,4,0,3,0,8,5,3,3,2,2,2,0,4,4,0,0
20,664,4,0,3,0,8,5,3,3,2,2,2,0,4,4,0,0
20,664,4,0,3,0,8,5,3,3,2,2,2,0,4,4,0,0
20,664,4,0,3,0,8,5,3,3,2,2,2,0,4,4,0,0
20,664,4,0,3,0,8,5,3,3,2,2,2,0,4,4,0,0
20,664,4,0,3,0,8,5,3,3,2,2,2,0,4,4,0,0
20,664,4,0,3,0,8,5,3,3,2,2,2,0,4,4,0,0
20,664,4,0,3,0,8,5,3,3,2,2,2,0,4,4,0,0
21,665,4,0,4,0,9,5,4,3,3,2,3,0,7,4,0,0
21,665,4,0,4,0,9,5,4,3,3,2,3,0,7,4,0,0
21,665,4,0,4,0,9,5,4,3,3,2,3,0,7,4,0,0
21,665,4,0,4,0,9,5,4,3,3,2,3,0,7,4,0,0
21,665,4,0,4,0,9,5,4,3,3,2,3,0,7,4,0,0
21,665,4,0,4,0,9,5,4,3,3,2,3,0,7,4,0,0
21,665,4,0,4,0,9,5,4,3,3,2,3,0,8,4,8,0
21,665,4,0,4,0,10,7,4,4,3,3,4,1,8,4,8,1
21,665,4,0,4,0,10,8,4,4,3,3,4,1,8,4,8,1
21,665,4,0,4,0,10,9,4,4,3,3,4,1,8,5,9,1
21,665,4,0,4,0,10,9,4,4,3,3,4,1,8,5,9,1
21,665,4,0,4,0,10,9,4,4,3,2,4,1,8,5,9,1
21,665,4,0,4,0,10,9,4,4,3,3,4,1,8,5,9,1
21,665,4,0,4,0,10,8,4,4,3,3,4,1,8,4,5,1
21,665,4,0,4,0,10,8,4,4,3,2,4,1,8,4,5,1
21,665,4,0,4,0,10,8,4,4,3,2,4,1,8,4,5,1
21,665,4,0,4,0,9,8,4,4,3,2,3,1,8,4,5,1
21,665,4,0,4,0,9,8,4,4,3,1,3,1,8,4,0,1
21,665,4,0,4,0,9,8,4,4,3,1,3,1,8,4,0,1
21,665,4,0,4,0,9,8,4,4,3,1,3,1,8,4,0,1
21,665,4,0,4,0,9,8,4,4,3,1,3,1,8,4,0,0
21,665,4,0,4,0,9,7,4,4,3,1,3,1,8,4,0,0
21,665,4,0,4,0,9,7,4,4,3,1,3,1,8,4,0,0
21,665,4,0,4,0,9,7,4,4,3,1,3,1,7,4,0,0
22,666,4,0,4,0,9,7,4,4,3,1,3,1,4,4,0,0
22,666,4,0,4,0,9,7,4,4,3,1,3,1,4,4,0,0
22,666,4,0,4,0,9,7,4,4,3,1,3,1,4,4,0,0
22,666,4,0,4,0,9,7,4,4,3,1,3,1,4,4,0,0
22,666,4,0,4,0,9,7,4,4,3,1,3,1,4,4,0,0
22,666,4,0,4,0,9,7,4,4,3,1,3,1,4,4,0,0
22,666,4,0,4,0,9,7,4,4,3,1,3,1,4,4,8,0
22,666,4,0,4,0,10,10,4,4,3,3,4,2,5,5,8,5
22,666,4,0,4,0,10,10,4,4,3,3,4,2,5,5,8,6
22,666,4,0,4,0,10,10,4,4,3,3,4,2,5,6,9,7
22,666,4,0,4,0,10,10,4,4,3,3,4,2,5,6,9,8
22,666,4,0,4,0,10,9,4,4,3,3,4,2,5,6,9,8
22,666,4,0,4,0,10,10,4,4,3,3,4,2,5,6,9,8
22,666,4,0,4,0,10,10,4,4,3,3,4,2,5,6,5,8
22,666,4,0,4,0,10,10,4,4,3,3,4,2,5,5,5,7
22,666,4,0,4,0,10,10,4,4,3,3,4,2,4,5,5,4
22,666,4,0,4,0,9,10,4,4,3,2,3,2,4,5,5,4
22,666,4,0,4,0,9,10,4,4,3,2,3,2,4,5,0,4
22,666,4,0,4,0,9,10,4,4,3,2,3,2,4,5,0,4
22,666,4,0,4,0,9,10,4,4,3,2,3,2,4,5,0,4
22,666,4,0,4,0,9,10,4,4,3,2,3,2,4,5,0,4
22,666,4,0,4,0,9,10,4,4,3,2,3,2,4,5,0,4
22,666,4,0,4,0,9,10,4,4,3,2,3,2,4,5,0,3
22,666,4,0,4,0,9,10,4,4,3,2,3,2,4,5,0,3
23,667,4,0,4,0,9,10,4,4,3,2,3,2,7,7,0,3
23,667,4,0,4,0,9,10,4,4,3,2,3,2,7,7,0,3
23,667,4,0,4,0,9,10,4,4,3,2,3,2,7,7,0,3
23,667,4,0,4,0,9,10,4,4,3,2,3,2,7,7,0,3
23,667,4,0,4,0,9,10,4,4,3,2,3,2,7,7,0,3
23,667,4,0,4,0,9,10,4,4,3,2,3,2,7,7,0,3
23,667,4,0,4,0,9,10,4,4,3,2,3,2,10,8,8,3
23,667,4,0,4,0,10,10,4,4,3,1,4,3,10,8,8,1
23,667,4,0,4,0,10,10,4,4,3,1,4,3,10,9,8,0
23,667,4,0,4,0,10,10,4,4,3,2,4,3,10,10,9,0
23,667,4,0,4,0,10,10,4,4,3,3,4,3,10,10,9,0
23,667,4,0,4,0,10,10,4,4,3,3,4,3,10,10,9,0
23,667,4,0,4,0,10,10,4,4,3,3,4,3,10,10,9,0
23,667,4,0,4,0,10,10,4,4,3,3,4,3,10,10,5,0
23,667,4,0,4,0,10,10,4,4,3,3,4,3,10,10,5,0
23,667,4,0,4,0,10,10,4,4,3,3,4,3,8,10,5,0
23,667,4,0,4,0,9,10,4,4,3,3,3,3,8,10,5,0
23,667,4,0,4,0,9,10,4,4,3,3,3,3,8,10,0,0
23,667,4,0,4,0,9,10,4,4,3,3,3,3,8,10,0,0
23,667,4,0,4,0,9,10,4,4,3,3,3,3,8,10,0,0
23,667,4,0,4,0,9,9,4,4,3,3,3,3,8,9,0,0
23,667,4,0,4,0,9,9,4,4,3,3,3,3,8,9,0,0
23,667,4,0,4,0,9,9,4,4,3,3,3,3,8,9,0,0
23,667,4,0,4,0,9,9,4,4,3,3,3,3,7,9,0,0
24,668,4,0,4,0,9,9,4,4,3,3,3,3,7,9,0,0
24,668,4,0,4,0,9,9,4,4,3,3,3,3,7,9,0,0
24,668,4,0,4,0,9,9,4,4,3,3,3,3,7,9,0,0
24,668,4,0,4,0,9,9,4,4,3,3,3,3,7,9,0,0
24,668,4,0,4,0,9,9,4,4,3,3,3,3,7,9,0,0
24,668,4,0,4,0,9,9,4,4,3,3,3,3,7,9,0,0
24,668,4,0,4,0,9,9,4,4,3,3,3,3,8,9,8,0
24,668,4,0,4,0,10,9,4,3,3,3,4,4,8,8,8,0
24,668,4,0,4,0,10,10,4,3,3,3,4,4,8,8,8,0
24,668,4,0,4,0,10,10,4,3,3,3,4,4,8,8,9,0
24,668,4,0,4,0,10,10,4,3,3,3,4,4,8,8,9,0
24,668,4,0,4,0,10,10,4,3,3,3,4,4,8,8,9,0
24,668,4,0,4,0,10,10,4,3,3,3,4,4,8,8,9,0
24,668,4,0,4,0,10,10,4,3,3,3,4,4,8,7,5,0
24,668,4,0,4,0,10,10,4,3,3,3,4,4,8,7,5,0
24,668,4,0,4,0,10,10,4,3,3,3,4,4,8,7,5,0
24,668,4,0,4,0,9,10,4,3,3,3,3,4,8,7,5,0
24,668,4,0,4,0,9,10,4,3,3,3,3,4,8,7,0,0
24,668,4,0,4,0,9,10,4,3,3,3,3,4,8,7,0,0
24,668,4,0,4,0,9,10,4,3,3,3,3,4,8,7,0,0
24,668,4,0,4,0,9,10,4,3,3,3,3,4,8,7,0,0
24,668,4,0,4,0,9,10,4,3,3,3,3,4,8,7,0,0
24,668,4,0,4,0,9,10,4,3,3,3,3,3,8,7,0,0
24,668,4,0,4,0,9,10,4,3,3,3,3,3,7,7,0,0
25,669,4,0,4,0,9,10,4,3,3,3,3,3,7,7,0,0
25,669,4,0,4,0,9,10,4,3,3,3,3,3,7,7,0,0
25,669,4,0,4,0,9,10,4,3,3,3,3,3,7,7,0,0
25,669,4,0,4,0,9,10,4,3,3,3,3,3,7,7,0,0
25,669,4,0,4,0,9,10,4,3,3,3,3,3,7,7,0,0
25,669,4,0,4,0,9,10,4,3,3,3,3,3,7,7,0,0
25,669,4,0,4,0,9,10,4,3,3,3,3,3,8,7,8,0
25,669,4,0,4,0,10,9,4,4,3,3,4,4,8,8,8,1
25,669,4,0,4,0,10,10,4,4,3,3,4,4,8,8,8,1
25,669,4,0,4,0,10,10,4,4,3,3,4,4,8,8,9,2
25,669,4,0,4,0,10,10,4,4,3,3,4,4,8,8,9,3
25,669,4,0,4,0,10,10,4,4,3,3,4,4,8,8,9,4
25,669,4,0,4,0,10,10,4,4,3,3,4,4,8,9,9,4
25,669,4,0,4,0,10,10,4,4,3,3,4,4,8,8,5,3
25,669,4,0,4,0,10,10,4,4,3,3,4,4,8,8,5,3
25,669,4,0,4,0,10,10,4,4,3,3,4,3,8,8,5,1
25,669,4,0,4,0,9,10,4,4,3,3,3,3,8,8,5,1
25,669,4,0,4,0,9,10,4,4,3,3,3,3,8,8,0,1
25,669,4,0,4,0,9,10,4,4,3,3,3,3,8,8,0,1
25,669,4,0,4,0,9,10,4,4,3,3,3,3,8,8,0,1
25,669,4,0,4,0,9,9,4,4,3,3,3,3,8,8,0,1
25,669,4,0,4,0,9,8,4,4,3,3,3,3,8,8,0,1
25,669,4,0,4,0,9,8,4,4,3,3,3,3,8,8,0,1
25,669,4,0,4,0,9,8,4,4,3,3,3,3,7,8,0,1
26,670,4,0,3,0,8,8,3,4,2,3,2,3,7,8,0,1
26,670,4,0,3,0,8,8,3,4,2,3,2,3,7,8,0,1
26,670,4,0,3,0,8,8,3,4,2,3,2,3,7,8,0,1
26,670,4,0,3,0,8,8,3,4,2,3,2,3,7,8,0,1
26,670,4,0,3,0,8,8,3,4,2,3,2,3,7,8,0,1
26,670,4,0,3,0,8,8,3,4,2,3,2,3,7,8,0,1
26,670,4,0,3,0,8,8,3,4,2,3,3,3,10,8,0,1
26,670,4,0,3,0,8,8,3,4,2,3,3,2,10,8,0,1
26,670,4,0,3,0,8,8,3,4,2,3,3,2,10,8,0,1
26,670,4,0,3,0,8,8,3,4,2,3,3,2,10,8,0,1
26,670,4,0,3,0,8,8,3,4,2,3,3,2,10,7,0,1
26,670,4,0,3,0,8,7,3,4,2,3,3,2,10,7,0,1
26,670,4,0,3,0,8,7,3,4,2,3,3,2,10,7,0,1
26,670,4,0,3,0,8,7,3,4,2,3,3,2,10,7,0,1
26,670,4,0,3,0,8,7,3,4,2,3,3,2,10,7,0,1
26,670,4,0,3,0,8,7,3,4,2,3,2,2,8,7,0,1
26,670,4,0,3,0,8,7,3,4,2,3,2,2,8,7,0,1
26,670,4,0,3,0,8,7,3,4,2,3,2,2,8,7,0,1
26,670,4,0,3,0,8,7,3,4,2,3,2,2,8,6,0,1
26,670,4,0,3,0,8,7,3,4,2,3,2,2,8,6,0,1
26,670,4,0,3,0,8,7,3,4,2,3,2,2,8,6,0,1
26,670,4,0,3,0,8,7,3,4,2,3,2,2,8,6,0,1
26,670,4,0,3,0,8,7,3,4,2,3,2,2,8,6,0,1
26,670,4,0,3,0,8,7,3,4,2,3,2,2,7,6,0,1
27,671,4,0,3,0,8,7,3,4,2,3,2,2,4,6,0,1
27,671,4,0,3,0,8,7,3,4,2,3,2,2,4,6,0,1
27,671,4,0,3,0,8,7,3,4,2,3,2,2,4,6,0,1
27,671,4,0,3,0,8,7,3,4,2,3,2,2,4,6,0,1
27,671,4,0,3,0,8,7,3,4,2,3,2,2,4,6,0,1
27,671,4,0,3,0,8,7,3,4,2,3,2,2,4,6,0,1
27,671,4,0,3,0,8,7,3,4,2,3,3,2,4,6,0,1
27,671,4,0,3,0,8,7,3,4,2,3,3,2,5,6,0,0
27,671,4,0,3,0,8,6,3,4,2,3,3,2,5,5,0,0
27,671,4,0,3,0,8,6,3,4,2,3,3,2,5,5,0,0
27,671,4,0,3,0,8,6,3,4,2,3,3,2,5,5,0,0
27,671,4,0,3,0,8,6,3,4,2,3,3,2,5,5,0,0
27,671,4,0,3,0,8,6,3,4,2,3,3,2,5,5,0,0
27,671,4,0,3,0,8,6,3,4,2,3,3,2,5,5,0,0
27,671,4,0,3,0,8,6,3,4,2,3,3,2,5,5,0,0
27,671,4,0,3,0,8,6,3,4,2,3,2,2,4,5,0,0
27,671,4,0,3,0,8,6,3,4,2,3,2,2,4,5,0,0
27,671,4,0,3,0,8,6,3,4,2,3,2,2,4,5,0,0
27,671,4,0,3,0,8,6,3,3,2,3,2,2,4,5,0,0
27,671,4,0,3,0,8,6,3,3,2,3,2,2,4,5,0,0
27,671,4,0,3,0,8,6,3,3,2,3,2,2,4,5,0,0
27,671,4,0,3,0,8,6,3,3,2,3,2,2,4,5,0,0
27,671,4,0,3,0,8,6,3,3,2,3,2,2,4,5,0,0
27,671,4,0,3,0,8,6,3,3,2,3,2,2,4,5,0,0
0,672,4,0,4,0,9,6,4,3,3,3,3,2,7,5,0,0
0,672,4,0,4,0,9,6,4,3,3,3,3,2,7,5,0,0
0,672,4,0,4,0,9,6,4,3,3,3,3,2,7,5,0,0
0,672,4,0,4,0,9,6,4,3,3,3,3,2,7,5,0,0
0,672,4,0,4,0,9,6,4,3,3,3,3,2,7,5,0,0
0,672,4,0,4,0,9,6,4,3,3,3,3,2,7,5,0,0
0,672,4,0,4,0,9,6,4,3,3,3,3,2,8,5,8,0
0,672,4,0,4,0,10,9,4,4,3,3,4,3,8,6,8,2
0,672,4,0,4,0,10,10,4,4,3,3,4,3,8,6,8,2
0,672,4,0,4,0,10,10,4,4,3,3,4,3,8,8,9,2
0,672,4,0,4,0,10,9,4,4,3,3,4,3,8,8,9,2
0,672,4,0,4,0,10,9,4,4,3,3,4,3,8,8,9,2
0,672,4,0,4,0,10,10,4,4,3,2,4,3,8,8,9,2
0,672,4,0,4,0,10,10,4,4,3,2,4,3,8,6,5,2
0,672,4,0,4,0,10,9,4,4,3,2,4,3,8,6,5,2
0,672,4,0,4,0,10,8,4,4,3,2,4,3,8,6,5,1
0,672,4,0,4,0,9,8,4,4,3,2,3,3,8,6,5,1
0,672,4,0,4,0,9,8,4,4,3,2,3,3,8,6,0,1
0,672,4,0,4,0,9,8,4,3,3,2,3,3,8,6,0,1
0,672,4,0,4,0,9,8,4,3,3,2,3,3,8,6,0,0
0,672,4,0,4,0,9,8,4,3,3,2,3,3,8,6,0,0
0,672,4,0,4,0,9,8,4,3,3,2,3,3,8,6,0,0
0,672,4,0,4,0,9,8,4,3,3,2,3,3,8,6,0,0
0,672,4,0,4,0,9,8,4,3,3,2,3,3,7,6,0,0
1,673,4,0,4,0,9,8,4,3,3,2,3,3,4,6,0,0
1,673,4,0,4,0,9,8,4,3,3,2,3,3,4,6,0,0
1,673,4,0,4,0,9,8,4,3,3,2,3,3,4,6,0,0
1,673,4,0,4,0,9,8,4,3,3,2,3,3,4,6,0,0
1,673,4,0,4,0,9,8,4,3,3,2,3,3,4,6,0,0
1,673,4,0,4,0,9,8,4,3,3,2,3,3,4,6,0,0
1,673,4,0,4,0,9,8,4,3,3,2,3,3,4,6,8,0
1,673,4,0,4,0,10,9,4,4,3,3,4,2,5,6,8,1
1,673,4,0,4,0,10,10,4,4,3,3,4,2,5,6,8,1
1,673,4,0,4,0,10,10,4,4,3,3,4,2,5,6,9,2
1,673,4,0,4,0,10,10,4,4,3,3,4,2,5,6,9,2
1,673,4,0,4,0,10,10,4,4,3,3,4,2,5,6,9,2
1,673,4,0,4,0,10,10,4,4,3,3,4,2,5,6,9,2
1,673,4,0,4,0,10,10,4,4,3,3,4,2,5,6,5,2
1,673,4,0,4,0,10,10,4,4,3,3,4,2,5,6,5,2
1,673,4,0,4,0,10,10,4,3,3,3,4,1,4,6,5,2
1,673,4,0,4,0,9,10,4,3,3,3,3,1,4,6,5,2
1,673,4,0,4,0,9,10,4,3,3,3,3,1,4,6,0,2
1,673,4,0,4,0,9,10,4,3,3,3,3,1,4,6,0,2
1,673,4,0,4,0,9,10,4,3,3,3,3,1,4,6,0,2
1,673,4,0,4,0,9,9,4,3,3,3,3,1,4,6,0,2
1,673,4,0,4,0,9,9,4,3,3,3,3,1,4,6,0,2
1,673,4,0,4,0,9,8,4,3,3,3,3,1,4,6,0,2
1,673,4,0,4,0,9,8,4,3,3,3,3,1,4,6,0,2
2,674,4,0,4,0,9,8,4,3,3,3,3,1,7,7,0,2
2,674,4,0,4,0,9,8,4,3,3,3,3,1,7,7,0,2
2,674,4,0,4,0,9,8,4,3,3,3,3,1,7,7,0,2
2,674,4,0,4,0,9,8,4,3,3,3,3,1,7,7,0,2
2,674,4,0,4,0,9,8,4,3,3,3,3,1,7,7,0,2
2,674,4,0,4,0,9,8,4,3,3,3,3,1,7,7,0,2
2,674,4,0,4,0,9,8,4,3,3,3,3,1,10,7,8,2
2,674,4,0,4,0,10,9,4,4,3,3,4,1,10,10,8,1
2,674,4,0,4,0,10,10,4,4,3,3,4,1,10,10,8,1
2,674,4,0,4,0,10,10,4,4,3,3,4,1,10,10,9,1
2,674,4,0,4,0,10,10,4,4,3,3,4,1,10,10,9,1
2,674,4,0,4,0,10,9,4,4,3,3,4,1,10,10,9,0
2,674,4,0,4,0,10,9,4,4,3,3,4,1,10,10,9,0
2,674,4,0,4,0,10,9,4,4,3,3,4,1,10,10,5,0
2,674,4,0,4,0,10,9,4,4,3,3,4,1,10,10,5,0
2,674,4,0,4,0,10,9,4,3,3,3,4,1,8,10,5,0
2,674,4,0,4,0,9,9,4,3,3,3,3,1,8,10,5,0
2,674,4,0,4,0,9,8,4,3,3,3,3,1,8,10,0,0
2,674,4,0,4,0,9,8,4,3,3,3,3,1,8,10,0,0
2,674,4,0,4,0,9,8,4,3,3,3,3,1,8,10,0,0
2,674,4,0,4,0,9,8,4,3,3,3,3,1,8,9,0,0
2,674,4,0,4,0,9,8,4,3,3,3,3,1,8,9,0,0
2,674,4,0,4,0,9,8,4,3,3,3,3,1,8,9,0,0
2,674,4,0,4,0,9,8,4,3,3,3,3,1,7,9,0,0
3,675,4,0,4,0,9,8,4,3,3,3,3,1,7,9,0,0
3,675,4,0,4,0,9,8,4,3,3,3,3,1,7,9,0,0
3,675,4,0,4,0,9,8,4,3,3,3,3,1,7,9,0,0
3,675,4,0,4,0,9,8,4,3,3,3,3,1,7,9,0,0
3,675,4,0,4,0,9,8,4,3,3,3,3,1,7,9,0,0
3,675,4,0,4,0,9,8,4,3,3,3,3,1,7,9,0,0
3,675,4,0,4,0,9,8,4,3,3,3,3,1,8,9,8,0
3,675,4,0,4,0,10,8,4,4,3,3,4,2,8,9,8,0
3,675,4,0,4,0,10,9,4,4,3,3,4,2,8,9,8,0
3,675,4,0,4,0,10,10,4,4,3,3,4,2,8,8,9,0
3,675,4,0,4,0,10,10,4,4,3,3,4,2,8,8,9,0
3,675,4,0,4,0,10,10,4,4,3,3,4,2,8,8,9,0
3,675,4,0,4,0,10,10,4,4,3,3,4,2,8,8,9,0
3,675,4,0,4,0,10,10,4,4,3,3,4,2,8,8,5,0
3,675,4,0,4,0,10,10,4,4,3,3,4,2,8,8,5,0
3,675,4,0,4,0,10,10,4,4,3,3,4,2,8,8,5,0
3,675,4,0,4,0,9,10,4,4,3,3,3,2,8,8,5,0
3,675,4,0,4,0,9,10,4,4,3,3,3,2,8,8,0,0
3,675,4,0,4,0,9,10,4,4,3,3,3,2,8,8,0,0
3,675,4,0,4,0,9,10,4,4,3,3,3,2,8,8,0,0
3,675,4,0,4,0,9,10,4,4,3,3,3,2,8,8,0,0
3,675,4,0,4,0,9,9,4,4,3,3,3,2,8,8,0,0
3,675,4,0,4,0,9,9,4,4,3,3,3,2,8,8,0,0
3,675,4,0,4,0,9,9,4,4,3,3,3,2,7,8,0,0
4,676,4,0,4,0,9,9,4,4,3,3,3,2,7,8,0,0
4,676,4,0,4,0,9,9,4,4,3,3,3,2,7,8,0,0
4,676,4,0,4,0,9,9,4,4,3,3,3,2,7,8,0,0
4,676,4,0,4,0,9,9,4,4,3,3,3,2,7,8,0,0
4,676,4,0,4,0,9,9,4,4,3,3,3,2,7,8,0,0
4,676,4,0,4,0,9,9,4,4,3,3,3,2,7,8,0,0
4,676,4,0,4,0,9,9,4,4,3,3,3,2,8,8,8,0
4,676,4,0,4,0,10,9,4,4,3,3,4,3,8,8,8,1
4,676,4,0,4,0,10,10,4,4,3,3,4,3,8,8,8,1
4,676,4,0,4,0,10,10,4,4,3,3,4,3,8,8,9,1
4,676,4,0,4,0,10,10,4,4,3,3,4,3,8,8,9,1
4,676,4,0,4,0,10,10,4,4,3,3,4,3,8,8,9,1
4,676,4,0,4,0,10,10,4,4,3,3,4,3,8,8,9,1
4,676,4,0,4,0,10,10,4,4,3,3,4,3,8,8,5,1
4,676,4,0,4,0,10,10,4,4,3,3,4,3,8,8,5,1
4,676,4,0,4,0,10,10,4,4,3,3,4,3,8,8,5,1
4,676,4,0,4,0,9,10,4,4,3,3,3,3,8,8,5,1
4,676,4,0,4,0,9,10,4,4,3,3,3,3,8,8,0,1
4,676,4,0,4,0,9,10,4,3,3,3,3,3,8,8,0,1
4,676,4,0,4,0,9,10,4,3,3,3,3,3,8,8,0,1
4,676,4,0,4,0,9,9,4,3,3,3,3,3,8,7,0,1
4,676,4,0,4,0,9,9,4,3,3,3,3,3,8,7,0,1
4,676,4,0,4,0,9,9,4,3,3,3,3,3,8,7,0,1
4,676,4,0,4,0,9,9,4,3,3,3,3,3,7,7,0,1
5,677,4,0,3,0,8,9,3,3,2,3,2,3,7,7,0,1
5,677,4,0,3,0,8,9,3,3,2,3,2,3,7,7,0,1
5,677,4,0,3,0,8,9,3,3,2,3,2,3,7,7,0,1
5,677,4,0,3,0,8,9,3,3,2,3,2,3,7,7,0,1
5,677,4,0,3,0,8,9,3,3,2,3,2,3,7,7,0,1
5,677,4,0,3,0,8,9,3,3,2,3,2,3,7,7,0,1
5,677,4,0,3,0,8,9,3,3,2,3,3,3,10,7,0,1
5,677,4,0,3,0,8,8,3,2,2,3,3,1,10,6,0,0
5,677,4,0,3,0,8,8,3,2,2,3,3,1,10,6,0,0
5,677,4,0,3,0,8,8,3,2,2,3,3,1,10,6,0,0
5,677,4,0,3,0,8,8,3,2,2,3,3,1,10,6,0,0
5,677,4,0,3,0,8,8,3,2,2,3,3,1,10,6,0,0
5,677,4,0,3,0,8,8,3,2,2,3,3,1,10,6,0,0
5,677,4,0,3,0,8,8,3,2,2,3,3,1,10,6,0,0
5,677,4,0,3,0,8,8,3,2,2,3,3,1,10,6,0,0
5,677,4,0,3,0,8,8,3,2,2,3,2,1,8,6,0,0
5,677,4,0,3,0,8,8,3,2,2,3,2,1,8,6,0,0
5,677,4,0,3,0,8,8,3,2,2,3,2,1,8,6,0,0
5,677,4,0,3,0,8,8,3,2,2,3,2,0,8,6,0,0
5,677,4,0,3,0,8,7,3,2,2,3,2,0,8,6,0,0
5,677,4,0,3,0,8,7,3,2,2,3,2,0,8,6,0,0
5,677,4,0,3,0,8,7,3,2,2,3,2,0,8,6,0,0
5,677,4,0,3,0,8,7,3,2,2,2,2,0,8,6,0,0
5,677,4,0,3,0,8,7,3,2,2,2,2,0,7,6,0,0
6,678,4,0,3,0,8,7,3,2,2,2,2,0,4,6,0,0
6,678,4,0,3,0,8,7,3,2,2,2,2,0,4,6,0,0
6,678,4,0,3,0,8,7,3,2,2,2,2,0,4,6,0,0
6,678,4,0,3,0,8,7,3,2,2,2,2,0,4,6,0,0
6,678,4,0,3,0,8,7,3,2,2,2,2,0,4,6,0,0
6,678,4,0,3,0,8,7,3,2,2,2,2,0,4,6,0,0
6,678,4,0,3,0,8,7,3,2,2,2,3,0,4,6,0,0
6,678,4,0,3,0,8,7,3,2,2,2,3,0,5,6,0,0
6,678,4,0,3,0,8,7,3,2,2,2,3,0,5,6,0,0
6,678,4,0,3,0,8,7,3,2,2,2,3,0,5,6,0,0
6,678,4,0,3,0,8,7,3,2,2,2,3,0,5,6,0,0
6,678,4,0,3,0,8,7,3,2,2,2,3,0,5,6,0,0
6,678,4,0,3,0,8,7,3,2,2,2,3,0,5,6,0,0
6,678,4,0,3,0,8,7,3,2,2,2,3,0,5,6,0,0
6,678,4,0,3,0,8,7,3,2,2,2,3,0,5,6,0,0
6,678,4,0,3,0,8,7,3,2,2,2,2,0,4,6,0,0
6,678,4,0,3,0,8,7,3,2,2,2,2,0,4,6,0,0
6,678,4,0,3,0,8,7,3,2,2,2,2,0,4,6,0,0
6,678,4,0,3,0,8,7,3,2,2,2,2,0,4,6,0,0
6,678,4,0,3,0,8,7,3,2,2,2,2,0,4,6,0,0
6,678,4,0,3,0,8,7,3,2,2,2,2,0,4,6,0,0
6,678,4,0,3,0,8,7,3,2,2,2,2,0,4,6,0,0
6,678,4,0,3,0,8,7,3,2,2,2,2,0,4,6,0,0
6,678,4,0,3,0,8,7,3,2,2,2,2,0,4,6,0,0
7,679,4,0,4,0,9,7,4,2,3,2,3,0,7,6,0,0
7,679,4,0,4,0,9,7,4,2,3,2,3,0,7,6,0,0
7,679,4,0,4,0,9,7,4,2,3,2,3,0,7,6,0,0
7,679,4,0,4,0,9,7,4,2,3,2,3,0,7,6,0,0
7,679,4,0,4,0,9,7,4,2,3,2,3,0,7,6,0,0
7,679,4,0,4,0,9,7,4,2,3,2,3,0,7,6,0,0
7,679,4,0,4,0,9,7,4,2,3,2,3,0,8,6,8,0
7,679,4,0,4,0,10,8,4,4,3,3,4,1,8,8,8,1
7,679,4,0,4,0,10,9,4,4,3,3,4,1,8,8,8,1
7,679,4,0,4,0,10,10,4,4,3,2,4,1,8,8,9,1
7,679,4,0,4,0,10,10,4,4,3,3,4,1,8,8,9,1
7,679,4,0,4,0,10,10,4,4,3,3,4,1,8,8,9,1
7,679,4,0,4,0,10,10,4,4,3,2,4,1,8,8,9,1
7,679,4,0,4,0,10,9,4,4,3,3,4,1,8,8,5,1
7,679,4,0,4,0,10,9,4,4,3,3,4,1,8,8,5,1
7,679,4,0,4,0,10,9,4,4,3,3,4,1,8,8,5,1
7,679,4,0,4,0,9,8,4,4,3,3,3,1,8,8,5,1
7,679,4,0,4,0,9,8,4,4,3,3,3,1,8,8,0,1
7,679,4,0,4,0,9,8,4,4,3,3,3,1,8,8,0,1
7,679,4,0,4,0,9,8,4,4,3,3,3,1,8,8,0,1
7,679,4,0,4,0,9,8,4,4,3,3,3,1,8,8,0,0
7,679,4,0,4,0,9,8,4,4,3,3,3,1,8,8,0,0
7,679,4,0,4,0,9,8,4,3,3,2,3,1,8,8,0,0
7,679,4,0,4,0,9,8,4,3,3,2,3,1,7,8,0,0
8,680,4,0,4,0,9,8,4,3,3,2,3,1,4,8,0,0
8,680,4,0,4,0,9,8,4,3,3,2,3,1,4,8,0,0
8,680,4,0,4,0,9,8,4,3,3,2,3,1,4,8,0,0
8,680,4,0,4,0,9,8,4,3,3,2,3,1,4,8,0,0
8,680,4,0,4,0,9,8,4,3,3,2,3,1,4,8,0,0
8,680,4,0,4,0,9,8,4,3,3,2,3,1,4,8,0,0
8,680,4,0,4,0,9,8,4,3,3,2,3,1,4,8,8,0
8,680,4,0,4,0,10,9,4,4,3,3,4,2,5,8,8,2
8,680,4,0,4,0,10,9,4,4,3,3,4,2,5,8,8,3
8,680,4,0,4,0,10,10,4,4,3,3,4,2,5,8,9,3
8,680,4,0,4,0,10,10,4,4,3,3,4,2,5,8,9,3
8,680,4,0,4,0,10,10,4,4,3,3,4,2,5,8,9,3
8,680,4,0,4,0,10,10,4,4,3,3,4,2,5,8,9,3
8,680,4,0,4,0,10,10,4,4,3,3,4,2,5,7,5,3
8,680,4,0,4,0,10,10,4,4,3,3,4,2,5,7,5,3
8,680,4,0,4,0,10,10,4,4,3,3,4,2,4,7,5,3
8,680,4,0,4,0,9,10,4,4,3,3,3,2,4,7,5,3
8,680,4,0,4,0,9,10,4,4,3,3,3,2,4,7,0,3
8,680,4,0,4,0,9,9,4,4,3,3,3,2,4,7,0,3
8,680,4,0,4,0,9,9,4,3,3,3,3,2,4,7,0,3
8,680,4,0,4,0,9,9,4,3,3,3,3,2,4,7,0,2
8,680,4,0,4,0,9,9,4,3,3,3,3,2,4,7,0,2
8,680,4,0,4,0,9,9,4,3,3,3,3,2,4,7,0,2
8,680,4,0,4,0,9,9,4,3,3,3,3,2,4,7,0,2
9,681,4,0,4,0,9,9,4,3,3,3,3,2,7,7,0,2
9,681,4,0,4,0,9,9,4,3,3,3,3,2,7,7,0,2
9,681,4,0,4,0,9,9,4,3,3,3,3,2,7,7,0,2
9,681,4,0,4,0,9,9,4,3,3,3,3,2,7,7,0,2
9,681,4,0,4,0,9,9,4,3,3,3,3,2,7,7,0,2
9,681,4,0,4,0,9,9,4,3,3,3,3,2,7,7,0,2
9,681,4,0,4,0,9,9,4,3,3,3,3,2,10,9,8,2
9,681,4,0,4,0,10,9,4,4,3,2,4,3,10,10,8,3
9,681,4,0,4,0,10,10,4,4,3,2,4,3,10,10,8,3
9,681,4,0,4,0,10,10,4,4,3,3,4,3,10,11,9,3
9,681,4,0,4,0,10,10,4,4,3,3,4,3,10,11,9,4
9,681,4,0,4,0,10,10,4,4,3,3,4,3,10,11,9,4
9,681,4,0,4,0,10,10,4,4,3,3,4,3,10,10,9,3
9,681,4,0,4,0,10,10,4,4,3,3,4,3,10,9,5,2
9,681,4,0,4,0,10,10,4,4,3,3,4,3,10,10,5,2
9,681,4,0,4,0,10,10,4,3,3,3,4,3,8,9,5,1
9,681,4,0,4,0,9,10,4,3,3,3,3,3,8,9,5,1
9,681,4,0,4,0,9,10,4,3,3,2,3,3,8,9,0,1
9,681,4,0,4,0,9,10,4,3,3,2,3,3,8,9,0,1
9,681,4,0,4,0,9,10,4,3,3,2,3,3,8,9,0,1
9,681,4,0,4,0,9,10,4,3,3,2,3,3,8,9,0,1
9,681,4,0,4,0,9,10,4,3,3,2,3,3,8,9,0,1
9,681,4,0,4,0,9,10,4,3,3,2,3,3,8,9,0,1
9,681,4,0,4,0,9,10,4,3,3,2,3,3,7,9,0,1
10,682,4,0,4,0,9,10,4,3,3,2,3,3,7,9,0,1
10,682,4,0,4,0,9,10,4,3,3,2,3,3,7,9,0,1
10,682,4,0,4,0,9,10,4,3,3,2,3,3,7,9,0,1
10,682,4,0,4,0,9,10,4,3,3,2,3,3,7,9,0,1
10,682,4,0,4,0,9,10,4,3,3,2,3,3,7,9,0,1
10,682,4,0,4,0,9,10,4,3,3,2,3,3,7,9,0,1
10,682,4,0,4,0,9,10,4,3,3,2,3,3,8,9,8,1
10,682,4,0,4,0,10,8,4,4,3,2,4,4,8,8,8,0
10,682,4,0,4,0,10,9,4,4,3,2,4,4,8,8,8,0
10,682,4,0,4,0,10,10,4,4,3,2,4,4,8,8,9,0
10,682,4,0,4,0,10,10,4,4,3,2,4,4,8,8,9,0
10,682,4,0,4,0,10,10,4,4,3,2,4,4,8,8,9,0
10,682,4,0,4,0,10,10,4,4,3,2,4,4,8,8,9,0
10,682,4,0,4,0,10,10,4,4,3,2,4,4,8,8,5,0
10,682,4,0,4,0,10,10,4,4,3,2,4,4,8,8,5,0
10,682,4,0,4,0,10,10,4,4,3,2,4,4,8,8,5,0
10,682,4,0,4,0,9,10,4,4,3,2,3,4,8,8,5,0
10,682,4,0,4,0,9,10,4,4,3,2,3,4,8,8,0,0
10,682,4,0,4,0,9,9,4,4,3,2,3,3,8,8,0,0
10,682,4,0,4,0,9,9,4,4,3,2,3,2,8,8,0,0
10,682,4,0,4,0,9,8,4,4,3,2,3,2,8,8,0,0
10,682,4,0,4,0,9,8,4,4,3,2,3,2,8,8,0,0
10,682,4,0,4,0,9,8,4,4,3,2,3,2,8,8,0,0
10,682,4,0,4,0,9,8,4,4,3,2,3,2,7,8,0,0
11,683,4,0,4,0,9,8,4,4,3,2,3,2,7,8,0,0
11,683,4,0,4,0,9,8,4,4,3,2,3,2,7,8,0,0
11,683,4,0,4,0,9,8,4,4,3,2,3,2,7,8,0,0
11,683,4,0,4,0,9,8,4,4,3,2,3,2,7,8,0,0
11,683,4,0,4,0,9,8,4,4,3,2,3,2,7,8,0,0
11,683,4,0,4,0,9,8,4,4,3,2,3,2,7,8,0,0
11,683,4,0,4,0,9,8,4,4,3,2,3,2,8,8,8,0
11,683,4,0,4,0,10,9,4,4,3,3,4,3,8,8,8,0
11,683,4,0,4,0,10,10,4,4,3,3,4,3,8,8,8,1
11,683,4,0,4,0,10,10,4,4,3,3,4,3,8,8,9,1
11,683,4,0,4,0,10,10,4,3,3,3,4,3,8,8,9,1
11,683,4,0,4,0,10,10,4,4,3,3,4,3,8,9,9,1
11,683,4,0,4,0,10,10,4,4,3,3,4,3,8,9,9,1
11,683,4,0,4,0,10,10,4,4,3,3,4,3,8,9,5,1
11,683,4,0,4,0,10,10,4,4,3,3,4,3,8,9,5,1
11,683,4,0,4,0,10,9,4,4,3,3,4,3,8,8,5,0
11,683,4,0,4,0,9,9,4,4,3,3,3,3,8,8,5,0
11,683,4,0,4,0,9,8,4,4,3,3,3,3,8,8,0,0
11,683,4,0,4,0,9,8,4,4,3,3,3,3,8,8,0,0
11,683,4,0,4,0,9,8,4,4,3,3,3,3,8,8,0,0
11,683,4,0,4,0,9,8,4,4,3,3,3,3,8,8,0,0
11,683,4,0,4,0,9,8,4,3,3,3,3,3,8,8,0,0
11,683,4,0,4,0,9,8,4,3,3,3,3,3,8,8,0,0
11,683,4,0,4,0,9,8,4,3,3,3,3,3,7,8,0,0
12,684,4,0,3,0,8,8,3,3,2,3,2,3,7,8,0,0
12,684,4,0,3,0,8,8,3,3,2,3,2,3,7,8,0,0
12,684,4,0,3,0,8,8,3,3,2,3,2,3,7,8,0,0
12,684,4,0,3,0,8,8,3,3,2,3,2,3,7,8,0,0
12,684,4,0,3,0,8,8,3,3,2,3,2,3,7,8,0,0
12,684,4,0,3,0,8,8,3,3,2,3,2,3,7,8,0,0
12,684,4,0,3,0,8,8,3,3,2,3,3,3,10,8,0,0
12,684,4,0,3,0,8,8,3,3,2,2,3,2,10,8,0,0
12,684,4,0,3,0,8,8,3,3,2,2,3,2,10,8,0,0
12,684,4,0,3,0,8,8,3,3,2,2,3,2,10,8,0,0
12,684,4,0,3,0,8,8,3,3,2,2,3,2,10,8,0,0
12,684,4,0,3,0,8,8,3,3,2,2,3,2,10,8,0,0
12,684,4,0,3,0,8,8,3,3,2,2,3,2,10,8,0,0
12,684,4,0,3,0,8,8,3,3,2,2,3,2,10,8,0,0
12,684,4,0,3,0,8,8,3,3,2,2,3,2,10,8,0,0
12,684,4,0,3,0,8,8,3,3,2,2,2,2,8,8,0,0
12,684,4,0,3,0,8,8,3,3,2,2,2,2,8,8,0,0
12,684,4,0,3,0,8,8,3,3,2,2,2,2,8,8,0,0
12,684,4,0,3,0,8,8,3,3,2,2,2,2,8,8,0,0
12,684,4,0,3,0,8,8,3,3,2,2,2,2,8,8,0,0
12,684,4,0,3,0,8,8,3,3,2,2,2,2,8,8,0,0
12,684,4,0,3,0,8,8,3,3,2,2,2,2,8,8,0,0
12,684,4,0,3,0,8,8,3,3,2,2,2,2,8,8,0,0
12,684,4,0,3,0,8,8,3,3,2,2,2,2,7,8,0,0
13,685,4,0,3,0,8,8,3,3,2,2,2,2,4,8,0,0
13,685,4,0,3,0,8,8,3,3,2,2,2,2,4,8,0,0
13,685,4,0,3,0,8,8,3,3,2,2,2,2,4,8,0,0
13,685,4,0,3,0,8,8,3,3,2,2,2,2,4,8,0,0
13,685,4,0,3,0,8,8,3,3,2,2,2,2,4,8,0,0
13,685,4,0,3,0,8,8,3,3,2,2,2,2,4,8,0,0
13,685,4,0,3,0,8,8,3,3,2,2,3,2,4,8,0,0
13,685,4,0,3,0,8,8,3,3,2,2,3,2,5,8,0,0
13,685,4,0,3,0,8,8,3,3,2,1,3,2,5,8,0,0
13,685,4,0,3,0,8,8,3,3,2,1,3,2,5,8,0,0
13,685,4,0,3,0,8,8,3,3,2,1,3,1,5,8,0,0
13,685,4,0,3,0,8,8,3,3,2,1,3,1,5,8,0,0
13,685,4,0,3,0,8,8,3,3,2,1,3,1,5,8,0,0
13,685,4,0,3,0,8,8,3,3,2,1,3,1,5,8,0,0
13,685,4,0,3,0,8,8,3,3,2,1,3,0,5,8,0,0
13,685,4,0,3,0,8,8,3,3,2,1,2,0,4,8,0,0
13,685,4,0,3,0,8,8,3,3,2,1,2,0,4,8,0,0
13,685,4,0,3,0,8,8,3,3,2,1,2,0,4,8,0,0
13,685,4,0,3,0,8,8,3,2,2,1,2,0,4,8,0,0
13,685,4,0,3,0,8,8,3,2,2,1,2,0,4,8,0,0
13,685,4,0,3,0,8,8,3,2,2,1,2,0,4,8,0,0
13,685,4,0,3,0,8,8,3,2,2,1,2,0,4,8,0,0
13,685,4,0,3,0,8,8,3,2,2,1,2,0,4,8,0,0
13,685,4,0,3,0,8,8,3,2,2,1,2,0,4,8,0,0
14,686,4,0,4,0,9,8,4,2,3,1,3,0,7,8,0,0
14,686,4,0,4,0,9,8,4,2,3,1,3,0,7,8,0,0
14,686,4,0,4,0,9,8,4,2,3,1,3,0,7,8,0,0
14,686,4,0,4,0,9,8,4,2,3,1,3,0,7,8,0,0
14,686,4,0,4,0,9,8,4,2,3,1,3,0,7,8,0,0
14,686,4,0,4,0,9,8,4,2,3,1,3,0,7,8,0,0
14,686,4,0,4,0,9,8,4,2,3,1,3,0,8,8,8,0
14,686,4,0,4,0,10,10,4,4,3,1,4,1,8,8,8,2
14,686,4,0,4,0,10,10,4,4,3,1,4,1,8,8,8,2
14,686,4,0,4,0,10,10,4,4,3,1,4,1,8,8,9,2
14,686,4,0,4,0,10,10,4,4,3,1,4,1,8,8,9,2
14,686,4,0,4,0,10,10,4,4,3,1,4,1,8,8,9,2
14,686,4,0,4,0,10,10,4,4,3,1,4,1,8,8,9,2
14,686,4,0,4,0,10,10,4,3,3,1,4,1,8,8,5,2
14,686,4,0,4,0,10,10,4,3,3,1,4,1,8,8,5,2
14,686,4,0,4,0,10,10,4,3,3,1,4,1,8,8,5,2
14,686,4,0,4,0,9,10,4,3,3,1,3,1,8,8,5,2
14,686,4,0,4,0,9,10,4,3,3,1,3,1,8,8,0,2
14,686,4,0,4,0,9,10,4,3,3,1,3,1,8,8,0,2
14,686,4,0,4,0,9,10,4,3,3,1,3,1,8,8,0,1
14,686,4,0,4,0,9,10,4,3,3,1,3,1,8,8,0,1
14,686,4,0,4,0,9,10,4,3,3,1,3,1,8,8,0,1
14,686,4,0,4,0,9,10,4,3,3,1,3,1,8,8,0,1
14,686,4,0,4,0,9,10,4,3,3,1,3,1,7,8,0,1
15,687,4,0,4,0,9,10,4,3,3,1,3,1,4,8,0,1
15,687,4,0,4,0,9,10,4,3,3,1,3,1,4,8,0,1
15,687,4,0,4,0,9,10,4,3,3,1,3,1,4,8,0,1
15,687,4,0,4,0,9,10,4,3,3,1,3,1,4,8,0,1
15,687,4,0,4,0,9,10,4,3,3,1,3,1,4,8,0,1
15,687,4,0,4,0,9,10,4,3,3,1,3,1,4,8,0,1
15,687,4,0,4,0,9,10,4,3,3,1,3,1,4,8,8,1
15,687,4,0,4,0,10,9,4,4,3,3,4,1,5,7,8,2
15,687,4,0,4,0,10,10,4,4,3,3,4,1,5,7,8,3
15,687,4,0,4,0,10,10,4,4,3,3,4,1,5,7,9,4
15,687,4,0,4,0,10,10,4,4,3,3,4,1,5,7,9,4
15,687,4,0,4,0,10,10,4,4,3,3,4,1,5,7,9,4
15,687,4,0,4,0,10,10,4,4,3,3,4,1,5,7,9,4
15,687,4,0,4,0,10,10,4,4,3,3,4,1,5,7,5,4
15,687,4,0,4,0,10,10,4,4,3,3,4,1,5,7,5,4
15,687,4,0,4,0,10,10,4,4,3,3,4,1,4,7,5,3
15,687,4,0,4,0,9,10,4,4,3,3,3,1,4,7,5,3
15,687,4,0,4,0,9,10,4,4,3,3,3,1,4,7,0,3
15,687,4,0,4,0,9,10,4,4,3,2,3,1,4,7,0,3
15,687,4,0,4,0,9,10,4,4,3,2,3,1,4,7,0,2
15,687,4,0,4,0,9,10,4,4,3,2,3,1,4,7,0,2
15,687,4,0,4,0,9,10,4,4,3,2,3,1,4,7,0,2
15,687,4,0,4,0,9,10,4,4,3,2,3,1,4,7,0,2
15,687,4,0,4,0,9,10,4,4,3,2,3,1,4,7,0,2
16,688,4,0,4,0,9,10,4,4,3,2,3,1,7,7,0,2
16,688,4,0,4,0,9,10,4,4,3,2,3,1,7,7,0,2
16,688,4,0,4,0,9,10,4,4,3,2,3,1,7,7,0,2
16,688,4,0,4,0,9,10,4,4,3,2,3,1,7,7,0,2
16,688,4,0,4,0,9,10,4,4,3,2,3,1,7,7,0,2
16,688,4,0,4,0,9,10,4,4,3,2,3,1,7,7,0,2
16,688,4,0,4,0,9,10,4,4,3,2,3,1,10,8,8,2
16,688,4,0,4,0,10,10,4,4,3,2,4,2,10,8,8,2
16,688,4,0,4,0,10,10,4,4,3,2,4,2,10,10,8,2
16,688,4,0,4,0,10,10,4,4,3,3,4,2,10,10,9,3
16,688,4,0,4,0,10,10,4,3,3,3,4,2,10,10,9,3
16,688,4,0,4,0,10,10,4,4,3,3,4,2,10,10,9,2
16,688,4,0,4,0,10,10,4,4,3,3,4,2,10,9,9,1
16,688,4,0,4,0,10,10,4,4,3,3,4,2,10,9,5,1
16,688,4,0,4,0,10,10,4,2,3,2,4,2,10,9,5,1
16,688,4,0,4,0,10,10,4,2,3,2,4,2,8,9,5,1
16,688,4,0,4,0,9,10,4,2,3,2,3,2,8,9,5,1
16,688,4,0,4,0,9,10,4,2,3,2,3,2,8,9,0,1
16,688,4,0,4,0,9,10,4,2,3,2,3,2,8,9,0,1
16,688,4,0,4,0,9,9,4,2,3,2,3,2,8,8,0,0
16,688,4,0,4,0,9,9,4,2,3,2,3,2,8,8,0,0
16,688,4,0,4,0,9,9,4,2,3,2,3,2,8,8,0,0
16,688,4,0,4,0,9,9,4,2,3,2,3,2,8,8,0,0
16,688,4,0,4,0,9,9,4,2,3,2,3,2,7,8,0,0
17,689,4,0,4,0,9,9,4,2,3,2,3,2,7,8,0,0
17,689,4,0,4,0,9,9,4,2,3,2,3,2,7,8,0,0
17,689,4,0,4,0,9,9,4,2,3,2,3,2,7,8,0,0
17,689,4,0,4,0,9,9,4,2,3,2,3,2,7,8,0,0
17,689,4,0,4,0,9,9,4,2,3,2,3,2,7,8,0,0
17,689,4,0,4,0,9,9,4,2,3,2,3,2,7,8,0,0
17,689,4,0,4,0,9,9,4,2,3,2,3,2,8,8,8,0
17,689,4,0,4,0,10,10,4,3,3,2,4,3,8,7,8,0
17,689,4,0,4,0,10,10,4,3,3,1,4,3,8,8,8,0
17,689,4,0,4,0,10,10,4,3,3,1,4,3,8,8,9,0
17,689,4,0,4,0,10,10,4,3,3,1,4,3,8,8,9,0
17,689,4,0,4,0,10,10,4,3,3,1,4,3,8,8,9,0
17,689,4,0,4,0,10,10,4,3,3,1,4,3,8,8,9,0
17,689,4,0,4,0,10,10,4,3,3,1,4,3,8,8,5,0
17,689,4,0,4,0,10,10,4,3,3,1,4,3,8,8,5,0
17,689,4,0,4,0,10,10,4,2,3,1,4,3,8,8,5,0
17,689,4,0,4,0,9,10,4,2,3,0,3,3,8,8,5,0
17,689,4,0,4,0,9,10,4,2,3,0,3,2,8,8,0,0
17,689,4,0,4,0,9,10,4,2,3,0,3,2,8,8,0,0
17,689,4,0,4,0,9,10,4,2,3,0,3,2,8,8,0,0
17,689,4,0,4,0,9,10,4,2,3,0,3,2,8,8,0,0
17,689,4,0,4,0,9,10,4,2,3,0,3,2,8,8,0,0
17,689,4,0,4,0,9,10,4,2,3,0,3,2,8,8,0,0
17,689,4,0,4,0,9,10,4,2,3,0,3,2,7,8,0,0
18,690,4,0,4,0,9,10,4,2,3,0,3,2,7,8,0,0
18,690,4,0,4,0,9,10,4,2,3,0,3,2,7,8,0,0
18,690,4,0,4,0,9,10,4,2,3,0,3,2,7,8,0,0
18,690,4,0,4,0,9,10,4,2,3,0,3,2,7,8,0,0
18,690,4,0,4,0,9,10,4,2,3,0,3,2,7,8,0,0
18,690,4,0,4,0,9,10,4,2,3,0,3,2,7,8,0,0
18,690,4,0,4,0,9,10,4,2,3,0,3,2,8,8,8,0
18,690,4,0,4,0,10,10,4,2,3,1,4,3,8,8,8,1
18,690,4,0,4,0,10,10,4,2,3,3,4,3,8,8,8,1
18,690,4,0,4,0,10,10,4,3,3,2,4,3,8,8,9,2
18,690,4,0,4,0,10,10,4,3,3,3,4,3,8,8,9,2
18,690,4,0,4,0,10,10,4,3,3,3,4,3,8,7,9,2
18,690,4,0,4,0,10,10,4,4,3,3,4,3,8,8,9,2
18,690,4,0,4,0,10,10,4,4,3,3,4,3,8,8,5,2
18,690,4,0,4,0,10,10,4,3,3,3,4,3,8,8,5,2
18,690,4,0,4,0,10,10,4,3,3,3,4,3,8,7,5,2
18,690,4,0,4,0,9,10,4,3,3,3,3,3,8,7,5,2
18,690,4,0,4,0,9,10,4,2,3,3,3,3,8,7,0,1
18,690,4,0,4,0,9,10,4,2,3,3,3,3,8,7,0,1
18,690,4,0,4,0,9,10,4,2,3,3,3,3,8,7,0,1
18,690,4,0,4,0,9,10,4,2,3,3,3,3,8,7,0,1
18,690,4,0,4,0,9,10,4,2,3,3,3,3,8,6,0,1
18,690,4,0,4,0,9,10,4,2,3,3,3,3,8,6,0,1
18,690,4,0,4,0,9,10,4,2,3,3,3,3,7,6,0,1
19,691,4,0,3,0,8,10,3,2,2,3,2,3,7,6,0,1
19,691,4,0,3,0,8,10,3,2,2,3,2,3,7,6,0,1
19,691,4,0,3,0,8,10,3,2,2,3,2,3,7,6,0,1
19,691,4,0,3,0,8,10,3,2,2,3,2,3,7,6,0,1
19,691,4,0,3,0,8,10,3,2,2,3,2,3,7,6,0,1
19,691,4,0,3,0,8,10,3,2,2,3,2,3,7,6,0,1
19,691,4,0,3,0,8,10,3,2,2,3,3,3,10,6,0,1
19,691,4,0,3,0,8,10,3,2,2,2,3,3,10,6,0,0
19,691,4,0,3,0,8,10,3,2,2,2,3,3,10,6,0,0
19,691,4,0,3,0,8,10,3,2,2,2,3,3,10,6,0,0
19,691,4,0,3,0,8,10,3,2,2,2,3,3,10,6,0,0
19,691,4,0,3,0,8,10,3,2,2,2,3,3,10,6,0,0
19,691,4,0,3,0,8,10,3,2,2,2,3,3,10,6,0,0
19,691,4,0,3,0,8,10,3,2,2,2,3,3,10,6,0,0
19,691,4,0,3,0,8,10,3,2,2,2,3,3,10,6,0,0
19,691,4,0,3,0,8,10,3,2,2,2,2,3,8,6,0,0
19,691,4,0,3,0,8,10,3,2,2,2,2,3,8,6,0,0
19,691,4,0,3,0,8,10,3,2,2,2,2,2,8,6,0,0
19,691,4,0,3,0,8,10,3,2,2,2,2,2,8,6,0,0
19,691,4,0,3,0,8,10,3,2,2,2,2,2,8,6,0,0
19,691,4,0,3,0,8,10,3,2,2,2,2,2,8,6,0,0
19,691,4,0,3,0,8,10,3,2,2,2,2,2,8,6,0,0
19,691,4,0,3,0,8,10,3,2,2,2,2,2,8,6,0,0
19,691,4,0,3,0,8,10,3,2,2,2,2,2,7,6,0,0
20,692,4,0,3,0,8,10,3,2,2,2,2,2,4,6,0,0
20,692,4,0,3,0,8,10,3,2,2,2,2,2,4,6,0,0
20,692,4,0,3,0,8,10,3,2,2,2,2,2,4,6,0,0
20,692,4,0,3,0,8,10,3,2,2,2,2,2,4,6,0,0
20,692,4,0,3,0,8,10,3,2,2,2,2,2,4,6,0,0
20,692,4,0,3,0,8,10,3,2,2,2,2,2,4,6,0,0
20,692,4,0,3,0,8,10,3,2,2,2,3,2,4,6,0,0
20,692,4,0,3,0,8,8,3,2,2,2,3,1,5,6,0,0
20,692,4,0,3,0,8,8,3,2,2,2,3,1,5,6,0,0
20,692,4,0,3,0,8,8,3,2,2,2,3,1,5,6,0,0
20,692,4,0,3,0,8,8,3,2,2,2,3,1,5,6,0,0
20,692,4,0,3,0,8,8,3,2,2,2,3,1,5,6,0,0
20,692,4,0,3,0,8,8,3,2,2,2,3,1,5,6,0,0
20,692,4,0,3,0,8,8,3,2,2,2,3,1,5,6,0,0
20,692,4,0,3,0,8,8,3,2,2,2,3,1,5,6,0,0
20,692,4,0,3,0,8,8,3,2,2,2,2,1,4,6,0,0
20,692,4,0,3,0,8,8,3,2,2,2,2,1,4,6,0,0
20,692,4,0,3,0,8,8,3,2,2,2,2,1,4,6,0,0
20,692,4,0,3,0,8,8,3,2,2,2,2,1,4,6,0,0
20,692,4,0,3,0,8,8,3,2,2,2,2,1,4,6,0,0
20,692,4,0,3,0,8,8,3,2,2,2,2,1,4,6,0,0
20,692,4,0,3,0,8,8,3,2,2,2,2,1,4,6,0,0
20,692,4,0,3,0,8,8,3,2,2,2,2,1,4,6,0,0
20,692,4,0,3,0,8,8,3,2,2,2,2,1,4,6,0,0
21,693,4,0,4,0,9,8,4,2,3,2,3,1,7,6,0,0
21,693,4,0,4,0,9,8,4,2,3,2,3,1,7,6,0,0
21,693,4,0,4,0,9,8,4,2,3,2,3,1,7,6,0,0
21,693,4,0,4,0,9,8,4,2,3,2,3,1,7,6,0,0
21,693,4,0,4,0,9,8,4,2,3,2,3,1,7,6,0,0
21,693,4,0,4,0,9,8,4,2,3,2,3,1,7,6,0,0
21,693,4,0,4,0,9,8,4,2,3,2,3,1,8,6,8,0
21,693,4,0,4,0,10,10,4,3,3,2,4,2,8,8,8,1
21,693,4,0,4,0,10,10,4,4,3,2,4,2,8,8,8,1
21,693,4,0,4,0,10,10,4,4,3,2,4,2,8,8,9,1
21,693,4,0,4,0,10,10,4,4,3,3,4,2,8,8,9,1
21,693,4,0,4,0,10,10,4,4,3,3,4,2,8,8,9,1
21,693,4,0,4,0,10,10,4,4,3,3,4,2,8,8,9,1
21,693,4,0,4,0,10,10,4,4,3,3,4,2,8,9,5,1
21,693,4,0,4,0,10,10,4,4,3,2,4,2,8,9,5,1
21,693,4,0,4,0,10,10,4,4,3,1,4,2,8,9,5,1
21,693,4,0,4,0,9,10,4,4,3,1,3,2,8,8,5,0
21,693,4,0,4,0,9,9,4,4,3,1,3,2,8,7,0,0
21,693,4,0,4,0,9,9,4,4,3,1,3,2,8,6,0,0
21,693,4,0,4,0,9,9,4,4,3,1,3,2,8,6,0,0
21,693,4,0,4,0,9,9,4,4,3,1,3,2,8,6,0,0
21,693,4,0,4,0,9,9,4,4,3,1,3,2,8,6,0,0
21,693,4,0,4,0,9,9,4,4,3,1,3,2,8,6,0,0
21,693,4,0,4,0,9,9,4,4,3,1,3,2,7,6,0,0
22,694,4,0,4,0,9,9,4,4,3,1,3,2,4,6,0,0
22,694,4,0,4,0,9,9,4,4,3,1,3,2,4,6,0,0
22,694,4,0,4,0,9,9,4,4,3,1,3,2,4,6,0,0
22,694,4,0,4,0,9,9,4,4,3,1,3,2,4,6,0,0
22,694,4,0,4,0,9,9,4,4,3,1,3,2,4,6,0,0
22,694,4,0,4,0,9,9,4,4,3,1,3,2,4,6,0,0
22,694,4,0,4,0,9,9,4,4,3,1,3,2,4,6,8,0
22,694,4,0,4,0,10,9,4,3,3,2,4,3,5,6,8,5
22,694,4,0,4,0,10,10,4,4,3,3,4,2,5,6,8,6
22,694,4,0,4,0,10,10,4,4,3,3,4,2,5,6,9,7
22,694,4,0,4,0,10,10,4,4,3,3,4,2,5,6,9,8
22,694,4,0,4,0,10,10,4,4,3,3,4,2,5,6,9,8
22,694,4,0,4,0,10,10,4,4,3,3,4,2,5,6,9,8
22,694,4,0,4,0,10,10,4,4,3,3,4,2,5,6,5,8
22,694,4,0,4,0,10,10,4,4,3,3,4,2,5,6,5,8
22,694,4,0,4,0,10,10,4,2,3,1,4,2,4,6,5,5
22,694,4,0,4,0,9,10,4,2,3,1,3,1,4,6,5,5
22,694,4,0,4,0,9,10,4,2,3,1,3,1,4,5,0,5
22,694,4,0,4,0,9,10,4,2,3,1,3,1,4,5,0,5
22,694,4,0,4,0,9,10,4,2,3,1,3,1,4,5,0,5
22,694,4,0,4,0,9,10,4,2,3,0,3,1,4,5,0,5
22,694,4,0,4,0,9,10,4,2,3,0,3,1,4,5,0,5
22,694,4,0,4,0,9,10,4,2,3,0,3,1,4,5,0,3
22,694,4,0,4,0,9,10,4,2,3,0,3,1,4,5,0,3
23,695,4,0,4,0,9,10,4,2,3,0,3,1,7,7,0,3
23,695,4,0,4,0,9,10,4,2,3,0,3,1,7,7,0,3
23,695,4,0,4,0,9,10,4,2,3,0,3,1,7,7,0,3
23,695,4,0,4,0,9,10,4,2,3,0,3,1,7,7,0,3
23,695,4,0,4,0,9,10,4,2,3,0,3,1,7,7,0,3
23,695,4,0,4,0,9,10,4,2,3,0,3,1,7,7,0,3
23,695,4,0,4,0,9,10,4,2,3,0,3,1,10,8,8,3
23,695,4,0,4,0,10,10,4,3,3,0,4,2,10,7,8,1
23,695,4,0,4,0,10,10,4,3,3,0,4,2,10,9,8,1
23,695,4,0,4,0,10,10,4,4,3,0,4,2,10,10,9,1
23,695,4,0,4,0,10,10,4,4,3,1,4,2,10,10,9,1
23,695,4,0,4,0,10,10,4,4,3,1,4,2,10,9,9,0
23,695,4,0,4,0,10,10,4,4,3,1,4,2,10,10,9,0
23,695,4,0,4,0,10,10,4,3,3,1,4,2,10,10,5,0
23,695,4,0,4,0,10,10,4,3,3,1,4,2,10,10,5,0
23,695,4,0,4,0,10,10,4,3,3,1,4,2,8,10,5,0
23,695,4,0,4,0,9,10,4,3,3,1,3,2,8,10,5,0
23,695,4,0,4,0,9,10,4,3,3,1,3,2,8,9,0,0
23,695,4,0,4,0,9,10,4,3,3,1,3,2,8,9,0,0
23,695,4,0,4,0,9,10,4,3,3,1,3,2,8,8,0,0
23,695,4,0,4,0,9,9,4,3,3,1,3,2,8,8,0,0
23,695,4,0,4,0,9,9,4,3,3,1,3,2,8,8,0,0
23,695,4,0,4,0,9,9,4,3,3,1,3,2,8,8,0,0
23,695,4,0,4,0,9,9,4,3,3,1,3,2,7,8,0,0
24,696,4,0,4,0,9,9,4,3,3,1,3,2,7,8,0,0
24,696,4,0,4,0,9,9,4,3,3,1,3,2,7,8,0,0
24,696,4,0,4,0,9,9,4,3,3,1,3,2,7,8,0,0
24,696,4,0,4,0,9,9,4,3,3,1,3,2,7,8,0,0
24,696,4,0,4,0,9,9,4,3,3,1,3,2,7,8,0,0
24,696,4,0,4,0,9,9,4,3,3,1,3,2,7,8,0,0
24,696,4,0,4,0,9,9,4,3,3,1,3,2,8,8,8,0
24,696,4,0,4,0,10,10,4,3,3,1,4,3,8,7,8,0
24,696,4,0,4,0,10,10,4,3,3,1,4,3,8,8,8,0
24,696,4,0,4,0,10,10,4,3,3,1,4,3,8,8,9,0
24,696,4,0,4,0,10,10,4,3,3,1,4,3,8,8,9,0
24,696,4,0,4,0,10,10,4,3,3,1,4,3,8,8,9,0
24,696,4,0,4,0,10,10,4,3,3,1,4,3,8,8,9,0
24,696,4,0,4,0,10,10,4,3,3,1,4,3,8,8,5,0
24,696,4,0,4,0,10,10,4,3,3,1,4,3,8,8,5,0
24,696,4,0,4,0,10,10,4,3,3,1,4,3,8,8,5,0
24,696,4,0,4,0,9,10,4,3,3,1,3,3,8,8,5,0
24,696,4,0,4,0,9,10,4,3,3,1,3,3,8,7,0,0
24,696,4,0,4,0,9,10,4,3,3,1,3,3,8,7,0,0
24,696,4,0,4,0,9,10,4,3,3,1,3,3,8,7,0,0
24,696,4,0,4,0,9,10,4,3,3,1,3,3,8,7,0,0
24,696,4,0,4,0,9,9,4,3,3,1,3,3,8,6,0,0
24,696,4,0,4,0,9,9,4,3,3,1,3,3,8,6,0,0
24,696,4,0,4,0,9,9,4,3,3,1,3,3,7,6,0,0
25,697,4,0,4,0,9,9,4,3,3,1,3,3,7,6,0,0
25,697,4,0,4,0,9,9,4,3,3,1,3,3,7,6,0,0
25,697,4,0,4,0,9,9,4,3,3,1,3,3,7,6,0,0
25,697,4,0,4,0,9,9,4,3,3,1,3,3,7,6,0,0
25,697,4,0,4,0,9,9,4,3,3,1,3,3,7,6,0,0
25,697,4,0,4,0,9,9,4,3,3,1,3,3,7,6,0,0
25,697,4,0,4,0,9,9,4,3,3,1,3,3,8,6,8,0
25,697,4,0,4,0,10,9,4,2,3,2,4,4,8,8,8,1
25,697,4,0,4,0,10,10,4,3,3,3,4,4,8,8,8,1
25,697,4,0,4,0,10,10,4,4,3,3,4,4,8,8,9,2
25,697,4,0,4,0,10,10,4,4,3,3,4,4,8,8,9,3
25,697,4,0,4,0,10,10,4,4,3,3,4,4,8,8,9,4
25,697,4,0,4,0,10,9,4,3,3,3,4,4,8,8,9,3
25,697,4,0,4,0,10,9,4,3,3,3,4,4,8,8,5,3
25,697,4,0,4,0,10,9,4,4,3,3,4,4,8,8,5,3
25,697,4,0,4,0,10,9,4,4,3,3,4,4,8,8,5,1
25,697,4,0,4,0,9,9,4,4,3,3,3,4,8,8,5,1
25,697,4,0,4,0,9,8,4,4,3,3,3,4,8,8,0,1
25,697,4,0,4,0,9,7,4,4,3,3,3,4,8,8,0,1
25,697,4,0,4,0,9,7,4,3,3,2,3,4,8,8,0,1
25,697,4,0,4,0,9,7,4,3,3,2,3,4,8,8,0,1
25,697,4,0,4,0,9,7,4,3,3,2,3,4,8,8,0,1
25,697,4,0,4,0,9,7,4,3,3,2,3,4,8,8,0,1
25,697,4,0,4,0,9,7,4,3,3,2,3,4,7,8,0,1
26,698,4,0,3,0,8,7,3,3,2,2,2,4,7,8,0,1
26,698,4,0,3,0,8,7,3,3,2,2,2,4,7,8,0,1
26,698,4,0,3,0,8,7,3,3,2,2,2,4,7,8,0,1
26,698,4,0,3,0,8,7,3,3,2,2,2,4,7,8,0,1
26,698,4,0,3,0,8,7,3,3,2,2,2,4,7,8,0,1
26,698,4,0,3,0,8,7,3,3,2,2,2,4,7,8,0,1
26,698,4,0,3,0,8,7,3,3,2,2,3,4,10,8,0,1
26,698,4,0,3,0,8,7,3,3,2,2,3,4,10,8,0,1
26,698,4,0,3,0,8,7,3,3,2,2,3,4,10,8,0,1
26,698,4,0,3,0,8,7,3,3,2,2,3,4,10,8,0,1
26,698,4,0,3,0,8,7,3,3,2,2,3,4,10,8,0,1
26,698,4,0,3,0,8,7,3,3,2,2,3,4,10,8,0,1
26,698,4,0,3,0,8,7,3,3,2,2,3,4,10,7,0,1
26,698,4,0,3,0,8,7,3,3,2,2,3,4,10,7,0,1
26,698,4,0,3,0,8,7,3,3,2,2,3,4,10,7,0,1
26,698,4,0,3,0,8,7,3,3,2,2,2,4,8,7,0,0
26,698,4,0,3,0,8,7,3,3,2,2,2,4,8,7,0,0
26,698,4,0,3,0,8,7,3,3,2,2,2,4,8,7,0,0
26,698,4,0,3,0,8,7,3,3,2,2,2,4,8,7,0,0
26,698,4,0,3,0,8,7,3,3,2,2,2,4,8,7,0,0
26,698,4,0,3,0,8,7,3,3,2,2,2,4,8,7,0,0
26,698,4,0,3,0,8,7,3,3,2,2,2,4,8,7,0,0
26,698,4,0,3,0,8,7,3,3,2,2,2,4,8,7,0,0
26,698,4,0,3,0,8,7,3,3,2,2,2,4,7,7,0,0
27,699,4,0,3,0,8,7,3,3,2,2,2,4,4,7,0,0
27,699,4,0,3,0,8,7,3,3,2,2,2,4,4,7,0,0
27,699,4,0,3,0,8,7,3,3,2,2,2,4,4,7,0,0
27,699,4,0,3,0,8,7,3,3,2,2,2,4,4,7,0,0
27,699,4,0,3,0,8,7,3,3,2,2,2,4,4,7,0,0
27,699,4,0,3,0,8,7,3,3,2,2,2,4,4,7,0,0
27,699,4,0,3,0,8,7,3,3,2,2,3,4,4,7,0,0
27,699,4,0,3,0,8,7,3,3,2,2,3,4,5,6,0,0
27,699,4,0,3,0,8,7,3,3,2,2,3,4,5,6,0,0
27,699,4,0,3,0,8,7,3,3,2,2,3,4,5,6,0,0
27,699,4,0,3,0,8,7,3,3,2,1,3,4,5,6,0,0
27,699,4,0,3,0,8,7,3,3,2,1,3,4,5,6,0,0
27,699,4,0,3,0,8,7,3,3,2,1,3,3,5,6,0,0
27,699,4,0,3,0,8,6,3,3,2,1,3,3,5,6,0,0
27,699,4,0,3,0,8,6,3,3,2,1,3,3,5,6,0,0
27,699,4,0,3,0,8,6,3,2,2,0,2,3,4,6,0,0
27,699,4,0,3,0,8,6,3,2,2,0,2,3,4,6,0,0
27,699,4,0,3,0,8,6,3,2,2,0,2,3,4,6,0,0
27,699,4,0,3,0,8,6,3,2,2,0,2,3,4,6,0,0
27,699,4,0,3,0,8,6,3,2,2,0,2,3,4,6,0,0
27,699,4,0,3,0,8,6,3,2,2,0,2,3,4,6,0,0
27,699,4,0,3,0,8,6,3,2,2,0,2,3,4,6,0,0
27,699,4,0,3,0,8,6,3,2,2,0,2,3,4,6,0,0
27,699,4,0,3,0,8,6,3,2,2,0,2,3,4,6,0,0
0,700,4,0,4,0,9,6,4,2,3,0,3,3,7,6,0,0
0,700,4,0,4,0,9,6,4,2,3,0,3,3,7,6,0,0
0,700,4,0,4,0,9,6,4,2,3,0,3,3,7,6,0,0
0,700,4,0,4,0,9,6,4,2,3,0,3,3,7,6,0,0
0,700,4,0,4,0,9,6,4,2,3,0,3,3,7,6,0,0
0,700,4,0,4,0,9,6,4,2,3,0,3,3,7,6,0,0
0,700,4,0,4,0,9,6,4,2,3,0,3,3,8,6,8,0
0,700,4,0,4,0,10,9,4,3,3,0,4,3,8,7,8,2
0,700,4,0,4,0,10,10,4,4,3,0,4,3,8,7,8,2
0,700,4,0,4,0,10,10,4,4,3,0,4,3,8,8,9,2
0,700,4,0,4,0,10,10,4,4,3,0,4,3,8,8,9,2
0,700,4,0,4,0,10,10,4,4,3,1,4,3,8,8,9,2
0,700,4,0,4,0,10,10,4,4,3,1,4,2,8,8,9,2
0,700,4,0,4,0,10,10,4,3,3,1,4,2,8,6,5,2
0,700,4,0,4,0,10,10,4,3,3,0,4,2,8,7,5,2
0,700,4,0,4,0,10,9,4,3,3,0,4,2,8,6,5,2
0,700,4,0,4,0,9,9,4,3,3,0,3,1,8,6,5,2
0,700,4,0,4,0,9,9,4,3,3,0,3,1,8,6,0,1
0,700,4,0,4,0,9,9,4,3,3,0,3,1,8,6,0,1
0,700,4,0,4,0,9,9,4,3,3,0,3,1,8,6,0,0
0,700,4,0,4,0,9,9,4,3,3,0,3,1,8,6,0,0
0,700,4,0,4,0,9,9,4,3,3,0,3,1,8,6,0,0
0,700,4,0,4,0,9,9,4,3,3,0,3,1,8,6,0,0
0,700,4,0,4,0,9,9,4,3,3,0,3,1,7,6,0,0
1,701,4,0,4,0,9,9,4,3,3,0,3,1,4,6,0,0
1,701,4,0,4,0,9,9,4,3,3,0,3,1,4,6,0,0
1,701,4,0,4,0,9,9,4,3,3,0,3,1,4,6,0,0
1,701,4,0,4,0,9,9,4,3,3,0,3,1,4,6,0,0
1,701,4,0,4,0,9,9,4,3,3,0,3,1,4,6,0,0
1,701,4,0,4,0,9,9,4,3,3,0,3,1,4,6,0,0
1,701,4,0,4,0,9,9,4,3,3,0,3,1,4,6,8,0
1,701,4,0,4,0,10,9,4,2,3,2,4,1,5,6,8,1
1,701,4,0,4,0,10,10,4,3,3,3,4,1,5,6,8,1
1,701,4,0,4,0,10,10,4,4,3,2,4,1,5,6,9,2
1,701,4,0,4,0,10,10,4,4,3,2,4,1,5,6,9,2
1,701,4,0,4,0,10,10,4,4,3,2,4,1,5,6,9,2
1,701,4,0,4,0,10,10,4,4,3,2,4,1,5,6,9,2
1,701,4,0,4,0,10,9,4,4,3,2,4,1,5,6,5,2
1,701,4,0,4,0,10,9,4,4,3,2,4,1,5,6,5,2
1,701,4,0,4,0,10,9,4,4,3,2,4,1,4,6,5,2
1,701,4,0,4,0,9,9,4,4,3,2,3,1,4,6,5,2
1,701,4,0,4,0,9,9,4,3,3,2,3,1,4,6,0,2
1,701,4,0,4,0,9,9,4,3,3,2,3,1,4,6,0,2
1,701,4,0,4,0,9,9,4,3,3,2,3,1,4,6,0,2
1,701,4,0,4,0,9,9,4,3,3,1,3,1,4,6,0,2
1,701,4,0,4,0,9,9,4,3,3,1,3,1,4,6,0,1
1,701,4,0,4,0,9,9,4,3,3,1,3,1,4,6,0,1
1,701,4,0,4,0,9,9,4,3,3,1,3,1,4,6,0,1
2,702,4,0,4,0,9,9,4,3,3,1,3,1,7,7,0,1
2,702,4,0,4,0,9,9,4,3,3,1,3,1,7,7,0,1
2,702,4,0,4,0,9,9,4,3,3,1,3,1,7,7,0,1
2,702,4,0,4,0,9,9,4,3,3,1,3,1,7,7,0,1
2,702,4,0,4,0,9,9,4,3,3,1,3,1,7,7,0,1
2,702,4,0,4,0,9,9,4,3,3,1,3,1,7,7,0,1
2,702,4,0,4,0,9,9,4,3,3,1,3,1,10,7,8,1
2,702,4,0,4,0,10,9,4,4,3,1,4,1,10,10,8,1
2,702,4,0,4,0,10,10,4,4,3,2,4,1,10,10,8,1
2,702,4,0,4,0,10,10,4,3,3,2,4,1,10,11,9,1
2,702,4,0,4,0,10,10,4,4,3,2,4,1,10,11,9,1
2,702,4,0,4,0,10,10,4,4,3,2,4,1,10,11,9,1
2,702,4,0,4,0,10,10,4,4,3,2,4,1,10,11,9,1
2,702,4,0,4,0,10,10,4,4,3,2,4,1,10,10,5,0
2,702,4,0,4,0,10,10,4,4,3,2,4,1,10,10,5,0
2,702,4,0,4,0,10,10,4,4,3,2,4,1,8,10,5,0
2,702,4,0,4,0,9,10,4,4,3,2,3,1,8,9,5,0
2,702,4,0,4,0,9,10,4,4,3,2,3,1,8,8,0,0
2,702,4,0,4,0,9,10,4,4,3,2,3,1,8,8,0,0
2,702,4,0,4,0,9,10,4,4,3,2,3,1,8,8,0,0
2,702,4,0,4,0,9,10,4,4,3,1,3,1,8,8,0,0
2,702,4,0,4,0,9,10,4,4,3,1,3,1,8,8,0,0
2,702,4,0,4,0,9,10,4,4,3,1,3,1,8,8,0,0
2,702,4,0,4,0,9,10,4,4,3,1,3,1,7,8,0,0
3,703,4,0,4,0,9,10,4,4,3,1,3,1,7,8,0,0
3,703,4,0,4,0,9,10,4,4,3,1,3,1,7,8,0,0
3,703,4,0,4,0,9,10,4,4,3,1,3,1,7,8,0,0
3,703,4,0,4,0,9,10,4,4,3,1,3,1,7,8,0,0
3,703,4,0,4,0,9,10,4,4,3,1,3,1,7,8,0,0
3,703,4,0,4,0,9,10,4,4,3,1,3,1,7,8,0,0
3,703,4,0,4,0,9,10,4,4,3,1,3,1,8,8,8,0
3,703,4,0,4,0,10,10,4,3,3,2,4,2,8,6,8,0
3,703,4,0,4,0,10,10,4,3,3,2,4,2,8,7,8,0
3,703,4,0,4,0,10,10,4,3,3,2,4,2,8,8,9,0
3,703,4,0,4,0,10,10,4,3,3,2,4,2,8,8,9,0
3,703,4,0,4,0,10,10,4,3,3,2,4,2,8,7,9,0
3,703,4,0,4,0,10,10,4,3,3,2,4,2,8,7,9,0
3,703,4,0,4,0,10,10,4,3,3,2,4,2,8,7,5,0
3,703,4,0,4,0,10,10,4,3,3,2,4,2,8,7,5,0
3,703,4,0,4,0,10,10,4,3,3,2,4,2,8,7,5,0
3,703,4,0,4,0,9,10,4,3,3,2,3,2,8,7,5,0
3,703,4,0,4,0,9,10,4,3,3,2,3,2,8,7,0,0
3,703,4,0,4,0,9,10,4,3,3,2,3,2,8,7,0,0
3,703,4,0,4,0,9,10,4,3,3,2,3,2,8,7,0,0
3,703,4,0,4,0,9,10,4,3,3,2,3,2,8,7,0,0
3,703,4,0,4,0,9,10,4,3,3,2,3,2,8,7,0,0
3,703,4,0,4,0,9,10,4,3,3,2,3,2,8,7,0,0
3,703,4,0,4,0,9,10,4,3,3,2,3,2,7,7,0,0
4,704,4,0,4,0,9,10,4,3,3,2,3,2,7,7,0,0
4,704,4,0,4,0,9,10,4,3,3,2,3,2,7,7,0,0
4,704,4,0,4,0,9,10,4,3,3,2,3,2,7,7,0,0
4,704,4,0,4,0,9,10,4,3,3,2,3,2,7,7,0,0
4,704,4,0,4,0,9,10,4,3,3,2,3,2,7,7,0,0
4,704,4,0,4,0,9,10,4,3,3,2,3,2,7,7,0,0
4,704,4,0,4,0,9,10,4,3,3,2,3,2,8,7,8,0
4,704,4,0,4,0,10,10,4,3,3,3,4,3,8,6,8,1
4,704,4,0,4,0,10,10,4,4,3,3,4,3,8,8,8,1
4,704,4,0,4,0,10,10,4,4,3,3,4,3,8,8,9,1
4,704,4,0,4,0,10,10,4,4,3,3,4,3,8,8,9,1
4,704,4,0,4,0,10,10,4,4,3,3,4,3,8,8,9,1
4,704,4,0,4,0,10,10,4,4,3,3,4,3,8,8,9,1
4,704,4,0,4,0,10,10,4,4,3,3,4,3,8,8,5,1
4,704,4,0,4,0,10,10,4,3,3,3,4,3,8,8,5,1
4,704,4,0,4,0,10,10,4,3,3,3,4,3,8,8,5,1
4,704,4,0,4,0,9,10,4,3,3,3,3,3,8,8,5,1
4,704,4,0,4,0,9,10,4,3,3,3,3,3,8,8,0,1
4,704,4,0,4,0,9,10,4,3,3,3,3,3,8,8,0,1
4,704,4,0,4,0,9,10,4,3,3,3,3,2,8,8,0,1
4,704,4,0,4,0,9,9,4,3,3,3,3,2,8,6,0,1
4,704,4,0,4,0,9,9,4,3,3,3,3,2,8,6,0,1
4,704,4,0,4,0,9,9,4,2,3,3,3,2,8,6,0,1
4,704,4,0,4,0,9,9,4,2,3,3,3,2,7,6,0,1
5,705,4,0,3,0,8,9,3,2,2,3,2,2,7,6,0,1
5,705,4,0,3,0,8,9,3,2,2,3,2,2,7,6,0,1
5,705,4,0,3,0,8,9,3,2,2,3,2,2,7,6,0,1
5,705,4,0,3,0,8,9,3,2,2,3,2,2,7,6,0,1
5,705,4,0,3,0,8,9,3,2,2,3,2,2,7,6,0,1
5,705,4,0,3,0,8,9,3,2,2,3,2,2,7,6,0,1
5,705,4,0,3,0,8,9,3,2,2,3,3,2,10,6,0,1
5,705,4,0,3,0,8,8,3,2,2,3,3,2,10,5,0,0
5,705,4,0,3,0,8,8,3,2,2,3,3,2,10,5,0,0
5,705,4,0,3,0,8,8,3,2,2,3,3,2,10,5,0,0
5,705,4,0,3,0,8,8,3,2,2,3,3,2,10,5,0,0
5,705,4,0,3,0,8,8,3,2,2,3,3,2,10,5,0,0
5,705,4,0,3,0,8,8,3,2,2,3,3,2,10,5,0,0
5,705,4,0,3,0,8,8,3,2,2,2,3,2,10,5,0,0
5,705,4,0,3,0,8,8,3,2,2,2,3,2,10,5,0,0
5,705,4,0,3,0,8,8,3,2,2,2,2,2,8,5,0,0
5,705,4,0,3,0,8,8,3,2,2,2,2,2,8,5,0,0
5,705,4,0,3,0,8,8,3,2,2,2,2,2,8,5,0,0
5,705,4,0,3,0,8,8,3,2,2,2,2,2,8,5,0,0
5,705,4,0,3,0,8,8,3,2,2,2,2,2,8,5,0,0
5,705,4,0,3,0,8,8,3,2,2,2,2,2,8,5,0,0
5,705,4,0,3,0,8,8,3,2,2,2,2,2,8,5,0,0
5,705,4,0,3,0,8,7,3,2,2,2,2,2,8,5,0,0
5,705,4,0,3,0,8,7,3,2,2,2,2,2,7,5,0,0
6,706,4,0,3,0,8,7,3,2,2,2,2,2,4,5,0,0
6,706,4,0,3,0,8,7,3,2,2,2,2,2,4,5,0,0
6,706,4,0,3,0,8,7,3,2,2,2,2,2,4,5,0,0
6,706,4,0,3,0,8,7,3,2,2,2,2,2,4,5,0,0
6,706,4,0,3,0,8,7,3,2,2,2,2,2,4,5,0,0
6,706,4,0,3,0,8,7,3,2,2,2,2,2,4,5,0,0
6,706,4,0,3,0,8,7,3,2,2,2,3,2,4,5,0,0
6,706,4,0,3,0,8,6,3,2,2,2,3,1,5,5,0,0
6,706,4,0,3,0,8,6,3,2,2,2,3,1,5,5,0,0
6,706,4,0,3,0,8,6,3,2,2,2,3,1,5,5,0,0
6,706,4,0,3,0,8,6,3,2,2,2,3,1,5,5,0,0
6,706,4,0,3,0,8,6,3,2,2,2,3,1,5,5,0,0
6,706,4,0,3,0,8,6,3,2,2,2,3,1,5,5,0,0
6,706,4,0,3,0,8,6,3,2,2,2,3,1,5,5,0,0
6,706,4,0,3,0,8,6,3,2,2,2,3,1,5,5,0,0
6,706,4,0,3,0,8,6,3,2,2,2,2,1,4,5,0,0
6,706,4,0,3,0,8,6,3,2,2,2,2,1,4,5,0,0
6,706,4,0,3,0,8,6,3,2,2,2,2,1,4,5,0,0
6,706,4,0,3,0,8,6,3,2,2,2,2,1,4,5,0,0
6,706,4,0,3,0,8,6,3,2,2,2,2,1,4,5,0,0
6,706,4,0,3,0,8,6,3,2,2,2,2,1,4,5,0,0
6,706,4,0,3,0,8,6,3,2,2,2,2,1,4,5,0,0
6,706,4,0,3,0,8,6,3,2,2,2,2,1,4,5,0,0
6,706,4,0,3,0,8,6,3,2,2,2,2,1,4,5,0,0
7,707,4,0,4,0,9,6,4,2,3,2,3,1,7,5,0,0
7,707,4,0,4,0,9,6,4,2,3,2,3,1,7,5,0,0
7,707,4,0,4,0,9,6,4,2,3,2,3,1,7,5,0,0
7,707,4,0,4,0,9,6,4,2,3,2,3,1,7,5,0,0
7,707,4,0,4,0,9,6,4,2,3,2,3,1,7,5,0,0
7,707,4,0,4,0,9,6,4,2,3,2,3,1,7,5,0,0
7,707,4,0,4,0,9,6,4,2,3,2,3,1,8,5,8,0
7,707,4,0,4,0,10,9,4,4,3,3,4,2,8,6,8,1
7,707,4,0,4,0,10,9,4,4,3,3,4,2,8,7,8,1
7,707,4,0,4,0,10,9,4,3,3,3,4,2,8,8,9,1
7,707,4,0,4,0,10,9,4,4,3,3,4,2,8,8,9,1
7,707,4,0,4,0,10,10,4,4,3,3,4,2,8,8,9,1
7,707,4,0,4,0,10,10,4,3,3,3,4,2,8,8,9,1
7,707,4,0,4,0,10,9,4,4,3,3,4,2,8,7,5,1
7,707,4,0,4,0,10,9,4,4,3,3,4,2,8,7,5,1
7,707,4,0,4,0,10,9,4,4,3,3,4,2,8,7,5,1
7,707,4,0,4,0,9,9,4,4,3,3,3,2,8,7,5,1
7,707,4,0,4,0,9,9,4,4,3,3,3,2,8,6,0,1
7,707,4,0,4,0,9,9,4,4,3,3,3,2,8,6,0,1
7,707,4,0,4,0,9,9,4,3,3,2,3,2,8,6,0,1
7,707,4,0,4,0,9,9,4,3,3,2,3,2,8,6,0,1
7,707,4,0,4,0,9,9,4,3,3,2,3,2,8,6,0,1
7,707,4,0,4,0,9,9,4,3,3,2,3,2,8,6,0,1
7,707,4,0,4,0,9,9,4,3,3,2,3,2,7,6,0,1
8,708,4,0,4,0,9,9,4,3,3,2,3,2,4,6,0,1
8,708,4,0,4,0,9,9,4,3,3,2,3,2,4,6,0,1
8,708,4,0,4,0,9,9,4,3,3,2,3,2,4,6,0,1
8,708,4,0,4,0,9,9,4,3,3,2,3,2,4,6,0,1
8,708,4,0,4,0,9,9,4,3,3,2,3,2,4,6,0,1
8,708,4,0,4,0,9,9,4,3,3,2,3,2,4,6,0,1
8,708,4,0,4,0,9,9,4,3,3,2,3,2,4,6,8,1
8,708,4,0,4,0,10,9,4,3,3,3,4,2,5,6,8,2
8,708,4,0,4,0,10,9,4,4,3,3,4,2,5,6,8,3
8,708,4,0,4,0,10,10,4,4,3,2,4,2,5,6,9,3
8,708,4,0,4,0,10,10,4,4,3,3,4,2,5,6,9,3
8,708,4,0,4,0,10,10,4,4,3,3,4,2,5,6,9,3
8,708,4,0,4,0,10,10,4,4,3,3,4,2,5,6,9,3
8,708,4,0,4,0,10,10,4,4,3,3,4,2,5,6,5,3
8,708,4,0,4,0,10,10,4,4,3,3,4,2,5,6,5,3
8,708,4,0,4,0,10,10,4,4,3,3,4,2,4,6,5,3
8,708,4,0,4,0,9,10,4,4,3,3,3,2,4,6,5,3
8,708,4,0,4,0,9,10,4,3,3,3,3,2,4,6,0,3
8,708,4,0,4,0,9,10,4,2,3,3,3,2,4,6,0,3
8,708,4,0,4,0,9,10,4,2,3,3,3,2,4,6,0,3
8,708,4,0,4,0,9,10,4,2,3,3,3,2,4,6,0,3
8,708,4,0,4,0,9,10,4,2,3,3,3,2,4,6,0,3
8,708,4,0,4,0,9,10,4,2,3,3,3,2,4,6,0,3
8,708,4,0,4,0,9,10,4,2,3,3,3,2,4,6,0,3
9,709,4,0,4,0,9,10,4,2,3,3,3,2,7,7,0,3
9,709,4,0,4,0,9,10,4,2,3,3,3,2,7,7,0,3
9,709,4,0,4,0,9,10,4,2,3,3,3,2,7,7,0,3
9,709,4,0,4,0,9,10,4,2,3,3,3,2,7,7,0,3
9,709,4,0,4,0,9,10,4,2,3,3,3,2,7,7,0,3
9,709,4,0,4,0,9,10,4,2,3,3,3,2,7,7,0,3
9,709,4,0,4,0,9,10,4,2,3,3,3,2,10,7,8,3
9,709,4,0,4,0,10,10,4,3,3,1,4,2,10,10,8,1
9,709,4,0,4,0,10,10,4,3,3,1,4,2,10,10,8,2
9,709,4,0,4,0,10,10,4,4,3,1,4,2,10,10,9,2
9,709,4,0,4,0,10,10,4,4,3,2,4,2,10,10,9,3
9,709,4,0,4,0,10,10,4,4,3,2,4,2,10,10,9,3
9,709,4,0,4,0,10,10,4,4,3,2,4,2,10,10,9,3
9,709,4,0,4,0,10,10,4,3,3,2,4,2,10,11,5,3
9,709,4,0,4,0,10,10,4,3,3,2,4,2,10,11,5,3
9,709,4,0,4,0,10,10,4,3,3,2,4,2,8,10,5,2
9,709,4,0,4,0,9,10,4,3,3,2,3,2,8,10,5,2
9,709,4,0,4,0,9,10,4,3,3,1,3,2,8,9,0,2
9,709,4,0,4,0,9,10,4,3,3,1,3,2,8,9,0,2
9,709,4,0,4,0,9,10,4,3,3,1,3,2,8,9,0,1
9,709,4,0,4,0,9,9,4,3,3,1,3,2,8,8,0,1
9,709,4,0,4,0,9,8,4,3,3,1,3,2,8,7,0,0
9,709,4,0,4,0,9,8,4,3,3,1,3,2,8,7,0,0
9,709,4,0,4,0,9,8,4,3,3,1,3,2,7,7,0,0
10,710,4,0,4,0,9,8,4,3,3,1,3,2,7,7,0,0
10,710,4,0,4,0,9,8,4,3,3,1,3,2,7,7,0,0
10,710,4,0,4,0,9,8,4,3,3,1,3,2,7,7,0,0
10,710,4,0,4,0,9,8,4,3,3,1,3,2,7,7,0,0
10,710,4,0,4,0,9,8,4,3,3,1,3,2,7,7,0,0
10,710,4,0,4,0,9,8,4,3,3,1,3,2,7,7,0,0
10,710,4,0,4,0,9,8,4,3,3,1,3,2,8,7,8,0
10,710,4,0,4,0,10,8,4,4,3,1,4,3,8,8,8,0
10,710,4,0,4,0,10,9,4,4,3,1,4,3,8,8,8,0
10,710,4,0,4,0,10,10,4,4,3,1,4,3,8,8,9,0
10,710,4,0,4,0,10,10,4,4,3,1,4,3,8,8,9,0
10,710,4,0,4,0,10,10,4,4,3,1,4,3,8,8,9,0
10,710,4,0,4,0,10,10,4,4,3,1,4,3,8,7,9,0
10,710,4,0,4,0,10,10,4,4,3,1,4,3,8,8,5,0
10,710,4,0,4,0,10,10,4,4,3,1,4,3,8,8,5,0
10,710,4,0,4,0,10,9,4,4,3,1,4,3,8,8,5,0
10,710,4,0,4,0,9,9,4,4,3,1,3,3,8,8,5,0
10,710,4,0,4,0,9,9,4,4,3,1,3,3,8,8,0,0
10,710,4,0,4,0,9,8,4,4,3,1,3,3,8,8,0,0
10,710,4,0,4,0,9,8,4,4,3,1,3,3,8,8,0,0
10,710,4,0,4,0,9,8,4,4,3,1,3,3,8,8,0,0
10,710,4,0,4,0,9,8,4,4,3,1,3,3,8,7,0,0
10,710,4,0,4,0,9,8,4,4,3,1,3,3,8,7,0,0
10,710,4,0,4,0,9,8,4,4,3,1,3,3,7,7,0,0
11,711,4,0,4,0,9,8,4,4,3,1,3,3,7,7,0,0
11,711,4,0,4,0,9,8,4,4,3,1,3,3,7,7,0,0
11,711,4,0,4,0,9,8,4,4,3,1,3,3,7,7,0,0
11,711,4,0,4,0,9,8,4,4,3,1,3,3,7,7,0,0
11,711,4,0,4,0,9,8,4,4,3,1,3,3,7,7,0,0
11,711,4,0,4,0,9,8,4,4,3,1,3,3,7,7,0,0
11,711,4,0,4,0,9,8,4,4,3,1,3,3,8,7,8,0
11,711,4,0,4,0,10,10,4,4,3,3,4,4,8,8,8,0
11,711,4,0,4,0,10,10,4,4,3,3,4,4,8,8,8,1
11,711,4,0,4,0,10,10,4,4,3,3,4,4,8,8,9,1
11,711,4,0,4,0,10,10,4,4,3,2,4,4,8,8,9,1
11,711,4,0,4,0,10,10,4,4,3,3,4,4,8,8,9,1
11,711,4,0,4,0,10,10,4,4,3,3,4,4,8,9,9,1
11,711,4,0,4,0,10,10,4,4,3,1,4,4,8,9,5,1
11,711,4,0,4,0,10,10,4,4,3,1,4,4,8,9,5,1
11,711,4,0,4,0,10,10,4,4,3,1,4,4,8,9,5,1
11,711,4,0,4,0,9,10,4,4,3,1,3,4,8,8,5,0
11,711,4,0,4,0,9,9,4,4,3,1,3,4,8,8,0,0
11,711,4,0,4,0,9,9,4,4,3,1,3,4,8,7,0,0
11,711,4,0,4,0,9,9,4,4,3,1,3,4,8,7,0,0
11,711,4,0,4,0,9,9,4,4,3,1,3,4,8,7,0,0
11,711,4,0,4,0,9,9,4,4,3,1,3,4,8,7,0,0
11,711,4,0,4,0,9,9,4,4,3,1,3,4,8,7,0,0
11,711,4,0,4,0,9,9,4,4,3,1,3,4,7,7,0,0
12,712,4,0,3,0,8,9,3,4,2,1,2,4,7,7,0,0
12,712,4,0,3,0,8,9,3,4,2,1,2,4,7,7,0,0
12,712,4,0,3,0,8,9,3,4,2,1,2,4,7,7,0,0
12,712,4,0,3,0,8,9,3,4,2,1,2,4,7,7,0,0
12,712,4,0,3,0,8,9,3,4,2,1,2,4,7,7,0,0
12,712,4,0,3,0,8,9,3,4,2,1,2,4,7,7,0,0
12,712,4,0,3,0,8,9,3,4,2,1,3,4,10,7,0,0
12,712,4,0,3,0,8,7,3,4,2,1,3,1,10,6,0,0
12,712,4,0,3,0,8,7,3,4,2,1,3,1,10,6,0,0
12,712,4,0,3,0,8,7,3,4,2,1,3,1,10,6,0,0
12,712,4,0,3,0,8,7,3,4,2,1,3,1,10,6,0,0
12,712,4,0,3,0,8,7,3,4,2,1,3,1,10,6,0,0
12,712,4,0,3,0,8,7,3,4,2,1,3,1,10,6,0,0
12,712,4,0,3,0,8,7,3,4,2,1,3,1,10,6,0,0
12,712,4,0,3,0,8,7,3,4,2,1,3,1,10,6,0,0
12,712,4,0,3,0,8,7,3,4,2,1,2,1,8,6,0,0
12,712,4,0,3,0,8,7,3,4,2,1,2,1,8,6,0,0
12,712,4,0,3,0,8,7,3,4,2,1,2,1,8,6,0,0
12,712,4,0,3,0,8,7,3,4,2,1,2,1,8,6,0,0
12,712,4,0,3,0,8,7,3,4,2,1,2,1,8,6,0,0
12,712,4,0,3,0,8,7,3,4,2,1,2,1,8,6,0,0
12,712,4,0,3,0,8,7,3,4,2,1,2,1,8,5,0,0
12,712,4,0,3,0,8,7,3,4,2,1,2,1,8,5,0,0
12,712,4,0,3,0,8,7,3,4,2,1,2,1,7,5,0,0
13,713,4,0,3,0,8,7,3,4,2,1,2,1,4,5,0,0
13,713,4,0,3,0,8,7,3,4,2,1,2,1,4,5,0,0
13,713,4,0,3,0,8,7,3,4,2,1,2,1,4,5,0,0
13,713,4,0,3,0,8,7,3,4,2,1,2,1,4,5,0,0
13,713,4,0,3,0,8,7,3,4,2,1,2,1,4,5,0,0
13,713,4,0,3,0,8,7,3,4,2,1,2,1,4,5,0,0
13,713,4,0,3,0,8,7,3,4,2,1,3,1,4,5,0,0
13,713,4,0,3,0,8,7,3,3,2,1,3,1,5,5,0,0
13,713,4,0,3,0,8,6,3,3,2,1,3,1,5,4,0,0
13,713,4,0,3,0,8,6,3,3,2,1,3,1,5,4,0,0
13,713,4,0,3,0,8,6,3,3,2,1,3,1,5,4,0,0
13,713,4,0,3,0,8,6,3,3,2,1,3,1,5,4,0,0
13,713,4,0,3,0,8,6,3,3,2,1,3,1,5,4,0,0
13,713,4,0,3,0,8,6,3,3,2,1,3,1,5,4,0,0
13,713,4,0,3,0,8,6,3,3,2,1,3,1,5,4,0,0
13,713,4,0,3,0,8,6,3,3,2,1,2,1,4,4,0,0
13,713,4,0,3,0,8,6,3,3,2,1,2,1,4,4,0,0
13,713,4,0,3,0,8,6,3,3,2,1,2,1,4,4,0,0
13,713,4,0,3,0,8,6,3,3,2,1,2,1,4,4,0,0
13,713,4,0,3,0,8,6,3,3,2,1,2,1,4,4,0,0
13,713,4,0,3,0,8,6,3,3,2,1,2,1,4,4,0,0
13,713,4,0,3,0,8,6,3,3,2,1,2,1,4,4,0,0
13,713,4,0,3,0,8,6,3,3,2,1,2,1,4,4,0,0
13,713,4,0,3,0,8,6,3,3,2,1,2,1,4,4,0,0
14,714,4,0,4,0,9,6,4,3,3,1,3,1,7,4,0,0
14,714,4,0,4,0,9,6,4,3,3,1,3,1,7,4,0,0
14,714,4,0,4,0,9,6,4,3,3,1,3,1,7,4,0,0
14,714,4,0,4,0,9,6,4,3,3,1,3,1,7,4,0,0
14,714,4,0,4,0,9,6,4,3,3,1,3,1,7,4,0,0
14,714,4,0,4,0,9,6,4,3,3,1,3,1,7,4,0,0
14,714,4,0,4,0,9,6,4,3,3,1,3,1,8,4,8,0
14,714,4,0,4,0,10,9,4,4,3,2,4,2,8,5,8,2
14,714,4,0,4,0,10,10,4,4,3,2,4,2,8,5,8,2
14,714,4,0,4,0,10,10,4,4,3,3,4,2,8,8,9,2
14,714,4,0,4,0,10,10,4,4,3,3,4,2,8,8,9,2
14,714,4,0,4,0,10,10,4,4,3,3,4,2,8,8,9,2
14,714,4,0,4,0,10,9,4,4,3,3,4,2,8,8,9,2
14,714,4,0,4,0,10,10,4,4,3,2,4,2,8,6,5,2
14,714,4,0,4,0,10,10,4,4,3,2,4,2,8,6,5,2
14,714,4,0,4,0,10,10,4,4,3,2,4,2,8,6,5,2
14,714,4,0,4,0,9,10,4,4,3,2,3,2,8,6,5,2
14,714,4,0,4,0,9,10,4,4,3,2,3,2,8,6,0,2
14,714,4,0,4,0,9,10,4,4,3,2,3,2,8,6,0,1
14,714,4,0,4,0,9,9,4,4,3,2,3,1,8,5,0,1
14,714,4,0,4,0,9,9,4,4,3,2,3,1,8,5,0,1
14,714,4,0,4,0,9,9,4,4,3,2,3,1,8,5,0,1
14,714,4,0,4,0,9,9,4,4,3,2,3,1,8,5,0,1
14,714,4,0,4,0,9,9,4,4,3,2,3,1,7,5,0,0
15,715,4,0,4,0,9,9,4,4,3,2,3,1,4,5,0,0
15,715,4,0,4,0,9,9,4,4,3,2,3,1,4,5,0,0
15,715,4,0,4,0,9,9,4,4,3,2,3,1,4,5,0,0
15,715,4,0,4,0,9,9,4,4,3,2,3,1,4,5,0,0
15,715,4,0,4,0,9,9,4,4,3,2,3,1,4,5,0,0
15,715,4,0,4,0,9,9,4,4,3,2,3,1,4,5,0,0
15,715,4,0,4,0,9,9,4,4,3,2,3,1,4,5,8,0
15,715,4,0,4,0,10,8,4,4,3,3,4,2,5,5,8,2
15,715,4,0,4,0,10,9,4,4,3,3,4,2,5,5,8,3
15,715,4,0,4,0,10,10,4,4,3,2,4,2,5,5,9,4
15,715,4,0,4,0,10,10,4,4,3,3,4,2,5,5,9,4
15,715,4,0,4,0,10,10,4,4,3,3,4,2,5,5,9,4
15,715,4,0,4,0,10,10,4,4,3,3,4,2,5,5,9,4
15,715,4,0,4,0,10,10,4,4,3,3,4,2,5,5,5,4
15,715,4,0,4,0,10,10,4,4,3,3,4,2,5,5,5,4
15,715,4,0,4,0,10,10,4,4,3,3,4,2,4,5,5,0
15,715,4,0,4,0,9,10,4,4,3,3,3,2,4,5,5,0
15,715,4,0,4,0,9,10,4,4,3,3,3,2,4,5,0,0
15,715,4,0,4,0,9,10,4,4,3,3,3,2,4,5,0,0
15,715,4,0,4,0,9,10,4,4,3,3,3,2,4,5,0,0
15,715,4,0,4,0,9,10,4,4,3,3,3,2,4,5,0,0
15,715,4,0,4,0,9,10,4,4,3,3,3,2,4,5,0,0
15,715,4,0,4,0,9,10,4,4,3,3,3,2,4,5,0,0
15,715,4,0,4,0,9,10,4,4,3,3,3,2,4,5,0,0
16,716,4,0,4,0,9,10,4,4,3,3,3,2,7,5,0,0
16,716,4,0,4,0,9,10,4,4,3,3,3,2,7,5,0,0
16,716,4,0,4,0,9,10,4,4,3,3,3,2,7,5,0,0
16,716,4,0,4,0,9,10,4,4,3,3,3,2,7,5,0,0
16,716,4,0,4,0,9,10,4,4,3,3,3,2,7,5,0,0
16,716,4,0,4,0,9,10,4,4,3,3,3,2,7,5,0,0
16,716,4,0,4,0,9,10,4,4,3,3,3,2,10,5,8,0
16,716,4,0,4,0,10,10,4,4,3,2,4,3,10,10,8,1
16,716,4,0,4,0,10,10,4,4,3,2,4,3,10,10,8,1
16,716,4,0,4,0,10,10,4,4,3,3,4,3,10,10,9,2
16,716,4,0,4,0,10,10,4,4,3,2,4,3,10,10,9,2
16,716,4,0,4,0,10,10,4,4,3,3,4,3,10,10,9,2
16,716,4,0,4,0,10,10,4,4,3,3,4,3,10,11,9,2
16,716,4,0,4,0,10,10,4,4,3,3,4,3,10,11,5,2
16,716,4,0,4,0,10,10,4,4,3,3,4,2,10,10,5,1
16,716,4,0,4,0,10,10,4,4,3,3,4,2,8,10,5,1
16,716,4,0,4,0,9,10,4,4,3,2,3,2,8,10,5,1
16,716,4,0,4,0,9,10,4,4,3,2,3,2,8,9,0,1
16,716,4,0,4,0,9,10,4,4,3,2,3,2,8,9,0,1
16,716,4,0,4,0,9,10,4,4,3,2,3,2,8,9,0,1
16,716,4,0,4,0,9,10,4,4,3,2,3,2,8,8,0,1
16,716,4,0,4,0,9,10,4,4,3,2,3,2,8,8,0,1
16,716,4,0,4,0,9,10,4,4,3,2,3,2,8,8,0,0
16,716,4,0,4,0,9,10,4,4,3,2,3,2,7,8,0,0
17,717,4,0,4,0,9,10,4,4,3,2,3,2,7,8,0,0
17,717,4,0,4,0,9,10,4,4,3,2,3,2,7,8,0,0
17,717,4,0,4,0,9,10,4,4,3,2,3,2,7,8,0,0
17,717,4,0,4,0,9,10,4,4,3,2,3,2,7,8,0,0
17,717,4,0,4,0,9,10,4,4,3,2,3,2,7,8,0,0
17,717,4,0,4,0,9,10,4,4,3,2,3,2,7,8,0,0
17,717,4,0,4,0,9,10,4,4,3,2,3,2,8,8,8,0
17,717,4,0,4,0,10,10,4,4,3,3,4,3,8,7,8,0
17,717,4,0,4,0,10,10,4,4,3,3,4,3,8,8,8,0
17,717,4,0,4,0,10,10,4,4,3,3,4,3,8,8,9,0
17,717,4,0,4,0,10,10,4,4,3,3,4,3,8,8,9,0
17,717,4,0,4,0,10,10,4,4,3,3,4,3,8,8,9,0
17,717,4,0,4,0,10,10,4,4,3,3,4,3,8,8,9,0
17,717,4,0,4,0,10,9,4,4,3,3,4,3,8,8,5,0
17,717,4,0,4,0,10,9,4,4,3,3,4,3,8,8,5,0
17,717,4,0,4,0,10,9,4,4,3,3,4,3,8,8,5,0
17,717,4,0,4,0,9,9,4,4,3,2,3,3,8,8,5,0
17,717,4,0,4,0,9,9,4,4,3,2,3,2,8,8,0,0
17,717,4,0,4,0,9,9,4,4,3,2,3,2,8,8,0,0
17,717,4,0,4,0,9,9,4,4,3,2,3,2,8,8,0,0
17,717,4,0,4,0,9,9,4,4,3,2,3,2,8,8,0,0
17,717,4,0,4,0,9,9,4,4,3,2,3,2,8,8,0,0
17,717,4,0,4,0,9,9,4,4,3,2,3,2,8,8,0,0
17,717,4,0,4,0,9,9,4,4,3,2,3,2,7,8,0,0
18,718,4,0,4,0,9,9,4,4,3,2,3,2,7,8,0,0
18,718,4,0,4,0,9,9,4,4,3,2,3,2,7,8,0,0
18,718,4,0,4,0,9,9,4,4,3,2,3,2,7,8,0,0
18,718,4,0,4,0,9,9,4,4,3,2,3,2,7,8,0,0
18,718,4,0,4,0,9,9,4,4,3,2,3,2,7,8,0,0
18,718,4,0,4,0,9,9,4,4,3,2,3,2,7,8,0,0
18,718,4,0,4,0,9,9,4,4,3,2,3,2,8,8,8,0
18,718,4,0,4,0,10,9,4,4,3,3,4,3,8,8,8,1
18,718,4,0,4,0,10,10,4,4,3,3,4,3,8,8,8,1
18,718,4,0,4,0,10,10,4,4,3,3,4,3,8,8,9,2
18,718,4,0,4,0,10,10,4,4,3,3,4,3,8,8,9,2
18,718,4,0,4,0,10,10,4,4,3,3,4,3,8,8,9,2
18,718,4,0,4,0,10,10,4,4,3,3,4,3,8,8,9,2
18,718,4,0,4,0,10,9,4,3,3,3,4,3,8,8,5,2
18,718,4,0,4,0,10,9,4,3,3,3,4,3,8,8,5,2
18,718,4,0,4,0,10,9,4,3,3,3,4,3,8,8,5,2
18,718,4,0,4,0,9,9,4,3,3,3,3,3,8,8,5,1
18,718,4,0,4,0,9,9,4,3,3,3,3,3,8,8,0,1
18,718,4,0,4,0,9,8,4,3,3,3,3,3,8,7,0,1
18,718,4,0,4,0,9,8,4,3,3,3,3,3,8,7,0,0
18,718,4,0,4,0,9,8,4,3,3,3,3,3,8,7,0,0
18,718,4,0,4,0,9,7,4,3,3,3,3,3,8,6,0,0
18,718,4,0,4,0,9,7,4,3,3,3,3,3,8,6,0,0
18,718,4,0,4,0,9,7,4,3,3,3,3,3,7,6,0,0
19,719,4,0,3,0,8,7,3,3,2,3,2,3,7,6,0,0
19,719,4,0,3,0,8,7,3,3,2,3,2,3,7,6,0,0
19,719,4,0,3,0,8,7,3,3,2,3,2,3,7,6,0,0
19,719,4,0,3,0,8,7,3,3,2,3,2,3,7,6,0,0
19,719,4,0,3,0,8,7,3,3,2,3,2,3,7,6,0,0
19,719,4,0,3,0,8,7,3,3,2,3,2,3,7,6,0,0
19,719,4,0,3,0,8,7,3,3,2,3,3,3,10,6,0,0
19,719,4,0,3,0,8,6,3,2,2,3,3,2,10,6,0,0
19,719,4,0,3,0,8,6,3,2,2,3,3,2,10,6,0,0
19,719,4,0,3,0,8,6,3,2,2,3,3,2,10,6,0,0
19,719,4,0,3,0,8,6,3,2,2,3,3,1,10,6,0,0
19,719,4,0,3,0,8,6,3,2,2,2,3,1,10,6,0,0
19,719,4,0,3,0,8,6,3,2,2,2,3,1,10,6,0,0
19,719,4,0,3,0,8,6,3,2,2,2,3,1,10,6,0,0
19,719,4,0,3,0,8,6,3,2,2,2,3,1,10,6,0,0
19,719,4,0,3,0,8,6,3,2,2,2,2,1,8,6,0,0
19,719,4,0,3,0,8,6,3,2,2,2,2,1,8,6,0,0
19,719,4,0,3,0,8,6,3,2,2,2,2,1,8,6,0,0
19,719,4,0,3,0,8,6,3,2,2,2,2,1,8,6,0,0
19,719,4,0,3,0,8,6,3,2,2,2,2,1,8,6,0,0
19,719,4,0,3,0,8,6,3,2,2,2,2,1,8,6,0,0
19,719,4,0,3,0,8,6,3,1,2,2,2,1,8,6,0,0
19,719,4,0,3,0,8,6,3,1,2,2,2,1,8,6,0,0
19,719,4,0,3,0,8,6,3,1,2,2,2,1,7,6,0,0
20,720,4,0,3,0,8,6,3,1,2,2,2,1,4,6,0,0
20,720,4,0,3,0,8,6,3,1,2,2,2,1,4,6,0,0
20,720,4,0,3,0,8,6,3,1,2,2,2,1,4,6,0,0
20,720,4,0,3,0,8,6,3,1,2,2,2,1,4,6,0,0
20,720,4,0,3,0,8,6,3,1,2,2,2,1,4,6,0,0
20,720,4,0,3,0,8,6,3,1,2,2,2,1,4,6,0,0
20,720,4,0,3,0,8,6,3,1,2,2,3,1,4,6,0,0
20,720,4,0,3,0,8,6,3,1,2,2,3,1,5,6,0,0
20,720,4,0,3,0,8,6,3,1,2,2,3,1,5,6,0,0
20,720,4,0,3,0,8,6,3,1,2,2,3,1,5,6,0,0
20,720,4,0,3,0,8,6,3,1,2,2,3,1,5,6,0,0
20,720,4,0,3,0,8,6,3,1,2,2,3,1,5,6,0,0
20,720,4,0,3,0,8,5,3,1,2,2,3,1,5,5,0,0
20,720,4,0,3,0,8,5,3,1,2,2,3,1,5,5,0,0
20,720,4,0,3,0,8,5,3,1,2,2,3,1,5,5,0,0
20,720,4,0,3,0,8,5,3,1,2,2,2,1,4,5,0,0
20,720,4,0,3,0,8,5,3,1,2,2,2,1,4,5,0,0
20,720,4,0,3,0,8,5,3,1,2,2,2,1,4,5,0,0
20,720,4,0,3,0,8,5,3,1,2,2,2,1,4,5,0,0
20,720,4,0,3,0,8,5,3,1,2,2,2,0,4,5,0,0
20,720,4,0,3,0,8,5,3,1,2,2,2,0,4,5,0,0
20,720,4,0,3,0,8,5,3,1,2,2,2,0,4,5,0,0
20,720,4,0,3,0,8,5,3,1,2,2,2,0,4,5,0,0
20,720,4,0,3,0,8,5,3,1,2,2,2,0,4,5,0,0
21,721,4,0,4,0,9,5,4,1,3,2,3,0,7,5,0,0
21,721,4,0,4,0,9,5,4,1,3,2,3,0,7,5,0,0
21,721,4,0,4,0,9,5,4,1,3,2,3,0,7,5,0,0
21,721,4,0,4,0,9,5,4,1,3,2,3,0,7,5,0,0
21,721,4,0,4,0,9,5,4,1,3,2,3,0,7,5,0,0
21,721,4,0,4,0,9,5,4,1,3,2,3,0,7,5,0,0
21,721,4,0,4,0,9,5,4,1,3,2,3,0,8,5,8,0
21,721,4,0,4,0,10,8,4,3,3,3,4,1,8,6,8,1
21,721,4,0,4,0,10,9,4,4,3,3,4,1,8,6,8,1
21,721,4,0,4,0,10,9,4,2,3,3,4,1,8,7,9,1
21,721,4,0,4,0,10,9,4,3,3,3,4,1,8,7,9,1
21,721,4,0,4,0,10,9,4,3,3,3,4,1,8,7,9,1
21,721,4,0,4,0,10,9,4,3,3,3,4,1,8,8,9,1
21,721,4,0,4,0,10,8,4,3,3,3,4,1,8,8,5,1
21,721,4,0,4,0,10,8,4,3,3,3,4,1,8,8,5,1
21,721,4,0,4,0,10,8,4,3,3,3,4,1,8,8,5,1
21,721,4,0,4,0,9,8,4,3,3,3,3,1,8,8,5,1
21,721,4,0,4,0,9,8,4,3,3,3,3,1,8,7,0,0
21,721,4,0,4,0,9,8,4,3,3,3,3,1,8,7,0,0
21,721,4,0,4,0,9,8,4,3,3,3,3,1,8,7,0,0
21,721,4,0,4,0,9,8,4,3,3,3,3,1,8,7,0,0
21,721,4,0,4,0,9,8,4,3,3,3,3,1,8,7,0,0
21,721,4,0,4,0,9,7,4,3,3,3,3,1,8,7,0,0
21,721,4,0,4,0,9,7,4,3,3,3,3,1,7,7,0,0
22,722,4,0,4,0,9,7,4,3,3,3,3,1,4,7,0,0
22,722,4,0,4,0,9,7,4,3,3,3,3,1,4,7,0,0
22,722,4,0,4,0,9,7,4,3,3,3,3,1,4,7,0,0
22,722,4,0,4,0,9,7,4,3,3,3,3,1,4,7,0,0
22,722,4,0,4,0,9,7,4,3,3,3,3,1,4,7,0,0
22,722,4,0,4,0,9,7,4,3,3,3,3,1,4,7,0,0
22,722,4,0,4,0,9,7,4,3,3,3,3,1,4,7,8,0
22,722,4,0,4,0,10,9,4,2,3,3,4,2,5,5,8,5
22,722,4,0,4,0,10,10,4,4,3,3,4,2,5,6,8,6
22,722,4,0,4,0,10,10,4,4,3,3,4,2,5,6,9,7
22,722,4,0,4,0,10,10,4,4,3,3,4,2,5,5,9,8
22,722,4,0,4,0,10,10,4,3,3,3,4,2,5,6,9,8
22,722,4,0,4,0,10,10,4,3,3,3,4,2,5,6,9,8
22,722,4,0,4,0,10,10,4,3,3,3,4,2,5,6,5,8
22,722,4,0,4,0,10,9,4,3,3,3,4,2,5,5,5,7
22,722,4,0,4,0,10,9,4,3,3,3,4,2,4,5,5,5
22,722,4,0,4,0,9,9,4,2,3,3,3,2,4,5,5,5
22,722,4,0,4,0,9,9,4,2,3,3,3,2,4,4,0,4
22,722,4,0,4,0,9,9,4,2,3,3,3,2,4,4,0,4
22,722,4,0,4,0,9,9,4,2,3,3,3,2,4,4,0,3
22,722,4,0,4,0,9,9,4,2,3,3,3,2,4,4,0,2
22,722,4,0,4,0,9,9,4,1,3,3,3,2,4,4,0,2
22,722,4,0,4,0,9,9,4,1,3,3,3,2,4,4,0,2
22,722,4,0,4,0,9,9,4,1,3,3,3,2,4,4,0,2
23,723,4,0,4,0,9,9,4,1,3,3,3,2,7,5,0,2
23,723,4,0,4,0,9,9,4,1,3,3,3,2,7,5,0,2
23,723,4,0,4,0,9,9,4,1,3,3,3,2,7,5,0,2
23,723,4,0,4,0,9,9,4,1,3,3,3,2,7,5,0,2
23,723,4,0,4,0,9,9,4,1,3,3,3,2,7,5,0,2
23,723,4,0,4,0,9,9,4,1,3,3,3,2,7,5,0,2
23,723,4,0,4,0,9,9,4,1,3,3,3,2,10,5,8,2
23,723,4,0,4,0,10,9,4,2,3,3,4,3,10,10,8,0
23,723,4,0,4,0,10,10,4,2,3,3,4,3,10,10,8,0
23,723,4,0,4,0,10,10,4,3,3,3,4,3,10,10,9,0
23,723,4,0,4,0,10,10,4,4,3,3,4,3,10,10,9,0
23,723,4,0,4,0,10,10,4,4,3,3,4,3,10,10,9,0
23,723,4,0,4,0,10,10,4,3,3,3,4,3,10,10,9,0
23,723,4,0,4,0,10,10,4,3,3,3,4,3,10,10,5,0
23,723,4,0,4,0,10,10,4,3,3,3,4,3,10,10,5,0
23,723,4,0,4,0,10,10,4,3,3,3,4,3,8,10,5,0
23,723,4,0,4,0,9,10,4,3,3,3,3,3,8,10,5,0
23,723,4,0,4,0,9,10,4,3,3,3,3,3,8,10,0,0
23,723,4,0,4,0,9,10,4,3,3,3,3,3,8,10,0,0
23,723,4,0,4,0,9,10,4,3,3,3,3,3,8,10,0,0
23,723,4,0,4,0,9,10,4,3,3,3,3,3,8,10,0,0
23,723,4,0,4,0,9,10,4,3,3,3,3,3,8,10,0,0
23,723,4,0,4,0,9,10,4,3,3,3,3,3,8,9,0,0
23,723,4,0,4,0,9,10,4,3,3,3,3,3,7,9,0,0
24,724,4,0,4,0,9,10,4,3,3,3,3,3,7,9,0,0
24,724,4,0,4,0,9,10,4,3,3,3,3,3,7,9,0,0
24,724,4,0,4,0,9,10,4,3,3,3,3,3,7,9,0,0
24,724,4,0,4,0,9,10,4,3,3,3,3,3,7,9,0,0
24,724,4,0,4,0,9,10,4,3,3,3,3,3,7,9,0,0
24,724,4,0,4,0,9,10,4,3,3,3,3,3,7,9,0,0
24,724,4,0,4,0,9,10,4,3,3,3,3,3,8,9,8,0
24,724,4,0,4,0,10,9,4,4,3,3,4,4,8,8,8,0
24,724,4,0,4,0,10,10,4,4,3,3,4,4,8,8,8,0
24,724,4,0,4,0,10,10,4,4,3,3,4,4,8,8,9,0
24,724,4,0,4,0,10,10,4,4,3,2,4,4,8,8,9,0
24,724,4,0,4,0,10,10,4,4,3,2,4,4,8,8,9,0
24,724,4,0,4,0,10,10,4,4,3,2,4,4,8,8,9,0
24,724,4,0,4,0,10,10,4,4,3,2,4,4,8,8,5,0
24,724,4,0,4,0,10,10,4,4,3,2,4,4,8,8,5,0
24,724,4,0,4,0,10,10,4,4,3,2,4,4,8,8,5,0
24,724,4,0,4,0,9,10,4,4,3,2,3,4,8,8,5,0
24,724,4,0,4,0,9,10,4,4,3,2,3,4,8,8,0,0
24,724,4,0,4,0,9,10,4,4,3,2,3,4,8,8,0,0
24,724,4,0,4,0,9,10,4,4,3,2,3,4,8,8,0,0
24,724,4,0,4,0,9,10,4,4,3,2,3,4,8,8,0,0
24,724,4,0,4,0,9,10,4,4,3,2,3,4,8,8,0,0
24,724,4,0,4,0,9,10,4,4,3,2,3,4,8,8,0,0
24,724,4,0,4,0,9,10,4,4,3,2,3,4,7,8,0,0
25,725,4,0,4,0,9,10,4,4,3,2,3,4,7,8,0,0
25,725,4,0,4,0,9,10,4,4,3,2,3,4,7,8,0,0
25,725,4,0,4,0,9,10,4,4,3,2,3,4,7,8,0,0
25,725,4,0,4,0,9,10,4,4,3,2,3,4,7,8,0,0
25,725,4,0,4,0,9,10,4,4,3,2,3,4,7,8,0,0
25,725,4,0,4,0,9,10,4,4,3,2,3,4,7,8,0,0
25,725,4,0,4,0,9,10,4,4,3,2,3,4,8,8,8,0
25,725,4,0,4,0,10,10,4,4,3,3,4,4,8,8,8,1
25,725,4,0,4,0,10,10,4,4,3,3,4,4,8,8,8,1
25,725,4,0,4,0,10,10,4,4,3,3,4,4,8,8,9,2
25,725,4,0,4,0,10,10,4,4,3,3,4,4,8,8,9,3
25,725,4,0,4,0,10,10,4,4,3,3,4,4,8,8,9,4
25,725,4,0,4,0,10,10,4,4,3,3,4,4,8,9,9,4
25,725,4,0,4,0,10,10,4,4,3,3,4,4,8,8,5,3
25,725,4,0,4,0,10,10,4,4,3,3,4,4,8,8,5,3
25,725,4,0,4,0,10,10,4,4,3,3,4,4,8,8,5,1
25,725,4,0,4,0,9,10,4,4,3,3,3,4,8,8,5,1
25,725,4,0,4,0,9,10,4,4,3,3,3,4,8,8,0,1
25,725,4,0,4,0,9,10,4,4,3,3,3,4,8,8,0,1
25,725,4,0,4,0,9,9,4,4,3,3,3,4,8,7,0,1
25,725,4,0,4,0,9,9,4,4,3,3,3,4,8,7,0,1
25,725,4,0,4,0,9,9,4,4,3,3,3,4,8,7,0,1
25,725,4,0,4,0,9,9,4,4,3,3,3,4,8,7,0,1
25,725,4,0,4,0,9,9,4,4,3,3,3,4,7,7,0,1
26,726,4,0,3,0,8,9,3,4,2,3,2,4,7,7,0,1
26,726,4,0,3,0,8,9,3,4,2,3,2,4,7,7,0,1
26,726,4,0,3,0,8,9,3,4,2,3,2,4,7,7,0,1
26,726,4,0,3,0,8,9,3,4,2,3,2,4,7,7,0,1
26,726,4,0,3,0,8,9,3,4,2,3,2,4,7,7,0,1
26,726,4,0,3,0,8,9,3,4,2,3,2,4,7,7,0,1
26,726,4,0,3,0,8,9,3,4,2,3,3,4,10,7,0,1
26,726,4,0,3,0,8,9,3,4,2,3,3,4,10,7,0,1
26,726,4,0,3,0,8,8,3,4,2,3,3,4,10,7,0,1
26,726,4,0,3,0,8,8,3,4,2,3,3,4,10,7,0,1
26,726,4,0,3,0,8,8,3,4,2,3,3,4,10,7,0,1
26,726,4,0,3,0,8,8,3,4,2,3,3,4,10,7,0,1
26,726,4,0,3,0,8,8,3,4,2,2,3,4,10,7,0,1
26,726,4,0,3,0,8,8,3,4,2,2,3,4,10,7,0,1
26,726,4,0,3,0,8,8,3,4,2,2,3,4,10,7,0,1
26,726,4,0,3,0,8,8,3,4,2,2,2,4,8,7,0,0
26,726,4,0,3,0,8,8,3,4,2,2,2,4,8,7,0,0
26,726,4,0,3,0,8,8,3,4,2,2,2,4,8,7,0,0
26,726,4,0,3,0,8,8,3,4,2,2,2,4,8,7,0,0
26,726,4,0,3,0,8,7,3,4,2,1,2,4,8,7,0,0
26,726,4,0,3,0,8,7,3,4,2,1,2,4,8,7,0,0
26,726,4,0,3,0,8,7,3,4,2,1,2,4,8,7,0,0
26,726,4,0,3,0,8,7,3,4,2,1,2,4,8,7,0,0
26,726,4,0,3,0,8,7,3,4,2,1,2,4,7,7,0,0
27,727,4,0,3,0,8,7,3,4,2,1,2,4,4,7,0,0
27,727,4,0,3,0,8,7,3,4,2,1,2,4,4,7,0,0
27,727,4,0,3,0,8,7,3,4,2,1,2,4,4,7,0,0
27,727,4,0,3,0,8,7,3,4,2,1,2,4,4,7,0,0
27,727,4,0,3,0,8,7,3,4,2,1,2,4,4,7,0,0
27,727,4,0,3,0,8,7,3,4,2,1,2,4,4,7,0,0
27,727,4,0,3,0,8,7,3,4,2,1,3,4,4,7,0,0
27,727,4,0,3,0,8,7,3,4,2,1,3,2,5,7,0,0
27,727,4,0,3,0,8,7,3,3,2,1,3,2,5,7,0,0
27,727,4,0,3,0,8,7,3,3,2,1,3,2,5,7,0,0
27,727,4,0,3,0,8,7,3,3,2,1,3,2,5,7,0,0
27,727,4,0,3,0,8,7,3,3,2,1,3,2,5,7,0,0
27,727,4,0,3,0,8,7,3,3,2,1,3,2,5,7,0,0
27,727,4,0,3,0,8,7,3,3,2,1,3,2,5,7,0,0
27,727,4,0,3,0,8,7,3,3,2,1,3,2,5,7,0,0
27,727,4,0,3,0,8,7,3,3,2,1,2,1,4,7,0,0
27,727,4,0,3,0,8,7,3,3,2,1,2,1,4,7,0,0
27,727,4,0,3,0,8,7,3,3,2,1,2,1,4,7,0,0
27,727,4,0,3,0,8,7,3,3,2,1,2,1,4,7,0,0
27,727,4,0,3,0,8,7,3,3,2,1,2,1,4,7,0,0
27,727,4,0,3,0,8,7,3,3,2,1,2,1,4,7,0,0
27,727,4,0,3,0,8,7,3,3,2,1,2,1,4,7,0,0
27,727,4,0,3,0,8,7,3,3,2,1,2,1,4,7,0,0
27,727,4,0,3,0,8,7,3,3,2,1,2,1,4,7,0,0
0,728,4,0,4,0,9,7,4,3,3,1,3,1,7,7,0,0
0,728,4,0,4,0,9,7,4,3,3,1,3,1,7,7,0,0
0,728,4,0,4,0,9,7,4,3,3,1,3,1,7,7,0,0
0,728,4,0,4,0,9,7,4,3,3,1,3,1,7,7,0,0
0,728,4,0,4,0,9,7,4,3,3,1,3,1,7,7,0,0
0,728,4,0,4,0,9,7,4,3,3,1,3,1,7,7,0,0
0,728,4,0,4,0,9,7,4,3,3,1,3,1,8,7,8,0
0,728,4,0,4,0,10,9,4,4,3,2,4,2,8,8,8,2
0,728,4,0,4,0,10,10,4,4,3,3,4,2,8,8,8,2
0,728,4,0,4,0,10,10,4,4,3,3,4,2,8,8,9,2
0,728,4,0,4,0,10,10,4,4,3,3,4,2,8,7,9,2
0,728,4,0,4,0,10,10,4,4,3,3,4,2,8,6,9,2
0,728,4,0,4,0,10,10,4,4,3,3,4,2,8,7,9,2
0,728,4,0,4,0,10,10,4,4,3,3,4,2,8,7,5,2
0,728,4,0,4,0,10,9,4,4,3,3,4,2,8,7,5,2
0,728,4,0,4,0,10,9,4,4,3,3,4,2,8,7,5,2
0,728,4,0,4,0,9,9,4,4,3,3,3,2,8,7,5,2
0,728,4,0,4,0,9,9,4,4,3,3,3,2,8,6,0,1
0,728,4,0,4,0,9,9,4,4,3,3,3,2,8,6,0,1
0,728,4,0,4,0,9,9,4,4,3,3,3,2,8,6,0,1
0,728,4,0,4,0,9,9,4,4,3,3,3,2,8,6,0,1
0,728,4,0,4,0,9,9,4,4,3,3,3,2,8,6,0,1
0,728,4,0,4,0,9,9,4,4,3,3,3,2,8,6,0,1
0,728,4,0,4,0,9,9,4,4,3,3,3,2,7,6,0,1
1,729,4,0,4,0,9,9,4,4,3,3,3,2,4,6,0,1
1,729,4,0,4,0,9,9,4,4,3,3,3,2,4,6,0,1
1,729,4,0,4,0,9,9,4,4,3,3,3,2,4,6,0,1
1,729,4,0,4,0,9,9,4,4,3,3,3,2,4,6,0,1
1,729,4,0,4,0,9,9,4,4,3,3,3,2,4,6,0,1
1,729,4,0,4,0,9,9,4,4,3,3,3,2,4,6,0,1
1,729,4,0,4,0,9,9,4,4,3,3,3,2,4,6,8,1
1,729,4,0,4,0,10,9,4,4,3,3,4,2,5,6,8,1
1,729,4,0,4,0,10,10,4,4,3,3,4,2,5,6,8,1
1,729,4,0,4,0,10,10,4,4,3,3,4,2,5,6,9,2
1,729,4,0,4,0,10,10,4,4,3,3,4,2,5,6,9,2
1,729,4,0,4,0,10,10,4,4,3,3,4,1,5,6,9,2
1,729,4,0,4,0,10,10,4,4,3,3,4,1,5,6,9,2
1,729,4,0,4,0,10,10,4,4,3,3,4,1,5,6,5,2
1,729,4,0,4,0,10,10,4,4,3,3,4,1,5,6,5,2
1,729,4,0,4,0,10,10,4,4,3,3,4,1,4,6,5,2
1,729,4,0,4,0,9,10,4,4,3,3,3,1,4,6,5,2
1,729,4,0,4,0,9,10,4,4,3,3,3,1,4,6,0,2
1,729,4,0,4,0,9,9,4,4,3,3,3,1,4,6,0,2
1,729,4,0,4,0,9,9,4,4,3,3,3,1,4,6,0,2
1,729,4,0,4,0,9,9,4,3,3,3,3,1,4,6,0,2
1,729,4,0,4,0,9,8,4,3,3,3,3,1,4,6,0,2
1,729,4,0,4,0,9,8,4,3,3,3,3,1,4,6,0,2
1,729,4,0,4,0,9,8,4,3,3,3,3,1,4,6,0,2
2,730,4,0,4,0,9,8,4,3,3,3,3,1,7,7,0,2
2,730,4,0,4,0,9,8,4,3,3,3,3,1,7,7,0,2
2,730,4,0,4,0,9,8,4,3,3,3,3,1,7,7,0,2
2,730,4,0,4,0,9,8,4,3,3,3,3,1,7,7,0,2
2,730,4,0,4,0,9,8,4,3,3,3,3,1,7,7,0,2
2,730,4,0,4,0,9,8,4,3,3,3,3,1,7,7,0,2
2,730,4,0,4,0,9,8,4,3,3,3,3,1,10,8,8,2
2,730,4,0,4,0,10,10,4,3,3,3,4,2,10,10,8,2
2,730,4,0,4,0,10,10,4,4,3,3,4,2,10,10,8,2
2,730,4,0,4,0,10,10,4,4,3,3,4,2,10,10,9,2
2,730,4,0,4,0,10,10,4,4,3,3,4,2,10,10,9,1
2,730,4,0,4,0,10,10,4,4,3,3,4,2,10,10,9,1
2,730,4,0,4,0,10,10,4,4,3,3,4,2,10,10,9,1
2,730,4,0,4,0,10,10,4,4,3,3,4,2,10,9,5,0
2,730,4,0,4,0,10,10,4,4,3,3,4,2,10,9,5,0
2,730,4,0,4,0,10,10,4,4,3,3,4,2,8,9,5,0
2,730,4,0,4,0,9,10,4,4,3,3,3,2,8,9,5,0
2,730,4,0,4,0,9,10,4,4,3,3,3,2,8,9,0,0
2,730,4,0,4,0,9,10,4,4,3,3,3,2,8,9,0,0
2,730,4,0,4,0,9,10,4,4,3,3,3,2,8,9,0,0
2,730,4,0,4,0,9,10,4,4,3,3,3,2,8,9,0,0
2,730,4,0,4,0,9,10,4,4,3,3,3,2,8,9,0,0
2,730,4,0,4,0,9,10,4,4,3,3,3,2,8,9,0,0
2,730,4,0,4,0,9,10,4,4,3,3,3,2,7,9,0,0
3,731,4,0,4,0,9,10,4,4,3,3,3,2,7,9,0,0
3,731,4,0,4,0,9,10,4,4,3,3,3,2,7,9,0,0
3,731,4,0,4,0,9,10,4,4,3,3,3,2,7,9,0,0
3,731,4,0,4,0,9,10,4,4,3,3,3,2,7,9,0,0
3,731,4,0,4,0,9,10,4,4,3,3,3,2,7,9,0,0
3,731,4,0,4,0,9,10,4,4,3,3,3,2,7,9,0,0
3,731,4,0,4,0,9,10,4,4,3,3,3,2,8,9,8,0
3,731,4,0,4,0,10,8,4,4,3,2,4,3,8,8,8,0
3,731,4,0,4,0,10,9,4,4,3,2,4,3,8,8,8,0
3,731,4,0,4,0,10,10,4,4,3,2,4,3,8,8,9,0
3,731,4,0,4,0,10,10,4,4,3,2,4,3,8,7,9,0
3,731,4,0,4,0,10,10,4,4,3,2,4,3,8,7,9,0
3,731,4,0,4,0,10,10,4,4,3,2,4,3,8,8,9,0
3,731,4,0,4,0,10,9,4,4,3,2,4,3,8,8,5,0
3,731,4,0,4,0,10,9,4,4,3,2,4,3,8,8,5,0
3,731,4,0,4,0,10,9,4,4,3,2,4,3,8,8,5,0
3,731,4,0,4,0,9,9,4,4,3,2,3,3,8,8,5,0
3,731,4,0,4,0,9,9,4,4,3,2,3,3,8,8,0,0
3,731,4,0,4,0,9,9,4,4,3,2,3,3,8,8,0,0
3,731,4,0,4,0,9,9,4,4,3,2,3,3,8,8,0,0
3,731,4,0,4,0,9,9,4,4,3,2,3,3,8,8,0,0
3,731,4,0,4,0,9,9,4,4,3,2,3,3,8,8,0,0
3,731,4,0,4,0,9,9,4,4,3,2,3,3,8,8,0,0
3,731,4,0,4,0,9,9,4,4,3,2,3,3,7,8,0,0
4,732,4,0,4,0,9,9,4,4,3,2,3,3,7,8,0,0
4,732,4,0,4,0,9,9,4,4,3,2,3,3,7,8,0,0
4,732,4,0,4,0,9,9,4,4,3,2,3,3,7,8,0,0
4,732,4,0,4,0,9,9,4,4,3,2,3,3,7,8,0,0
4,732,4,0,4,0,9,9,4,4,3,2,3,3,7,8,0,0
4,732,4,0,4,0,9,9,4,4,3,2,3,3,7,8,0,0
4,732,4,0,4,0,9,9,4,4,3,2,3,3,8,8,8,0
4,732,4,0,4,0,10,8,4,4,3,3,4,3,8,8,8,1
4,732,4,0,4,0,10,10,4,4,3,3,4,3,8,8,8,1
4,732,4,0,4,0,10,10,4,4,3,3,4,3,8,8,9,1
4,732,4,0,4,0,10,10,4,4,3,3,4,3,8,8,9,1
4,732,4,0,4,0,10,10,4,4,3,3,4,3,8,8,9,1
4,732,4,0,4,0,10,10,4,4,3,3,4,3,8,8,9,1
4,732,4,0,4,0,10,10,4,4,3,3,4,3,8,8,5,1
4,732,4,0,4,0,10,10,4,4,3,3,4,3,8,8,5,1
4,732,4,0,4,0,10,10,4,4,3,3,4,3,8,8,5,1
4,732,4,0,4,0,9,10,4,4,3,3,3,3,8,8,5,1
4,732,4,0,4,0,9,10,4,4,3,3,3,3,8,8,0,1
4,732,4,0,4,0,9,10,4,4,3,3,3,3,8,8,0,1
4,732,4,0,4,0,9,10,4,4,3,3,3,3,8,8,0,1
4,732,4,0,4,0,9,10,4,4,3,3,3,3,8,8,0,1
4,732,4,0,4,0,9,10,4,4,3,3,3,3,8,8,0,1
4,732,4,0,4,0,9,10,4,4,3,3,3,3,8,8,0,1
4,732,4,0,4,0,9,10,4,4,3,3,3,3,7,8,0,1
5,733,4,0,3,0,8,10,3,4,2,3,2,3,7,8,0,1
5,733,4,0,3,0,8,10,3,4,2,3,2,3,7,8,0,1
5,733,4,0,3,0,8,10,3,4,2,3,2,3,7,8,0,1
5,733,4,0,3,0,8,10,3,4,2,3,2,3,7,8,0,1
5,733,4,0,3,0,8,10,3,4,2,3,2,3,7,8,0,1
5,733,4,0,3,0,8,10,3,4,2,3,2,3,7,8,0,1
5,733,4,0,3,0,8,10,3,4,2,3,3,3,10,8,0,1
5,733,4,0,3,0,8,10,3,4,2,3,3,3,10,8,0,1
5,733,4,0,3,0,8,10,3,4,2,3,3,3,10,8,0,1
5,733,4,0,3,0,8,9,3,4,2,3,3,3,10,7,0,1
5,733,4,0,3,0,8,8,3,4,2,2,3,3,10,7,0,1
5,733,4,0,3,0,8,8,3,4,2,2,3,3,10,7,0,0
5,733,4,0,3,0,8,8,3,4,2,2,3,3,10,7,0,0
5,733,4,0,3,0,8,8,3,3,2,2,3,3,10,7,0,0
5,733,4,0,3,0,8,8,3,3,2,2,3,3,10,7,0,0
5,733,4,0,3,0,8,8,3,3,2,2,2,3,8,7,0,0
5,733,4,0,3,0,8,8,3,3,2,2,2,3,8,7,0,0
5,733,4,0,3,0,8,8,3,3,2,2,2,3,8,7,0,0
5,733,4,0,3,0,8,8,3,3,2,2,2,3,8,7,0,0
5,733,4,0,3,0,8,8,3,3,2,2,2,3,8,7,0,0
5,733,4,0,3,0,8,8,3,3,2,2,2,2,8,7,0,0
5,733,4,0,3,0,8,8,3,3,2,2,2,2,8,7,0,0
5,733,4,0,3,0,8,8,3,3,2,2,2,2,8,7,0,0
5,733,4,0,3,0,8,8,3,3,2,2,2,2,7,7,0,0
6,734,4,0,3,0,8,8,3,3,2,2,2,2,4,7,0,0
6,734,4,0,3,0,8,8,3,3,2,2,2,2,4,7,0,0
6,734,4,0,3,0,8,8,3,3,2,2,2,2,4,7,0,0
6,734,4,0,3,0,8,8,3,3,2,2,2,2,4,7,0,0
6,734,4,0,3,0,8,8,3,3,2,2,2,2,4,7,0,0
6,734,4,0,3,0,8,8,3,3,2,2,2,2,4,7,0,0
6,734,4,0,3,0,8,8,3,3,2,2,3,2,4,7,0,0
6,734,4,0,3,0,8,8,3,3,2,2,3,2,5,7,0,0
6,734,4,0,3,0,8,8,3,3,2,2,3,2,5,7,0,0
6,734,4,0,3,0,8,8,3,3,2,2,3,2,5,7,0,0
6,734,4,0,3,0,8,8,3,3,2,2,3,2,5,7,0,0
6,734,4,0,3,0,8,8,3,3,2,2,3,2,5,7,0,0
6,734,4,0,3,0,8,8,3,3,2,2,3,2,5,7,0,0
6,734,4,0,3,0,8,8,3,3,2,2,3,2,5,7,0,0
6,734,4,0,3,0,8,8,3,3,2,2,3,2,5,7,0,0
6,734,4,0,3,0,8,7,3,3,2,2,2,2,4,7,0,0
6,734,4,0,3,0,8,7,3,3,2,2,2,2,4,7,0,0
6,734,4,0,3,0,8,7,3,3,2,2,2,2,4,7,0,0
6,734,4,0,3,0,8,7,3,3,2,2,2,2,4,7,0,0
6,734,4,0,3,0,8,7,3,3,2,2,2,2,4,7,0,0
6,734,4,0,3,0,8,7,3,3,2,2,2,2,4,7,0,0
6,734,4,0,3,0,8,7,3,3,2,1,2,2,4,7,0,0
6,734,4,0,3,0,8,7,3,3,2,1,2,2,4,7,0,0
6,734,4,0,3,0,8,7,3,3,2,1,2,2,4,7,0,0
7,735,4,0,4,0,9,7,4,3,3,1,3,2,7,7,0,0
7,735,4,0,4,0,9,7,4,3,3,1,3,2,7,7,0,0
7,735,4,0,4,0,9,7,4,3,3,1,3,2,7,7,0,0
7,735,4,0,4,0,9,7,4,3,3,1,3,2,7,7,0,0
7,735,4,0,4,0,9,7,4,3,3,1,3,2,7,7,0,0
7,735,4,0,4,0,9,7,4,3,3,1,3,2,7,7,0,0
7,735,4,0,4,0,9,7,4,3,3,1,3,2,8,7,8,0
7,735,4,0,4,0,10,9,4,4,3,3,4,3,8,8,8,1
7,735,4,0,4,0,10,10,4,4,3,3,4,3,8,8,8,1
7,735,4,0,4,0,10,10,4,4,3,3,4,3,8,8,9,1
7,735,4,0,4,0,10,10,4,4,3,3,4,3,8,8,9,1
7,735,4,0,4,0,10,10,4,4,3,3,4,3,8,8,9,1
7,735,4,0,4,0,10,10,4,4,3,3,4,3,8,8,9,1
7,735,4,0,4,0,10,10,4,4,3,3,4,3,8,7,5,1
7,735,4,0,4,0,10,10,4,4,3,3,4,3,8,7,5,1
7,735,4,0,4,0,10,10,4,4,3,3,4,3,8,7,5,1
7,735,4,0,4,0,9,10,4,4,3,3,3,3,8,7,5,1
7,735,4,0,4,0,9,10,4,4,3,3,3,3,8,7,0,1
7,735,4,0,4,0,9,10,4,4,3,3,3,3,8,7,0,1
7,735,4,0,4,0,9,10,4,4,3,3,3,3,8,7,0,1
7,735,4,0,4,0,9,10,4,4,3,3,3,3,8,7,0,1
7,735,4,0,4,0,9,10,4,4,3,3,3,3,8,7,0,1
7,735,4,0,4,0,9,10,4,4,3,3,3,3,8,7,0,1
7,735,4,0,4,0,9,10,4,4,3,3,3,3,7,7,0,1
8,736,4,0,4,0,9,10,4,4,3,3,3,3,4,7,0,1
8,736,4,0,4,0,9,10,4,4,3,3,3,3,4,7,0,1
8,736,4,0,4,0,9,10,4,4,3,3,3,3,4,7,0,1
8,736,4,0,4,0,9,10,4,4,3,3,3,3,4,7,0,1
8,736,4,0,4,0,9,10,4,4,3,3,3,3,4,7,0,1
8,736,4,0,4,0,9,10,4,4,3,3,3,3,4,7,0,1
8,736,4,0,4,0,9,10,4,4,3,3,3,3,4,7,8,1
8,736,4,0,4,0,10,10,4,4,3,3,4,4,5,7,8,2
8,736,4,0,4,0,10,10,4,4,3,3,4,4,5,7,8,3
8,736,4,0,4,0,10,10,4,4,3,3,4,4,5,7,9,3
8,736,4,0,4,0,10,10,4,4,3,3,4,4,5,7,9,3
8,736,4,0,4,0,10,10,4,4,3,3,4,4,5,7,9,3
8,736,4,0,4,0,10,10,4,4,3,3,4,4,5,7,9,3
8,736,4,0,4,0,10,10,4,4,3,3,4,4,5,7,5,3
8,736,4,0,4,0,10,10,4,4,3,3,4,4,5,7,5,3
8,736,4,0,4,0,10,10,4,4,3,3,4,4,4,7,5,2
8,736,4,0,4,0,9,10,4,4,3,3,3,4,4,7,5,2
8,736,4,0,4,0,9,10,4,4,3,3,3,4,4,7,0,2
8,736,4,0,4,0,9,10,4,4,3,3,3,4,4,7,0,2
8,736,4,0,4,0,9,10,4,4,3,3,3,4,4,7,0,1
8,736,4,0,4,0,9,10,4,4,3,3,3,3,4,7,0,1
8,736,4,0,4,0,9,10,4,4,3,3,3,3,4,7,0,0
8,736,4,0,4,0,9,10,4,4,3,3,3,3,4,7,0,0
8,736,4,0,4,0,9,10,4,4,3,3,3,3,4,7,0,0
9,737,4,0,4,0,9,10,4,4,3,3,3,3,7,7,0,0
9,737,4,0,4,0,9,10,4,4,3,3,3,3,7,7,0,0
9,737,4,0,4,0,9,10,4,4,3,3,3,3,7,7,0,0
9,737,4,0,4,0,9,10,4,4,3,3,3,3,7,7,0,0
9,737,4,0,4,0,9,10,4,4,3,3,3,3,7,7,0,0
9,737,4,0,4,0,9,10,4,4,3,3,3,3,7,7,0,0
9,737,4,0,4,0,9,10,4,4,3,3,3,3,10,7,8,0
9,737,4,0,4,0,10,10,4,4,3,3,4,3,10,10,8,1
9,737,4,0,4,0,10,10,4,4,3,3,4,3,10,10,8,2
9,737,4,0,4,0,10,10,4,4,3,3,4,3,10,11,9,2
9,737,4,0,4,0,10,10,4,4,3,3,4,3,10,11,9,3
9,737,4,0,4,0,10,10,4,4,3,3,4,3,10,11,9,3
9,737,4,0,4,0,10,10,4,4,3,3,4,3,10,11,9,3
9,737,4,0,4,0,10,10,4,4,3,3,4,3,10,11,5,3
9,737,4,0,4,0,10,10,4,4,3,3,4,3,10,11,5,2
9,737,4,0,4,0,10,10,4,4,3,3,4,3,8,11,5,2
9,737,4,0,4,0,9,10,4,4,3,3,3,3,8,11,5,2
9,737,4,0,4,0,9,10,4,4,3,3,3,3,8,10,0,2
9,737,4,0,4,0,9,10,4,4,3,3,3,3,8,9,0,1
9,737,4,0,4,0,9,10,4,4,3,3,3,3,8,9,0,1
9,737,4,0,4,0,9,10,4,4,3,3,3,3,8,8,0,1
9,737,4,0,4,0,9,10,4,4,3,3,3,3,8,8,0,1
9,737,4,0,4,0,9,10,4,4,3,3,3,3,8,8,0,1
9,737,4,0,4,0,9,10,4,4,3,3,3,3,7,8,0,1
10,738,4,0,4,0,9,10,4,4,3,3,3,3,7,8,0,1
10,738,4,0,4,0,9,10,4,4,3,3,3,3,7,8,0,1
10,738,4,0,4,0,9,10,4,4,3,3,3,3,7,8,0,1
10,738,4,0,4,0,9,10,4,4,3,3,3,3,7,8,0,1
10,738,4,0,4,0,9,10,4,4,3,3,3,3,7,8,0,1
10,738,4,0,4,0,9,10,4,4,3,3,3,3,7,8,0,1
10,738,4,0,4,0,9,10,4,4,3,3,3,3,8,8,8,1
10,738,4,0,4,0,10,10,4,4,3,3,4,3,8,7,8,0
10,738,4,0,4,0,10,10,4,4,3,3,4,3,8,8,8,0
10,738,4,0,4,0,10,10,4,4,3,3,4,3,8,8,9,0
10,738,4,0,4,0,10,10,4,4,3,3,4,3,8,7,9,0
10,738,4,0,4,0,10,10,4,4,3,3,4,3,8,8,9,0
10,738,4,0,4,0,10,10,4,4,3,3,4,3,8,8,9,0
10,738,4,0,4,0,10,10,4,4,3,3,4,3,8,8,5,0
10,738,4,0,4,0,10,10,4,4,3,3,4,3,8,8,5,0
10,738,4,0,4,0,10,10,4,4,3,3,4,3,8,8,5,0
10,738,4,0,4,0,9,10,4,4,3,3,3,3,8,8,5,0
10,738,4,0,4,0,9,10,4,4,3,3,3,3,8,8,0,0
10,738,4,0,4,0,9,10,4,4,3,3,3,3,8,8,0,0
10,738,4,0,4,0,9,10,4,4,3,3,3,3,8,8,0,0
10,738,4,0,4,0,9,10,4,4,3,3,3,3,8,8,0,0
10,738,4,0,4,0,9,10,4,4,3,3,3,3,8,8,0,0
10,738,4,0,4,0,9,10,4,4,3,3,3,3,8,8,0,0
10,738,4,0,4,0,9,10,4,4,3,3,3,3,7,8,0,0
11,739,4,0,4,0,9,10,4,4,3,3,3,3,7,8,0,0
11,739,4,0,4,0,9,10,4,4,3,3,3,3,7,8,0,0
11,739,4,0,4,0,9,10,4,4,3,3,3,3,7,8,0,0
11,739,4,0,4,0,9,10,4,4,3,3,3,3,7,8,0,0
11,739,4,0,4,0,9,10,4,4,3,3,3,3,7,8,0,0
11,739,4,0,4,0,9,10,4,4,3,3,3,3,7,8,0,0
11,739,4,0,4,0,9,10,4,4,3,3,3,3,8,8,8,0
11,739,4,0,4,0,10,10,4,4,3,3,4,3,8,8,8,0
11,739,4,0,4,0,10,10,4,4,3,3,4,3,8,8,8,1
11,739,4,0,4,0,10,10,4,4,3,3,4,3,8,8,9,1
11,739,4,0,4,0,10,10,4,4,3,3,4,3,8,9,9,1
11,739,4,0,4,0,10,10,4,4,3,3,4,3,8,9,9,1
11,739,4,0,4,0,10,10,4,4,3,3,4,3,8,8,9,1
11,739,4,0,4,0,10,10,4,4,3,3,4,3,8,8,5,1
11,739,4,0,4,0,10,10,4,4,3,3,4,3,8,7,5,0
11,739,4,0,4,0,10,10,4,4,3,3,4,3,8,7,5,0
11,739,4,0,4,0,9,10,4,4,3,3,3,3,8,7,5,0
11,739,4,0,4,0,9,10,4,4,3,3,3,3,8,7,0,0
11,739,4,0,4,0,9,10,4,4,3,3,3,3,8,7,0,0
11,739,4,0,4,0,9,10,4,4,3,3,3,3,8,7,0,0
11,739,4,0,4,0,9,10,4,4,3,3,3,3,8,7,0,0
11,739,4,0,4,0,9,9,4,4,3,3,3,3,8,7,0,0
11,739,4,0,4,0,9,9,4,4,3,3,3,3,8,7,0,0
11,739,4,0,4,0,9,9,4,4,3,3,3,3,7,7,0,0
12,740,4,0,3,0,8,9,3,4,2,3,2,3,7,7,0,0
12,740,4,0,3,0,8,9,3,4,2,3,2,3,7,7,0,0
12,740,4,0,3,0,8,9,3,4,2,3,2,3,7,7,0,0
12,740,4,0,3,0,8,9,3,4,2,3,2,3,7,7,0,0
12,740,4,0,3,0,8,9,3,4,2,3,2,3,7,7,0,0
12,740,4,0,3,0,8,9,3,4,2,3,2,3,7,7,0,0
12,740,4,0,3,0,8,9,3,4,2,3,3,3,10,7,0,0
12,740,4,0,3,0,8,9,3,4,2,3,3,2,10,6,0,0
12,740,4,0,3,0,8,9,3,4,2,3,3,2,10,6,0,0
12,740,4,0,3,0,8,9,3,4,2,3,3,2,10,6,0,0
12,740,4,0,3,0,8,9,3,4,2,3,3,2,10,6,0,0
12,740,4,0,3,0,8,9,3,4,2,3,3,2,10,6,0,0
12,740,4,0,3,0,8,9,3,4,2,3,3,2,10,6,0,0
12,740,4,0,3,0,8,9,3,4,2,3,3,2,10,6,0,0
12,740,4,0,3,0,8,9,3,4,2,3,3,2,10,6,0,0
12,740,4,0,3,0,8,9,3,4,2,3,2,2,8,6,0,0
12,740,4,0,3,0,8,9,3,4,2,3,2,2,8,6,0,0
12,740,4,0,3,0,8,9,3,4,2,3,2,2,8,6,0,0
12,740,4,0,3,0,8,9,3,4,2,3,2,2,8,6,0,0
12,740,4,0,3,0,8,9,3,4,2,3,2,2,8,6,0,0
12,740,4,0,3,0,8,9,3,4,2,3,2,2,8,6,0,0
12,740,4,0,3,0,8,9,3,4,2,3,2,2,8,6,0,0
12,740,4,0,3,0,8,9,3,4,2,3,2,2,8,6,0,0
12,740,4,0,3,0,8,9,3,4,2,3,2,2,7,6,0,0
13,741,4,0,3,0,8,9,3,4,2,3,2,2,4,6,0,0
13,741,4,0,3,0,8,9,3,4,2,3,2,2,4,6,0,0
13,741,4,0,3,0,8,9,3,4,2,3,2,2,4,6,0,0
13,741,4,0,3,0,8,9,3,4,2,3,2,2,4,6,0,0
13,741,4,0,3,0,8,9,3,4,2,3,2,2,4,6,0,0
13,741,4,0,3,0,8,9,3,4,2,3,2,2,4,6,0,0
13,741,4,0,3,0,8,9,3,4,2,3,3,2,4,6,0,0
13,741,4,0,3,0,8,9,3,4,2,3,3,2,5,6,0,0
13,741,4,0,3,0,8,9,3,4,2,3,3,2,5,6,0,0
13,741,4,0,3,0,8,9,3,4,2,3,3,2,5,6,0,0
13,741,4,0,3,0,8,9,3,4,2,3,3,2,5,6,0,0
13,741,4,0,3,0,8,9,3,4,2,3,3,2,5,6,0,0
13,741,4,0,3,0,8,9,3,4,2,3,3,2,5,6,0,0
13,741,4,0,3,0,8,9,3,4,2,3,3,2,5,6,0,0
13,741,4,0,3,0,8,9,3,4,2,3,3,2,5,6,0,0
13,741,4,0,3,0,8,9,3,4,2,3,2,2,4,6,0,0
13,741,4,0,3,0,8,9,3,4,2,3,2,2,4,6,0,0
13,741,4,0,3,0,8,9,3,4,2,3,2,2,4,6,0,0
13,741,4,0,3,0,8,9,3,4,2,3,2,2,4,6,0,0
13,741,4,0,3,0,8,9,3,4,2,3,2,2,4,6,0,0
13,741,4,0,3,0,8,9,3,4,2,3,2,2,4,6,0,0
13,741,4,0,3,0,8,8,3,4,2,3,2,2,4,6,0,0
13,741,4,0,3,0,8,8,3,4,2,3,2,2,4,6,0,0
13,741,4,0,3,0,8,8,3,4,2,3,2,2,4,6,0,0
14,742,4,0,4,0,9,8,4,4,3,3,3,2,7,6,0,0
14,742,4,0,4,0,9,8,4,4,3,3,3,2,7,6,0,0
14,742,4,0,4,0,9,8,4,4,3,3,3,2,7,6,0,0
14,742,4,0,4,0,9,8,4,4,3,3,3,2,7,6,0,0
14,742,4,0,4,0,9,8,4,4,3,3,3,2,7,6,0,0
14,742,4,0,4,0,9,8,4,4,3,3,3,2,7,6,0,0
14,742,4,0,4,0,9,8,4,4,3,3,3,2,8,6,8,0
14,742,4,0,4,0,10,9,4,4,3,2,4,2,8,8,8,2
14,742,4,0,4,0,10,10,4,4,3,2,4,2,8,8,8,2
14,742,4,0,4,0,10,10,4,4,3,3,4,2,8,8,9,2
14,742,4,0,4,0,10,10,4,4,3,3,4,2,8,8,9,2
14,742,4,0,4,0,10,10,4,4,3,3,4,2,8,9,9,2
14,742,4,0,4,0,10,10,4,4,3,3,4,2,8,9,9,2
14,742,4,0,4,0,10,10,4,4,3,3,4,2,8,9,5,2
14,742,4,0,4,0,10,10,4,4,3,3,4,2,8,9,5,2
14,742,4,0,4,0,10,10,4,4,3,3,4,2,8,9,5,2
14,742,4,0,4,0,9,10,4,4,3,3,3,2,8,9,5,2
14,742,4,0,4,0,9,10,4,4,3,3,3,2,8,9,0,2
14,742,4,0,4,0,9,10,4,4,3,3,3,2,8,8,0,1
14,742,4,0,4,0,9,10,4,4,3,3,3,2,8,8,0,1
14,742,4,0,4,0,9,10,4,4,3,3,3,2,8,8,0,1
14,742,4,0,4,0,9,10,4,4,3,3,3,2,8,8,0,0
14,742,4,0,4,0,9,10,4,4,3,3,3,2,8,8,0,0
14,742,4,0,4,0,9,10,4,4,3,3,3,2,7,8,0,0
15,743,4,0,4,0,9,10,4,4,3,3,3,2,4,8,0,0
15,743,4,0,4,0,9,10,4,4,3,3,3,2,4,8,0,0
15,743,4,0,4,0,9,10,4,4,3,3,3,2,4,8,0,0
15,743,4,0,4,0,9,10,4,4,3,3,3,2,4,8,0,0
15,743,4,0,4,0,9,10,4,4,3,3,3,2,4,8,0,0
15,743,4,0,4,0,9,10,4,4,3,3,3,2,4,8,0,0
15,743,4,0,4,0,9,10,4,4,3,3,3,2,4,8,8,0
15,743,4,0,4,0,10,9,4,4,3,3,4,3,5,7,8,2
15,743,4,0,4,0,10,10,4,4,3,3,4,3,5,7,8,3
15,743,4,0,4,0,10,10,4,4,3,3,4,3,5,7,9,4
15,743,4,0,4,0,10,10,4,4,3,3,4,3,5,7,9,4
15,743,4,0,4,0,10,10,4,4,3,3,4,3,5,7,9,4
15,743,4,0,4,0,10,10,4,4,3,3,4,3,5,7,9,4
15,743,4,0,4,0,10,10,4,4,3,3,4,3,5,7,5,4
15,743,4,0,4,0,10,10,4,4,3,3,4,3,5,7,5,4
15,743,4,0,4,0,10,10,4,4,3,3,4,3,4,7,5,3
15,743,4,0,4,0,9,10,4,4,3,3,3,3,4,7,5,3
15,743,4,0,4,0,9,10,4,4,3,3,3,3,4,7,0,3
15,743,4,0,4,0,9,10,4,4,3,3,3,3,4,7,0,3
15,743,4,0,4,0,9,10,4,4,3,3,3,3,4,7,0,3
15,743,4,0,4,0,9,10,4,4,3,3,3,3,4,7,0,3
15,743,4,0,4,0,9,10,4,4,3,3,3,3,4,6,0,2
15,743,4,0,4,0,9,10,4,4,3,3,3,3,4,6,0,1
15,743,4,0,4,0,9,10,4,4,3,3,3,3,4,6,0,1
16,744,4,0,4,0,9,10,4,4,3,3,3,3,7,7,0,1
16,744,4,0,4,0,9,10,4,4,3,3,3,3,7,7,0,1
16,744,4,0,4,0,9,10,4,4,3,3,3,3,7,7,0,1
16,744,4,0,4,0,9,10,4,4,3,3,3,3,7,7,0,1
16,744,4,0,4,0,9,10,4,4,3,3,3,3,7,7,0,1
16,744,4,0,4,0,9,10,4,4,3,3,3,3,7,7,0,1
16,744,4,0,4,0,9,10,4,4,3,3,3,3,10,7,8,1
16,744,4,0,4,0,10,10,4,4,3,2,4,4,10,9,8,1
16,744,4,0,4,0,10,10,4,4,3,2,4,4,10,10,8,1
16,744,4,0,4,0,10,10,4,4,3,3,4,4,10,11,9,2
16,744,4,0,4,0,10,10,4,4,3,3,4,4,10,11,9,2
16,744,4,0,4,0,10,10,4,4,3,3,4,4,10,11,9,2
16,744,4,0,4,0,10,10,4,4,3,3,4,4,10,11,9,2
16,744,4,0,4,0,10,10,4,4,3,3,4,4,10,11,5,2
16,744,4,0,4,0,10,10,4,4,3,3,4,4,10,11,5,2
16,744,4,0,4,0,10,10,4,4,3,3,4,4,8,10,5,1
16,744,4,0,4,0,9,10,4,4,3,3,3,4,8,10,5,1
16,744,4,0,4,0,9,10,4,4,3,3,3,4,8,10,0,1
16,744,4,0,4,0,9,10,4,4,3,3,3,4,8,10,0,1
16,744,4,0,4,0,9,10,4,4,3,2,3,4,8,10,0,1
16,744,4,0,4,0,9,10,4,4,3,2,3,4,8,10,0,1
16,744,4,0,4,0,9,10,4,4,3,2,3,4,8,9,0,1
16,744,4,0,4,0,9,10,4,4,3,2,3,4,8,9,0,1
16,744,4,0,4,0,9,10,4,4,3,2,3,4,7,9,0,1
17,745,4,0,4,0,9,10,4,4,3,2,3,4,7,9,0,1
17,745,4,0,4,0,9,10,4,4,3,2,3,4,7,9,0,1
17,745,4,0,4,0,9,10,4,4,3,2,3,4,7,9,0,1
17,745,4,0,4,0,9,10,4,4,3,2,3,4,7,9,0,1
17,745,4,0,4,0,9,10,4,4,3,2,3,4,7,9,0,1
17,745,4,0,4,0,9,10,4,4,3,2,3,4,7,9,0,1
17,745,4,0,4,0,9,10,4,4,3,2,3,4,8,9,8,1
17,745,4,0,4,0,10,10,4,4,3,3,4,4,8,9,8,1
17,745,4,0,4,0,10,10,4,4,3,3,4,4,8,9,8,1
17,745,4,0,4,0,10,10,4,4,3,3,4,4,8,9,9,1
17,745,4,0,4,0,10,10,4,4,3,3,4,4,8,9,9,1
17,745,4,0,4,0,10,10,4,4,3,3,4,4,8,9,9,1
17,745,4,0,4,0,10,10,4,4,3,3,4,4,8,8,9,1
17,745,4,0,4,0,10,10,4,4,3,3,4,4,8,8,5,1
17,745,4,0,4,0,10,10,4,4,3,3,4,4,8,8,5,1
17,745,4,0,4,0,10,10,4,4,3,3,4,4,8,7,5,0
17,745,4,0,4,0,9,10,4,4,3,3,3,4,8,7,5,0
17,745,4,0,4,0,9,10,4,4,3,3,3,4,8,7,0,0
17,745,4,0,4,0,9,10,4,4,3,3,3,4,8,7,0,0
17,745,4,0,4,0,9,10,4,4,3,3,3,4,8,7,0,0
17,745,4,0,4,0,9,10,4,4,3,3,3,4,8,7,0,0
17,745,4,0,4,0,9,10,4,4,3,3,3,3,8,7,0,0
17,745,4,0,4,0,9,10,4,4,3,3,3,3,8,7,0,0
17,745,4,0,4,0,9,10,4,4,3,3,3,3,7,7,0,0
18,746,4,0,4,0,9,10,4,4,3,3,3,3,7,7,0,0
18,746,4,0,4,0,9,10,4,4,3,3,3,3,7,7,0,0
18,746,4,0,4,0,9,10,4,4,3,3,3,3,7,7,0,0
18,746,4,0,4,0,9,10,4,4,3,3,3,3,7,7,0,0
18,746,4,0,4,0,9,10,4,4,3,3,3,3,7,7,0,0
18,746,4,0,4,0,9,10,4,4,3,3,3,3,7,7,0,0
18,746,4,0,4,0,9,10,4,4,3,3,3,3,8,7,8,0
18,746,4,0,4,0,10,10,4,4,3,3,4,4,8,8,8,1
18,746,4,0,4,0,10,10,4,4,3,3,4,4,8,8,8,1
18,746,4,0,4,0,10,9,4,4,3,3,4,4,8,8,9,2
18,746,4,0,4,0,10,10,4,4,3,3,4,4,8,8,9,2
18,746,4,0,4,0,10,10,4,4,3,3,4,4,8,8,9,2
18,746,4,0,4,0,10,10,4,4,3,3,4,4,8,8,9,2
18,746,4,0,4,0,10,10,4,4,3,3,4,4,8,8,5,2
18,746,4,0,4,0,10,10,4,4,3,3,4,4,8,8,5,2
18,746,4,0,4,0,10,10,4,4,3,3,4,4,8,8,5,2
18,746,4,0,4,0,9,10,4,4,3,3,3,4,8,7,5,1
18,746,4,0,4,0,9,10,4,4,3,4,3,4,8,7,0,1
18,746,4,0,4,0,9,10,4,4,3,3,3,4,8,7,0,0
18,746,4,0,4,0,9,10,4,4,3,3,3,4,8,7,0,0
18,746,4,0,4,0,9,9,4,4,3,3,3,3,8,6,0,0
18,746,4,0,4,0,9,9,4,4,3,3,3,3,8,6,0,0
18,746,4,0,4,0,9,9,4,4,3,3,3,3,8,6,0,0
18,746,4,0,4,0,9,9,4,4,3,3,3,3,7,6,0,0
19,747,4,0,3,0,8,9,3,4,2,3,2,3,7,6,0,0
19,747,4,0,3,0,8,9,3,4,2,3,2,3,7,6,0,0
19,747,4,0,3,0,8,9,3,4,2,3,2,3,7,6,0,0
19,747,4,0,3,0,8,9,3,4,2,3,2,3,7,6,0,0
19,747,4,0,3,0,8,9,3,4,2,3,2,3,7,6,0,0
19,747,4,0,3,0,8,9,3,4,2,3,2,3,7,6,0,0
19,747,4,0,3,0,8,9,3,4,2,3,3,3,10,6,0,0
19,747,4,0,3,0,8,8,3,4,2,3,3,3,10,6,0,0
19,747,4,0,3,0,8,8,3,4,2,3,3,3,10,6,0,0
19,747,4,0,3,0,8,8,3,4,2,3,3,3,10,6,0,0
19,747,4,0,3,0,8,8,3,4,2,3,3,3,10,6,0,0
19,747,4,0,3,0,8,8,3,4,2,3,3,3,10,6,0,0
19,747,4,0,3,0,8,8,3,4,2,3,3,3,10,6,0,0
19,747,4,0,3,0,8,8,3,4,2,3,3,3,10,6,0,0
19,747,4,0,3,0,8,8,3,4,2,3,3,3,10,6,0,0
19,747,4,0,3,0,8,8,3,4,2,3,2,3,8,6,0,0
19,747,4,0,3,0,8,8,3,4,2,3,2,3,8,6,0,0
19,747,4,0,3,0,8,8,3,4,2,3,2,3,8,6,0,0
19,747,4,0,3,0,8,8,3,4,2,3,2,3,8,6,0,0
19,747,4,0,3,0,8,8,3,4,2,3,2,3,8,6,0,0
19,747,4,0,3,0,8,8,3,4,2,3,2,3,8,6,0,0
19,747,4,0,3,0,8,8,3,4,2,3,2,3,8,6,0,0
19,747,4,0,3,0,8,8,3,4,2,3,2,3,8,6,0,0
19,747,4,0,3,0,8,8,3,4,2,3,2,3,7,6,0,0
20,748,4,0,3,0,8,8,3,4,2,3,2,3,4,6,0,0
20,748,4,0,3,0,8,8,3,4,2,3,2,3,4,6,0,0
20,748,4,0,3,0,8,8,3,4,2,3,2,3,4,6,0,0
20,748,4,0,3,0,8,8,3,4,2,3,2,3,4,6,0,0
20,748,4,0,3,0,8,8,3,4,2,3,2,3,4,6,0,0
20,748,4,0,3,0,8,8,3,4,2,3,2,3,4,6,0,0
20,748,4,0,3,0,8,8,3,4,2,3,3,3,4,6,0,0
20,748,4,0,3,0,8,8,3,4,2,3,3,2,5,6,0,0
20,748,4,0,3,0,8,8,3,4,2,3,3,2,5,6,0,0
20,748,4,0,3,0,8,8,3,4,2,3,3,2,5,6,0,0
20,748,4,0,3,0,8,8,3,4,2,3,3,2,5,6,0,0
20,748,4,0,3,0,8,8,3,4,2,3,3,2,5,6,0,0
20,748,4,0,3,0,8,8,3,4,2,3,3,2,5,6,0,0
20,748,4,0,3,0,8,7,3,4,2,3,3,2,5,5,0,0
20,748,4,0,3,0,8,7,3,4,2,3,3,2,5,5,0,0
20,748,4,0,3,0,8,7,3,4,2,3,2,2,4,5,0,0
20,748,4,0,3,0,8,6,3,4,2,3,2,2,4,5,0,0
20,748,4,0,3,0,8,6,3,4,2,3,2,2,4,5,0,0
20,748,4,0,3,0,8,6,3,4,2,3,2,2,4,5,0,0
20,748,4,0,3,0,8,6,3,4,2,3,2,2,4,5,0,0
20,748,4,0,3,0,8,6,3,4,2,3,2,1,4,5,0,0
20,748,4,0,3,0,8,6,3,4,2,3,2,1,4,5,0,0
20,748,4,0,3,0,8,6,3,4,2,3,2,1,4,5,0,0
20,748,4,0,3,0,8,6,3,4,2,3,2,1,4,5,0,0
21,749,4,0,4,0,9,6,4,4,3,3,3,1,7,5,0,0
21,749,4,0,4,0,9,6,4,4,3,3,3,1,7,5,0,0
21,749,4,0,4,0,9,6,4,4,3,3,3,1,7,5,0,0
21,749,4,0,4,0,9,6,4,4,3,3,3,1,7,5,0,0
21,749,4,0,4,0,9,6,4,4,3,3,3,1,7,5,0,0
21,749,4,0,4,0,9,6,4,4,3,3,3,1,7,5,0,0
21,749,4,0,4,0,9,6,4,4,3,3,3,1,8,5,8,0
21,749,4,0,4,0,10,9,4,4,3,3,4,2,8,5,8,1
21,749,4,0,4,0,10,10,4,4,3,3,4,2,8,5,8,1
21,749,4,0,4,0,10,10,4,4,3,3,4,2,8,7,9,1
21,749,4,0,4,0,10,10,4,4,3,3,4,2,8,7,9,1
21,749,4,0,4,0,10,10,4,4,3,3,4,2,8,7,9,1
21,749,4,0,4,0,10,9,4,4,3,3,4,2,8,7,9,1
21,749,4,0,4,0,10,9,4,4,3,3,4,2,8,5,5,1
21,749,4,0,4,0,10,9,4,4,3,3,4,2,8,5,5,1
21,749,4,0,4,0,10,9,4,4,3,3,4,2,8,5,5,1
21,749,4,0,4,0,9,9,4,4,3,3,3,2,8,5,5,1
21,749,4,0,4,0,9,9,4,4,3,3,3,2,8,5,0,1
21,749,4,0,4,0,9,9,4,4,3,3,3,2,8,5,0,1
21,749,4,0,4,0,9,9,4,4,3,3,3,2,8,5,0,1
21,749,4,0,4,0,9,9,4,4,3,3,3,2,8,5,0,1
21,749,4,0,4,0,9,9,4,4,3,3,3,2,8,5,0,1
21,749,4,0,4,0,9,9,4,4,3,3,3,2,8,5,0,1
21,749,4,0,4,0,9,9,4,4,3,3,3,2,7,5,0,1
22,750,4,0,4,0,9,9,4,4,3,3,3,2,4,5,0,1
22,750,4,0,4,0,9,9,4,4,3,3,3,2,4,5,0,1
22,750,4,0,4,0,9,9,4,4,3,3,3,2,4,5,0,1
22,750,4,0,4,0,9,9,4,4,3,3,3,2,4,5,0,1
22,750,4,0,4,0,9,9,4,4,3,3,3,2,4,5,0,1
22,750,4,0,4,0,9,9,4,4,3,3,3,2,4,5,0,1
22,750,4,0,4,0,9,9,4,4,3,3,3,2,4,5,8,1
22,750,4,0,4,0,10,8,4,4,3,3,4,3,5,5,8,6
22,750,4,0,4,0,10,10,4,4,3,3,4,3,5,5,8,7
22,750,4,0,4,0,10,10,4,4,3,3,4,3,5,6,9,7
22,750,4,0,4,0,10,10,4,4,3,3,4,3,5,6,9,8
22,750,4,0,4,0,10,10,4,4,3,3,4,3,5,6,9,8
22,750,4,0,4,0,10,10,4,4,3,3,4,3,5,6,9,8
22,750,4,0,4,0,10,10,4,4,3,3,4,3,5,6,5,7
22,750,4,0,4,0,10,10,4,4,3,3,4,3,5,6,5,7
22,750,4,0,4,0,10,9,4,4,3,3,4,3,4,5,5,3
22,750,4,0,4,0,9,9,4,4,3,3,3,3,4,5,5,3
22,750,4,0,4,0,9,9,4,4,3,3,3,3,4,5,0,3
22,750,4,0,4,0,9,9,4,4,3,3,3,3,4,5,0,3
22,750,4,0,4,0,9,9,4,4,3,3,3,3,4,5,0,3
22,750,4,0,4,0,9,9,4,4,3,3,3,2,4,5,0,3
22,750,4,0,4,0,9,9,4,4,3,3,3,2,4,5,0,3
22,750,4,0,4,0,9,9,4,4,3,3,3,2,4,5,0,2
22,750,4,0,4,0,9,9,4,4,3,3,3,2,4,5,0,2
23,751,4,0,4,0,9,9,4,4,3,3,3,2,7,6,0,2
23,751,4,0,4,0,9,9,4,4,3,3,3,2,7,6,0,2
23,751,4,0,4,0,9,9,4,4,3,3,3,2,7,6,0,2
23,751,4,0,4,0,9,9,4,4,3,3,3,2,7,6,0,2
23,751,4,0,4,0,9,9,4,4,3,3,3,2,7,6,0,2
23,751,4,0,4,0,9,9,4,4,3,3,3,2,7,6,0,2
23,751,4,0,4,0,9,9,4,4,3,3,3,2,10,6,8,2
23,751,4,0,4,0,10,9,4,4,3,3,4,3,10,10,8,0
23,751,4,0,4,0,10,10,4,4,3,3,4,3,10,10,8,0
23,751,4,0,4,0,10,10,4,4,3,3,4,3,10,10,9,0
23,751,4,0,4,0,10,10,4,4,3,3,4,3,10,10,9,0
23,751,4,0,4,0,10,10,4,4,3,3,4,3,10,10,9,0
23,751,4,0,4,0,10,10,4,4,3,3,4,3,10,10,9,0
23,751,4,0,4,0,10,10,4,4,3,3,4,3,10,10,5,0
23,751,4,0,4,0,10,10,4,4,3,3,4,3,10,10,5,0
23,751,4,0,4,0,10,10,4,4,3,3,4,3,8,10,5,0
23,751,4,0,4,0,9,10,4,4,3,3,3,3,8,10,5,0
23,751,4,0,4,0,9,10,4,4,3,3,3,3,8,9,0,0
23,751,4,0,4,0,9,10,4,4,3,3,3,3,8,9,0,0
23,751,4,0,4,0,9,10,4,4,3,3,3,3,8,9,0,0
23,751,4,0,4,0,9,10,4,4,3,3,3,3,8,9,0,0
23,751,4,0,4,0,9,10,4,4,3,3,3,3,8,9,0,0
23,751,4,0,4,0,9,10,4,4,3,3,3,3,8,9,0,0
23,751,4,0,4,0,9,10,4,4,3,3,3,3,7,9,0,0
24,752,4,0,4,0,9,10,4,4,3,3,3,3,7,9,0,0
24,752,4,0,4,0,9,10,4,4,3,3,3,3,7,9,0,0
24,752,4,0,4,0,9,10,4,4,3,3,3,3,7,9,0,0
24,752,4,0,4,0,9,10,4,4,3,3,3,3,7,9,0,0
24,752,4,0,4,0,9,10,4,4,3,3,3,3,7,9,0,0
24,752,4,0,4,0,9,10,4,4,3,3,3,3,7,9,0,0
24,752,4,0,4,0,9,10,4,4,3,3,3,3,8,9,8,0
24,752,4,0,4,0,10,10,4,4,3,3,4,2,8,7,8,0
24,752,4,0,4,0,10,10,4,4,3,3,4,2,8,8,8,0
24,752,4,0,4,0,10,10,4,4,3,3,4,2,8,8,9,0
24,752,4,0,4,0,10,10,4,4,3,3,4,2,8,8,9,0
24,752,4,0,4,0,10,10,4,4,3,3,4,2,8,8,9,0
24,752,4,0,4,0,10,9,4,4,3,3,4,2,8,8,9,0
24,752,4,0,4,0,10,9,4,4,3,3,4,2,8,8,5,0
24,752,4,0,4,0,10,9,4,4,3,3,4,2,8,8,5,0
24,752,4,0,4,0,10,8,4,4,3,3,4,2,8,8,5,0
24,752,4,0,4,0,9,7,4,4,3,3,3,2,8,8,5,0
24,752,4,0,4,0,9,7,4,4,3,3,3,2,8,8,0,0
24,752,4,0,4,0,9,7,4,4,3,3,3,2,8,8,0,0
24,752,4,0,4,0,9,7,4,4,3,3,3,2,8,8,0,0
24,752,4,0,4,0,9,7,4,4,3,3,3,2,8,7,0,0
24,752,4,0,4,0,9,7,4,4,3,3,3,2,8,7,0,0
24,752,4,0,4,0,9,7,4,4,3,3,3,2,8,7,0,0
24,752,4,0,4,0,9,7,4,4,3,3,3,2,7,7,0,0
25,753,4,0,4,0,9,7,4,4,3,3,3,2,7,7,0,0
25,753,4,0,4,0,9,7,4,4,3,3,3,2,7,7,0,0
25,753,4,0,4,0,9,7,4,4,3,3,3,2,7,7,0,0
25,753,4,0,4,0,9,7,4,4,3,3,3,2,7,7,0,0
25,753,4,0,4,0,9,7,4,4,3,3,3,2,7,7,0,0
25,753,4,0,4,0,9,7,4,4,3,3,3,2,7,7,0,0
25,753,4,0,4,0,9,7,4,4,3,3,3,2,8,7,8,0
25,753,4,0,4,0,10,9,4,4,3,3,4,3,8,8,8,1
25,753,4,0,4,0,10,10,4,4,3,3,4,3,8,8,8,1
25,753,4,0,4,0,10,10,4,4,3,3,4,3,8,8,9,2
25,753,4,0,4,0,10,10,4,4,3,3,4,2,8,8,9,3
25,753,4,0,4,0,10,10,4,4,3,3,4,2,8,7,9,4
25,753,4,0,4,0,10,10,4,4,3,3,4,2,8,8,9,4
25,753,4,0,4,0,10,10,4,4,3,3,4,2,8,9,5,4
25,753,4,0,4,0,10,10,4,4,3,3,4,2,8,8,5,3
25,753,4,0,4,0,10,10,4,4,3,3,4,2,8,8,5,1
25,753,4,0,4,0,9,10,4,4,3,3,3,2,8,8,5,1
25,753,4,0,4,0,9,10,4,4,3,3,3,2,8,7,0,1
25,753,4,0,4,0,9,10,4,4,3,3,3,2,8,7,0,1
25,753,4,0,4,0,9,10,4,4,3,3,3,2,8,7,0,1
25,753,4,0,4,0,9,10,4,4,3,3,3,2,8,7,0,1
25,753,4,0,4,0,9,10,4,4,3,3,3,2,8,7,0,1
25,753,4,0,4,0,9,10,4,4,3,3,3,2,8,7,0,1
25,753,4,0,4,0,9,10,4,4,3,3,3,2,7,7,0,1
26,754,4,0,3,0,8,10,3,4,2,3,2,2,7,7,0,1
26,754,4,0,3,0,8,10,3,4,2,3,2,2,7,7,0,1
26,754,4,0,3,0,8,10,3,4,2,3,2,2,7,7,0,1
26,754,4,0,3,0,8,10,3,4,2,3,2,2,7,7,0,1
26,754,4,0,3,0,8,10,3,4,2,3,2,2,7,7,0,1
26,754,4,0,3,0,8,10,3,4,2,3,2,2,7,7,0,1
26,754,4,0,3,0,8,10,3,4,2,3,3,2,10,7,0,1
26,754,4,0,3,0,8,9,3,3,2,3,3,2,10,7,0,0
26,754,4,0,3,0,8,9,3,3,2,3,3,2,10,7,0,0
26,754,4,0,3,0,8,9,3,3,2,3,3,2,10,7,0,0
26,754,4,0,3,0,8,9,3,3,2,3,3,2,10,7,0,0
26,754,4,0,3,0,8,9,3,3,2,3,3,2,10,7,0,0
26,754,4,0,3,0,8,9,3,3,2,3,3,2,10,7,0,0
26,754,4,0,3,0,8,9,3,3,2,3,3,2,10,7,0,0
26,754,4,0,3,0,8,9,3,3,2,3,3,2,10,7,0,0
26,754,4,0,3,0,8,9,3,3,2,3,2,2,8,7,0,0
26,754,4,0,3,0,8,9,3,3,2,3,2,2,8,7,0,0
26,754,4,0,3,0,8,9,3,3,2,3,2,2,8,7,0,0
26,754,4,0,3,0,8,9,3,3,2,3,2,2,8,7,0,0
26,754,4,0,3,0,8,9,3,3,2,3,2,2,8,7,0,0
26,754,4,0,3,0,8,9,3,3,2,3,2,2,8,7,0,0
26,754,4,0,3,0,8,8,3,3,2,3,2,2,8,7,0,0
26,754,4,0,3,0,8,8,3,3,2,3,2,2,8,7,0,0
26,754,4,0,3,0,8,8,3,3,2,3,2,2,7,7,0,0
27,755,4,0,3,0,8,8,3,3,2,3,2,2,4,7,0,0
27,755,4,0,3,0,8,8,3,3,2,3,2,2,4,7,0,0
27,755,4,0,3,0,8,8,3,3,2,3,2,2,4,7,0,0
27,755,4,0,3,0,8,8,3,3,2,3,2,2,4,7,0,0
27,755,4,0,3,0,8,8,3,3,2,3,2,2,4,7,0,0
27,755,4,0,3,0,8,8,3,3,2,3,2,2,4,7,0,0
27,755,4,0,3,0,8,8,3,3,2,3,3,2,4,7,0,0
27,755,4,0,3,0,8,8,3,3,2,3,3,2,5,7,0,0
27,755,4,0,3,0,8,8,3,3,2,3,3,2,5,7,0,0
27,755,4,0,3,0,8,8,3,3,2,3,3,2,5,7,0,0
27,755,4,0,3,0,8,8,3,3,2,3,3,2,5,7,0,0
27,755,4,0,3,0,8,8,3,3,2,3,3,2,5,7,0,0
27,755,4,0,3,0,8,8,3,3,2,3,3,2,5,7,0,0
27,755,4,0,3,0,8,8,3,3,2,3,3,2,5,7,0,0
27,755,4,0,3,0,8,8,3,3,2,3,3,2,5,7,0,0
27,755,4,0,3,0,8,8,3,3,2,3,2,2,4,7,0,0
27,755,4,0,3,0,8,8,3,3,2,3,2,2,4,7,0,0
27,755,4,0,3,0,8,8,3,3,2,3,2,1,4,7,0,0
27,755,4,0,3,0,8,8,3,3,2,3,2,1,4,7,0,0
27,755,4,0,3,0,8,8,3,3,2,3,2,1,4,7,0,0
27,755,4,0,3,0,8,7,3,3,2,3,2,1,4,6,0,0
27,755,4,0,3,0,8,7,3,3,2,3,2,1,4,6,0,0
27,755,4,0,3,0,8,7,3,3,2,3,2,0,4,6,0,0
27,755,4,0,3,0,8,7,3,3,2,3,2,0,4,6,0,0
0,756,4,0,4,0,9,7,4,3,3,3,3,0,7,6,0,0
0,756,4,0,4,0,9,7,4,3,3,3,3,0,7,6,0,0
0,756,4,0,4,0,9,7,4,3,3,3,3,0,7,6,0,0
0,756,4,0,4,0,9,7,4,3,3,3,3,0,7,6,0,0
0,756,4,0,4,0,9,7,4,3,3,3,3,0,7,6,0,0
0,756,4,0,4,0,9,7,4,3,3,3,3,0,7,6,0,0
0,756,4,0,4,0,9,7,4,3,3,3,3,0,8,6,8,0
0,756,4,0,4,0,10,9,4,4,3,3,4,1,8,8,8,2
0,756,4,0,4,0,10,10,4,4,3,3,4,1,8,8,8,2
0,756,4,0,4,0,10,10,4,3,3,3,4,1,8,8,9,2
0,756,4,0,4,0,10,10,4,3,3,3,4,1,8,8,9,2
0,756,4,0,4,0,10,10,4,4,3,3,4,1,8,8,9,2
0,756,4,0,4,0,10,10,4,4,3,3,4,1,8,8,9,2
0,756,4,0,4,0,10,10,4,4,3,3,4,1,8,8,5,2
0,756,4,0,4,0,10,9,4,4,3,3,4,1,8,8,5,2
0,756,4,0,4,0,10,9,4,4,3,3,4,1,8,8,5,2
0,756,4,0,4,0,9,9,4,4,3,3,3,1,8,8,5,2
0,756,4,0,4,0,9,9,4,4,3,3,3,1,8,8,0,2
0,756,4,0,4,0,9,9,4,4,3,3,3,1,8,8,0,1
0,756,4,0,4,0,9,9,4,4,3,3,3,1,8,8,0,1
0,756,4,0,4,0,9,9,4,4,3,3,3,1,8,8,0,1
0,756,4,0,4,0,9,9,4,4,3,3,3,1,8,8,0,1
0,756,4,0,4,0,9,9,4,4,3,3,3,1,8,8,0,0
0,756,4,0,4,0,9,9,4,4,3,3,3,1,7,8,0,0
1,757,4,0,4,0,9,9,4,4,3,3,3,1,4,8,0,0
1,757,4,0,4,0,9,9,4,4,3,3,3,1,4,8,0,0
1,757,4,0,4,0,9,9,4,4,3,3,3,1,4,8,0,0
1,757,4,0,4,0,9,9,4,4,3,3,3,1,4,8,0,0
1,757,4,0,4,0,9,9,4,4,3,3,3,1,4,8,0,0
1,757,4,0,4,0,9,9,4,4,3,3,3,1,4,8,0,0
1,757,4,0,4,0,9,9,4,4,3,3,3,1,4,8,8,0
1,757,4,0,4,0,10,9,4,4,3,3,4,1,5,8,8,1
1,757,4,0,4,0,10,10,4,4,3,3,4,1,5,8,8,1
1,757,4,0,4,0,10,10,4,4,3,3,4,1,5,8,9,2
1,757,4,0,4,0,10,10,4,4,3,3,4,0,5,8,9,2
1,757,4,0,4,0,10,10,4,4,3,3,4,0,5,8,9,2
1,757,4,0,4,0,10,10,4,4,3,3,4,0,5,8,9,2
1,757,4,0,4,0,10,9,4,4,3,3,4,0,5,7,5,2
1,757,4,0,4,0,10,9,4,4,3,3,4,0,5,7,5,2
1,757,4,0,4,0,10,9,4,4,3,3,4,0,4,7,5,2
1,757,4,0,4,0,9,9,4,4,3,3,3,0,4,7,5,2
1,757,4,0,4,0,9,9,4,4,3,3,3,0,4,7,0,2
1,757,4,0,4,0,9,9,4,4,3,3,3,0,4,7,0,2
1,757,4,0,4,0,9,9,4,4,3,3,3,0,4,7,0,2
1,757,4,0,4,0,9,9,4,4,3,3,3,0,4,7,0,2
1,757,4,0,4,0,9,9,4,4,3,3,3,0,4,7,0,2
1,757,4,0,4,0,9,9,4,4,3,3,3,0,4,7,0,2
1,757,4,0,4,0,9,9,4,4,3,3,3,0,4,7,0,2
2,758,4,0,4,0,9,9,4,4,3,3,3,0,7,7,0,2
2,758,4,0,4,0,9,9,4,4,3,3,3,0,7,7,0,2
2,758,4,0,4,0,9,9,4,4,3,3,3,0,7,7,0,2
2,758,4,0,4,0,9,9,4,4,3,3,3,0,7,7,0,2
2,758,4,0,4,0,9,9,4,4,3,3,3,0,7,7,0,2
2,758,4,0,4,0,9,9,4,4,3,3,3,0,7,7,0,2
2,758,4,0,4,0,9,9,4,4,3,3,3,0,10,8,8,2
2,758,4,0,4,0,10,10,4,4,3,3,4,1,10,10,8,2
2,758,4,0,4,0,10,10,4,4,3,3,4,1,10,10,8,2
2,758,4,0,4,0,10,10,4,4,3,3,4,1,10,10,9,1
2,758,4,0,4,0,10,10,4,4,3,3,4,1,10,10,9,1
2,758,4,0,4,0,10,10,4,4,3,3,4,1,10,11,9,1
2,758,4,0,4,0,10,10,4,4,3,3,4,1,10,11,9,1
2,758,4,0,4,0,10,10,4,4,3,3,4,1,10,9,5,0
2,758,4,0,4,0,10,10,4,4,3,3,4,1,10,10,5,0
2,758,4,0,4,0,10,10,4,4,3,3,4,1,8,10,5,0
2,758,4,0,4,0,9,10,4,4,3,3,3,1,8,10,5,0
2,758,4,0,4,0,9,10,4,4,3,3,3,1,8,10,0,0
2,758,4,0,4,0,9,10,4,4,3,3,3,1,8,10,0,0
2,758,4,0,4,0,9,10,4,4,3,3,3,1,8,10,0,0
2,758,4,0,4,0,9,10,4,4,3,3,3,1,8,9,0,0
2,758,4,0,4,0,9,10,4,4,3,3,3,1,8,9,0,0
2,758,4,0,4,0,9,10,4,4,3,3,3,1,8,9,0,0
2,758,4,0,4,0,9,10,4,4,3,3,3,1,7,9,0,0
3,759,4,0,4,0,9,10,4,4,3,3,3,1,7,9,0,0
3,759,4,0,4,0,9,10,4,4,3,3,3,1,7,9,0,0
3,759,4,0,4,0,9,10,4,4,3,3,3,1,7,9,0,0
3,759,4,0,4,0,9,10,4,4,3,3,3,1,7,9,0,0
3,759,4,0,4,0,9,10,4,4,3,3,3,1,7,9,0,0
3,759,4,0,4,0,9,10,4,4,3,3,3,1,7,9,0,0
3,759,4,0,4,0,9,10,4,4,3,3,3,1,8,9,8,0
3,759,4,0,4,0,10,9,4,4,3,3,4,2,8,8,8,0
3,759,4,0,4,0,10,10,4,4,3,3,4,2,8,8,8,0
3,759,4,0,4,0,10,10,4,4,3,3,4,2,8,8,9,0
3,759,4,0,4,0,10,10,4,4,3,3,4,2,8,8,9,0
3,759,4,0,4,0,10,10,4,4,3,3,4,2,8,8,9,0
3,759,4,0,4,0,10,10,4,4,3,3,4,2,8,8,9,0
3,759,4,0,4,0,10,10,4,4,3,3,4,2,8,8,5,0
3,759,4,0,4,0,10,10,4,4,3,3,4,2,8,8,5,0
3,759,4,0,4,0,10,10,4,4,3,3,4,2,8,8,5,0
3,759,4,0,4,0,9,10,4,4,3,3,3,2,8,8,5,0
3,759,4,0,4,0,9,10,4,4,3,3,3,2,8,8,0,0
3,759,4,0,4,0,9,10,4,4,3,3,3,2,8,8,0,0
3,759,4,0,4,0,9,10,4,4,3,3,3,2,8,8,0,0
3,759,4,0,4,0,9,10,4,4,3,3,3,2,8,8,0,0
3,759,4,0,4,0,9,9,4,4,3,3,3,2,8,7,0,0
3,759,4,0,4,0,9,9,4,4,3,3,3,2,8,7,0,0
3,759,4,0,4,0,9,8,4,4,3,3,3,2,7,7,0,0
4,760,4,0,4,0,9,8,4,4,3,3,3,2,7,7,0,0
4,760,4,0,4,0,9,8,4,4,3,3,3,2,7,7,0,0
4,760,4,0,4,0,9,8,4,4,3,3,3,2,7,7,0,0
4,760,4,0,4,0,9,8,4,4,3,3,3,2,7,7,0,0
4,760,4,0,4,0,9,8,4,4,3,3,3,2,7,7,0,0
4,760,4,0,4,0,9,8,4,4,3,3,3,2,7,7,0,0
4,760,4,0,4,0,9,8,4,4,3,3,3,2,8,7,8,0
4,760,4,0,4,0,10,9,4,3,3,3,4,2,8,8,8,1
4,760,4,0,4,0,10,10,4,4,3,3,4,2,8,8,8,1
4,760,4,0,4,0,10,10,4,3,3,3,4,2,8,8,9,1
4,760,4,0,4,0,10,10,4,4,3,3,4,2,8,8,9,1
4,760,4,0,4,0,10,10,4,4,3,3,4,2,8,8,9,1
4,760,4,0,4,0,10,10,4,4,3,3,4,2,8,8,9,1
4,760,4,0,4,0,10,10,4,4,3,3,4,2,8,8,5,1
4,760,4,0,4,0,10,10,4,3,3,3,4,2,8,8,5,1
4,760,4,0,4,0,10,10,4,3,3,3,4,2,8,8,5,1
4,760,4,0,4,0,9,10,4,3,3,3,3,2,8,8,5,1
4,760,4,0,4,0,9,10,4,3,3,3,3,2,8,8,0,1
4,760,4,0,4,0,9,10,4,3,3,3,3,2,8,7,0,1
4,760,4,0,4,0,9,10,4,3,3,3,3,2,8,7,0,1
4,760,4,0,4,0,9,10,4,3,3,3,3,2,8,7,0,1
4,760,4,0,4,0,9,10,4,3,3,3,3,2,8,7,0,0
4,760,4,0,4,0,9,9,4,3,3,3,3,2,8,7,0,0
4,760,4,0,4,0,9,9,4,3,3,3,3,2,7,7,0,0
5,761,4,0,3,0,8,9,3,3,2,3,2,2,7,7,0,0
5,761,4,0,3,0,8,9,3,3,2,3,2,2,7,7,0,0
5,761,4,0,3,0,8,9,3,3,2,3,2,2,7,7,0,0
5,761,4,0,3,0,8,9,3,3,2,3,2,2,7,7,0,0
5,761,4,0,3,0,8,9,3,3,2,3,2,2,7,7,0,0
5,761,4,0,3,0,8,9,3,3,2,3,2,2,7,7,0,0
5,761,4,0,3,0,8,9,3,3,2,3,3,2,10,7,0,0
5,761,4,0,3,0,8,8,3,3,2,3,3,2,10,6,0,0
5,761,4,0,3,0,8,8,3,3,2,3,3,2,10,6,0,0
5,761,4,0,3,0,8,8,3,3,2,3,3,2,10,6,0,0
5,761,4,0,3,0,8,8,3,3,2,3,3,2,10,6,0,0
5,761,4,0,3,0,8,8,3,3,2,3,3,2,10,6,0,0
5,761,4,0,3,0,8,8,3,3,2,3,3,2,10,6,0,0
5,761,4,0,3,0,8,8,3,3,2,3,3,2,10,6,0,0
5,761,4,0,3,0,8,7,3,3,2,3,3,2,10,6,0,0
5,761,4,0,3,0,8,7,3,3,2,3,2,2,8,6,0,0
5,761,4,0,3,0,8,7,3,3,2,3,2,2,8,6,0,0
5,761,4,0,3,0,8,7,3,3,2,3,2,2,8,6,0,0
5,761,4,0,3,0,8,7,3,3,2,3,2,2,8,6,0,0
5,761,4,0,3,0,8,7,3,3,2,3,2,2,8,6,0,0
5,761,4,0,3,0,8,7,3,3,2,3,2,2,8,6,0,0
5,761,4,0,3,0,8,7,3,3,2,3,2,2,8,6,0,0
5,761,4,0,3,0,8,7,3,3,2,3,2,2,8,6,0,0
5,761,4,0,3,0,8,7,3,3,2,3,2,2,7,6,0,0
6,762,4,0,3,0,8,7,3,3,2,3,2,2,4,6,0,0
6,762,4,0,3,0,8,7,3,3,2,3,2,2,4,6,0,0
6,762,4,0,3,0,8,7,3,3,2,3,2,2,4,6,0,0
6,762,4,0,3,0,8,7,3,3,2,3,2,2,4,6,0,0
6,762,4,0,3,0,8,7,3,3,2,3,2,2,4,6,0,0
6,762,4,0,3,0,8,7,3,3,2,3,2,2,4,6,0,0
6,762,4,0,3,0,8,7,3,3,2,3,3,2,4,6,0,0
6,762,4,0,3,0,8,7,3,3,2,3,3,1,5,6,0,0
6,762,4,0,3,0,8,7,3,3,2,3,3,1,5,6,0,0
6,762,4,0,3,0,8,7,3,3,2,3,3,1,5,6,0,0
6,762,4,0,3,0,8,7,3,3,2,3,3,1,5,6,0,0
6,762,4,0,3,0,8,7,3,3,2,3,3,1,5,6,0,0
6,762,4,0,3,0,8,7,3,3,2,3,3,1,5,6,0,0
6,762,4,0,3,0,8,7,3,3,2,3,3,1,5,6,0,0
6,762,4,0,3,0,8,7,3,3,2,3,3,1,5,6,0,0
6,762,4,0,3,0,8,7,3,3,2,3,2,1,4,6,0,0
6,762,4,0,3,0,8,7,3,3,2,3,2,1,4,6,0,0
6,762,4,0,3,0,8,7,3,3,2,3,2,1,4,6,0,0
6,762,4,0,3,0,8,7,3,3,2,3,2,1,4,6,0,0
6,762,4,0,3,0,8,7,3,3,2,3,2,0,4,6,0,0
6,762,4,0,3,0,8,7,3,3,2,3,2,0,4,6,0,0
6,762,4,0,3,0,8,7,3,3,2,3,2,0,4,6,0,0
6,762,4,0,3,0,8,7,3,3,2,3,2,0,4,6,0,0
6,762,4,0,3,0,8,7,3,3,2,3,2,0,4,6,0,0
7,763,4,0,4,0,9,7,4,3,3,3,3,0,7,6,0,0
7,763,4,0,4,0,9,7,4,3,3,3,3,0,7,6,0,0
7,763,4,0,4,0,9,7,4,3,3,3,3,0,7,6,0,0
7,763,4,0,4,0,9,7,4,3,3,3,3,0,7,6,0,0
7,763,4,0,4,0,9,7,4,3,3,3,3,0,7,6,0,0
7,763,4,0,4,0,9,7,4,3,3,3,3,0,7,6,0,0
7,763,4,0,4,0,9,7,4,3,3,3,3,0,8,6,8,0
7,763,4,0,4,0,10,9,4,4,3,3,4,1,8,8,8,1
7,763,4,0,4,0,10,9,4,4,3,3,4,1,8,8,8,1
7,763,4,0,4,0,10,10,4,4,3,3,4,1,8,8,9,1
7,763,4,0,4,0,10,10,4,4,3,3,4,1,8,8,9,1
7,763,4,0,4,0,10,10,4,4,3,3,4,1,8,8,9,1
7,763,4,0,4,0,10,10,4,4,3,3,4,1,8,8,9,1
7,763,4,0,4,0,10,9,4,4,3,3,4,1,8,8,5,1
7,763,4,0,4,0,10,9,4,4,3,3,4,1,8,8,5,1
7,763,4,0,4,0,10,9,4,4,3,3,4,1,8,8,5,1
7,763,4,0,4,0,9,9,4,4,3,3,3,1,8,8,5,1
7,763,4,0,4,0,9,9,4,4,3,3,3,1,8,8,0,1
7,763,4,0,4,0,9,9,4,4,3,3,3,1,8,8,0,1
7,763,4,0,4,0,9,9,4,4,3,3,3,1,8,8,0,0
7,763,4,0,4,0,9,9,4,4,3,3,3,1,8,8,0,0
7,763,4,0,4,0,9,9,4,4,3,3,3,1,8,8,0,0
7,763,4,0,4,0,9,9,4,4,3,3,3,1,8,8,0,0
7,763,4,0,4,0,9,9,4,4,3,3,3,1,7,8,0,0
8,764,4,0,4,0,9,9,4,4,3,3,3,1,4,8,0,0
8,764,4,0,4,0,9,9,4,4,3,3,3,1,4,8,0,0
8,764,4,0,4,0,9,9,4,4,3,3,3,1,4,8,0,0
8,764,4,0,4,0,9,9,4,4,3,3,3,1,4,8,0,0
8,764,4,0,4,0,9,9,4,4,3,3,3,1,4,8,0,0
8,764,4,0,4,0,9,9,4,4,3,3,3,1,4,8,0,0
8,764,4,0,4,0,9,9,4,4,3,3,3,1,4,8,8,0
8,764,4,0,4,0,10,9,4,4,3,3,4,2,5,7,8,2
8,764,4,0,4,0,10,9,4,4,3,3,4,2,5,7,8,3
8,764,4,0,4,0,10,10,4,4,3,3,4,2,5,7,9,3
8,764,4,0,4,0,10,10,4,4,3,3,4,2,5,7,9,3
8,764,4,0,4,0,10,10,4,4,3,3,4,2,5,7,9,3
8,764,4,0,4,0,10,10,4,4,3,3,4,2,5,7,9,3
8,764,4,0,4,0,10,10,4,4,3,3,4,2,5,7,5,3
8,764,4,0,4,0,10,9,4,4,3,3,4,2,5,7,5,3
8,764,4,0,4,0,10,9,4,4,3,3,4,2,4,7,5,2
8,764,4,0,4,0,9,9,4,4,3,3,3,2,4,7,5,2
8,764,4,0,4,0,9,9,4,4,3,3,3,2,4,7,0,2
8,764,4,0,4,0,9,9,4,4,3,3,3,2,4,7,0,2
8,764,4,0,4,0,9,9,4,4,3,3,3,2,4,7,0,2
8,764,4,0,4,0,9,9,4,4,3,3,3,2,4,7,0,2
8,764,4,0,4,0,9,9,4,4,3,3,3,2,4,7,0,2
8,764,4,0,4,0,9,9,4,4,3,3,3,2,4,7,0,2
8,764,4,0,4,0,9,9,4,4,3,3,3,2,4,7,0,2
9,765,4,0,4,0,9,9,4,4,3,3,3,2,7,7,0,2
9,765,4,0,4,0,9,9,4,4,3,3,3,2,7,7,0,2
9,765,4,0,4,0,9,9,4,4,3,3,3,2,7,7,0,2
9,765,4,0,4,0,9,9,4,4,3,3,3,2,7,7,0,2
9,765,4,0,4,0,9,9,4,4,3,3,3,2,7,7,0,2
9,765,4,0,4,0,9,9,4,4,3,3,3,2,7,7,0,2
9,765,4,0,4,0,9,9,4,4,3,3,3,2,10,8,8,2
9,765,4,0,4,0,10,10,4,4,3,3,4,3,10,10,8,2
9,765,4,0,4,0,10,10,4,4,3,3,4,3,10,10,8,2
9,765,4,0,4,0,10,10,4,4,3,3,4,3,10,10,9,2
9,765,4,0,4,0,10,10,4,4,3,3,4,3,10,11,9,3
9,765,4,0,4,0,10,10,4,4,3,3,4,3,10,11,9,3
9,765,4,0,4,0,10,10,4,4,3,3,4,3,10,10,9,2
9,765,4,0,4,0,10,10,4,4,3,3,4,3,10,11,5,2
9,765,4,0,4,0,10,10,4,4,3,3,4,3,10,11,5,2
9,765,4,0,4,0,10,10,4,3,3,3,4,3,8,11,5,2
9,765,4,0,4,0,9,10,4,3,3,3,3,3,8,11,5,2
9,765,4,0,4,0,9,10,4,3,3,3,3,3,8,11,0,2
9,765,4,0,4,0,9,10,4,3,3,3,3,3,8,10,0,1
9,765,4,0,4,0,9,10,4,3,3,3,3,3,8,10,0,1
9,765,4,0,4,0,9,9,4,3,3,3,3,3,8,10,0,0
9,765,4,0,4,0,9,9,4,3,3,3,3,3,8,9,0,0
9,765,4,0,4,0,9,9,4,3,3,3,3,3,8,9,0,0
9,765,4,0,4,0,9,9,4,3,3,3,3,3,7,9,0,0
10,766,4,0,4,0,9,9,4,3,3,3,3,3,7,9,0,0
10,766,4,0,4,0,9,9,4,3,3,3,3,3,7,9,0,0
10,766,4,0,4,0,9,9,4,3,3,3,3,3,7,9,0,0
10,766,4,0,4,0,9,9,4,3,3,3,3,3,7,9,0,0
10,766,4,0,4,0,9,9,4,3,3,3,3,3,7,9,0,0
10,766,4,0,4,0,9,9,4,3,3,3,3,3,7,9,0,0
10,766,4,0,4,0,9,9,4,3,3,3,3,3,8,9,8,0
10,766,4,0,4,0,10,9,4,4,3,3,4,4,8,9,8,0
10,766,4,0,4,0,10,10,4,4,3,3,4,4,8,8,8,0
10,766,4,0,4,0,10,10,4,4,3,3,4,4,8,8,9,0
10,766,4,0,4,0,10,10,4,4,3,3,4,4,8,8,9,0
10,766,4,0,4,0,10,10,4,4,3,3,4,4,8,8,9,0
10,766,4,0,4,0,10,10,4,4,3,3,4,4,8,8,9,0
10,766,4,0,4,0,10,10,4,3,3,3,4,4,8,8,5,0
10,766,4,0,4,0,10,10,4,3,3,3,4,4,8,8,5,0
10,766,4,0,4,0,10,10,4,3,3,3,4,4,8,8,5,0
10,766,4,0,4,0,9,10,4,3,3,3,3,4,8,8,5,0
10,766,4,0,4,0,9,10,4,3,3,3,3,4,8,8,0,0
10,766,4,0,4,0,9,10,4,3,3,3,3,4,8,8,0,0
10,766,4,0,4,0,9,10,4,3,3,3,3,4,8,8,0,0
10,766,4,0,4,0,9,10,4,3,3,3,3,4,8,8,0,0
10,766,4,0,4,0,9,10,4,3,3,3,3,4,8,8,0,0
10,766,4,0,4,0,9,10,4,3,3,3,3,4,8,8,0,0
10,766,4,0,4,0,9,10,4,3,3,3,3,4,7,8,0,0
11,767,4,0,4,0,9,10,4,3,3,3,3,4,7,8,0,0
11,767,4,0,4,0,9,10,4,3,3,3,3,4,7,8,0,0
11,767,4,0,4,0,9,10,4,3,3,3,3,4,7,8,0,0
11,767,4,0,4,0,9,10,4,3,3,3,3,4,7,8,0,0
11,767,4,0,4,0,9,10,4,3,3,3,3,4,7,8,0,0
11,767,4,0,4,0,9,10,4,3,3,3,3,4,7,8,0,0
11,767,4,0,4,0,9,10,4,3,3,3,3,4,8,8,8,0
11,767,4,0,4,0,10,10,4,4,3,3,4,4,8,8,8,0
11,767,4,0,4,0,10,10,4,4,3,3,4,4,8,8,8,1
11,767,4,0,4,0,10,10,4,4,3,3,4,4,8,8,9,1
11,767,4,0,4,0,10,9,4,4,3,3,4,4,8,8,9,1
11,767,4,0,4,0,10,10,4,4,3,3,4,4,8,8,9,1
11,767,4,0,4,0,10,9,4,4,3,3,4,4,8,8,9,0
11,767,4,0,4,0,10,9,4,4,3,3,4,4,8,8,5,0
11,767,4,0,4,0,10,9,4,4,3,3,4,4,8,8,5,0
11,767,4,0,4,0,10,9,4,4,3,3,4,4,8,8,5,0
11,767,4,0,4,0,9,9,4,4,3,3,3,3,8,8,5,0
11,767,4,0,4,0,9,9,4,4,3,3,3,3,8,8,0,0
11,767,4,0,4,0,9,9,4,4,3,3,3,3,8,8,0,0
11,767,4,0,4,0,9,9,4,4,3,3,3,3,8,7,0,0
11,767,4,0,4,0,9,9,4,4,3,3,3,3,8,7,0,0
11,767,4,0,4,0,9,9,4,4,3,3,3,2,8,7,0,0
11,767,4,0,4,0,9,9,4,4,3,3,3,2,8,7,0,0
11,767,4,0,4,0,9,9,4,4,3,3,3,2,7,7,0,0
12,768,4,0,3,0,8,9,3,4,2,3,2,2,7,7,0,0
12,768,4,0,3,0,8,9,3,4,2,3,2,2,7,7,0,0
12,768,4,0,3,0,8,9,3,4,2,3,2,2,7,7,0,0
12,768,4,0,3,0,8,9,3,4,2,3,2,2,7,7,0,0
12,768,4,0,3,0,8,9,3,4,2,3,2,2,7,7,0,0
12,768,4,0,3,0,8,9,3,4,2,3,2,2,7,7,0,0
12,768,4,0,3,0,8,9,3,4,2,3,3,2,10,7,0,0
12,768,4,0,3,0,8,9,3,4,2,3,3,0,10,7,0,0
12,768,4,0,3,0,8,9,3,4,2,3,3,0,10,7,0,0
12,768,4,0,3,0,8,9,3,4,2,3,3,0,10,7,0,0
12,768,4,0,3,0,8,9,3,4,2,3,3,0,10,7,0,0
12,768,4,0,3,0,8,9,3,4,2,3,3,0,10,7,0,0
12,768,4,0,3,0,8,9,3,4,2,3,3,0,10,7,0,0
12,768,4,0,3,0,8,9,3,4,2,3,3,0,10,7,0,0
12,768,4,0,3,0,8,8,3,4,2,3,3,0,10,6,0,0
12,768,4,0,3,0,8,8,3,4,2,3,2,0,8,6,0,0
12,768,4,0,3,0,8,8,3,4,2,3,2,0,8,6,0,0
12,768,4,0,3,0,8,8,3,4,2,3,2,0,8,6,0,0
12,768,4,0,3,0,8,8,3,4,2,3,2,0,8,6,0,0
12,768,4,0,3,0,8,8,3,4,2,3,2,0,8,6,0,0
12,768,4,0,3,0,8,8,3,4,2,3,2,0,8,6,0,0
12,768,4,0,3,0,8,8,3,4,2,3,2,0,8,6,0,0
12,768,4,0,3,0,8,8,3,4,2,3,2,0,8,6,0,0
12,768,4,0,3,0,8,8,3,4,2,3,2,0,7,6,0,0
13,769,4,0,3,0,8,8,3,4,2,3,2,0,4,6,0,0
13,769,4,0,3,0,8,8,3,4,2,3,2,0,4,6,0,0
13,769,4,0,3,0,8,8,3,4,2,3,2,0,4,6,0,0
13,769,4,0,3,0,8,8,3,4,2,3,2,0,4,6,0,0
13,769,4,0,3,0,8,8,3,4,2,3,2,0,4,6,0,0
13,769,4,0,3,0,8,8,3,4,2,3,2,0,4,6,0,0
13,769,4,0,3,0,8,8,3,4,2,3,3,0,4,6,0,0
13,769,4,0,3,0,8,8,3,4,2,3,3,0,5,6,0,0
13,769,4,0,3,0,8,8,3,4,2,3,3,0,5,6,0,0
13,769,4,0,3,0,8,8,3,4,2,3,3,0,5,6,0,0
13,769,4,0,3,0,8,8,3,4,2,3,3,0,5,6,0,0
13,769,4,0,3,0,8,8,3,4,2,3,3,0,5,6,0,0
13,769,4,0,3,0,8,8,3,4,2,3,3,0,5,6,0,0
13,769,4,0,3,0,8,8,3,4,2,3,3,0,5,6,0,0
13,769,4,0,3,0,8,8,3,4,2,3,3,0,5,6,0,0
13,769,4,0,3,0,8,8,3,4,2,3,2,0,4,6,0,0
13,769,4,0,3,0,8,8,3,4,2,3,2,0,4,6,0,0
13,769,4,0,3,0,8,8,3,4,2,3,2,0,4,6,0,0
13,769,4,0,3,0,8,8,3,4,2,3,2,0,4,6,0,0
13,769,4,0,3,0,8,8,3,4,2,3,2,0,4,6,0,0
13,769,4,0,3,0,8,8,3,4,2,3,2,0,4,6,0,0
13,769,4,0,3,0,8,8,3,4,2,3,2,0,4,6,0,0
13,769,4,0,3,0,8,8,3,4,2,3,2,0,4,6,0,0
13,769,4,0,3,0,8,8,3,4,2,3,2,0,4,6,0,0
14,770,4,0,4,0,9,8,4,4,3,3,3,0,7,6,0,0
14,770,4,0,4,0,9,8,4,4,3,3,3,0,7,6,0,0
14,770,4,0,4,0,9,8,4,4,3,3,3,0,7,6,0,0
14,770,4,0,4,0,9,8,4,4,3,3,3,0,7,6,0,0
14,770,4,0,4,0,9,8,4,4,3,3,3,0,7,6,0,0
14,770,4,0,4,0,9,8,4,4,3,3,3,0,7,6,0,0
14,770,4,0,4,0,9,8,4,4,3,3,3,0,8,6,8,0
14,770,4,0,4,0,10,9,4,4,3,3,4,1,8,8,8,2
14,770,4,0,4,0,10,10,4,4,3,3,4,1,8,8,8,2
14,770,4,0,4,0,10,10,4,4,3,3,4,1,8,8,9,2
14,770,4,0,4,0,10,10,4,4,3,3,4,1,8,8,9,2
14,770,4,0,4,0,10,10,4,4,3,3,4,1,8,8,9,2
14,770,4,0,4,0,10,10,4,3,3,3,4,1,8,8,9,2
14,770,4,0,4,0,10,10,4,3,3,3,4,1,8,7,5,2
14,770,4,0,4,0,10,10,4,3,3,3,4,1,8,7,5,2
14,770,4,0,4,0,10,10,4,3,3,3,4,1,8,7,5,2
14,770,4,0,4,0,9,10,4,3,3,3,3,1,8,7,5,2
14,770,4,0,4,0,9,10,4,3,3,3,3,1,8,7,0,2
14,770,4,0,4,0,9,10,4,3,3,3,3,1,8,7,0,2
14,770,4,0,4,0,9,9,4,3,3,3,3,1,8,7,0,2
14,770,4,0,4,0,9,9,4,3,3,3,3,1,8,7,0,2
14,770,4,0,4,0,9,9,4,3,3,3,3,1,8,7,0,2
14,770,4,0,4,0,9,9,4,3,3,3,3,1,8,7,0,2
14,770,4,0,4,0,9,9,4,3,3,3,3,1,7,7,0,2
15,771,4,0,4,0,9,9,4,3,3,3,3,1,4,7,0,2
15,771,4,0,4,0,9,9,4,3,3,3,3,1,4,7,0,2
15,771,4,0,4,0,9,9,4,3,3,3,3,1,4,7,0,2
15,771,4,0,4,0,9,9,4,3,3,3,3,1,4,7,0,2
15,771,4,0,4,0,9,9,4,3,3,3,3,1,4,7,0,2
15,771,4,0,4,0,9,9,4,3,3,3,3,1,4,7,0,2
15,771,4,0,4,0,9,9,4,3,3,3,3,1,4,7,8,2
15,771,4,0,4,0,10,9,4,4,3,3,4,2,5,7,8,3
15,771,4,0,4,0,10,10,4,4,3,3,4,2,5,7,8,4
15,771,4,0,4,0,10,10,4,4,3,3,4,2,5,7,9,5
15,771,4,0,4,0,10,10,4,4,3,3,4,2,5,7,9,5
15,771,4,0,4,0,10,9,4,4,3,3,4,2,5,7,9,5
15,771,4,0,4,0,10,9,4,4,3,3,4,2,5,7,9,5
15,771,4,0,4,0,10,9,4,4,3,3,4,2,5,7,5,5
15,771,4,0,4,0,10,9,4,4,3,3,4,2,5,7,5,5
15,771,4,0,4,0,10,9,4,4,3,3,4,2,4,7,5,1
15,771,4,0,4,0,9,9,4,4,3,3,3,2,4,7,5,1
15,771,4,0,4,0,9,9,4,3,3,3,3,2,4,7,0,1
15,771,4,0,4,0,9,9,4,3,3,3,3,2,4,7,0,1
15,771,4,0,4,0,9,9,4,3,3,3,3,2,4,7,0,1
15,771,4,0,4,0,9,9,4,3,3,3,3,2,4,7,0,1
15,771,4,0,4,0,9,9,4,3,3,3,3,2,4,7,0,0
15,771,4,0,4,0,9,9,4,3,3,3,3,2,4,7,0,0
15,771,4,0,4,0,9,9,4,3,3,3,3,2,4,7,0,0
16,772,4,0,4,0,9,9,4,3,3,3,3,2,7,7,0,0
16,772,4,0,4,0,9,9,4,3,3,3,3,2,7,7,0,0
16,772,4,0,4,0,9,9,4,3,3,3,3,2,7,7,0,0
16,772,4,0,4,0,9,9,4,3,3,3,3,2,7,7,0,0
16,772,4,0,4,0,9,9,4,3,3,3,3,2,7,7,0,0
16,772,4,0,4,0,9,9,4,3,3,3,3,2,7,7,0,0
16,772,4,0,4,0,9,9,4,3,3,3,3,2,10,7,8,0
16,772,4,0,4,0,10,9,4,4,3,2,4,3,10,10,8,1
16,772,4,0,4,0,10,10,4,4,3,2,4,3,10,10,8,1
16,772,4,0,4,0,10,10,4,4,3,3,4,3,10,10,9,2
16,772,4,0,4,0,10,10,4,4,3,3,4,3,10,11,9,2
16,772,4,0,4,0,10,10,4,4,3,3,4,3,10,11,9,2
16,772,4,0,4,0,10,10,4,4,3,3,4,3,10,10,9,1
16,772,4,0,4,0,10,10,4,4,3,3,4,3,10,10,5,1
16,772,4,0,4,0,10,10,4,4,3,2,4,3,10,10,5,1
16,772,4,0,4,0,10,10,4,4,3,2,4,3,8,10,5,1
16,772,4,0,4,0,9,10,4,4,3,2,3,3,8,10,5,1
16,772,4,0,4,0,9,10,4,4,3,2,3,3,8,10,0,1
16,772,4,0,4,0,9,10,4,4,3,2,3,3,8,10,0,1
16,772,4,0,4,0,9,10,4,4,3,2,3,3,8,10,0,1
16,772,4,0,4,0,9,9,4,4,3,2,3,3,8,9,0,0
16,772,4,0,4,0,9,9,4,4,3,2,3,3,8,8,0,0
16,772,4,0,4,0,9,9,4,4,3,2,3,3,8,8,0,0
16,772,4,0,4,0,9,9,4,4,3,2,3,3,7,8,0,0
17,773,4,0,4,0,9,9,4,4,3,2,3,3,7,8,0,0
17,773,4,0,4,0,9,9,4,4,3,2,3,3,7,8,0,0
17,773,4,0,4,0,9,9,4,4,3,2,3,3,7,8,0,0
17,773,4,0,4,0,9,9,4,4,3,2,3,3,7,8,0,0
17,773,4,0,4,0,9,9,4,4,3,2,3,3,7,8,0,0
17,773,4,0,4,0,9,9,4,4,3,2,3,3,7,8,0,0
17,773,4,0,4,0,9,9,4,4,3,2,3,3,8,8,8,0
17,773,4,0,4,0,10,10,4,4,3,3,4,3,8,8,8,0
17,773,4,0,4,0,10,10,4,4,3,3,4,2,8,8,8,0
17,773,4,0,4,0,10,10,4,4,3,2,4,2,8,8,9,0
17,773,4,0,4,0,10,10,4,4,3,2,4,2,8,8,9,0
17,773,4,0,4,0,10,10,4,4,3,2,4,2,8,8,9,0
17,773,4,0,4,0,10,10,4,4,3,2,4,2,8,8,9,0
17,773,4,0,4,0,10,10,4,4,3,2,4,2,8,8,5,0
17,773,4,0,4,0,10,10,4,4,3,2,4,2,8,7,5,0
17,773,4,0,4,0,10,10,4,4,3,2,4,2,8,6,5,0
17,773,4,0,4,0,9,10,4,4,3,2,3,2,8,6,5,0
17,773,4,0,4,0,9,10,4,4,3,2,3,2,8,6,0,0
17,773,4,0,4,0,9,10,4,4,3,2,3,2,8,6,0,0
17,773,4,0,4,0,9,10,4,3,3,2,3,2,8,6,0,0
17,773,4,0,4,0,9,10,4,3,3,2,3,2,8,6,0,0
17,773,4,0,4,0,9,10,4,3,3,2,3,2,8,6,0,0
17,773,4,0,4,0,9,10,4,3,3,2,3,2,8,6,0,0
17,773,4,0,4,0,9,10,4,3,3,2,3,2,7,6,0,0
18,774,4,0,4,0,9,10,4,3,3,2,3,2,7,6,0,0
18,774,4,0,4,0,9,10,4,3,3,2,3,2,7,6,0,0
18,774,4,0,4,0,9,10,4,3,3,2,3,2,7,6,0,0
18,774,4,0,4,0,9,10,4,3,3,2,3,2,7,6,0,0
18,774,4,0,4,0,9,10,4,3,3,2,3,2,7,6,0,0
18,774,4,0,4,0,9,10,4,3,3,2,3,2,7,6,0,0
18,774,4,0,4,0,9,10,4,3,3,2,3,2,8,6,8,0
18,774,4,0,4,0,10,10,4,3,3,3,4,3,8,8,8,1
18,774,4,0,4,0,10,10,4,4,3,3,4,3,8,8,8,1
18,774,4,0,4,0,10,10,4,4,3,3,4,3,8,8,9,2
18,774,4,0,4,0,10,10,4,4,3,3,4,3,8,8,9,2
18,774,4,0,4,0,10,10,4,4,3,3,4,3,8,8,9,2
18,774,4,0,4,0,10,10,4,4,3,3,4,3,8,9,9,2
18,774,4,0,4,0,10,10,4,4,3,3,4,3,8,8,5,1
18,774,4,0,4,0,10,10,4,4,3,3,4,3,8,8,5,1
18,774,4,0,4,0,10,10,4,4,3,3,4,3,8,7,5,1
18,774,4,0,4,0,9,10,4,4,3,3,3,3,8,7,5,1
18,774,4,0,4,0,9,10,4,4,3,3,3,3,8,7,0,1
18,774,4,0,4,0,9,10,4,4,3,3,3,3,8,7,0,1
18,774,4,0,4,0,9,10,4,4,3,3,3,3,8,6,0,1
18,774,4,0,4,0,9,10,4,4,3,3,3,3,8,6,0,0
18,774,4,0,4,0,9,10,4,4,3,3,3,3,8,6,0,0
18,774,4,0,4,0,9,10,4,4,3,3,3,3,8,6,0,0
18,774,4,0,4,0,9,10,4,4,3,3,3,3,7,6,0,0
19,775,4,0,3,0,8,10,3,4,2,3,2,3,7,6,0,0
19,775,4,0,3,0,8,10,3,4,2,3,2,3,7,6,0,0
19,775,4,0,3,0,8,10,3,4,2,3,2,3,7,6,0,0
19,775,4,0,3,0,8,10,3,4,2,3,2,3,7,6,0,0
19,775,4,0,3,0,8,10,3,4,2,3,2,3,7,6,0,0
19,775,4,0,3,0,8,10,3,4,2,3,2,3,7,6,0,0
19,775,4,0,3,0,8,10,3,4,2,3,3,3,10,6,0,0
19,775,4,0,3,0,8,10,3,3,2,2,3,2,10,6,0,0
19,775,4,0,3,0,8,10,3,3,2,2,3,2,10,5,0,0
19,775,4,0,3,0,8,10,3,3,2,2,3,2,10,5,0,0
19,775,4,0,3,0,8,10,3,3,2,2,3,2,10,5,0,0
19,775,4,0,3,0,8,10,3,3,2,2,3,2,10,5,0,0
19,775,4,0,3,0,8,10,3,3,2,2,3,2,10,5,0,0
19,775,4,0,3,0,8,10,3,3,2,2,3,2,10,5,0,0
19,775,4,0,3,0,8,10,3,3,2,2,3,2,10,5,0,0
19,775,4,0,3,0,8,10,3,3,2,2,2,2,8,5,0,0
19,775,4,0,3,0,8,10,3,3,2,2,2,2,8,5,0,0
19,775,4,0,3,0,8,10,3,3,2,2,2,2,8,5,0,0
19,775,4,0,3,0,8,10,3,3,2,2,2,2,8,5,0,0
19,775,4,0,3,0,8,10,3,3,2,2,2,2,8,5,0,0
19,775,4,0,3,0,8,10,3,3,2,2,2,2,8,5,0,0
19,775,4,0,3,0,8,9,3,3,2,2,2,2,8,5,0,0
19,775,4,0,3,0,8,9,3,3,2,2,2,2,8,5,0,0
19,775,4,0,3,0,8,9,3,3,2,2,2,2,7,5,0,0
20,776,4,0,3,0,8,9,3,3,2,2,2,2,4,5,0,0
20,776,4,0,3,0,8,9,3,3,2,2,2,2,4,5,0,0
20,776,4,0,3,0,8,9,3,3,2,2,2,2,4,5,0,0
20,776,4,0,3,0,8,9,3,3,2,2,2,2,4,5,0,0
20,776,4,0,3,0,8,9,3,3,2,2,2,2,4,5,0,0
20,776,4,0,3,0,8,9,3,3,2,2,2,2,4,5,0,0
20,776,4,0,3,0,8,9,3,3,2,2,3,2,4,5,0,0
20,776,4,0,3,0,8,9,3,3,2,2,3,2,5,5,0,0
20,776,4,0,3,0,8,8,3,3,2,2,3,2,5,5,0,0
20,776,4,0,3,0,8,8,3,3,2,2,3,2,5,5,0,0
20,776,4,0,3,0,8,8,3,3,2,2,3,2,5,5,0,0
20,776,4,0,3,0,8,8,3,3,2,2,3,2,5,5,0,0
20,776,4,0,3,0,8,8,3,3,2,2,3,2,5,5,0,0
20,776,4,0,3,0,8,8,3,3,2,2,3,2,5,5,0,0
20,776,4,0,3,0,8,8,3,3,2,2,3,2,5,5,0,0
20,776,4,0,3,0,8,8,3,3,2,2,2,2,4,5,0,0
20,776,4,0,3,0,8,8,3,3,2,2,2,2,4,5,0,0
20,776,4,0,3,0,8,8,3,3,2,2,2,2,4,5,0,0
20,776,4,0,3,0,8,8,3,3,2,2,2,1,4,5,0,0
20,776,4,0,3,0,8,8,3,3,2,2,2,1,4,5,0,0
20,776,4,0,3,0,8,8,3,3,2,2,2,1,4,5,0,0
20,776,4,0,3,0,8,8,3,3,2,2,2,1,4,5,0,0
20,776,4,0,3,0,8,8,3,3,2,2,2,1,4,5,0,0
20,776,4,0,3,0,8,8,3,3,2,2,2,1,4,5,0,0
21,777,4,0,4,0,9,8,4,3,3,2,3,1,7,5,0,0
21,777,4,0,4,0,9,8,4,3,3,2,3,1,7,5,0,0
21,777,4,0,4,0,9,8,4,3,3,2,3,1,7,5,0,0
21,777,4,0,4,0,9,8,4,3,3,2,3,1,7,5,0,0
21,777,4,0,4,0,9,8,4,3,3,2,3,1,7,5,0,0
21,777,4,0,4,0,9,8,4,3,3,2,3,1,7,5,0,0
21,777,4,0,4,0,9,8,4,3,3,2,3,1,8,5,8,0
21,777,4,0,4,0,10,9,4,4,3,3,4,2,8,8,8,1
21,777,4,0,4,0,10,10,4,4,3,3,4,2,8,8,8,1
21,777,4,0,4,0,10,10,4,4,3,3,4,2,8,8,9,1
21,777,4,0,4,0,10,10,4,4,3,3,4,2,8,8,9,1
21,777,4,0,4,0,10,10,4,4,3,3,4,2,8,8,9,1
21,777,4,0,4,0,10,10,4,4,3,3,4,2,8,8,9,1
21,777,4,0,4,0,10,10,4,4,3,3,4,2,8,8,5,1
21,777,4,0,4,0,10,10,4,4,3,3,4,2,8,8,5,1
21,777,4,0,4,0,10,10,4,4,3,3,4,2,8,8,5,1
21,777,4,0,4,0,9,10,4,4,3,3,3,2,8,8,5,1
21,777,4,0,4,0,9,10,4,3,3,3,3,2,8,8,0,1
21,777,4,0,4,0,9,10,4,3,3,3,3,2,8,8,0,1
21,777,4,0,4,0,9,10,4,3,3,2,3,2,8,8,0,0
21,777,4,0,4,0,9,10,4,3,3,2,3,2,8,8,0,0
21,777,4,0,4,0,9,10,4,3,3,2,3,2,8,8,0,0
21,777,4,0,4,0,9,10,4,3,3,2,3,2,8,8,0,0
21,777,4,0,4,0,9,10,4,3,3,2,3,2,7,8,0,0
22,778,4,0,4,0,9,10,4,3,3,2,3,2,4,8,0,0
22,778,4,0,4,0,9,10,4,3,3,2,3,2,4,8,0,0
22,778,4,0,4,0,9,10,4,3,3,2,3,2,4,8,0,0
22,778,4,0,4,0,9,10,4,3,3,2,3,2,4,8,0,0
22,778,4,0,4,0,9,10,4,3,3,2,3,2,4,8,0,0
22,778,4,0,4,0,9,10,4,3,3,2,3,2,4,8,0,0
22,778,4,0,4,0,9,10,4,3,3,2,3,2,4,8,8,0
22,778,4,0,4,0,10,9,4,3,3,3,4,3,5,7,8,5
22,778,4,0,4,0,10,10,4,4,3,3,4,3,5,7,8,6
22,778,4,0,4,0,10,10,4,4,3,3,4,3,5,7,9,7
22,778,4,0,4,0,10,10,4,4,3,3,4,3,5,7,9,8
22,778,4,0,4,0,10,10,4,3,3,3,4,3,5,7,9,8
22,778,4,0,4,0,10,10,4,3,3,3,4,3,5,7,9,8
22,778,4,0,4,0,10,10,4,3,3,3,4,3,5,7,5,8
22,778,4,0,4,0,10,10,4,3,3,3,4,3,5,7,5,8
22,778,4,0,4,0,10,10,4,3,3,3,4,3,4,7,5,5
22,778,4,0,4,0,9,10,4,3,3,3,3,3,4,7,5,5
22,778,4,0,4,0,9,10,4,3,3,2,3,3,4,7,0,5
22,778,4,0,4,0,9,10,4,3,3,2,3,3,4,7,0,5
22,778,4,0,4,0,9,10,4,3,3,2,3,3,4,7,0,5
22,778,4,0,4,0,9,10,4,3,3,2,3,3,4,7,0,5
22,778,4,0,4,0,9,10,4,3,3,2,3,3,4,7,0,5
22,778,4,0,4,0,9,10,4,3,3,2,3,3,4,7,0,5
22,778,4,0,4,0,9,10,4,3,3,2,3,3,4,7,0,5
23,779,4,0,4,0,9,10,4,3,3,2,3,3,7,7,0,5
23,779,4,0,4,0,9,10,4,3,3,2,3,3,7,7,0,5
23,779,4,0,4,0,9,10,4,3,3,2,3,3,7,7,0,5
23,779,4,0,4,0,9,10,4,3,3,2,3,3,7,7,0,5
23,779,4,0,4,0,9,10,4,3,3,2,3,3,7,7,0,5
23,779,4,0,4,0,9,10,4,3,3,2,3,3,7,7,0,5
23,779,4,0,4,0,9,10,4,3,3,2,3,3,10,10,8,5
23,779,4,0,4,0,10,9,4,4,3,2,4,4,10,10,8,4
23,779,4,0,4,0,10,10,4,4,3,2,4,4,10,10,8,3
23,779,4,0,4,0,10,10,4,4,3,3,4,4,10,10,9,2
23,779,4,0,4,0,10,10,4,4,3,3,4,4,10,10,9,2
23,779,4,0,4,0,10,10,4,4,3,3,4,4,10,10,9,2
23,779,4,0,4,0,10,9,4,4,3,3,4,4,10,10,9,2
23,779,4,0,4,0,10,10,4,4,3,3,4,4,10,9,5,0
23,779,4,0,4,0,10,10,4,4,3,3,4,4,10,9,5,0
23,779,4,0,4,0,10,10,4,4,3,3,4,4,8,9,5,0
23,779,4,0,4,0,9,10,4,4,3,3,3,4,8,9,5,0
23,779,4,0,4,0,9,10,4,4,3,3,3,4,8,9,0,0
23,779,4,0,4,0,9,10,4,4,3,3,3,4,8,9,0,0
23,779,4,0,4,0,9,10,4,4,3,3,3,4,8,9,0,0
23,779,4,0,4,0,9,10,4,4,3,3,3,4,8,9,0,0
23,779,4,0,4,0,9,10,4,4,3,3,3,4,8,9,0,0
23,779,4,0,4,0,9,10,4,4,3,3,3,4,8,9,0,0
23,779,4,0,4,0,9,10,4,4,3,3,3,4,7,9,0,0
24,780,4,0,4,0,9,10,4,4,3,3,3,4,7,9,0,0
24,780,4,0,4,0,9,10,4,4,3,3,3,4,7,9,0,0
24,780,4,0,4,0,9,10,4,4,3,3,3,4,7,9,0,0
24,780,4,0,4,0,9,10,4,4,3,3,3,4,7,9,0,0
24,780,4,0,4,0,9,10,4,4,3,3,3,4,7,9,0,0
24,780,4,0,4,0,9,10,4,4,3,3,3,4,7,9,0,0
24,780,4,0,4,0,9,10,4,4,3,3,3,4,8,9,8,0
24,780,4,0,4,0,10,9,4,4,3,3,4,4,8,8,8,0
24,780,4,0,4,0,10,10,4,4,3,3,4,4,8,8,8,0
24,780,4,0,4,0,10,10,4,4,3,3,4,4,8,8,9,0
24,780,4,0,4,0,10,10,4,4,3,3,4,4,8,8,9,0
24,780,4,0,4,0,10,10,4,4,3,3,4,4,8,8,9,0
24,780,4,0,4,0,10,10,4,4,3,3,4,4,8,8,9,0
24,780,4,0,4,0,10,10,4,4,3,3,4,3,8,8,5,0
24,780,4,0,4,0,10,10,4,3,3,3,4,3,8,8,5,0
24,780,4,0,4,0,10,10,4,3,3,3,4,3,8,8,5,0
24,780,4,0,4,0,9,10,4,3,3,3,3,3,8,8,5,0
24,780,4,0,4,0,9,10,4,3,3,3,3,3,8,8,0,0
24,780,4,0,4,0,9,10,4,3,3,3,3,3,8,8,0,0
24,780,4,0,4,0,9,10,4,3,3,3,3,3,8,8,0,0
24,780,4,0,4,0,9,10,4,3,3,3,3,3,8,8,0,0
24,780,4,0,4,0,9,10,4,3,3,3,3,3,8,8,0,0
24,780,4,0,4,0,9,10,4,3,3,3,3,3,8,8,0,0
24,780,4,0,4,0,9,10,4,3,3,3,3,3,7,8,0,0
25,781,4,0,4,0,9,10,4,3,3,3,3,3,7,8,0,0
25,781,4,0,4,0,9,10,4,3,3,3,3,3,7,8,0,0
25,781,4,0,4,0,9,10,4,3,3,3,3,3,7,8,0,0
25,781,4,0,4,0,9,10,4,3,3,3,3,3,7,8,0,0
25,781,4,0,4,0,9,10,4,3,3,3,3,3,7,8,0,0
25,781,4,0,4,0,9,10,4,3,3,3,3,3,7,8,0,0
25,781,4,0,4,0,9,10,4,3,3,3,3,3,8,8,8,0
25,781,4,0,4,0,10,10,4,4,3,3,4,3,8,7,8,1
25,781,4,0,4,0,10,10,4,4,3,3,4,3,8,8,8,1
25,781,4,0,4,0,10,10,4,4,3,3,4,3,8,8,9,2
25,781,4,0,4,0,10,10,4,4,3,3,4,3,8,8,9,3
25,781,4,0,4,0,10,10,4,3,3,3,4,3,8,8,9,4
25,781,4,0,4,0,10,10,4,4,3,3,4,3,8,9,9,4
25,781,4,0,4,0,10,10,4,4,3,3,4,3,8,9,5,4
25,781,4,0,4,0,10,10,4,4,3,3,4,3,8,9,5,4
25,781,4,0,4,0,10,10,4,4,3,3,4,3,8,9,5,2
25,781,4,0,4,0,9,10,4,4,3,3,3,3,8,9,5,2
25,781,4,0,4,0,9,10,4,4,3,3,3,3,8,8,0,1
25,781,4,0,4,0,9,10,4,4,3,3,3,3,8,8,0,1
25,781,4,0,4,0,9,10,4,4,3,3,3,3,8,8,0,1
25,781,4,0,4,0,9,9,4,4,3,3,3,3,8,7,0,1
25,781,4,0,4,0,9,9,4,4,3,3,3,3,8,7,0,1
25,781,4,0,4,0,9,9,4,4,3,3,3,3,8,7,0,1
25,781,4,0,4,0,9,9,4,4,3,3,3,3,7,7,0,1
26,782,4,0,3,0,8,9,3,4,2,3,2,3,7,7,0,1
26,782,4,0,3,0,8,9,3,4,2,3,2,3,7,7,0,1
26,782,4,0,3,0,8,9,3,4,2,3,2,3,7,7,0,1
26,782,4,0,3,0,8,9,3,4,2,3,2,3,7,7,0,1
26,782,4,0,3,0,8,9,3,4,2,3,2,3,7,7,0,1
26,782,4,0,3,0,8,9,3,4,2,3,2,3,7,7,0,1
26,782,4,0,3,0,8,9,3,4,2,3,3,3,10,7,0,1
26,782,4,0,3,0,8,8,3,4,2,3,3,2,10,7,0,0
26,782,4,0,3,0,8,8,3,4,2,3,3,2,10,7,0,0
26,782,4,0,3,0,8,7,3,4,2,3,3,2,10,7,0,0
26,782,4,0,3,0,8,7,3,4,2,3,3,2,10,7,0,0
26,782,4,0,3,0,8,7,3,4,2,3,3,2,10,7,0,0
26,782,4,0,3,0,8,7,3,4,2,3,3,2,10,7,0,0
26,782,4,0,3,0,8,7,3,4,2,3,3,2,10,7,0,0
26,782,4,0,3,0,8,7,3,4,2,3,3,1,10,7,0,0
26,782,4,0,3,0,8,7,3,4,2,3,2,1,8,7,0,0
26,782,4,0,3,0,8,7,3,4,2,3,2,1,8,7,0,0
26,782,4,0,3,0,8,7,3,3,2,3,2,1,8,7,0,0
26,782,4,0,3,0,8,7,3,3,2,3,2,1,8,7,0,0
26,782,4,0,3,0,8,7,3,3,2,3,2,1,8,7,0,0
26,782,4,0,3,0,8,7,3,3,2,3,2,1,8,7,0,0
26,782,4,0,3,0,8,7,3,3,2,3,2,1,8,7,0,0
26,782,4,0,3,0,8,7,3,3,2,3,2,1,8,7,0,0
26,782,4,0,3,0,8,7,3,3,2,3,2,1,7,7,0,0
27,783,4,0,3,0,8,7,3,3,2,3,2,1,4,7,0,0
27,783,4,0,3,0,8,7,3,3,2,3,2,1,4,7,0,0
27,783,4,0,3,0,8,7,3,3,2,3,2,1,4,7,0,0
27,783,4,0,3,0,8,7,3,3,2,3,2,1,4,7,0,0
27,783,4,0,3,0,8,7,3,3,2,3,2,1,4,7,0,0
27,783,4,0,3,0,8,7,3,3,2,3,2,1,4,7,0,0
27,783,4,0,3,0,8,7,3,3,2,3,3,1,4,7,0,0
27,783,4,0,3,0,8,7,3,3,2,2,3,1,5,7,0,0
27,783,4,0,3,0,8,7,3,3,2,2,3,1,5,7,0,0
27,783,4,0,3,0,8,7,3,3,2,2,3,1,5,7,0,0
27,783,4,0,3,0,8,7,3,3,2,2,3,1,5,7,0,0
27,783,4,0,3,0,8,7,3,3,2,2,3,1,5,7,0,0
27,783,4,0,3,0,8,7,3,3,2,2,3,1,5,7,0,0
27,783,4,0,3,0,8,7,3,3,2,2,3,1,5,7,0,0
27,783,4,0,3,0,8,7,3,3,2,2,3,1,5,7,0,0
27,783,4,0,3,0,8,7,3,3,2,2,2,1,4,7,0,0
27,783,4,0,3,0,8,7,3,3,2,2,2,1,4,7,0,0
27,783,4,0,3,0,8,7,3,3,2,2,2,1,4,7,0,0
27,783,4,0,3,0,8,7,3,3,2,2,2,1,4,7,0,0
27,783,4,0,3,0,8,7,3,3,2,2,2,1,4,7,0,0
27,783,4,0,3,0,8,7,3,3,2,2,2,1,4,7,0,0
27,783,4,0,3,0,8,7,3,3,2,2,2,1,4,7,0,0
27,783,4,0,3,0,8,7,3,3,2,2,2,1,4,7,0,0
27,783,4,0,3,0,8,7,3,3,2,2,2,1,4,7,0,0
0,784,4,0,4,0,9,7,4,3,3,2,3,1,7,7,0,0
0,784,4,0,4,0,9,7,4,3,3,2,3,1,7,7,0,0
0,784,4,0,4,0,9,7,4,3,3,2,3,1,7,7,0,0
0,784,4,0,4,0,9,7,4,3,3,2,3,1,7,7,0,0
0,784,4,0,4,0,9,7,4,3,3,2,3,1,7,7,0,0
0,784,4,0,4,0,9,7,4,3,3,2,3,1,7,7,0,0
0,784,4,0,4,0,9,7,4,3,3,2,3,1,8,7,8,0
0,784,4,0,4,0,10,9,4,3,3,3,4,2,8,8,8,2
0,784,4,0,4,0,10,10,4,4,3,3,4,2,8,8,8,2
0,784,4,0,4,0,10,10,4,4,3,3,4,2,8,8,9,2
0,784,4,0,4,0,10,10,4,4,3,3,4,2,8,8,9,2
0,784,4,0,4,0,10,10,4,4,3,3,4,2,8,8,9,2
0,784,4,0,4,0,10,10,4,4,3,3,4,2,8,8,9,2
0,784,4,0,4,0,10,10,4,4,3,3,4,1,8,8,5,2
0,784,4,0,4,0,10,10,4,4,3,3,4,1,8,8,5,2
0,784,4,0,4,0,10,10,4,4,3,3,4,1,8,8,5,2
0,784,4,0,4,0,9,10,4,4,3,3,3,1,8,8,5,2
0,784,4,0,4,0,9,10,4,4,3,3,3,1,8,8,0,2
0,784,4,0,4,0,9,10,4,4,3,3,3,1,8,8,0,2
0,784,4,0,4,0,9,10,4,4,3,3,3,1,8,8,0,2
0,784,4,0,4,0,9,10,4,4,3,3,3,0,8,8,0,2
0,784,4,0,4,0,9,10,4,4,3,3,3,0,8,8,0,2
0,784,4,0,4,0,9,10,4,4,3,3,3,0,8,8,0,2
0,784,4,0,4,0,9,10,4,4,3,3,3,0,7,8,0,2
1,785,4,0,4,0,9,10,4,4,3,3,3,0,4,8,0,2
1,785,4,0,4,0,9,10,4,4,3,3,3,0,4,8,0,2
1,785,4,0,4,0,9,10,4,4,3,3,3,0,4,8,0,2
1,785,4,0,4,0,9,10,4,4,3,3,3,0,4,8,0,2
1,785,4,0,4,0,9,10,4,4,3,3,3,0,4,8,0,2
1,785,4,0,4,0,9,10,4,4,3,3,3,0,4,8,0,2
1,785,4,0,4,0,9,10,4,4,3,3,3,0,4,8,8,2
1,785,4,0,4,0,10,9,4,4,3,3,4,1,5,8,8,2
1,785,4,0,4,0,10,10,4,3,3,3,4,1,5,8,8,2
1,785,4,0,4,0,10,9,4,4,3,3,4,1,5,8,9,3
1,785,4,0,4,0,10,10,4,4,3,3,4,1,5,8,9,2
1,785,4,0,4,0,10,10,4,4,3,3,4,1,5,8,9,2
1,785,4,0,4,0,10,10,4,4,3,3,4,1,5,8,9,2
1,785,4,0,4,0,10,9,4,4,3,3,4,1,5,8,5,2
1,785,4,0,4,0,10,9,4,4,3,3,4,1,5,8,5,2
1,785,4,0,4,0,10,9,4,4,3,3,4,1,4,8,5,2
1,785,4,0,4,0,9,9,4,3,3,3,3,1,4,8,5,2
1,785,4,0,4,0,9,9,4,3,3,3,3,1,4,8,0,2
1,785,4,0,4,0,9,9,4,3,3,3,3,1,4,8,0,2
1,785,4,0,4,0,9,9,4,3,3,3,3,1,4,8,0,1
1,785,4,0,4,0,9,9,4,3,3,3,3,1,4,8,0,1
1,785,4,0,4,0,9,9,4,3,3,3,3,1,4,8,0,1
1,785,4,0,4,0,9,9,4,3,3,3,3,1,4,8,0,1
1,785,4,0,4,0,9,9,4,3,3,3,3,1,4,8,0,1
2,786,4,0,4,0,9,9,4,3,3,3,3,1,7,8,0,1
2,786,4,0,4,0,9,9,4,3,3,3,3,1,7,8,0,1
2,786,4,0,4,0,9,9,4,3,3,3,3,1,7,8,0,1
2,786,4,0,4,0,9,9,4,3,3,3,3,1,7,8,0,1
2,786,4,0,4,0,9,9,4,3,3,3,3,1,7,8,0,1
2,786,4,0,4,0,9,9,4,3,3,3,3,1,7,8,0,1
2,786,4,0,4,0,9,9,4,3,3,3,3,1,10,9,8,1
2,786,4,0,4,0,10,10,4,4,3,3,4,1,10,10,8,1
2,786,4,0,4,0,10,10,4,4,3,3,4,1,10,10,8,1
2,786,4,0,4,0,10,10,4,4,3,3,4,1,10,10,9,1
2,786,4,0,4,0,10,10,4,4,3,3,4,1,10,10,9,1
2,786,4,0,4,0,10,10,4,4,3,3,4,1,10,10,9,1
2,786,4,0,4,0,10,10,4,4,3,3,4,1,10,10,9,1
2,786,4,0,4,0,10,10,4,4,3,3,4,1,10,10,5,1
2,786,4,0,4,0,10,10,4,4,3,3,4,1,10,10,5,1
2,786,4,0,4,0,10,10,4,4,3,3,4,1,8,10,5,1
2,786,4,0,4,0,9,10,4,4,3,3,3,1,8,10,5,1
2,786,4,0,4,0,9,10,4,4,3,3,3,1,8,9,0,1
2,786,4,0,4,0,9,10,4,4,3,3,3,1,8,9,0,1
2,786,4,0,4,0,9,10,4,4,3,3,3,1,8,9,0,0
2,786,4,0,4,0,9,10,4,4,3,3,3,1,8,9,0,0
2,786,4,0,4,0,9,10,4,4,3,3,3,1,8,9,0,0
2,786,4,0,4,0,9,9,4,4,3,3,3,1,8,8,0,0
2,786,4,0,4,0,9,9,4,4,3,3,3,1,7,8,0,0
3,787,4,0,4,0,9,9,4,4,3,3,3,1,7,8,0,0
3,787,4,0,4,0,9,9,4,4,3,3,3,1,7,8,0,0
3,787,4,0,4,0,9,9,4,4,3,3,3,1,7,8,0,0
3,787,4,0,4,0,9,9,4,4,3,3,3,1,7,8,0,0
3,787,4,0,4,0,9,9,4,4,3,3,3,1,7,8,0,0
3,787,4,0,4,0,9,9,4,4,3,3,3,1,7,8,0,0
3,787,4,0,4,0,9,9,4,4,3,3,3,1,8,8,8,0
3,787,4,0,4,0,10,10,4,4,3,3,4,2,8,8,8,0
3,787,4,0,4,0,10,10,4,4,3,3,4,2,8,8,8,0
3,787,4,0,4,0,10,10,4,4,3,3,4,2,8,8,9,0
3,787,4,0,4,0,10,10,4,4,3,2,4,2,8,8,9,0
3,787,4,0,4,0,10,10,4,4,3,2,4,2,8,8,9,0
3,787,4,0,4,0,10,9,4,4,3,2,4,2,8,8,9,0
3,787,4,0,4,0,10,9,4,4,3,2,4,2,8,8,5,0
3,787,4,0,4,0,10,9,4,4,3,2,4,2,8,8,5,0
3,787,4,0,4,0,10,9,4,4,3,2,4,2,8,8,5,0
3,787,4,0,4,0,9,8,4,4,3,2,3,2,8,8,5,0
3,787,4,0,4,0,9,8,4,4,3,2,3,2,8,8,0,0
3,787,4,0,4,0,9,8,4,4,3,2,3,2,8,8,0,0
3,787,4,0,4,0,9,8,4,4,3,2,3,2,8,8,0,0
3,787,4,0,4,0,9,8,4,4,3,2,3,2,8,8,0,0
3,787,4,0,4,0,9,8,4,4,3,2,3,2,8,8,0,0
3,787,4,0,4,0,9,8,4,4,3,2,3,2,8,8,0,0
3,787,4,0,4,0,9,8,4,4,3,2,3,2,7,8,0,0
4,788,4,0,4,0,9,8,4,4,3,2,3,2,7,8,0,0
4,788,4,0,4,0,9,8,4,4,3,2,3,2,7,8,0,0
4,788,4,0,4,0,9,8,4,4,3,2,3,2,7,8,0,0
4,788,4,0,4,0,9,8,4,4,3,2,3,2,7,8,0,0
4,788,4,0,4,0,9,8,4,4,3,2,3,2,7,8,0,0
4,788,4,0,4,0,9,8,4,4,3,2,3,2,7,8,0,0
4,788,4,0,4,0,9,8,4,4,3,2,3,2,8,8,8,0
4,788,4,0,4,0,10,9,4,4,3,3,4,2,8,8,8,1
4,788,4,0,4,0,10,10,4,4,3,3,4,2,8,8,8,1
4,788,4,0,4,0,10,10,4,4,3,3,4,2,8,8,9,1
4,788,4,0,4,0,10,10,4,4,3,3,4,2,8,8,9,1
4,788,4,0,4,0,10,10,4,4,3,3,4,2,8,8,9,1
4,788,4,0,4,0,10,10,4,4,3,3,4,2,8,8,9,1
4,788,4,0,4,0,10,10,4,4,3,3,4,2,8,8,5,1
4,788,4,0,4,0,10,10,4,4,3,3,4,2,8,8,5,1
4,788,4,0,4,0,10,10,4,4,3,3,4,2,8,8,5,1
4,788,4,0,4,0,9,10,4,4,3,3,3,2,8,8,5,1
4,788,4,0,4,0,9,10,4,4,3,3,3,2,8,8,0,1
4,788,4,0,4,0,9,10,4,4,3,3,3,2,8,8,0,1
4,788,4,0,4,0,9,10,4,4,3,3,3,2,8,8,0,1
4,788,4,0,4,0,9,10,4,4,3,3,3,2,8,8,0,1
4,788,4,0,4,0,9,10,4,4,3,3,3,2,8,8,0,1
4,788,4,0,4,0,9,9,4,4,3,3,3,2,8,8,0,1
4,788,4,0,4,0,9,9,4,4,3,3,3,2,7,8,0,1
5,789,4,0,3,0,8,9,3,4,2,3,2,2,7,8,0,1
5,789,4,0,3,0,8,9,3,4,2,3,2,2,7,8,0,1
5,789,4,0,3,0,8,9,3,4,2,3,2,2,7,8,0,1
5,789,4,0,3,0,8,9,3,4,2,3,2,2,7,8,0,1
5,789,4,0,3,0,8,9,3,4,2,3,2,2,7,8,0,1
5,789,4,0,3,0,8,9,3,4,2,3,2,2,7,8,0,1
5,789,4,0,3,0,8,9,3,4,2,3,3,2,10,8,0,1
5,789,4,0,3,0,8,7,3,4,2,2,3,2,10,7,0,1
5,789,4,0,3,0,8,7,3,4,2,2,3,2,10,7,0,1
5,789,4,0,3,0,8,7,3,4,2,2,3,2,10,7,0,0
5,789,4,0,3,0,8,7,3,4,2,2,3,2,10,7,0,0
5,789,4,0,3,0,8,7,3,4,2,2,3,2,10,7,0,0
5,789,4,0,3,0,8,7,3,4,2,2,3,2,10,7,0,0
5,789,4,0,3,0,8,7,3,4,2,2,3,2,10,7,0,0
5,789,4,0,3,0,8,7,3,4,2,1,3,2,10,7,0,0
5,789,4,0,3,0,8,7,3,4,2,1,2,2,8,7,0,0
5,789,4,0,3,0,8,7,3,4,2,1,2,2,8,7,0,0
5,789,4,0,3,0,8,7,3,4,2,1,2,2,8,7,0,0
5,789,4,0,3,0,8,7,3,4,2,1,2,2,8,7,0,0
5,789,4,0,3,0,8,7,3,4,2,1,2,2,8,7,0,0
5,789,4,0,3,0,8,7,3,4,2,1,2,2,8,7,0,0
5,789,4,0,3,0,8,7,3,4,2,1,2,2,8,7,0,0
5,789,4,0,3,0,8,7,3,4,2,1,2,2,8,7,0,0
5,789,4,0,3,0,8,7,3,4,2,1,2,2,7,7,0,0
6,790,4,0,3,0,8,7,3,4,2,1,2,2,4,7,0,0
6,790,4,0,3,0,8,7,3,4,2,1,2,2,4,7,0,0
6,790,4,0,3,0,8,7,3,4,2,1,2,2,4,7,0,0
6,790,4,0,3,0,8,7,3,4,2,1,2,2,4,7,0,0
6,790,4,0,3,0,8,7,3,4,2,1,2,2,4,7,0,0
6,790,4,0,3,0,8,7,3,4,2,1,2,2,4,7,0,0
6,790,4,0,3,0,8,7,3,4,2,1,3,2,4,7,0,0
6,790,4,0,3,0,8,7,3,4,2,1,3,2,5,7,0,0
6,790,4,0,3,0,8,7,3,4,2,1,3,2,5,7,0,0
6,790,4,0,3,0,8,7,3,4,2,1,3,2,5,7,0,0
6,790,4,0,3,0,8,7,3,4,2,1,3,2,5,7,0,0
6,790,4,0,3,0,8,7,3,4,2,1,3,2,5,7,0,0
6,790,4,0,3,0,8,7,3,4,2,1,3,2,5,7,0,0
6,790,4,0,3,0,8,7,3,4,2,1,3,2,5,7,0,0
6,790,4,0,3,0,8,7,3,4,2,1,3,2,5,7,0,0
6,790,4,0,3,0,8,7,3,4,2,1,2,2,4,7,0,0
6,790,4,0,3,0,8,7,3,4,2,1,2,2,4,7,0,0
6,790,4,0,3,0,8,7,3,4,2,1,2,2,4,6,0,0
6,790,4,0,3,0,8,7,3,4,2,1,2,2,4,6,0,0
6,790,4,0,3,0,8,7,3,4,2,1,2,2,4,6,0,0
6,790,4,0,3,0,8,7,3,4,2,1,2,1,4,6,0,0
6,790,4,0,3,0,8,7,3,4,2,1,2,1,4,6,0,0
6,790,4,0,3,0,8,7,3,4,2,1,2,1,4,6,0,0
6,790,4,0,3,0,8,7,3,4,2,1,2,1,4,6,0,0
7,791,4,0,4,0,9,7,4,4,3,1,3,1,7,6,0,0
7,791,4,0,4,0,9,7,4,4,3,1,3,1,7,6,0,0
7,791,4,0,4,0,9,7,4,4,3,1,3,1,7,6,0,0
7,791,4,0,4,0,9,7,4,4,3,1,3,1,7,6,0,0
7,791,4,0,4,0,9,7,4,4,3,1,3,1,7,6,0,0
7,791,4,0,4,0,9,7,4,4,3,1,3,1,7,6,0,0
7,791,4,0,4,0,9,7,4,4,3,1,3,1,8,6,8,0
7,791,4,0,4,0,10,9,4,4,3,3,4,2,8,8,8,1
7,791,4,0,4,0,10,10,4,4,3,3,4,2,8,8,8,1
7,791,4,0,4,0,10,10,4,4,3,3,4,2,8,8,9,1
7,791,4,0,4,0,10,10,4,4,3,3,4,2,8,8,9,1
7,791,4,0,4,0,10,10,4,4,3,2,4,2,8,8,9,1
7,791,4,0,4,0,10,10,4,4,3,3,4,2,8,8,9,1
7,791,4,0,4,0,10,10,4,4,3,3,4,2,8,8,5,1
7,791,4,0,4,0,10,10,4,3,3,3,4,2,8,8,5,1
7,791,4,0,4,0,10,10,4,3,3,3,4,2,8,8,5,1
7,791,4,0,4,0,9,10,4,3,3,3,3,2,8,8,5,1
7,791,4,0,4,0,9,10,4,3,3,3,3,2,8,8,0,1
7,791,4,0,4,0,9,10,4,3,3,3,3,2,8,8,0,1
7,791,4,0,4,0,9,10,4,3,3,3,3,2,8,8,0,0
7,791,4,0,4,0,9,10,4,3,3,3,3,2,8,8,0,0
7,791,4,0,4,0,9,10,4,3,3,3,3,2,8,8,0,0
7,791,4,0,4,0,9,10,4,3,3,3,3,2,8,8,0,0
7,791,4,0,4,0,9,10,4,3,3,3,3,2,7,8,0,0
8,792,4,0,4,0,9,10,4,3,3,3,3,2,4,8,0,0
8,792,4,0,4,0,9,10,4,3,3,3,3,2,4,8,0,0
8,792,4,0,4,0,9,10,4,3,3,3,3,2,4,8,0,0
8,792,4,0,4,0,9,10,4,3,3,3,3,2,4,8,0,0
8,792,4,0,4,0,9,10,4,3,3,3,3,2,4,8,0,0
8,792,4,0,4,0,9,10,4,3,3,3,3,2,4,8,0,0
8,792,4,0,4,0,9,10,4,3,3,3,3,2,4,8,8,0
8,792,4,0,4,0,10,10,4,4,3,3,4,2,5,8,8,2
8,792,4,0,4,0,10,10,4,4,3,3,4,2,5,7,8,3
8,792,4,0,4,0,10,10,4,4,3,3,4,2,5,7,9,3
8,792,4,0,4,0,10,10,4,4,3,3,4,2,5,7,9,3
8,792,4,0,4,0,10,10,4,3,3,3,4,2,5,7,9,3
8,792,4,0,4,0,10,10,4,4,3,3,4,2,5,7,9,3
8,792,4,0,4,0,10,10,4,4,3,3,4,2,5,7,5,3
8,792,4,0,4,0,10,10,4,4,3,3,4,2,5,7,5,3
8,792,4,0,4,0,10,10,4,4,3,3,4,2,4,7,5,3
8,792,4,0,4,0,9,10,4,4,3,3,3,2,4,7,5,3
8,792,4,0,4,0,9,10,4,4,3,3,3,2,4,7,0,3
8,792,4,0,4,0,9,10,4,4,3,3,3,2,4,7,0,3
8,792,4,0,4,0,9,10,4,4,3,3,3,2,4,7,0,3
8,792,4,0,4,0,9,10,4,4,3,3,3,2,4,7,0,3
8,792,4,0,4,0,9,10,4,4,3,3,3,2,4,7,0,3
8,792,4,0,4,0,9,10,4,4,3,3,3,2,4,7,0,3
8,792,4,0,4,0,9,10,4,4,3,3,3,2,4,7,0,3
9,793,4,0,4,0,9,10,4,4,3,3,3,2,7,7,0,3
9,793,4,0,4,0,9,10,4,4,3,3,3,2,7,7,0,3
9,793,4,0,4,0,9,10,4,4,3,3,3,2,7,7,0,3
9,793,4,0,4,0,9,10,4,4,3,3,3,2,7,7,0,3
9,793,4,0,4,0,9,10,4,4,3,3,3,2,7,7,0,3
9,793,4,0,4,0,9,10,4,4,3,3,3,2,7,7,0,3
9,793,4,0,4,0,9,10,4,4,3,3,3,2,10,9,8,3
9,793,4,0,4,0,10,10,4,3,3,3,4,3,10,9,8,3
9,793,4,0,4,0,10,10,4,3,3,3,4,3,10,10,8,3
9,793,4,0,4,0,10,10,4,4,3,3,4,3,10,10,9,2
9,793,4,0,4,0,10,10,4,4,3,3,4,3,10,11,9,3
9,793,4,0,4,0,10,10,4,4,3,3,4,3,10,11,9,3
9,793,4,0,4,0,10,10,4,4,3,2,4,3,10,11,9,3
9,793,4,0,4,0,10,10,4,4,3,2,4,3,10,11,5,3
9,793,4,0,4,0,10,10,4,4,3,2,4,3,10,11,5,3
9,793,4,0,4,0,10,10,4,4,3,2,4,3,8,10,5,2
9,793,4,0,4,0,9,10,4,4,3,2,3,3,8,10,5,2
9,793,4,0,4,0,9,10,4,4,3,2,3,3,8,10,0,2
9,793,4,0,4,0,9,10,4,4,3,2,3,3,8,10,0,2
9,793,4,0,4,0,9,10,4,4,3,2,3,3,8,10,0,2
9,793,4,0,4,0,9,10,4,4,3,2,3,3,8,10,0,2
9,793,4,0,4,0,9,10,4,4,3,2,3,3,8,10,0,2
9,793,4,0,4,0,9,10,4,4,3,2,3,3,8,10,0,2
9,793,4,0,4,0,9,10,4,4,3,2,3,3,7,10,0,2
10,794,4,0,4,0,9,10,4,4,3,2,3,3,7,10,0,2
10,794,4,0,4,0,9,10,4,4,3,2,3,3,7,10,0,2
10,794,4,0,4,0,9,10,4,4,3,2,3,3,7,10,0,2
10,794,4,0,4,0,9,10,4,4,3,2,3,3,7,10,0,2
10,794,4,0,4,0,9,10,4,4,3,2,3,3,7,10,0,2
10,794,4,0,4,0,9,10,4,4,3,2,3,3,7,10,0,2
10,794,4,0,4,0,9,10,4,4,3,2,3,3,8,10,8,2
10,794,4,0,4,0,10,10,4,4,3,2,4,3,8,9,8,1
10,794,4,0,4,0,10,10,4,4,3,2,4,3,8,9,8,1
10,794,4,0,4,0,10,10,4,4,3,2,4,3,8,9,9,1
10,794,4,0,4,0,10,10,4,4,3,2,4,3,8,9,9,1
10,794,4,0,4,0,10,10,4,4,3,2,4,3,8,8,9,1
10,794,4,0,4,0,10,10,4,3,3,2,4,3,8,8,9,1
10,794,4,0,4,0,10,10,4,3,3,2,4,3,8,8,5,1
10,794,4,0,4,0,10,10,4,3,3,2,4,3,8,8,5,1
10,794,4,0,4,0,10,10,4,3,3,2,4,3,8,8,5,1
10,794,4,0,4,0,9,10,4,2,3,2,3,3,8,8,5,1
10,794,4,0,4,0,9,10,4,2,3,2,3,3,8,8,0,1
10,794,4,0,4,0,9,10,4,2,3,2,3,3,8,8,0,1
10,794,4,0,4,0,9,9,4,2,3,2,3,3,8,8,0,1
10,794,4,0,4,0,9,9,4,2,3,2,3,3,8,8,0,1
10,794,4,0,4,0,9,9,4,2,3,2,3,3,8,8,0,1
10,794,4,0,4,0,9,9,4,2,3,2,3,3,8,8,0,1
10,794,4,0,4,0,9,9,4,2,3,2,3,3,7,8,0,1
11,795,4,0,4,0,9,9,4,2,3,2,3,3,7,8,0,1
11,795,4,0,4,0,9,9,4,2,3,2,3,3,7,8,0,1
11,795,4,0,4,0,9,9,4,2,3,2,3,3,7,8,0,1
11,795,4,0,4,0,9,9,4,2,3,2,3,3,7,8,0,1
11,795,4,0,4,0,9,9,4,2,3,2,3,3,7,8,0,1
11,795,4,0,4,0,9,9,4,2,3,2,3,3,7,8,0,1
11,795,4,0,4,0,9,9,4,2,3,2,3,3,8,8,8,1
11,795,4,0,4,0,10,8,4,3,3,3,4,4,8,8,8,1
11,795,4,0,4,0,10,9,4,4,3,3,4,4,8,8,8,2
11,795,4,0,4,0,10,10,4,4,3,3,4,4,8,8,9,2
11,795,4,0,4,0,10,10,4,4,3,3,4,4,8,8,9,2
11,795,4,0,4,0,10,10,4,4,3,3,4,4,8,9,9,2
11,795,4,0,4,0,10,10,4,4,3,3,4,4,8,9,9,2
11,795,4,0,4,0,10,10,4,4,3,2,4,4,8,8,5,1
11,795,4,0,4,0,10,10,4,4,3,2,4,4,8,8,5,1
11,795,4,0,4,0,10,10,4,4,3,2,4,4,8,8,5,1
11,795,4,0,4,0,9,10,4,4,3,2,3,4,8,8,5,1
11,795,4,0,4,0,9,10,4,4,3,2,3,4,8,8,0,1
11,795,4,0,4,0,9,9,4,3,3,2,3,4,8,8,0,1
11,795,4,0,4,0,9,9,4,3,3,1,3,4,8,8,0,1
11,795,4,0,4,0,9,9,4,3,3,1,3,4,8,8,0,1
11,795,4,0,4,0,9,9,4,3,3,1,3,4,8,8,0,1
11,795,4,0,4,0,9,9,4,3,3,1,3,4,8,8,0,1
11,795,4,0,4,0,9,9,4,3,3,1,3,4,7,8,0,1
12,796,4,0,3,0,8,9,3,3,2,1,2,4,7,8,0,1
12,796,4,0,3,0,8,9,3,3,2,1,2,4,7,8,0,1
12,796,4,0,3,0,8,9,3,3,2,1,2,4,7,8,0,1
12,796,4,0,3,0,8,9,3,3,2,1,2,4,7,8,0,1
12,796,4,0,3,0,8,9,3,3,2,1,2,4,7,8,0,1
12,796,4,0,3,0,8,9,3,3,2,1,2,4,7,8,0,1
12,796,4,0,3,0,8,9,3,3,2,1,3,4,10,9,0,1
12,796,4,0,3,0,8,8,3,3,2,1,3,4,10,8,0,1
12,796,4,0,3,0,8,8,3,3,2,1,3,4,10,7,0,0
12,796,4,0,3,0,8,8,3,3,2,1,3,4,10,7,0,0
12,796,4,0,3,0,8,8,3,3,2,1,3,4,10,7,0,0
12,796,4,0,3,0,8,8,3,3,2,1,3,4,10,7,0,0
12,796,4,0,3,0,8,8,3,3,2,1,3,4,10,7,0,0
12,796,4,0,3,0,8,8,3,3,2,1,3,3,10,7,0,0
12,796,4,0,3,0,8,8,3,3,2,1,3,3,10,7,0,0
12,796,4,0,3,0,8,8,3,3,2,1,2,3,8,7,0,0
12,796,4,0,3,0,8,8,3,3,2,1,2,2,8,7,0,0
12,796,4,0,3,0,8,8,3,3,2,1,2,2,8,7,0,0
12,796,4,0,3,0,8,8,3,3,2,1,2,2,8,7,0,0
12,796,4,0,3,0,8,8,3,3,2,1,2,2,8,7,0,0
12,796,4,0,3,0,8,8,3,3,2,1,2,2,8,7,0,0
12,796,4,0,3,0,8,8,3,3,2,1,2,2,8,7,0,0
12,796,4,0,3,0,8,8,3,3,2,1,2,2,8,7,0,0
12,796,4,0,3,0,8,8,3,3,2,1,2,2,7,7,0,0
13,797,4,0,3,0,8,8,3,3,2,1,2,2,4,7,0,0
13,797,4,0,3,0,8,8,3,3,2,1,2,2,4,7,0,0
13,797,4,0,3,0,8,8,3,3,2,1,2,2,4,7,0,0
13,797,4,0,3,0,8,8,3,3,2,1,2,2,4,7,0,0
13,797,4,0,3,0,8,8,3,3,2,1,2,2,4,7,0,0
13,797,4,0,3,0,8,8,3,3,2,1,2,2,4,7,0,0
13,797,4,0,3,0,8,8,3,3,2,1,3,2,4,7,0,0
13,797,4,0,3,0,8,8,3,2,2,0,3,1,5,7,0,0
13,797,4,0,3,0,8,8,3,2,2,0,3,1,5,7,0,0
13,797,4,0,3,0,8,8,3,2,2,0,3,1,5,7,0,0
13,797,4,0,3,0,8,8,3,2,2,0,3,0,5,7,0,0
13,797,4,0,3,0,8,8,3,2,2,0,3,0,5,7,0,0
13,797,4,0,3,0,8,8,3,2,2,0,3,0,5,7,0,0
13,797,4,0,3,0,8,7,3,2,2,0,3,0,5,7,0,0
13,797,4,0,3,0,8,7,3,2,2,0,3,0,5,7,0,0
13,797,4,0,3,0,8,7,3,2,2,0,2,0,4,7,0,0
13,797,4,0,3,0,8,7,3,2,2,0,2,0,4,7,0,0
13,797,4,0,3,0,8,7,3,2,2,0,2,0,4,7,0,0
13,797,4,0,3,0,8,7,3,2,2,0,2,0,4,7,0,0
13,797,4,0,3,0,8,7,3,2,2,0,2,0,4,7,0,0
13,797,4,0,3,0,8,7,3,2,2,0,2,0,4,7,0,0
13,797,4,0,3,0,8,7,3,1,2,0,2,0,4,7,0,0
13,797,4,0,3,0,8,7,3,1,2,0,2,0,4,7,0,0
13,797,4,0,3,0,8,7,3,1,2,0,2,0,4,7,0,0
14,798,4,0,4,0,9,7,4,1,3,0,3,0,7,7,0,0
14,798,4,0,4,0,9,7,4,1,3,0,3,0,7,7,0,0
14,798,4,0,4,0,9,7,4,1,3,0,3,0,7,7,0,0
14,798,4,0,4,0,9,7,4,1,3,0,3,0,7,7,0,0
14,798,4,0,4,0,9,7,4,1,3,0,3,0,7,7,0,0
14,798,4,0,4,0,9,7,4,1,3,0,3,0,7,7,0,0
14,798,4,0,4,0,9,7,4,1,3,0,3,0,8,7,8,0
14,798,4,0,4,0,10,9,4,3,3,0,4,1,8,8,8,2
14,798,4,0,4,0,10,10,4,3,3,0,4,1,8,8,8,2
14,798,4,0,4,0,10,10,4,4,3,0,4,1,8,8,9,2
14,798,4,0,4,0,10,10,4,4,3,0,4,1,8,8,9,2
14,798,4,0,4,0,10,10,4,4,3,0,4,1,8,8,9,2
14,798,4,0,4,0,10,10,4,4,3,0,4,1,8,8,9,2
14,798,4,0,4,0,10,10,4,3,3,0,4,1,8,8,5,2
14,798,4,0,4,0,10,10,4,3,3,0,4,1,8,8,5,2
14,798,4,0,4,0,10,10,4,3,3,0,4,1,8,8,5,2
14,798,4,0,4,0,9,10,4,3,3,0,3,1,8,8,5,2
14,798,4,0,4,0,9,10,4,3,3,0,3,1,8,8,0,2
14,798,4,0,4,0,9,10,4,3,3,0,3,1,8,8,0,1
14,798,4,0,4,0,9,10,4,3,3,0,3,1,8,8,0,1
14,798,4,0,4,0,9,10,4,3,3,0,3,1,8,8,0,1
14,798,4,0,4,0,9,10,4,3,3,0,3,1,8,8,0,1
14,798,4,0,4,0,9,10,4,2,3,0,3,1,8,8,0,1
14,798,4,0,4,0,9,10,4,2,3,0,3,1,7,8,0,1
15,799,4,0,4,0,9,10,4,2,3,0,3,1,4,8,0,1
15,799,4,0,4,0,9,10,4,2,3,0,3,1,4,8,0,1
15,799,4,0,4,0,9,10,4,2,3,0,3,1,4,8,0,1
15,799,4,0,4,0,9,10,4,2,3,0,3,1,4,8,0,1
15,799,4,0,4,0,9,10,4,2,3,0,3,1,4,8,0,1
15,799,4,0,4,0,9,10,4,2,3,0,3,1,4,8,0,1
15,799,4,0,4,0,9,10,4,2,3,0,3,1,4,8,8,1
15,799,4,0,4,0,10,8,4,2,3,3,4,2,5,8,8,3
15,799,4,0,4,0,10,9,4,3,3,3,4,2,5,8,8,4
15,799,4,0,4,0,10,10,4,4,3,3,4,2,5,8,9,5
15,799,4,0,4,0,10,10,4,4,3,3,4,2,5,8,9,5
15,799,4,0,4,0,10,10,4,4,3,3,4,2,5,8,9,5
15,799,4,0,4,0,10,10,4,4,3,3,4,2,5,8,9,5
15,799,4,0,4,0,10,10,4,4,3,3,4,2,5,8,5,5
15,799,4,0,4,0,10,9,4,4,3,3,4,2,5,8,5,5
15,799,4,0,4,0,10,9,4,4,3,3,4,2,4,8,5,3
15,799,4,0,4,0,9,10,4,4,3,3,3,2,4,8,5,3
15,799,4,0,4,0,9,10,4,4,3,3,3,2,4,8,0,3
15,799,4,0,4,0,9,9,4,4,3,3,3,2,4,8,0,2
15,799,4,0,4,0,9,9,4,4,3,3,3,2,4,8,0,2
15,799,4,0,4,0,9,9,4,4,3,3,3,2,4,8,0,2
15,799,4,0,4,0,9,9,4,3,3,3,3,2,4,8,0,2
15,799,4,0,4,0,9,9,4,3,3,3,3,2,4,8,0,2
15,799,4,0,4,0,9,9,4,3,3,3,3,2,4,8,0,2
16,800,4,0,4,0,9,9,4,3,3,3,3,2,7,8,0,2
16,800,4,0,4,0,9,9,4,3,3,3,3,2,7,8,0,2
16,800,4,0,4,0,9,9,4,3,3,3,3,2,7,8,0,2
16,800,4,0,4,0,9,9,4,3,3,3,3,2,7,8,0,2
16,800,4,0,4,0,9,9,4,3,3,3,3,2,7,8,0,2
16,800,4,0,4,0,9,9,4,3,3,3,3,2,7,8,0,2
16,800,4,0,4,0,9,9,4,3,3,3,3,2,10,9,8,2
16,800,4,0,4,0,10,10,4,3,3,2,4,3,10,10,8,2
16,800,4,0,4,0,10,10,4,3,3,1,4,3,10,10,8,1
16,800,4,0,4,0,10,10,4,4,3,1,4,3,10,10,9,2
16,800,4,0,4,0,10,10,4,4,3,1,4,3,10,11,9,2
16,800,4,0,4,0,10,10,4,4,3,2,4,3,10,11,9,2
16,800,4,0,4,0,10,10,4,4,3,2,4,3,10,11,9,2
16,800,4,0,4,0,10,10,4,4,3,2,4,3,10,11,5,2
16,800,4,0,4,0,10,10,4,3,3,1,4,3,10,11,5,2
16,800,4,0,4,0,10,10,4,3,3,1,4,3,8,10,5,1
16,800,4,0,4,0,9,10,4,3,3,1,3,3,8,10,5,1
16,800,4,0,4,0,9,10,4,3,3,1,3,3,8,10,0,1
16,800,4,0,4,0,9,10,4,3,3,1,3,3,8,9,0,0
16,800,4,0,4,0,9,9,4,3,3,1,3,3,8,8,0,0
16,800,4,0,4,0,9,9,4,3,3,0,3,3,8,8,0,0
16,800,4,0,4,0,9,9,4,3,3,0,3,3,8,8,0,0
16,800,4,0,4,0,9,9,4,3,3,0,3,3,8,8,0,0
16,800,4,0,4,0,9,9,4,3,3,0,3,3,7,8,0,0
17,801,4,0,4,0,9,9,4,3,3,0,3,3,7,8,0,0
17,801,4,0,4,0,9,9,4,3,3,0,3,3,7,8,0,0
17,801,4,0,4,0,9,9,4,3,3,0,3,3,7,8,0,0
17,801,4,0,4,0,9,9,4,3,3,0,3,3,7,8,0,0
17,801,4,0,4,0,9,9,4,3,3,0,3,3,7,8,0,0
17,801,4,0,4,0,9,9,4,3,3,0,3,3,7,8,0,0
17,801,4,0,4,0,9,9,4,3,3,0,3,3,8,8,8,0
17,801,4,0,4,0,10,8,4,4,3,0,4,4,8,8,8,0
17,801,4,0,4,0,10,10,4,3,3,0,4,4,8,8,8,0
17,801,4,0,4,0,10,10,4,3,3,0,4,4,8,8,9,0
17,801,4,0,4,0,10,10,4,3,3,0,4,4,8,8,9,0
17,801,4,0,4,0,10,10,4,3,3,0,4,4,8,8,9,0
17,801,4,0,4,0,10,10,4,3,3,0,4,4,8,8,9,0
17,801,4,0,4,0,10,10,4,3,3,0,4,4,8,8,5,0
17,801,4,0,4,0,10,10,4,3,3,0,4,4,8,8,5,0
17,801,4,0,4,0,10,10,4,3,3,0,4,4,8,8,5,0
17,801,4,0,4,0,9,10,4,3,3,0,3,4,8,8,5,0
17,801,4,0,4,0,9,10,4,3,3,0,3,4,8,8,0,0
17,801,4,0,4,0,9,10,4,3,3,0,3,4,8,8,0,0
17,801,4,0,4,0,9,10,4,3,3,0,3,4,8,8,0,0
17,801,4,0,4,0,9,10,4,3,3,0,3,4,8,8,0,0
17,801,4,0,4,0,9,10,4,3,3,0,3,4,8,8,0,0
17,801,4,0,4,0,9,10,4,3,3,0,3,4,8,8,0,0
17,801,4,0,4,0,9,10,4,3,3,0,3,4,7,8,0,0
18,802,4,0,4,0,9,10,4,3,3,0,3,4,7,8,0,0
18,802,4,0,4,0,9,10,4,3,3,0,3,4,7,8,0,0
18,802,4,0,4,0,9,10,4,3,3,0,3,4,7,8,0,0
18,802,4,0,4,0,9,10,4,3,3,0,3,4,7,8,0,0
18,802,4,0,4,0,9,10,4,3,3,0,3,4,7,8,0,0
18,802,4,0,4,0,9,10,4,3,3,0,3,4,7,8,0,0
18,802,4,0,4,0,9,10,4,3,3,0,3,4,8,8,8,0
18,802,4,0,4,0,10,10,4,3,3,1,4,4,8,8,8,1
18,802,4,0,4,0,10,10,4,3,3,3,4,4,8,8,8,1
18,802,4,0,4,0,10,10,4,4,3,3,4,4,8,8,9,2
18,802,4,0,4,0,10,10,4,4,3,3,4,4,8,8,9,2
18,802,4,0,4,0,10,10,4,4,3,2,4,4,8,8,9,2
18,802,4,0,4,0,10,10,4,4,3,3,4,4,8,9,9,2
18,802,4,0,4,0,10,10,4,4,3,3,4,4,8,9,5,2
18,802,4,0,4,0,10,10,4,4,3,1,4,4,8,9,5,2
18,802,4,0,4,0,10,10,4,3,3,1,4,4,8,8,5,1
18,802,4,0,4,0,9,10,4,3,3,1,3,4,8,8,5,1
18,802,4,0,4,0,9,10,4,3,3,1,3,4,8,8,0,1
18,802,4,0,4,0,9,10,4,3,3,1,3,4,8,8,0,1
18,802,4,0,4,0,9,10,4,3,3,0,3,4,8,8,0,1
18,802,4,0,4,0,9,10,4,3,3,0,3,4,8,8,0,1
18,802,4,0,4,0,9,10,4,3,3,0,3,4,8,7,0,1
18,802,4,0,4,0,9,10,4,3,3,0,3,4,8,7,0,1
18,802,4,0,4,0,9,10,4,3,3,0,3,4,7,7,0,1
19,803,4,0,3,0,8,10,3,3,2,0,2,4,7,7,0,1
19,803,4,0,3,0,8,10,3,3,2,0,2,4,7,7,0,1
19,803,4,0,3,0,8,10,3,3,2,0,2,4,7,7,0,1
19,803,4,0,3,0,8,10,3,3,2,0,2,4,7,7,0,1
19,803,4,0,3,0,8,10,3,3,2,0,2,4,7,7,0,1
19,803,4,0,3,0,8,10,3,3,2,0,2,4,7,7,0,1
19,803,4,0,3,0,8,10,3,3,2,0,3,4,10,7,0,1
19,803,4,0,3,0,8,9,3,3,2,0,3,3,10,7,0,1
19,803,4,0,3,0,8,9,3,3,2,0,3,3,10,7,0,1
19,803,4,0,3,0,8,9,3,3,2,0,3,3,10,7,0,1
19,803,4,0,3,0,8,9,3,3,2,0,3,3,10,7,0,1
19,803,4,0,3,0,8,9,3,3,2,0,3,2,10,7,0,1
19,803,4,0,3,0,8,9,3,3,2,0,3,2,10,7,0,1
19,803,4,0,3,0,8,9,3,3,2,0,3,2,10,7,0,1
19,803,4,0,3,0,8,9,3,3,2,0,3,2,10,7,0,0
19,803,4,0,3,0,8,9,3,3,2,0,2,2,8,7,0,0
19,803,4,0,3,0,8,9,3,3,2,0,2,2,8,7,0,0
19,803,4,0,3,0,8,9,3,3,2,0,2,2,8,7,0,0
19,803,4,0,3,0,8,9,3,3,2,0,2,2,8,7,0,0
19,803,4,0,3,0,8,9,3,3,2,0,2,2,8,7,0,0
19,803,4,0,3,0,8,9,3,3,2,0,2,2,8,7,0,0
19,803,4,0,3,0,8,9,3,3,2,0,2,2,8,7,0,0
19,803,4,0,3,0,8,9,3,3,2,0,2,2,8,7,0,0
19,803,4,0,3,0,8,9,3,3,2,0,2,2,7,7,0,0
20,804,4,0,3,0,8,9,3,3,2,0,2,2,4,7,0,0
20,804,4,0,3,0,8,9,3,3,2,0,2,2,4,7,0,0
20,804,4,0,3,0,8,9,3,3,2,0,2,2,4,7,0,0
20,804,4,0,3,0,8,9,3,3,2,0,2,2,4,7,0,0
20,804,4,0,3,0,8,9,3,3,2,0,2,2,4,7,0,0
20,804,4,0,3,0,8,9,3,3,2,0,2,2,4,7,0,0
20,804,4,0,3,0,8,9,3,3,2,0,3,2,4,7,0,0
20,804,4,0,3,0,8,9,3,3,2,0,3,1,5,7,0,0
20,804,4,0,3,0,8,9,3,3,2,0,3,1,5,7,0,0
20,804,4,0,3,0,8,9,3,3,2,0,3,1,5,7,0,0
20,804,4,0,3,0,8,9,3,3,2,0,3,1,5,7,0,0
20,804,4,0,3,0,8,9,3,3,2,0,3,1,5,7,0,0
20,804,4,0,3,0,8,9,3,3,2,0,3,1,5,7,0,0
20,804,4,0,3,0,8,9,3,3,2,0,3,1,5,7,0,0
20,804,4,0,3,0,8,8,3,3,2,0,3,1,5,7,0,0
20,804,4,0,3,0,8,8,3,3,2,0,2,1,4,7,0,0
20,804,4,0,3,0,8,8,3,3,2,0,2,1,4,7,0,0
20,804,4,0,3,0,8,8,3,3,2,0,2,1,4,7,0,0
20,804,4,0,3,0,8,8,3,3,2,0,2,1,4,7,0,0
20,804,4,0,3,0,8,8,3,3,2,0,2,1,4,7,0,0
20,804,4,0,3,0,8,7,3,3,2,0,2,1,4,6,0,0
20,804,4,0,3,0,8,7,3,3,2,0,2,1,4,6,0,0
20,804,4,0,3,0,8,7,3,3,2,0,2,1,4,6,0,0
20,804,4,0,3,0,8,7,3,3,2,0,2,1,4,6,0,0
21,805,4,0,4,0,9,7,4,3,3,0,3,1,7,6,0,0
21,805,4,0,4,0,9,7,4,3,3,0,3,1,7,6,0,0
21,805,4,0,4,0,9,7,4,3,3,0,3,1,7,6,0,0
21,805,4,0,4,0,9,7,4,3,3,0,3,1,7,6,0,0
21,805,4,0,4,0,9,7,4,3,3,0,3,1,7,6,0,0
21,805,4,0,4,0,9,7,4,3,3,0,3,1,7,6,0,0
21,805,4,0,4,0,9,7,4,3,3,0,3,1,8,6,8,0
21,805,4,0,4,0,10,9,4,3,3,2,4,2,8,8,8,1
21,805,4,0,4,0,10,10,4,4,3,3,4,2,8,8,8,1
21,805,4,0,4,0,10,10,4,4,3,3,4,2,8,8,9,1
21,805,4,0,4,0,10,10,4,4,3,3,4,2,8,8,9,1
21,805,4,0,4,0,10,10,4,4,3,3,4,2,8,8,9,1
21,805,4,0,4,0,10,9,4,4,3,3,4,2,8,8,9,1
21,805,4,0,4,0,10,9,4,4,3,3,4,2,8,8,5,1
21,805,4,0,4,0,10,9,4,4,3,3,4,2,8,8,5,1
21,805,4,0,4,0,10,9,4,4,3,2,4,2,8,8,5,1
21,805,4,0,4,0,9,8,4,4,3,2,3,2,8,7,5,1
21,805,4,0,4,0,9,8,4,4,3,2,3,2,8,7,0,1
21,805,4,0,4,0,9,8,4,4,3,1,3,2,8,7,0,0
21,805,4,0,4,0,9,8,4,4,3,1,3,2,8,7,0,0
21,805,4,0,4,0,9,8,4,4,3,1,3,2,8,7,0,0
21,805,4,0,4,0,9,8,4,4,3,1,3,2,8,7,0,0
21,805,4,0,4,0,9,8,4,4,3,1,3,2,8,7,0,0
21,805,4,0,4,0,9,8,4,4,3,1,3,2,7,7,0,0
22,806,4,0,4,0,9,8,4,4,3,1,3,2,4,7,0,0
22,806,4,0,4,0,9,8,4,4,3,1,3,2,4,7,0,0
22,806,4,0,4,0,9,8,4,4,3,1,3,2,4,7,0,0
22,806,4,0,4,0,9,8,4,4,3,1,3,2,4,7,0,0
22,806,4,0,4,0,9,8,4,4,3,1,3,2,4,7,0,0
22,806,4,0,4,0,9,8,4,4,3,1,3,2,4,7,0,0
22,806,4,0,4,0,9,8,4,4,3,1,3,2,4,7,8,0
22,806,4,0,4,0,10,9,4,4,3,3,4,3,5,6,8,5
22,806,4,0,4,0,10,10,4,4,3,3,4,3,5,6,8,6
22,806,4,0,4,0,10,10,4,4,3,3,4,3,5,6,9,7
22,806,4,0,4,0,10,10,4,4,3,3,4,3,5,6,9,8
22,806,4,0,4,0,10,10,4,4,3,3,4,3,5,6,9,8
22,806,4,0,4,0,10,10,4,4,3,3,4,3,5,6,9,8
22,806,4,0,4,0,10,10,4,4,3,2,4,3,5,6,5,8
22,806,4,0,4,0,10,10,4,4,3,2,4,3,5,6,5,8
22,806,4,0,4,0,10,9,4,4,3,2,4,3,4,6,5,5
22,806,4,0,4,0,9,9,4,4,3,2,3,3,4,6,5,5
22,806,4,0,4,0,9,9,4,4,3,2,3,3,4,6,0,5
22,806,4,0,4,0,9,9,4,4,3,1,3,3,4,6,0,5
22,806,4,0,4,0,9,8,4,4,3,1,3,3,4,6,0,5
22,806,4,0,4,0,9,8,4,4,3,1,3,3,4,6,0,5
22,806,4,0,4,0,9,7,4,4,3,1,3,3,4,6,0,5
22,806,4,0,4,0,9,7,4,4,3,1,3,3,4,6,0,4
22,806,4,0,4,0,9,7,4,4,3,1,3,3,4,6,0,4
23,807,4,0,4,0,9,7,4,4,3,1,3,3,7,7,0,4
23,807,4,0,4,0,9,7,4,4,3,1,3,3,7,7,0,4
23,807,4,0,4,0,9,7,4,4,3,1,3,3,7,7,0,4
23,807,4,0,4,0,9,7,4,4,3,1,3,3,7,7,0,4
23,807,4,0,4,0,9,7,4,4,3,1,3,3,7,7,0,4
23,807,4,0,4,0,9,7,4,4,3,1,3,3,7,7,0,4
23,807,4,0,4,0,9,7,4,4,3,1,3,3,10,10,8,4
23,807,4,0,4,0,10,10,4,3,3,1,4,4,10,9,8,2
23,807,4,0,4,0,10,10,4,3,3,1,4,4,10,10,8,2
23,807,4,0,4,0,10,10,4,4,3,1,4,4,10,10,9,2
23,807,4,0,4,0,10,10,4,4,3,2,4,4,10,10,9,2
23,807,4,0,4,0,10,10,4,4,3,2,4,4,10,9,9,1
23,807,4,0,4,0,10,10,4,4,3,2,4,4,10,10,9,1
23,807,4,0,4,0,10,10,4,3,3,2,4,4,10,9,5,0
23,807,4,0,4,0,10,10,4,2,3,2,4,4,10,9,5,0
23,807,4,0,4,0,10,10,4,2,3,2,4,4,8,9,5,0
23,807,4,0,4,0,9,10,4,2,3,2,3,4,8,9,5,0
23,807,4,0,4,0,9,10,4,2,3,2,3,4,8,9,0,0
23,807,4,0,4,0,9,10,4,2,3,2,3,4,8,9,0,0
23,807,4,0,4,0,9,10,4,2,3,2,3,4,8,9,0,0
23,807,4,0,4,0,9,10,4,2,3,2,3,4,8,9,0,0
23,807,4,0,4,0,9,10,4,2,3,2,3,4,8,9,0,0
23,807,4,0,4,0,9,10,4,2,3,2,3,4,8,9,0,0
23,807,4,0,4,0,9,10,4,2,3,2,3,4,7,9,0,0
24,808,4,0,4,0,9,10,4,2,3,2,3,4,7,9,0,0
24,808,4,0,4,0,9,10,4,2,3,2,3,4,7,9,0,0
24,808,4,0,4,0,9,10,4,2,3,2,3,4,7,9,0,0
24,808,4,0,4,0,9,10,4,2,3,2,3,4,7,9,0,0
24,808,4,0,4,0,9,10,4,2,3,2,3,4,7,9,0,0
24,808,4,0,4,0,9,10,4,2,3,2,3,4,7,9,0,0
24,808,4,0,4,0,9,10,4,2,3,2,3,4,8,9,8,0
24,808,4,0,4,0,10,10,4,3,3,2,4,4,8,8,8,0
24,808,4,0,4,0,10,10,4,3,3,2,4,4,8,8,8,0
24,808,4,0,4,0,10,10,4,2,3,2,4,4,8,8,9,0
24,808,4,0,4,0,10,10,4,2,3,2,4,4,8,8,9,0
24,808,4,0,4,0,10,10,4,2,3,2,4,4,8,8,9,0
24,808,4,0,4,0,10,10,4,2,3,2,4,4,8,8,9,0
24,808,4,0,4,0,10,10,4,2,3,2,4,4,8,8,5,0
24,808,4,0,4,0,10,10,4,2,3,2,4,4,8,8,5,0
24,808,4,0,4,0,10,10,4,2,3,2,4,4,8,8,5,0
24,808,4,0,4,0,9,10,4,2,3,2,3,4,8,8,5,0
24,808,4,0,4,0,9,10,4,2,3,2,3,4,8,8,0,0
24,808,4,0,4,0,9,10,4,2,3,2,3,4,8,8,0,0
24,808,4,0,4,0,9,10,4,2,3,1,3,4,8,8,0,0
24,808,4,0,4,0,9,10,4,2,3,1,3,4,8,8,0,0
24,808,4,0,4,0,9,10,4,2,3,1,3,4,8,8,0,0
24,808,4,0,4,0,9,10,4,2,3,1,3,4,8,8,0,0
24,808,4,0,4,0,9,10,4,2,3,1,3,4,7,8,0,0
25,809,4,0,4,0,9,10,4,2,3,1,3,4,7,8,0,0
25,809,4,0,4,0,9,10,4,2,3,1,3,4,7,8,0,0
25,809,4,0,4,0,9,10,4,2,3,1,3,4,7,8,0,0
25,809,4,0,4,0,9,10,4,2,3,1,3,4,7,8,0,0
25,809,4,0,4,0,9,10,4,2,3,1,3,4,7,8,0,0
25,809,4,0,4,0,9,10,4,2,3,1,3,4,7,8,0,0
25,809,4,0,4,0,9,10,4,2,3,1,3,4,8,8,8,0
25,809,4,0,4,0,10,9,4,1,3,2,4,4,8,8,8,1
25,809,4,0,4,0,10,10,4,2,3,3,4,4,8,8,8,1
25,809,4,0,4,0,10,10,4,3,3,3,4,4,8,8,9,2
25,809,4,0,4,0,10,10,4,4,3,2,4,4,8,8,9,3
25,809,4,0,4,0,10,10,4,4,3,2,4,4,8,8,9,4
25,809,4,0,4,0,10,10,4,4,3,3,4,4,8,8,9,3
25,809,4,0,4,0,10,10,4,3,3,3,4,4,8,8,5,3
25,809,4,0,4,0,10,10,4,2,3,3,4,4,8,8,5,3
25,809,4,0,4,0,10,10,4,1,3,1,4,4,8,8,5,1
25,809,4,0,4,0,9,10,4,1,3,1,3,4,8,8,5,1
25,809,4,0,4,0,9,10,4,1,3,1,3,4,8,8,0,1
25,809,4,0,4,0,9,10,4,1,3,1,3,4,8,8,0,1
25,809,4,0,4,0,9,10,4,1,3,1,3,4,8,8,0,1
25,809,4,0,4,0,9,10,4,1,3,1,3,4,8,8,0,1
25,809,4,0,4,0,9,10,4,1,3,1,3,4,8,8,0,1
25,809,4,0,4,0,9,10,4,1,3,1,3,4,8,8,0,1
25,809,4,0,4,0,9,10,4,1,3,1,3,4,7,8,0,1
26,810,4,0,3,0,8,10,3,1,2,1,2,4,7,8,0,1
26,810,4,0,3,0,8,10,3,1,2,1,2,4,7,8,0,1
26,810,4,0,3,0,8,10,3,1,2,1,2,4,7,8,0,1
26,810,4,0,3,0,8,10,3,1,2,1,2,4,7,8,0,1
26,810,4,0,3,0,8,10,3,1,2,1,2,4,7,8,0,1
26,810,4,0,3,0,8,10,3,1,2,1,2,4,7,8,0,1
26,810,4,0,3,0,8,10,3,1,2,1,3,4,10,8,0,1
26,810,4,0,3,0,8,9,3,1,2,1,3,4,10,7,0,0
26,810,4,0,3,0,8,9,3,1,2,1,3,4,10,7,0,0
26,810,4,0,3,0,8,9,3,1,2,1,3,4,10,7,0,0
26,810,4,0,3,0,8,9,3,1,2,1,3,4,10,7,0,0
26,810,4,0,3,0,8,9,3,1,2,1,3,4,10,7,0,0
26,810,4,0,3,0,8,9,3,1,2,1,3,4,10,7,0,0
26,810,4,0,3,0,8,9,3,1,2,1,3,4,10,7,0,0
26,810,4,0,3,0,8,9,3,1,2,1,3,4,10,7,0,0
26,810,4,0,3,0,8,9,3,1,2,1,2,4,8,7,0,0
26,810,4,0,3,0,8,9,3,1,2,1,2,4,8,7,0,0
26,810,4,0,3,0,8,9,3,1,2,1,2,4,8,7,0,0
26,810,4,0,3,0,8,9,3,1,2,1,2,4,8,7,0,0
26,810,4,0,3,0,8,9,3,1,2,1,2,4,8,7,0,0
26,810,4,0,3,0,8,9,3,1,2,1,2,4,8,7,0,0
26,810,4,0,3,0,8,9,3,1,2,1,2,4,8,7,0,0
26,810,4,0,3,0,8,9,3,1,2,1,2,4,8,7,0,0
26,810,4,0,3,0,8,9,3,1,2,1,2,4,7,7,0,0
27,811,4,0,3,0,8,9,3,1,2,1,2,4,4,7,0,0
27,811,4,0,3,0,8,9,3,1,2,1,2,4,4,7,0,0
27,811,4,0,3,0,8,9,3,1,2,1,2,4,4,7,0,0
27,811,4,0,3,0,8,9,3,1,2,1,2,4,4,7,0,0
27,811,4,0,3,0,8,9,3,1,2,1,2,4,4,7,0,0
27,811,4,0,3,0,8,9,3,1,2,1,2,4,4,7,0,0
27,811,4,0,3,0,8,9,3,1,2,1,3,4,4,7,0,0
27,811,4,0,3,0,8,8,3,1,2,1,3,3,5,6,0,0
27,811,4,0,3,0,8,8,3,1,2,1,3,3,5,6,0,0
27,811,4,0,3,0,8,8,3,1,2,1,3,3,5,6,0,0
27,811,4,0,3,0,8,8,3,1,2,1,3,3,5,6,0,0
27,811,4,0,3,0,8,8,3,1,2,1,3,3,5,6,0,0
27,811,4,0,3,0,8,8,3,1,2,1,3,3,5,6,0,0
27,811,4,0,3,0,8,7,3,1,2,1,3,3,5,6,0,0
27,811,4,0,3,0,8,7,3,1,2,1,3,3,5,6,0,0
27,811,4,0,3,0,8,7,3,1,2,1,2,3,4,6,0,0
27,811,4,0,3,0,8,7,3,1,2,1,2,3,4,6,0,0
27,811,4,0,3,0,8,7,3,1,2,1,2,3,4,6,0,0
27,811,4,0,3,0,8,7,3,1,2,1,2,3,4,6,0,0
27,811,4,0,3,0,8,7,3,1,2,1,2,3,4,6,0,0
27,811,4,0,3,0,8,7,3,1,2,1,2,3,4,6,0,0
27,811,4,0,3,0,8,7,3,1,2,1,2,3,4,6,0,0
27,811,4,0,3,0,8,7,3,1,2,1,2,3,4,6,0,0
27,811,4,0,3,0,8,7,3,1,2,1,2,3,4,6,0,0
0,812,4,0,4,0,9,7,4,1,3,1,3,3,7,6,0,0
0,812,4,0,4,0,9,7,4,1,3,1,3,3,7,6,0,0
0,812,4,0,4,0,9,7,4,1,3,1,3,3,7,6,0,0
0,812,4,0,4,0,9,7,4,1,3,1,3,3,7,6,0,0
0,812,4,0,4,0,9,7,4,1,3,1,3,3,7,6,0,0
0,812,4,0,4,0,9,7,4,1,3,1,3,3,7,6,0,0
0,812,4,0,4,0,9,7,4,1,3,1,3,3,8,6,8,0
0,812,4,0,4,0,10,9,4,3,3,1,4,3,8,8,8,2
0,812,4,0,4,0,10,10,4,4,3,1,4,3,8,8,8,2
0,812,4,0,4,0,10,10,4,4,3,1,4,3,8,8,9,2
0,812,4,0,4,0,10,10,4,4,3,1,4,3,8,8,9,2
0,812,4,0,4,0,10,10,4,4,3,2,4,3,8,8,9,2
0,812,4,0,4,0,10,10,4,4,3,2,4,3,8,8,9,2
0,812,4,0,4,0,10,10,4,4,3,2,4,3,8,8,5,2
0,812,4,0,4,0,10,9,4,4,3,1,4,3,8,8,5,2
0,812,4,0,4,0,10,9,4,4,3,1,4,3,8,8,5,2
0,812,4,0,4,0,9,8,4,4,3,1,3,3,8,7,5,1
0,812,4,0,4,0,9,8,4,4,3,1,3,3,8,7,0,1
0,812,4,0,4,0,9,8,4,4,3,1,3,3,8,7,0,1
0,812,4,0,4,0,9,8,4,4,3,1,3,3,8,7,0,1
0,812,4,0,4,0,9,8,4,4,3,1,3,3,8,7,0,1
0,812,4,0,4,0,9,8,4,4,3,1,3,3,8,7,0,0
0,812,4,0,4,0,9,8,4,4,3,1,3,2,8,7,0,0
0,812,4,0,4,0,9,8,4,4,3,1,3,2,7,7,0,0
1,813,4,0,4,0,9,8,4,4,3,1,3,2,4,7,0,0
1,813,4,0,4,0,9,8,4,4,3,1,3,2,4,7,0,0
1,813,4,0,4,0,9,8,4,4,3,1,3,2,4,7,0,0
1,813,4,0,4,0,9,8,4,4,3,1,3,2,4,7,0,0
1,813,4,0,4,0,9,8,4,4,3,1,3,2,4,7,0,0
1,813,4,0,4,0,9,8,4,4,3,1,3,2,4,7,0,0
1,813,4,0,4,0,9,8,4,4,3,1,3,2,4,7,8,0
1,813,4,0,4,0,10,9,4,4,3,3,4,2,5,7,8,1
1,813,4,0,4,0,10,10,4,4,3,3,4,2,5,7,8,1
1,813,4,0,4,0,10,10,4,4,3,3,4,2,5,7,9,2
1,813,4,0,4,0,10,10,4,4,3,3,4,2,5,7,9,2
1,813,4,0,4,0,10,10,4,4,3,3,4,2,5,7,9,2
1,813,4,0,4,0,10,10,4,4,3,3,4,2,5,7,9,2
1,813,4,0,4,0,10,10,4,4,3,3,4,2,5,7,5,2
1,813,4,0,4,0,10,10,4,4,3,3,4,2,5,7,5,2
1,813,4,0,4,0,10,10,4,4,3,3,4,2,4,7,5,2
1,813,4,0,4,0,9,10,4,4,3,3,3,2,4,7,5,2
1,813,4,0,4,0,9,10,4,4,3,3,3,1,4,7,0,2
1,813,4,0,4,0,9,10,4,4,3,3,3,1,4,7,0,2
1,813,4,0,4,0,9,10,4,4,3,3,3,1,4,7,0,2
1,813,4,0,4,0,9,10,4,4,3,3,3,1,4,7,0,2
1,813,4,0,4,0,9,10,4,4,3,3,3,1,4,7,0,2
1,813,4,0,4,0,9,10,4,4,3,3,3,1,4,7,0,2
1,813,4,0,4,0,9,10,4,4,3,3,3,1,4,7,0,2
2,814,4,0,4,0,9,10,4,4,3,3,3,1,7,7,0,2
2,814,4,0,4,0,9,10,4,4,3,3,3,1,7,7,0,2
2,814,4,0,4,0,9,10,4,4,3,3,3,1,7,7,0,2
2,814,4,0,4,0,9,10,4,4,3,3,3,1,7,7,0,2
2,814,4,0,4,0,9,10,4,4,3,3,3,1,7,7,0,2
2,814,4,0,4,0,9,10,4,4,3,3,3,1,7,7,0,2
2,814,4,0,4,0,9,10,4,4,3,3,3,1,10,9,8,2
2,814,4,0,4,0,10,10,4,4,3,3,4,2,10,9,8,3
2,814,4,0,4,0,10,10,4,4,3,3,4,1,10,10,8,3
2,814,4,0,4,0,10,10,4,4,3,3,4,1,10,10,9,3
2,814,4,0,4,0,10,10,4,4,3,3,4,1,10,10,9,3
2,814,4,0,4,0,10,9,4,4,3,3,4,1,10,10,9,2
2,814,4,0,4,0,10,9,4,4,3,3,4,1,10,10,9,2
2,814,4,0,4,0,10,10,4,4,3,3,4,1,10,10,5,1
2,814,4,0,4,0,10,10,4,4,3,3,4,1,10,10,5,1
2,814,4,0,4,0,10,10,4,4,3,3,4,1,8,10,5,1
2,814,4,0,4,0,9,10,4,4,3,3,3,1,8,9,5,1
2,814,4,0,4,0,9,10,4,4,3,3,3,1,8,9,0,1
2,814,4,0,4,0,9,10,4,4,3,3,3,1,8,8,0,0
2,814,4,0,4,0,9,10,4,4,3,3,3,1,8,8,0,0
2,814,4,0,4,0,9,10,4,4,3,3,3,1,8,8,0,0
2,814,4,0,4,0,9,10,4,4,3,3,3,1,8,8,0,0
2,814,4,0,4,0,9,10,4,4,3,3,3,1,8,8,0,0
2,814,4,0,4,0,9,10,4,4,3,3,3,1,7,8,0,0
3,815,4,0,4,0,9,10,4,4,3,3,3,1,7,8,0,0
3,815,4,0,4,0,9,10,4,4,3,3,3,1,7,8,0,0
3,815,4,0,4,0,9,10,4,4,3,3,3,1,7,8,0,0
3,815,4,0,4,0,9,10,4,4,3,3,3,1,7,8,0,0
3,815,4,0,4,0,9,10,4,4,3,3,3,1,7,8,0,0
3,815,4,0,4,0,9,10,4,4,3,3,3,1,7,8,0,0
3,815,4,0,4,0,9,10,4,4,3,3,3,1,8,8,8,0
3,815,4,0,4,0,10,8,4,4,3,3,4,2,8,8,8,0
3,815,4,0,4,0,10,9,4,4,3,3,4,2,8,8,8,0
3,815,4,0,4,0,10,10,4,4,3,3,4,2,8,8,9,0
3,815,4,0,4,0,10,10,4,4,3,3,4,2,8,8,9,0
3,815,4,0,4,0,10,10,4,4,3,3,4,2,8,8,9,0
3,815,4,0,4,0,10,10,4,4,3,3,4,2,8,8,9,0
3,815,4,0,4,0,10,10,4,4,3,3,4,1,8,8,5,0
3,815,4,0,4,0,10,10,4,4,3,3,4,1,8,8,5,0
3,815,4,0,4,0,10,9,4,4,3,3,4,1,8,8,5,0
3,815,4,0,4,0,9,9,4,4,3,3,3,1,8,8,5,0
3,815,4,0,4,0,9,9,4,4,3,3,3,1,8,8,0,0
3,815,4,0,4,0,9,9,4,4,3,3,3,1,8,8,0,0
3,815,4,0,4,0,9,9,4,4,3,3,3,1,8,8,0,0
3,815,4,0,4,0,9,9,4,4,3,3,3,1,8,8,0,0
3,815,4,0,4,0,9,8,4,4,3,3,3,1,8,8,0,0
3,815,4,0,4,0,9,8,4,4,3,3,3,1,8,8,0,0
3,815,4,0,4,0,9,8,4,4,3,3,3,1,7,8,0,0
4,816,4,0,4,0,9,8,4,4,3,3,3,1,7,8,0,0
4,816,4,0,4,0,9,8,4,4,3,3,3,1,7,8,0,0
4,816,4,0,4,0,9,8,4,4,3,3,3,1,7,8,0,0
4,816,4,0,4,0,9,8,4,4,3,3,3,1,7,8,0,0
4,816,4,0,4,0,9,8,4,4,3,3,3,1,7,8,0,0
4,816,4,0,4,0,9,8,4,4,3,3,3,1,7,8,0,0
4,816,4,0,4,0,9,8,4,4,3,3,3,1,8,8,8,0
4,816,4,0,4,0,10,9,4,4,3,3,4,2,8,8,8,1
4,816,4,0,4,0,10,10,4,4,3,3,4,2,8,8,8,1
4,816,4,0,4,0,10,10,4,4,3,3,4,2,8,8,9,1
4,816,4,0,4,0,10,10,4,4,3,3,4,2,8,8,9,1
4,816,4,0,4,0,10,10,4,4,3,3,4,2,8,8,9,1
4,816,4,0,4,0,10,10,4,4,3,3,4,2,8,8,9,1
4,816,4,0,4,0,10,10,4,4,3,3,4,2,8,8,5,1
4,816,4,0,4,0,10,10,4,4,3,3,4,2,8,8,5,1
4,816,4,0,4,0,10,10,4,3,3,3,4,2,8,8,5,1
4,816,4,0,4,0,9,10,4,3,3,3,3,2,8,8,5,1
4,816,4,0,4,0,9,10,4,3,3,3,3,2,8,8,0,1
4,816,4,0,4,0,9,10,4,3,3,3,3,2,8,8,0,1
4,816,4,0,4,0,9,10,4,3,3,3,3,2,8,8,0,1
4,816,4,0,4,0,9,10,4,3,3,3,3,2,8,8,0,1
4,816,4,0,4,0,9,10,4,3,3,3,3,2,8,8,0,1
4,816,4,0,4,0,9,10,4,3,3,3,3,2,8,8,0,1
4,816,4,0,4,0,9,10,4,3,3,3,3,2,7,8,0,1
5,817,4,0,3,0,8,10,3,3,2,3,2,2,7,8,0,1
5,817,4,0,3,0,8,10,3,3,2,3,2,2,7,8,0,1
5,817,4,0,3,0,8,10,3,3,2,3,2,2,7,8,0,1
5,817,4,0,3,0,8,10,3,3,2,3,2,2,7,8,0,1
5,817,4,0,3,0,8,10,3,3,2,3,2,2,7,8,0,1
5,817,4,0,3,0,8,10,3,3,2,3,2,2,7,8,0,1
5,817,4,0,3,0,8,10,3,3,2,3,3,2,10,8,0,1
5,817,4,0,3,0,8,9,3,3,2,2,3,2,10,8,0,0
5,817,4,0,3,0,8,9,3,3,2,2,3,2,10,8,0,0
5,817,4,0,3,0,8,9,3,3,2,2,3,2,10,8,0,0
5,817,4,0,3,0,8,9,3,3,2,2,3,2,10,8,0,0
5,817,4,0,3,0,8,9,3,3,2,2,3,2,10,8,0,0
5,817,4,0,3,0,8,9,3,3,2,2,3,2,10,8,0,0
5,817,4,0,3,0,8,9,3,3,2,2,3,2,10,8,0,0
5,817,4,0,3,0,8,9,3,3,2,2,3,2,10,8,0,0
5,817,4,0,3,0,8,9,3,3,2,2,2,2,8,8,0,0
5,817,4,0,3,0,8,9,3,3,2,2,2,2,8,8,0,0
5,817,4,0,3,0,8,9,3,3,2,2,2,2,8,8,0,0
5,817,4,0,3,0,8,9,3,3,2,2,2,2,8,8,0,0
5,817,4,0,3,0,8,9,3,3,2,2,2,2,8,8,0,0
5,817,4,0,3,0,8,9,3,3,2,2,2,2,8,8,0,0
5,817,4,0,3,0,8,9,3,3,2,2,2,2,8,8,0,0
5,817,4,0,3,0,8,9,3,3,2,2,2,2,8,7,0,0
5,817,4,0,3,0,8,9,3,3,2,2,2,2,7,7,0,0
6,818,4,0,3,0,8,9,3,3,2,2,2,2,4,7,0,0
6,818,4,0,3,0,8,9,3,3,2,2,2,2,4,7,0,0
6,818,4,0,3,0,8,9,3,3,2,2,2,2,4,7,0,0
6,818,4,0,3,0,8,9,3,3,2,2,2,2,4,7,0,0
6,818,4,0,3,0,8,9,3,3,2,2,2,2,4,7,0,0
6,818,4,0,3,0,8,9,3,3,2,2,2,2,4,7,0,0
6,818,4,0,3,0,8,9,3,3,2,2,3,2,4,7,0,0
6,818,4,0,3,0,8,9,3,3,2,2,3,2,5,7,0,0
6,818,4,0,3,0,8,9,3,3,2,2,3,2,5,7,0,0
6,818,4,0,3,0,8,9,3,3,2,2,3,2,5,7,0,0
6,818,4,0,3,0,8,8,3,3,2,2,3,2,5,7,0,0
6,818,4,0,3,0,8,8,3,3,2,2,3,2,5,7,0,0
6,818,4,0,3,0,8,8,3,3,2,2,3,2,5,6,0,0
6,818,4,0,3,0,8,8,3,3,2,2,3,2,5,6,0,0
6,818,4,0,3,0,8,8,3,3,2,2,3,2,5,6,0,0
6,818,4,0,3,0,8,8,3,3,2,2,2,2,4,6,0,0
6,818,4,0,3,0,8,8,3,3,2,2,2,2,4,6,0,0
6,818,4,0,3,0,8,8,3,3,2,2,2,2,4,6,0,0
6,818,4,0,3,0,8,8,3,3,2,2,2,2,4,6,0,0
6,818,4,0,3,0,8,8,3,3,2,2,2,2,4,6,0,0
6,818,4,0,3,0,8,8,3,3,2,2,2,2,4,6,0,0
6,818,4,0,3,0,8,8,3,3,2,2,2,2,4,6,0,0
6,818,4,0,3,0,8,8,3,3,2,2,2,2,4,6,0,0
6,818,4,0,3,0,8,8,3,3,2,2,2,2,4,6,0,0
7,819,4,0,4,0,9,8,4,3,3,2,3,2,7,6,0,0
7,819,4,0,4,0,9,8,4,3,3,2,3,2,7,6,0,0
7,819,4,0,4,0,9,8,4,3,3,2,3,2,7,6,0,0
7,819,4,0,4,0,9,8,4,3,3,2,3,2,7,6,0,0
7,819,4,0,4,0,9,8,4,3,3,2,3,2,7,6,0,0
7,819,4,0,4,0,9,8,4,3,3,2,3,2,7,6,0,0
7,819,4,0,4,0,9,8,4,3,3,2,3,2,8,6,8,0
7,819,4,0,4,0,10,8,4,4,3,3,4,3,8,8,8,1
7,819,4,0,4,0,10,9,4,4,3,3,4,3,8,8,8,1
7,819,4,0,4,0,10,10,4,4,3,3,4,3,8,8,9,1
7,819,4,0,4,0,10,10,4,4,3,3,4,3,8,8,9,1
7,819,4,0,4,0,10,10,4,3,3,3,4,3,8,8,9,1
7,819,4,0,4,0,10,10,4,4,3,3,4,3,8,8,9,1
7,819,4,0,4,0,10,9,4,4,3,3,4,3,8,8,5,1
7,819,4,0,4,0,10,9,4,3,3,3,4,3,8,8,5,1
7,819,4,0,4,0,10,9,4,3,3,3,4,3,8,8,5,1
7,819,4,0,4,0,9,9,4,3,3,3,3,3,8,8,5,1
7,819,4,0,4,0,9,9,4,3,3,3,3,3,8,8,0,1
7,819,4,0,4,0,9,9,4,3,3,3,3,3,8,8,0,1
7,819,4,0,4,0,9,9,4,3,3,3,3,3,8,8,0,1
7,819,4,0,4,0,9,9,4,3,3,3,3,3,8,8,0,0
7,819,4,0,4,0,9,9,4,3,3,3,3,3,8,8,0,0
7,819,4,0,4,0,9,9,4,3,3,3,3,2,8,8,0,0
7,819,4,0,4,0,9,9,4,3,3,3,3,2,7,8,0,0
8,820,4,0,4,0,9,9,4,3,3,3,3,2,4,8,0,0
8,820,4,0,4,0,9,9,4,3,3,3,3,2,4,8,0,0
8,820,4,0,4,0,9,9,4,3,3,3,3,2,4,8,0,0
8,820,4,0,4,0,9,9,4,3,3,3,3,2,4,8,0,0
8,820,4,0,4,0,9,9,4,3,3,3,3,2,4,8,0,0
8,820,4,0,4,0,9,9,4,3,3,3,3,2,4,8,0,0
8,820,4,0,4,0,9,9,4,3,3,3,3,2,4,8,8,0
8,820,4,0,4,0,10,8,4,4,3,3,4,3,5,7,8,2
8,820,4,0,4,0,10,8,4,4,3,3,4,3,5,7,8,3
8,820,4,0,4,0,10,10,4,4,3,3,4,3,5,7,9,3
8,820,4,0,4,0,10,10,4,4,3,3,4,2,5,7,9,3
8,820,4,0,4,0,10,10,4,4,3,3,4,2,5,7,9,3
8,820,4,0,4,0,10,10,4,4,3,3,4,2,5,7,9,3
8,820,4,0,4,0,10,9,4,4,3,3,4,2,5,7,5,3
8,820,4,0,4,0,10,8,4,4,3,3,4,2,5,7,5,3
8,820,4,0,4,0,10,8,4,4,3,3,4,2,4,7,5,3
8,820,4,0,4,0,9,8,4,4,3,3,3,2,4,7,5,3
8,820,4,0,4,0,9,8,4,4,3,3,3,2,4,7,0,3
8,820,4,0,4,0,9,8,4,4,3,3,3,2,4,7,0,3
8,820,4,0,4,0,9,8,4,4,3,3,3,2,4,7,0,3
8,820,4,0,4,0,9,8,4,4,3,3,3,2,4,7,0,3
8,820,4,0,4,0,9,7,4,4,3,3,3,2,4,7,0,2
8,820,4,0,4,0,9,7,4,4,3,3,3,2,4,7,0,2
8,820,4,0,4,0,9,7,4,4,3,3,3,2,4,7,0,2
9,821,4,0,4,0,9,7,4,4,3,3,3,2,7,7,0,2
9,821,4,0,4,0,9,7,4,4,3,3,3,2,7,7,0,2
9,821,4,0,4,0,9,7,4,4,3,3,3,2,7,7,0,2
9,821,4,0,4,0,9,7,4,4,3,3,3,2,7,7,0,2
9,821,4,0,4,0,9,7,4,4,3,3,3,2,7,7,0,2
9,821,4,0,4,0,9,7,4,4,3,3,3,2,7,7,0,2
9,821,4,0,4,0,9,7,4,4,3,3,3,2,10,8,8,2
9,821,4,0,4,0,10,10,4,3,3,3,4,3,10,10,8,2
9,821,4,0,4,0,10,10,4,3,3,3,4,3,10,9,8,2
9,821,4,0,4,0,10,10,4,4,3,3,4,3,10,10,9,2
9,821,4,0,4,0,10,10,4,3,3,3,4,3,10,10,9,3
9,821,4,0,4,0,10,10,4,3,3,3,4,3,10,10,9,3
9,821,4,0,4,0,10,10,4,3,3,3,4,3,10,10,9,3
9,821,4,0,4,0,10,10,4,3,3,3,4,3,10,10,5,3
9,821,4,0,4,0,10,10,4,3,3,3,4,3,10,11,5,3
9,821,4,0,4,0,10,10,4,3,3,3,4,3,8,10,5,2
9,821,4,0,4,0,9,10,4,3,3,3,3,3,8,10,5,2
9,821,4,0,4,0,9,10,4,3,3,3,3,3,8,10,0,2
9,821,4,0,4,0,9,10,4,3,3,3,3,3,8,10,0,2
9,821,4,0,4,0,9,10,4,3,3,3,3,3,8,10,0,2
9,821,4,0,4,0,9,10,4,3,3,3,3,3,8,10,0,2
9,821,4,0,4,0,9,10,4,3,3,3,3,3,8,9,0,1
9,821,4,0,4,0,9,10,4,3,3,3,3,2,8,9,0,1
9,821,4,0,4,0,9,10,4,3,3,3,3,2,7,9,0,1
10,822,4,0,4,0,9,10,4,3,3,3,3,2,7,9,0,1
10,822,4,0,4,0,9,10,4,3,3,3,3,2,7,9,0,1
10,822,4,0,4,0,9,10,4,3,3,3,3,2,7,9,0,1
10,822,4,0,4,0,9,10,4,3,3,3,3,2,7,9,0,1
10,822,4,0,4,0,9,10,4,3,3,3,3,2,7,9,0,1
10,822,4,0,4,0,9,10,4,3,3,3,3,2,7,9,0,1
10,822,4,0,4,0,9,10,4,3,3,3,3,2,8,9,8,1
10,822,4,0,4,0,10,10,4,4,3,3,4,3,8,8,8,0
10,822,4,0,4,0,10,10,4,4,3,3,4,3,8,8,8,0
10,822,4,0,4,0,10,10,4,4,3,3,4,2,8,8,9,0
10,822,4,0,4,0,10,10,4,4,3,3,4,2,8,8,9,0
10,822,4,0,4,0,10,10,4,4,3,2,4,2,8,8,9,0
10,822,4,0,4,0,10,10,4,3,3,2,4,2,8,8,9,0
10,822,4,0,4,0,10,9,4,3,3,2,4,2,8,8,5,0
10,822,4,0,4,0,10,9,4,3,3,2,4,2,8,8,5,0
10,822,4,0,4,0,10,9,4,3,3,2,4,2,8,8,5,0
10,822,4,0,4,0,9,9,4,3,3,2,3,2,8,8,5,0
10,822,4,0,4,0,9,9,4,3,3,2,3,2,8,8,0,0
10,822,4,0,4,0,9,9,4,3,3,2,3,2,8,8,0,0
10,822,4,0,4,0,9,8,4,3,3,2,3,2,8,7,0,0
10,822,4,0,4,0,9,8,4,3,3,2,3,2,8,7,0,0
10,822,4,0,4,0,9,8,4,3,3,2,3,2,8,7,0,0
10,822,4,0,4,0,9,8,4,3,3,2,3,2,8,7,0,0
10,822,4,0,4,0,9,8,4,3,3,2,3,2,7,7,0,0
11,823,4,0,4,0,9,8,4,3,3,2,3,2,7,7,0,0
11,823,4,0,4,0,9,8,4,3,3,2,3,2,7,7,0,0
11,823,4,0,4,0,9,8,4,3,3,2,3,2,7,7,0,0
11,823,4,0,4,0,9,8,4,3,3,2,3,2,7,7,0,0
11,823,4,0,4,0,9,8,4,3,3,2,3,2,7,7,0,0
11,823,4,0,4,0,9,8,4,3,3,2,3,2,7,7,0,0
11,823,4,0,4,0,9,8,4,3,3,2,3,2,8,7,8,0
11,823,4,0,4,0,10,9,4,3,3,3,4,3,8,8,8,0
11,823,4,0,4,0,10,10,4,4,3,3,4,3,8,8,8,1
11,823,4,0,4,0,10,10,4,4,3,3,4,3,8,8,9,1
11,823,4,0,4,0,10,10,4,3,3,3,4,3,8,8,9,1
11,823,4,0,4,0,10,10,4,4,3,3,4,3,8,8,9,1
11,823,4,0,4,0,10,10,4,4,3,3,4,3,8,8,9,1
11,823,4,0,4,0,10,10,4,4,3,3,4,3,8,8,5,1
11,823,4,0,4,0,10,10,4,4,3,3,4,3,8,8,5,0
11,823,4,0,4,0,10,9,4,4,3,3,4,3,8,8,5,0
11,823,4,0,4,0,9,9,4,3,3,3,3,3,8,8,5,0
11,823,4,0,4,0,9,9,4,3,3,3,3,2,8,8,0,0
11,823,4,0,4,0,9,9,4,3,3,3,3,2,8,8,0,0
11,823,4,0,4,0,9,9,4,3,3,3,3,2,8,8,0,0
11,823,4,0,4,0,9,9,4,3,3,3,3,2,8,8,0,0
11,823,4,0,4,0,9,9,4,3,3,3,3,2,8,8,0,0
11,823,4,0,4,0,9,9,4,3,3,2,3,2,8,8,0,0
11,823,4,0,4,0,9,9,4,3,3,2,3,2,7,8,0,0
12,824,4,0,3,0,8,9,3,3,2,2,2,2,7,8,0,0
12,824,4,0,3,0,8,9,3,3,2,2,2,2,7,8,0,0
12,824,4,0,3,0,8,9,3,3,2,2,2,2,7,8,0,0
12,824,4,0,3,0,8,9,3,3,2,2,2,2,7,8,0,0
12,824,4,0,3,0,8,9,3,3,2,2,2,2,7,8,0,0
12,824,4,0,3,0,8,9,3,3,2,2,2,2,7,8,0,0
12,824,4,0,3,0,8,9,3,3,2,2,3,2,10,8,0,0
12,824,4,0,3,0,8,7,3,2,2,2,3,2,10,8,0,0
12,824,4,0,3,0,8,7,3,2,2,2,3,2,10,7,0,0
12,824,4,0,3,0,8,7,3,2,2,2,3,2,10,7,0,0
12,824,4,0,3,0,8,7,3,2,2,2,3,2,10,7,0,0
12,824,4,0,3,0,8,7,3,2,2,2,3,2,10,7,0,0
12,824,4,0,3,0,8,7,3,2,2,2,3,2,10,7,0,0
12,824,4,0,3,0,8,7,3,2,2,2,3,2,10,7,0,0
12,824,4,0,3,0,8,7,3,2,2,2,3,2,10,7,0,0
12,824,4,0,3,0,8,7,3,2,2,2,2,2,8,7,0,0
12,824,4,0,3,0,8,7,3,2,2,2,2,2,8,7,0,0
12,824,4,0,3,0,8,7,3,2,2,2,2,2,8,7,0,0
12,824,4,0,3,0,8,7,3,2,2,2,2,2,8,7,0,0
12,824,4,0,3,0,8,7,3,2,2,2,2,2,8,7,0,0
12,824,4,0,3,0,8,7,3,2,2,2,2,2,8,7,0,0
12,824,4,0,3,0,8,7,3,2,2,2,2,2,8,7,0,0
12,824,4,0,3,0,8,7,3,2,2,2,2,2,8,7,0,0
12,824,4,0,3,0,8,7,3,2,2,2,2,2,7,7,0,0
13,825,4,0,3,0,8,7,3,2,2,2,2,2,4,7,0,0
13,825,4,0,3,0,8,7,3,2,2,2,2,2,4,7,0,0
13,825,4,0,3,0,8,7,3,2,2,2,2,2,4,7,0,0
13,825,4,0,3,0,8,7,3,2,2,2,2,2,4,7,0,0
13,825,4,0,3,0,8,7,3,2,2,2,2,2,4,7,0,0
13,825,4,0,3,0,8,7,3,2,2,2,2,2,4,7,0,0
13,825,4,0,3,0,8,7,3,2,2,2,3,2,4,7,0,0
13,825,4,0,3,0,8,7,3,2,2,2,3,1,5,7,0,0
13,825,4,0,3,0,8,7,3,2,2,2,3,1,5,7,0,0
13,825,4,0,3,0,8,7,3,2,2,2,3,1,5,7,0,0
13,825,4,0,3,0,8,7,3,2,2,2,3,1,5,7,0,0
13,825,4,0,3,0,8,7,3,2,2,2,3,1,5,7,0,0
13,825,4,0,3,0,8,7,3,2,2,2,3,1,5,7,0,0
13,825,4,0,3,0,8,7,3,2,2,2,3,1,5,7,0,0
13,825,4,0,3,0,8,7,3,2,2,2,3,1,5,7,0,0
13,825,4,0,3,0,8,7,3,2,2,2,2,1,4,7,0,0
13,825,4,0,3,0,8,7,3,2,2,2,2,1,4,7,0,0
13,825,4,0,3,0,8,7,3,2,2,2,2,1,4,7,0,0
13,825,4,0,3,0,8,7,3,2,2,2,2,1,4,7,0,0
13,825,4,0,3,0,8,7,3,2,2,2,2,1,4,7,0,0
13,825,4,0,3,0,8,7,3,2,2,2,2,1,4,7,0,0
13,825,4,0,3,0,8,7,3,2,2,2,2,1,4,7,0,0
13,825,4,0,3,0,8,7,3,2,2,2,2,1,4,7,0,0
13,825,4,0,3,0,8,7,3,2,2,2,2,1,4,7,0,0
14,826,4,0,4,0,9,7,4,2,3,2,3,1,7,7,0,0
14,826,4,0,4,0,9,7,4,2,3,2,3,1,7,7,0,0
14,826,4,0,4,0,9,7,4,2,3,2,3,1,7,7,0,0
14,826,4,0,4,0,9,7,4,2,3,2,3,1,7,7,0,0
14,826,4,0,4,0,9,7,4,2,3,2,3,1,7,7,0,0
14,826,4,0,4,0,9,7,4,2,3,2,3,1,7,7,0,0
14,826,4,0,4,0,9,7,4,2,3,2,3,1,8,7,8,0
14,826,4,0,4,0,10,9,4,4,3,2,4,2,8,8,8,2
14,826,4,0,4,0,10,10,4,4,3,2,4,2,8,8,8,2
14,826,4,0,4,0,10,10,4,3,3,3,4,2,8,8,9,2
14,826,4,0,4,0,10,10,4,3,3,3,4,2,8,8,9,2
14,826,4,0,4,0,10,10,4,3,3,3,4,2,8,8,9,2
14,826,4,0,4,0,10,10,4,3,3,3,4,2,8,8,9,2
14,826,4,0,4,0,10,10,4,3,3,2,4,2,8,8,5,2
14,826,4,0,4,0,10,10,4,3,3,2,4,2,8,8,5,2
14,826,4,0,4,0,10,9,4,3,3,2,4,2,8,8,5,2
14,826,4,0,4,0,9,9,4,3,3,2,3,2,8,8,5,2
14,826,4,0,4,0,9,9,4,3,3,2,3,2,8,9,0,2
14,826,4,0,4,0,9,9,4,3,3,2,3,2,8,8,0,1
14,826,4,0,4,0,9,9,4,3,3,2,3,2,8,8,0,1
14,826,4,0,4,0,9,9,4,3,3,2,3,2,8,8,0,1
14,826,4,0,4,0,9,9,4,3,3,2,3,2,8,8,0,0
14,826,4,0,4,0,9,9,4,3,3,2,3,2,8,8,0,0
14,826,4,0,4,0,9,9,4,3,3,2,3,2,7,8,0,0
15,827,4,0,4,0,9,9,4,3,3,2,3,2,4,8,0,0
15,827,4,0,4,0,9,9,4,3,3,2,3,2,4,8,0,0
15,827,4,0,4,0,9,9,4,3,3,2,3,2,4,8,0,0
15,827,4,0,4,0,9,9,4,3,3,2,3,2,4,8,0,0
15,827,4,0,4,0,9,9,4,3,3,2,3,2,4,8,0,0
15,827,4,0,4,0,9,9,4,3,3,2,3,2,4,8,0,0
15,827,4,0,4,0,9,9,4,3,3,2,3,2,4,8,8,0
15,827,4,0,4,0,10,8,4,4,3,3,4,3,5,7,8,2
15,827,4,0,4,0,10,9,4,4,3,3,4,2,5,7,8,3
15,827,4,0,4,0,10,10,4,4,3,3,4,2,5,7,9,4
15,827,4,0,4,0,10,10,4,4,3,3,4,2,5,7,9,4
15,827,4,0,4,0,10,10,4,4,3,3,4,2,5,7,9,4
15,827,4,0,4,0,10,10,4,4,3,3,4,2,5,7,9,4
15,827,4,0,4,0,10,10,4,4,3,3,4,2,5,7,5,4
15,827,4,0,4,0,10,10,4,3,3,3,4,2,5,7,5,4
15,827,4,0,4,0,10,10,4,3,3,3,4,2,4,7,5,3
15,827,4,0,4,0,9,10,4,3,3,3,3,2,4,7,5,3
15,827,4,0,4,0,9,10,4,3,3,3,3,2,4,7,0,3
15,827,4,0,4,0,9,10,4,3,3,3,3,2,4,7,0,3
15,827,4,0,4,0,9,10,4,3,3,3,3,2,4,7,0,3
15,827,4,0,4,0,9,9,4,3,3,3,3,2,4,7,0,3
15,827,4,0,4,0,9,9,4,3,3,3,3,2,4,7,0,3
15,827,4,0,4,0,9,8,4,3,3,3,3,2,4,7,0,3
15,827,4,0,4,0,9,8,4,3,3,3,3,2,4,7,0,3
16,828,4,0,4,0,9,8,4,3,3,3,3,2,7,7,0,3
16,828,4,0,4,0,9,8,4,3,3,3,3,2,7,7,0,3
16,828,4,0,4,0,9,8,4,3,3,3,3,2,7,7,0,3
16,828,4,0,4,0,9,8,4,3,3,3,3,2,7,7,0,3
16,828,4,0,4,0,9,8,4,3,3,3,3,2,7,7,0,3
16,828,4,0,4,0,9,8,4,3,3,3,3,2,7,7,0,3
16,828,4,0,4,0,9,8,4,3,3,3,3,2,10,8,8,3
16,828,4,0,4,0,10,9,4,4,3,2,4,3,10,10,8,3
16,828,4,0,4,0,10,10,4,4,3,2,4,3,10,10,8,3
16,828,4,0,4,0,10,10,4,4,3,3,4,3,10,10,9,3
16,828,4,0,4,0,10,10,4,4,3,3,4,3,10,10,9,3
16,828,4,0,4,0,10,10,4,4,3,3,4,3,10,10,9,2
16,828,4,0,4,0,10,10,4,4,3,3,4,3,10,10,9,2
16,828,4,0,4,0,10,10,4,4,3,3,4,3,10,10,5,1
16,828,4,0,4,0,10,9,4,4,3,1,4,3,10,10,5,1
16,828,4,0,4,0,10,9,4,4,3,1,4,3,8,9,5,1
16,828,4,0,4,0,9,9,4,4,3,1,3,3,8,8,5,0
16,828,4,0,4,0,9,9,4,4,3,1,3,3,8,8,0,0
16,828,4,0,4,0,9,9,4,4,3,1,3,2,8,8,0,0
16,828,4,0,4,0,9,9,4,4,3,1,3,2,8,8,0,0
16,828,4,0,4,0,9,9,4,4,3,1,3,2,8,7,0,0
16,828,4,0,4,0,9,9,4,4,3,1,3,2,8,7,0,0
16,828,4,0,4,0,9,8,4,4,3,1,3,2,8,7,0,0
16,828,4,0,4,0,9,8,4,4,3,1,3,2,7,7,0,0
17,829,4,0,4,0,9,8,4,4,3,1,3,2,7,7,0,0
17,829,4,0,4,0,9,8,4,4,3,1,3,2,7,7,0,0
17,829,4,0,4,0,9,8,4,4,3,1,3,2,7,7,0,0
17,829,4,0,4,0,9,8,4,4,3,1,3,2,7,7,0,0
17,829,4,0,4,0,9,8,4,4,3,1,3,2,7,7,0,0
17,829,4,0,4,0,9,8,4,4,3,1,3,2,7,7,0,0
17,829,4,0,4,0,9,8,4,4,3,1,3,2,8,7,8,0
17,829,4,0,4,0,10,10,4,4,3,2,4,3,8,7,8,0
17,829,4,0,4,0,10,10,4,4,3,2,4,3,8,8,8,0
17,829,4,0,4,0,10,10,4,4,3,2,4,3,8,8,9,0
17,829,4,0,4,0,10,10,4,4,3,2,4,3,8,8,9,0
17,829,4,0,4,0,10,10,4,4,3,2,4,3,8,8,9,0
17,829,4,0,4,0,10,10,4,4,3,1,4,3,8,8,9,0
17,829,4,0,4,0,10,10,4,4,3,1,4,3,8,8,5,0
17,829,4,0,4,0,10,10,4,4,3,1,4,3,8,8,5,0
17,829,4,0,4,0,10,10,4,4,3,1,4,3,8,8,5,0
17,829,4,0,4,0,9,10,4,4,3,1,3,3,8,8,5,0
17,829,4,0,4,0,9,10,4,4,3,1,3,3,8,8,0,0
17,829,4,0,4,0,9,9,4,4,3,1,3,3,8,8,0,0
17,829,4,0,4,0,9,9,4,4,3,1,3,3,8,8,0,0
17,829,4,0,4,0,9,8,4,4,3,1,3,3,8,8,0,0
17,829,4,0,4,0,9,8,4,4,3,1,3,3,8,8,0,0
17,829,4,0,4,0,9,8,4,4,3,1,3,3,8,7,0,0
17,829,4,0,4,0,9,8,4,4,3,1,3,3,7,7,0,0
18,830,4,0,4,0,9,8,4,4,3,1,3,3,7,7,0,0
18,830,4,0,4,0,9,8,4,4,3,1,3,3,7,7,0,0
18,830,4,0,4,0,9,8,4,4,3,1,3,3,7,7,0,0
18,830,4,0,4,0,9,8,4,4,3,1,3,3,7,7,0,0
18,830,4,0,4,0,9,8,4,4,3,1,3,3,7,7,0,0
18,830,4,0,4,0,9,8,4,4,3,1,3,3,7,7,0,0
18,830,4,0,4,0,9,8,4,4,3,1,3,3,8,7,8,0
18,830,4,0,4,0,10,9,4,4,3,2,4,4,8,8,8,1
18,830,4,0,4,0,10,10,4,4,3,3,4,4,8,8,8,1
18,830,4,0,4,0,10,10,4,4,3,3,4,4,8,8,9,2
18,830,4,0,4,0,10,10,4,4,3,3,4,4,8,8,9,2
18,830,4,0,4,0,10,10,4,4,3,3,4,4,8,9,9,2
18,830,4,0,4,0,10,10,4,4,3,3,4,4,8,9,9,2
18,830,4,0,4,0,10,10,4,4,3,3,4,3,8,9,5,2
18,830,4,0,4,0,10,10,4,4,3,3,4,3,8,9,5,2
18,830,4,0,4,0,10,10,4,4,3,3,4,3,8,8,5,2
18,830,4,0,4,0,9,10,4,4,3,3,3,3,8,7,5,1
18,830,4,0,4,0,9,10,4,4,3,3,3,3,8,7,0,1
18,830,4,0,4,0,9,10,4,4,3,3,3,3,8,7,0,1
18,830,4,0,4,0,9,10,4,4,3,3,3,3,8,7,0,1
18,830,4,0,4,0,9,10,4,4,3,3,3,3,8,7,0,1
18,830,4,0,4,0,9,10,4,4,3,2,3,3,8,7,0,1
18,830,4,0,4,0,9,10,4,4,3,1,3,3,8,7,0,1
18,830,4,0,4,0,9,10,4,4,3,1,3,3,7,7,0,1
19,831,4,0,3,0,8,10,3,4,2,1,2,3,7,7,0,1
19,831,4,0,3,0,8,10,3,4,2,1,2,3,7,7,0,1
19,831,4,0,3,0,8,10,3,4,2,1,2,3,7,7,0,1
19,831,4,0,3,0,8,10,3,4,2,1,2,3,7,7,0,1
19,831,4,0,3,0,8,10,3,4,2,1,2,3,7,7,0,1
19,831,4,0,3,0,8,10,3,4,2,1,2,3,7,7,0,1
19,831,4,0,3,0,8,10,3,4,2,2,3,3,10,7,0,1
19,831,4,0,3,0,8,7,3,4,2,2,3,1,10,6,0,1
19,831,4,0,3,0,8,7,3,4,2,2,3,1,10,6,0,1
19,831,4,0,3,0,8,7,3,4,2,2,3,1,10,6,0,1
19,831,4,0,3,0,8,7,3,4,2,2,3,1,10,6,0,1
19,831,4,0,3,0,8,7,3,4,2,2,3,1,10,6,0,1
19,831,4,0,3,0,8,7,3,4,2,2,3,1,10,6,0,1
19,831,4,0,3,0,8,7,3,4,2,2,3,1,10,6,0,1
19,831,4,0,3,0,8,7,3,4,2,2,3,1,10,6,0,1
19,831,4,0,3,0,8,7,3,4,2,2,2,1,8,6,0,1
19,831,4,0,3,0,8,7,3,4,2,1,2,1,8,6,0,0
19,831,4,0,3,0,8,7,3,4,2,1,2,1,8,6,0,0
19,831,4,0,3,0,8,7,3,4,2,1,2,1,8,6,0,0
19,831,4,0,3,0,8,7,3,4,2,1,2,1,8,6,0,0
19,831,4,0,3,0,8,7,3,4,2,1,2,1,8,6,0,0
19,831,4,0,3,0,8,7,3,4,2,1,2,1,8,6,0,0
19,831,4,0,3,0,8,7,3,4,2,1,2,1,8,6,0,0
19,831,4,0,3,0,8,7,3,4,2,1,2,1,7,6,0,0
20,832,4,0,3,0,8,7,3,4,2,1,2,1,4,6,0,0
20,832,4,0,3,0,8,7,3,4,2,1,2,1,4,6,0,0
20,832,4,0,3,0,8,7,3,4,2,1,2,1,4,6,0,0
20,832,4,0,3,0,8,7,3,4,2,1,2,1,4,6,0,0
20,832,4,0,3,0,8,7,3,4,2,1,2,1,4,6,0,0
20,832,4,0,3,0,8,7,3,4,2,1,2,1,4,6,0,0
20,832,4,0,3,0,8,7,3,4,2,1,3,1,4,6,0,0
20,832,4,0,3,0,8,7,3,3,2,1,3,0,5,6,0,0
20,832,4,0,3,0,8,7,3,3,2,1,3,0,5,6,0,0
20,832,4,0,3,0,8,7,3,3,2,1,3,0,5,6,0,0
20,832,4,0,3,0,8,7,3,3,2,1,3,0,5,6,0,0
20,832,4,0,3,0,8,7,3,3,2,1,3,0,5,6,0,0
20,832,4,0,3,0,8,7,3,3,2,1,3,0,5,6,0,0
20,832,4,0,3,0,8,7,3,3,2,1,3,0,5,6,0,0
20,832,4,0,3,0,8,7,3,2,2,1,3,0,5,6,0,0
20,832,4,0,3,0,8,7,3,2,2,1,2,0,4,6,0,0
20,832,4,0,3,0,8,7,3,2,2,1,2,0,4,6,0,0
20,832,4,0,3,0,8,7,3,2,2,1,2,0,4,6,0,0
20,832,4,0,3,0,8,7,3,2,2,1,2,0,4,6,0,0
20,832,4,0,3,0,8,7,3,2,2,1,2,0,4,6,0,0
20,832,4,0,3,0,8,7,3,2,2,1,2,0,4,6,0,0
20,832,4,0,3,0,8,7,3,2,2,1,2,0,4,6,0,0
20,832,4,0,3,0,8,7,3,2,2,1,2,0,4,6,0,0
20,832,4,0,3,0,8,7,3,2,2,1,2,0,4,6,0,0
21,833,4,0,4,0,9,7,4,2,3,1,3,0,7,6,0,0
21,833,4,0,4,0,9,7,4,2,3,1,3,0,7,6,0,0
21,833,4,0,4,0,9,7,4,2,3,1,3,0,7,6,0,0
21,833,4,0,4,0,9,7,4,2,3,1,3,0,7,6,0,0
21,833,4,0,4,0,9,7,4,2,3,1,3,0,7,6,0,0
21,833,4,0,4,0,9,7,4,2,3,1,3,0,7,6,0,0
21,833,4,0,4,0,9,7,4,2,3,1,3,0,8,6,8,0
21,833,4,0,4,0,10,9,4,4,3,2,4,1,8,8,8,1
21,833,4,0,4,0,10,10,4,4,3,3,4,1,8,8,8,1
21,833,4,0,4,0,10,10,4,4,3,3,4,1,8,8,9,1
21,833,4,0,4,0,10,10,4,4,3,3,4,1,8,8,9,1
21,833,4,0,4,0,10,10,4,4,3,3,4,1,8,8,9,1
21,833,4,0,4,0,10,10,4,4,3,3,4,1,8,8,9,1
21,833,4,0,4,0,10,9,4,4,3,3,4,1,8,8,5,1
21,833,4,0,4,0,10,9,4,4,3,3,4,1,8,8,5,1
21,833,4,0,4,0,10,9,4,4,3,2,4,1,8,8,5,1
21,833,4,0,4,0,9,9,4,4,3,2,3,1,8,8,5,1
21,833,4,0,4,0,9,9,4,4,3,2,3,1,8,8,0,1
21,833,4,0,4,0,9,9,4,4,3,2,3,1,8,8,0,0
21,833,4,0,4,0,9,9,4,4,3,2,3,1,8,8,0,0
21,833,4,0,4,0,9,9,4,4,3,2,3,1,8,8,0,0
21,833,4,0,4,0,9,9,4,4,3,2,3,1,8,8,0,0
21,833,4,0,4,0,9,9,4,4,3,2,3,1,8,8,0,0
21,833,4,0,4,0,9,9,4,4,3,2,3,1,7,8,0,0
22,834,4,0,4,0,9,9,4,4,3,2,3,1,4,8,0,0
22,834,4,0,4,0,9,9,4,4,3,2,3,1,4,8,0,0
22,834,4,0,4,0,9,9,4,4,3,2,3,1,4,8,0,0
22,834,4,0,4,0,9,9,4,4,3,2,3,1,4,8,0,0
22,834,4,0,4,0,9,9,4,4,3,2,3,1,4,8,0,0
22,834,4,0,4,0,9,9,4,4,3,2,3,1,4,8,0,0
22,834,4,0,4,0,9,9,4,4,3,2,3,1,4,8,8,0
22,834,4,0,4,0,10,9,4,4,3,2,4,2,5,8,8,5
22,834,4,0,4,0,10,10,4,4,3,3,4,2,5,8,8,6
22,834,4,0,4,0,10,10,4,4,3,3,4,2,5,8,9,7
22,834,4,0,4,0,10,10,4,4,3,3,4,1,5,8,9,8
22,834,4,0,4,0,10,10,4,4,3,2,4,1,5,8,9,8
22,834,4,0,4,0,10,10,4,4,3,2,4,1,5,8,9,8
22,834,4,0,4,0,10,10,4,4,3,2,4,1,5,8,5,8
22,834,4,0,4,0,10,10,4,4,3,2,4,1,5,8,5,8
22,834,4,0,4,0,10,10,4,4,3,2,4,1,4,7,5,6
22,834,4,0,4,0,9,9,4,4,3,2,3,1,4,6,5,6
22,834,4,0,4,0,9,9,4,4,3,2,3,1,4,6,0,6
22,834,4,0,4,0,9,9,4,4,3,2,3,1,4,6,0,6
22,834,4,0,4,0,9,9,4,4,3,2,3,1,4,6,0,6
22,834,4,0,4,0,9,9,4,4,3,2,3,1,4,6,0,5
22,834,4,0,4,0,9,9,4,4,3,2,3,1,4,6,0,5
22,834,4,0,4,0,9,9,4,4,3,2,3,1,4,6,0,5
22,834,4,0,4,0,9,9,4,4,3,2,3,1,4,6,0,5
23,835,4,0,4,0,9,9,4,4,3,2,3,1,7,7,0,5
23,835,4,0,4,0,9,9,4,4,3,2,3,1,7,7,0,5
23,835,4,0,4,0,9,9,4,4,3,2,3,1,7,7,0,5
23,835,4,0,4,0,9,9,4,4,3,2,3,1,7,7,0,5
23,835,4,0,4,0,9,9,4,4,3,2,3,1,7,7,0,5
23,835,4,0,4,0,9,9,4,4,3,2,3,1,7,7,0,5
23,835,4,0,4,0,9,9,4,4,3,2,3,1,10,10,8,5
23,835,4,0,4,0,10,9,4,3,3,2,4,2,10,10,8,3
23,835,4,0,4,0,10,10,4,3,3,2,4,2,10,9,8,2
23,835,4,0,4,0,10,10,4,4,3,2,4,2,10,10,9,2
23,835,4,0,4,0,10,10,4,3,3,3,4,2,10,10,9,2
23,835,4,0,4,0,10,10,4,3,3,3,4,2,10,9,9,1
23,835,4,0,4,0,10,10,4,3,3,3,4,2,10,9,9,0
23,835,4,0,4,0,10,10,4,3,3,3,4,2,10,9,5,0
23,835,4,0,4,0,10,10,4,3,3,3,4,2,10,9,5,0
23,835,4,0,4,0,10,10,4,3,3,3,4,2,8,9,5,0
23,835,4,0,4,0,9,10,4,3,3,3,3,2,8,8,5,0
23,835,4,0,4,0,9,10,4,3,3,3,3,2,8,8,0,0
23,835,4,0,4,0,9,10,4,3,3,3,3,2,8,7,0,0
23,835,4,0,4,0,9,10,4,3,3,3,3,2,8,7,0,0
23,835,4,0,4,0,9,10,4,3,3,3,3,2,8,7,0,0
23,835,4,0,4,0,9,10,4,3,3,3,3,2,8,7,0,0
23,835,4,0,4,0,9,10,4,3,3,3,3,2,8,7,0,0
23,835,4,0,4,0,9,10,4,3,3,3,3,2,7,7,0,0
24,836,4,0,4,0,9,10,4,3,3,3,3,2,7,7,0,0
24,836,4,0,4,0,9,10,4,3,3,3,3,2,7,7,0,0
24,836,4,0,4,0,9,10,4,3,3,3,3,2,7,7,0,0
24,836,4,0,4,0,9,10,4,3,3,3,3,2,7,7,0,0
24,836,4,0,4,0,9,10,4,3,3,3,3,2,7,7,0,0
24,836,4,0,4,0,9,10,4,3,3,3,3,2,7,7,0,0
24,836,4,0,4,0,9,10,4,3,3,3,3,2,8,7,8,0
24,836,4,0,4,0,10,10,4,4,3,1,4,2,8,8,8,0
24,836,4,0,4,0,10,10,4,4,3,1,4,2,8,8,8,0
24,836,4,0,4,0,10,10,4,4,3,1,4,2,8,8,9,0
24,836,4,0,4,0,10,10,4,4,3,1,4,2,8,8,9,0
24,836,4,0,4,0,10,10,4,4,3,1,4,2,8,8,9,0
24,836,4,0,4,0,10,10,4,4,3,1,4,2,8,8,9,0
24,836,4,0,4,0,10,10,4,4,3,1,4,2,8,8,5,0
24,836,4,0,4,0,10,10,4,4,3,1,4,2,8,8,5,0
24,836,4,0,4,0,10,10,4,4,3,1,4,2,8,8,5,0
24,836,4,0,4,0,9,10,4,4,3,1,3,2,8,8,5,0
24,836,4,0,4,0,9,10,4,4,3,1,3,2,8,8,0,0
24,836,4,0,4,0,9,10,4,4,3,1,3,2,8,8,0,0
24,836,4,0,4,0,9,10,4,4,3,0,3,2,8,8,0,0
24,836,4,0,4,0,9,10,4,4,3,0,3,2,8,8,0,0
24,836,4,0,4,0,9,10,4,4,3,0,3,2,8,8,0,0
24,836,4,0,4,0,9,10,4,4,3,0,3,2,8,8,0,0
24,836,4,0,4,0,9,10,4,4,3,0,3,2,7,8,0,0
25,837,4,0,4,0,9,10,4,4,3,0,3,2,7,8,0,0
25,837,4,0,4,0,9,10,4,4,3,0,3,2,7,8,0,0
25,837,4,0,4,0,9,10,4,4,3,0,3,2,7,8,0,0
25,837,4,0,4,0,9,10,4,4,3,0,3,2,7,8,0,0
25,837,4,0,4,0,9,10,4,4,3,0,3,2,7,8,0,0
25,837,4,0,4,0,9,10,4,4,3,0,3,2,7,8,0,0
25,837,4,0,4,0,9,10,4,4,3,0,3,2,8,8,8,0
25,837,4,0,4,0,10,10,4,4,3,1,4,2,8,7,8,1
25,837,4,0,4,0,10,10,4,4,3,3,4,2,8,8,8,1
25,837,4,0,4,0,10,10,4,4,3,2,4,2,8,8,9,2
25,837,4,0,4,0,10,10,4,4,3,3,4,2,8,8,9,3
25,837,4,0,4,0,10,10,4,4,3,2,4,2,8,8,9,4
25,837,4,0,4,0,10,10,4,4,3,3,4,2,8,8,9,4
25,837,4,0,4,0,10,10,4,4,3,3,4,2,8,8,5,4
25,837,4,0,4,0,10,10,4,4,3,2,4,2,8,8,5,4
25,837,4,0,4,0,10,10,4,4,3,1,4,2,8,8,5,2
25,837,4,0,4,0,9,10,4,4,3,1,3,2,8,8,5,1
25,837,4,0,4,0,9,10,4,4,3,1,3,2,8,8,0,1
25,837,4,0,4,0,9,10,4,4,3,1,3,2,8,8,0,1
25,837,4,0,4,0,9,10,4,4,3,1,3,2,8,8,0,1
25,837,4,0,4,0,9,10,4,4,3,1,3,2,8,8,0,1
25,837,4,0,4,0,9,10,4,4,3,1,3,2,8,8,0,1
25,837,4,0,4,0,9,10,4,4,3,1,3,2,8,8,0,1
25,837,4,0,4,0,9,10,4,4,3,1,3,2,7,8,0,1
26,838,4,0,3,0,8,10,3,4,2,1,2,2,7,8,0,1
26,838,4,0,3,0,8,10,3,4,2,1,2,2,7,8,0,1
26,838,4,0,3,0,8,10,3,4,2,1,2,2,7,8,0,1
26,838,4,0,3,0,8,10,3,4,2,1,2,2,7,8,0,1
26,838,4,0,3,0,8,10,3,4,2,1,2,2,7,8,0,1
26,838,4,0,3,0,8,10,3,4,2,1,2,2,7,8,0,1
26,838,4,0,3,0,8,10,3,4,2,1,3,2,10,8,0,1
26,838,4,0,3,0,8,8,3,4,2,1,3,2,10,8,0,0
26,838,4,0,3,0,8,8,3,4,2,1,3,2,10,8,0,0
26,838,4,0,3,0,8,8,3,4,2,1,3,2,10,8,0,0
26,838,4,0,3,0,8,8,3,4,2,1,3,2,10,8,0,0
26,838,4,0,3,0,8,8,3,4,2,1,3,2,10,8,0,0
26,838,4,0,3,0,8,8,3,4,2,1,3,2,10,8,0,0
26,838,4,0,3,0,8,8,3,4,2,1,3,2,10,8,0,0
26,838,4,0,3,0,8,8,3,4,2,1,3,2,10,8,0,0
26,838,4,0,3,0,8,8,3,4,2,1,2,2,8,8,0,0
26,838,4,0,3,0,8,8,3,4,2,1,2,2,8,8,0,0
26,838,4,0,3,0,8,8,3,4,2,1,2,2,8,8,0,0
26,838,4,0,3,0,8,8,3,4,2,1,2,2,8,8,0,0
26,838,4,0,3,0,8,8,3,4,2,1,2,2,8,8,0,0
26,838,4,0,3,0,8,8,3,4,2,1,2,2,8,8,0,0
26,838,4,0,3,0,8,8,3,4,2,1,2,2,8,8,0,0
26,838,4,0,3,0,8,8,3,4,2,1,2,2,8,8,0,0
26,838,4,0,3,0,8,8,3,4,2,1,2,2,7,8,0,0
27,839,4,0,3,0,8,8,3,4,2,1,2,2,4,8,0,0
27,839,4,0,3,0,8,8,3,4,2,1,2,2,4,8,0,0
27,839,4,0,3,0,8,8,3,4,2,1,2,2,4,8,0,0
27,839,4,0,3,0,8,8,3,4,2,1,2,2,4,8,0,0
27,839,4,0,3,0,8,8,3,4,2,1,2,2,4,8,0,0
27,839,4,0,3,0,8,8,3,4,2,1,2,2,4,8,0,0
27,839,4,0,3,0,8,8,3,4,2,1,3,2,4,8,0,0
27,839,4,0,3,0,8,8,3,4,2,1,3,1,5,8,0,0
27,839,4,0,3,0,8,8,3,4,2,1,3,0,5,8,0,0
27,839,4,0,3,0,8,8,3,4,2,1,3,0,5,8,0,0
27,839,4,0,3,0,8,8,3,4,2,1,3,0,5,8,0,0
27,839,4,0,3,0,8,8,3,4,2,1,3,0,5,8,0,0
27,839,4,0,3,0,8,8,3,4,2,1,3,0,5,8,0,0
27,839,4,0,3,0,8,8,3,4,2,1,3,0,5,8,0,0
27,839,4,0,3,0,8,8,3,4,2,1,3,0,5,8,0,0
27,839,4,0,3,0,8,8,3,4,2,1,2,0,4,8,0,0
27,839,4,0,3,0,8,8,3,4,2,1,2,0,4,8,0,0
27,839,4,0,3,0,8,7,3,4,2,1,2,0,4,7,0,0
27,839,4,0,3,0,8,7,3,4,2,1,2,0,4,7,0,0
27,839,4,0,3,0,8,7,3,4,2,1,2,0,4,7,0,0
27,839,4,0,3,0,8,7,3,4,2,1,2,0,4,7,0,0
27,839,4,0,3,0,8,7,3,4,2,1,2,0,4,7,0,0
27,839,4,0,3,0,8,7,3,4,2,1,2,0,4,7,0,0
27,839,4,0,3,0,8,7,3,4,2,1,2,0,4,7,0,0
0,840,4,0,4,0,9,7,4,4,3,1,3,0,7,7,0,0
0,840,4,0,4,0,9,7,4,4,3,1,3,0,7,7,0,0
0,840,4,0,4,0,9,7,4,4,3,1,3,0,7,7,0,0
0,840,4,0,4,0,9,7,4,4,3,1,3,0,7,7,0,0
0,840,4,0,4,0,9,7,4,4,3,1,3,0,7,7,0,0
0,840,4,0,4,0,9,7,4,4,3,1,3,0,7,7,0,0
0,840,4,0,4,0,9,7,4,4,3,1,3,0,8,7,8,0
0,840,4,0,4,0,10,8,4,4,3,3,4,1,8,8,8,2
0,840,4,0,4,0,10,9,4,4,3,3,4,1,8,8,8,2
0,840,4,0,4,0,10,10,4,4,3,3,4,1,8,8,9,2
0,840,4,0,4,0,10,10,4,4,3,1,4,1,8,8,9,2
0,840,4,0,4,0,10,10,4,4,3,2,4,1,8,8,9,2
0,840,4,0,4,0,10,10,4,4,3,2,4,1,8,8,9,2
0,840,4,0,4,0,10,9,4,4,3,2,4,1,8,8,5,2
0,840,4,0,4,0,10,8,4,4,3,2,4,1,8,8,5,2
0,840,4,0,4,0,10,8,4,4,3,2,4,1,8,8,5,2
0,840,4,0,4,0,9,8,4,4,3,2,3,1,8,8,5,2
0,840,4,0,4,0,9,8,4,4,3,2,3,1,8,8,0,2
0,840,4,0,4,0,9,8,4,4,3,2,3,1,8,8,0,2
0,840,4,0,4,0,9,8,4,4,3,2,3,0,8,8,0,2
0,840,4,0,4,0,9,8,4,4,3,2,3,0,8,8,0,2
0,840,4,0,4,0,9,7,4,4,3,2,3,0,8,8,0,1
0,840,4,0,4,0,9,7,4,4,3,2,3,0,8,8,0,1
0,840,4,0,4,0,9,7,4,4,3,2,3,0,7,8,0,1
1,841,4,0,4,0,9,7,4,4,3,2,3,0,4,8,0,1
1,841,4,0,4,0,9,7,4,4,3,2,3,0,4,8,0,1
1,841,4,0,4,0,9,7,4,4,3,2,3,0,4,8,0,1
1,841,4,0,4,0,9,7,4,4,3,2,3,0,4,8,0,1
1,841,4,0,4,0,9,7,4,4,3,2,3,0,4,8,0,1
1,841,4,0,4,0,9,7,4,4,3,2,3,0,4,8,0,1
1,841,4,0,4,0,9,7,4,4,3,2,3,0,4,8,8,1
1,841,4,0,4,0,10,9,4,4,3,3,4,1,5,8,8,1
1,841,4,0,4,0,10,10,4,4,3,2,4,1,5,8,8,1
1,841,4,0,4,0,10,10,4,4,3,3,4,1,5,8,9,2
1,841,4,0,4,0,10,10,4,4,3,3,4,1,5,8,9,2
1,841,4,0,4,0,10,10,4,4,3,3,4,1,5,8,9,2
1,841,4,0,4,0,10,10,4,4,3,2,4,1,5,8,9,2
1,841,4,0,4,0,10,10,4,4,3,2,4,1,5,8,5,2
1,841,4,0,4,0,10,10,4,4,3,2,4,1,5,8,5,2
1,841,4,0,4,0,10,10,4,4,3,2,4,1,4,8,5,2
1,841,4,0,4,0,9,10,4,4,3,2,3,1,4,8,5,2
1,841,4,0,4,0,9,10,4,4,3,2,3,1,4,8,0,2
1,841,4,0,4,0,9,10,4,4,3,2,3,1,4,8,0,2
1,841,4,0,4,0,9,10,4,4,3,2,3,0,4,8,0,2
1,841,4,0,4,0,9,10,4,4,3,2,3,0,4,8,0,2
1,841,4,0,4,0,9,10,4,4,3,2,3,0,4,8,0,2
1,841,4,0,4,0,9,10,4,4,3,2,3,0,4,8,0,2
1,841,4,0,4,0,9,10,4,4,3,2,3,0,4,8,0,2
2,842,4,0,4,0,9,10,4,4,3,2,3,0,7,8,0,2
2,842,4,0,4,0,9,10,4,4,3,2,3,0,7,8,0,2
2,842,4,0,4,0,9,10,4,4,3,2,3,0,7,8,0,2
2,842,4,0,4,0,9,10,4,4,3,2,3,0,7,8,0,2
2,842,4,0,4,0,9,10,4,4,3,2,3,0,7,8,0,2
2,842,4,0,4,0,9,10,4,4,3,2,3,0,7,8,0,2
2,842,4,0,4,0,9,10,4,4,3,2,3,0,10,10,8,2
2,842,4,0,4,0,10,10,4,4,3,2,4,1,10,10,8,3
2,842,4,0,4,0,10,10,4,4,3,3,4,1,10,10,8,3
2,842,4,0,4,0,10,10,4,4,3,3,4,1,10,10,9,3
2,842,4,0,4,0,10,10,4,4,3,3,4,1,10,10,9,3
2,842,4,0,4,0,10,10,4,4,3,3,4,1,10,9,9,2
2,842,4,0,4,0,10,10,4,4,3,3,4,1,10,8,9,1
2,842,4,0,4,0,10,10,4,4,3,3,4,1,10,8,5,1
2,842,4,0,4,0,10,10,4,4,3,3,4,1,10,8,5,1
2,842,4,0,4,0,10,10,4,4,3,3,4,1,8,8,5,1
2,842,4,0,4,0,9,10,4,4,3,3,3,1,8,7,5,0
2,842,4,0,4,0,9,10,4,4,3,3,3,1,8,7,0,0
2,842,4,0,4,0,9,10,4,4,3,3,3,1,8,7,0,0
2,842,4,0,4,0,9,10,4,4,3,3,3,1,8,7,0,0
2,842,4,0,4,0,9,9,4,4,3,3,3,1,8,7,0,0
2,842,4,0,4,0,9,9,4,4,3,3,3,1,8,7,0,0
2,842,4,0,4,0,9,8,4,4,3,3,3,1,8,7,0,0
2,842,4,0,4,0,9,8,4,4,3,3,3,1,7,7,0,0
3,843,4,0,4,0,9,8,4,4,3,3,3,1,7,7,0,0
3,843,4,0,4,0,9,8,4,4,3,3,3,1,7,7,0,0
3,843,4,0,4,0,9,8,4,4,3,3,3,1,7,7,0,0
3,843,4,0,4,0,9,8,4,4,3,3,3,1,7,7,0,0
3,843,4,0,4,0,9,8,4,4,3,3,3,1,7,7,0,0
3,843,4,0,4,0,9,8,4,4,3,3,3,1,7,7,0,0
3,843,4,0,4,0,9,8,4,4,3,3,3,1,8,7,8,0
3,843,4,0,4,0,10,8,4,3,3,3,4,2,8,8,8,0
3,843,4,0,4,0,10,9,4,3,3,3,4,2,8,8,8,0
3,843,4,0,4,0,10,10,4,3,3,3,4,2,8,8,9,0
3,843,4,0,4,0,10,10,4,3,3,3,4,2,8,8,9,0
3,843,4,0,4,0,10,10,4,3,3,3,4,2,8,8,9,0
3,843,4,0,4,0,10,9,4,3,3,3,4,2,8,8,9,0
3,843,4,0,4,0,10,9,4,3,3,3,4,2,8,8,5,0
3,843,4,0,4,0,10,9,4,3,3,3,4,2,8,8,5,0
3,843,4,0,4,0,10,9,4,3,3,3,4,2,8,8,5,0
3,843,4,0,4,0,9,9,4,3,3,3,3,2,8,8,5,0
3,843,4,0,4,0,9,9,4,3,3,3,3,2,8,8,0,0
3,843,4,0,4,0,9,9,4,3,3,3,3,2,8,8,0,0
3,843,4,0,4,0,9,9,4,3,3,3,3,2,8,8,0,0
3,843,4,0,4,0,9,9,4,3,3,3,3,2,8,8,0,0
3,843,4,0,4,0,9,9,4,3,3,3,3,2,8,8,0,0
3,843,4,0,4,0,9,9,4,3,3,3,3,2,8,8,0,0
3,843,4,0,4,0,9,9,4,3,3,3,3,2,7,8,0,0
4,844,4,0,4,0,9,9,4,3,3,3,3,2,7,8,0,0
4,844,4,0,4,0,9,9,4,3,3,3,3,2,7,8,0,0
4,844,4,0,4,0,9,9,4,3,3,3,3,2,7,8,0,0
4,844,4,0,4,0,9,9,4,3,3,3,3,2,7,8,0,0
4,844,4,0,4,0,9,9,4,3,3,3,3,2,7,8,0,0
4,844,4,0,4,0,9,9,4,3,3,3,3,2,7,8,0,0
4,844,4,0,4,0,9,9,4,3,3,3,3,2,8,8,8,0
4,844,4,0,4,0,10,8,4,4,3,2,4,3,8,8,8,1
4,844,4,0,4,0,10,10,4,4,3,3,4,3,8,8,8,1
4,844,4,0,4,0,10,10,4,4,3,3,4,3,8,8,9,1
4,844,4,0,4,0,10,10,4,4,3,3,4,3,8,8,9,1
4,844,4,0,4,0,10,10,4,4,3,3,4,3,8,7,9,1
4,844,4,0,4,0,10,10,4,4,3,3,4,3,8,8,9,1
4,844,4,0,4,0,10,10,4,4,3,2,4,3,8,8,5,1
4,844,4,0,4,0,10,10,4,4,3,2,4,3,8,8,5,1
4,844,4,0,4,0,10,9,4,4,3,2,4,3,8,8,5,1
4,844,4,0,4,0,9,9,4,4,3,2,3,3,8,8,5,1
4,844,4,0,4,0,9,9,4,4,3,2,3,3,8,8,0,1
4,844,4,0,4,0,9,8,4,4,3,2,3,3,8,7,0,1
4,844,4,0,4,0,9,8,4,3,3,2,3,3,8,7,0,1
4,844,4,0,4,0,9,8,4,3,3,2,3,3,8,6,0,1
4,844,4,0,4,0,9,8,4,3,3,2,3,3,8,6,0,1
4,844,4,0,4,0,9,8,4,3,3,2,3,3,8,6,0,1
4,844,4,0,4,0,9,8,4,3,3,2,3,3,7,6,0,1
5,845,4,0,3,0,8,8,3,3,2,2,2,3,7,6,0,1
5,845,4,0,3,0,8,8,3,3,2,2,2,3,7,6,0,1
5,845,4,0,3,0,8,8,3,3,2,2,2,3,7,6,0,1
5,845,4,0,3,0,8,8,3,3,2,2,2,3,7,6,0,1
5,845,4,0,3,0,8,8,3,3,2,2,2,3,7,6,0,1
5,845,4,0,3,0,8,8,3,3,2,2,2,3,7,6,0,1
5,845,4,0,3,0,8,8,3,3,2,2,3,3,10,6,0,1
5,845,4,0,3,0,8,7,3,2,2,2,3,3,10,6,0,0
5,845,4,0,3,0,8,7,3,2,2,2,3,3,10,6,0,0
5,845,4,0,3,0,8,7,3,2,2,2,3,3,10,6,0,0
5,845,4,0,3,0,8,7,3,2,2,2,3,3,10,6,0,0
5,845,4,0,3,0,8,7,3,2,2,2,3,3,10,5,0,0
5,845,4,0,3,0,8,7,3,2,2,2,3,3,10,5,0,0
5,845,4,0,3,0,8,7,3,2,2,2,3,3,10,5,0,0
5,845,4,0,3,0,8,7,3,2,2,2,3,3,10,5,0,0
5,845,4,0,3,0,8,7,3,2,2,2,2,3,8,5,0,0
5,845,4,0,3,0,8,7,3,2,2,2,2,3,8,5,0,0
5,845,4,0,3,0,8,7,3,2,2,2,2,3,8,5,0,0
5,845,4,0,3,0,8,7,3,2,2,2,2,3,8,5,0,0
5,845,4,0,3,0,8,7,3,2,2,2,2,3,8,5,0,0
5,845,4,0,3,0,8,7,3,2,2,2,2,3,8,5,0,0
5,845,4,0,3,0,8,7,3,2,2,2,2,3,8,5,0,0
5,845,4,0,3,0,8,7,3,2,2,2,2,3,8,5,0,0
5,845,4,0,3,0,8,7,3,2,2,2,2,3,7,5,0,0
6,846,4,0,3,0,8,7,3,2,2,2,2,3,4,5,0,0
6,846,4,0,3,0,8,7,3,2,2,2,2,3,4,5,0,0
6,846,4,0,3,0,8,7,3,2,2,2,2,3,4,5,0,0
6,846,4,0,3,0,8,7,3,2,2,2,2,3,4,5,0,0
6,846,4,0,3,0,8,7,3,2,2,2,2,3,4,5,0,0
6,846,4,0,3,0,8,7,3,2,2,2,2,3,4,5,0,0
6,846,4,0,3,0,8,7,3,2,2,2,3,3,4,5,0,0
6,846,4,0,3,0,8,7,3,2,2,2,3,3,5,5,0,0
6,846,4,0,3,0,8,7,3,2,2,2,3,3,5,5,0,0
6,846,4,0,3,0,8,7,3,2,2,2,3,3,5,5,0,0
6,846,4,0,3,0,8,7,3,2,2,2,3,3,5,5,0,0
6,846,4,0,3,0,8,7,3,2,2,2,3,3,5,5,0,0
6,846,4,0,3,0,8,7,3,2,2,1,3,3,5,5,0,0
6,846,4,0,3,0,8,7,3,2,2,1,3,3,5,5,0,0
6,846,4,0,3,0,8,7,3,2,2,1,3,3,5,5,0,0
6,846,4,0,3,0,8,7,3,2,2,1,2,3,4,5,0,0
6,846,4,0,3,0,8,7,3,2,2,1,2,3,4,5,0,0
6,846,4,0,3,0,8,7,3,2,2,1,2,3,4,4,0,0
6,846,4,0,3,0,8,7,3,2,2,1,2,3,4,4,0,0
6,846,4,0,3,0,8,7,3,2,2,1,2,3,4,4,0,0
6,846,4,0,3,0,8,7,3,2,2,1,2,3,4,4,0,0
6,846,4,0,3,0,8,7,3,2,2,1,2,3,4,4,0,0
6,846,4,0,3,0,8,7,3,2,2,1,2,3,4,4,0,0
6,846,4,0,3,0,8,7,3,2,2,1,2,3,4,4,0,0
7,847,4,0,4,0,9,7,4,2,3,1,3,3,7,4,0,0
7,847,4,0,4,0,9,7,4,2,3,1,3,3,7,4,0,0
7,847,4,0,4,0,9,7,4,2,3,1,3,3,7,4,0,0
7,847,4,0,4,0,9,7,4,2,3,1,3,3,7,4,0,0
7,847,4,0,4,0,9,7,4,2,3,1,3,3,7,4,0,0
7,847,4,0,4,0,9,7,4,2,3,1,3,3,7,4,0,0
7,847,4,0,4,0,9,7,4,2,3,1,3,3,8,4,8,0
7,847,4,0,4,0,10,9,4,4,3,2,4,3,8,6,8,1
7,847,4,0,4,0,10,9,4,4,3,3,4,2,8,7,8,1
7,847,4,0,4,0,10,9,4,4,3,3,4,2,8,8,9,1
7,847,4,0,4,0,10,10,4,4,3,3,4,2,8,8,9,1
7,847,4,0,4,0,10,10,4,4,3,3,4,2,8,8,9,1
7,847,4,0,4,0,10,10,4,4,3,3,4,2,8,8,9,1
7,847,4,0,4,0,10,9,4,4,3,3,4,2,8,7,5,1
7,847,4,0,4,0,10,9,4,4,3,3,4,2,8,7,5,1
7,847,4,0,4,0,10,9,4,4,3,3,4,2,8,7,5,1
7,847,4,0,4,0,9,9,4,4,3,2,3,2,8,6,5,1
7,847,4,0,4,0,9,9,4,4,3,2,3,2,8,6,0,1
7,847,4,0,4,0,9,8,4,4,3,2,3,2,8,6,0,1
7,847,4,0,4,0,9,8,4,4,3,2,3,2,8,6,0,1
7,847,4,0,4,0,9,8,4,4,3,2,3,2,8,6,0,1
7,847,4,0,4,0,9,8,4,4,3,2,3,2,8,6,0,1
7,847,4,0,4,0,9,8,4,4,3,2,3,2,8,6,0,1
7,847,4,0,4,0,9,8,4,4,3,2,3,2,7,6,0,1
8,848,4,0,4,0,9,8,4,4,3,2,3,2,4,6,0,1
8,848,4,0,4,0,9,8,4,4,3,2,3,2,4,6,0,1
8,848,4,0,4,0,9,8,4,4,3,2,3,2,4,6,0,1
8,848,4,0,4,0,9,8,4,4,3,2,3,2,4,6,0,1
8,848,4,0,4,0,9,8,4,4,3,2,3,2,4,6,0,1
8,848,4,0,4,0,9,8,4,4,3,2,3,2,4,6,0,1
8,848,4,0,4,0,9,8,4,4,3,2,3,2,4,6,8,1
8,848,4,0,4,0,10,9,4,4,3,3,4,3,5,5,8,2
8,848,4,0,4,0,10,9,4,4,3,3,4,3,5,5,8,3
8,848,4,0,4,0,10,10,4,4,3,2,4,3,5,5,9,3
8,848,4,0,4,0,10,10,4,4,3,3,4,2,5,5,9,3
8,848,4,0,4,0,10,10,4,4,3,3,4,2,5,6,9,3
8,848,4,0,4,0,10,10,4,4,3,3,4,2,5,6,9,3
8,848,4,0,4,0,10,10,4,4,3,2,4,2,5,6,5,3
8,848,4,0,4,0,10,9,4,4,3,2,4,2,5,6,5,3
8,848,4,0,4,0,10,9,4,4,3,2,4,2,4,5,5,2
8,848,4,0,4,0,9,9,4,3,3,2,3,2,4,5,5,2
8,848,4,0,4,0,9,9,4,3,3,2,3,2,4,5,0,2
8,848,4,0,4,0,9,9,4,3,3,2,3,2,4,5,0,2
8,848,4,0,4,0,9,9,4,3,3,2,3,2,4,5,0,2
8,848,4,0,4,0,9,9,4,3,3,2,3,2,4,5,0,2
8,848,4,0,4,0,9,9,4,3,3,2,3,1,4,5,0,2
8,848,4,0,4,0,9,9,4,3,3,2,3,1,4,5,0,2
8,848,4,0,4,0,9,9,4,3,3,2,3,1,4,5,0,1
9,849,4,0,4,0,9,9,4,3,3,2,3,1,7,5,0,1
9,849,4,0,4,0,9,9,4,3,3,2,3,1,7,5,0,1
9,849,4,0,4,0,9,9,4,3,3,2,3,1,7,5,0,1
9,849,4,0,4,0,9,9,4,3,3,2,3,1,7,5,0,1
9,849,4,0,4,0,9,9,4,3,3,2,3,1,7,5,0,1
9,849,4,0,4,0,9,9,4,3,3,2,3,1,7,5,0,1
9,849,4,0,4,0,9,9,4,3,3,2,3,1,10,5,8,1
9,849,4,0,4,0,10,9,4,4,3,0,4,2,10,10,8,1
9,849,4,0,4,0,10,10,4,3,3,0,4,2,10,10,8,2
9,849,4,0,4,0,10,10,4,4,3,0,4,2,10,10,9,2
9,849,4,0,4,0,10,10,4,4,3,1,4,2,10,11,9,3
9,849,4,0,4,0,10,10,4,4,3,1,4,2,10,10,9,3
9,849,4,0,4,0,10,10,4,4,3,1,4,2,10,10,9,3
9,849,4,0,4,0,10,8,4,4,3,1,4,2,10,10,5,3
9,849,4,0,4,0,10,8,4,4,3,1,4,2,10,10,5,2
9,849,4,0,4,0,10,8,4,4,3,1,4,2,8,9,5,2
9,849,4,0,4,0,9,8,4,4,3,1,3,2,8,9,5,2
9,849,4,0,4,0,9,8,4,4,3,1,3,2,8,9,0,1
9,849,4,0,4,0,9,8,4,4,3,1,3,2,8,8,0,0
9,849,4,0,4,0,9,8,4,4,3,1,3,2,8,8,0,0
9,849,4,0,4,0,9,8,4,4,3,1,3,2,8,7,0,0
9,849,4,0,4,0,9,8,4,4,3,1,3,2,8,7,0,0
9,849,4,0,4,0,9,8,4,3,3,1,3,2,8,7,0,0
9,849,4,0,4,0,9,8,4,3,3,1,3,2,7,7,0,0
10,850,4,0,4,0,9,8,4,3,3,1,3,2,7,7,0,0
10,850,4,0,4,0,9,8,4,3,3,1,3,2,7,7,0,0
10,850,4,0,4,0,9,8,4,3,3,1,3,2,7,7,0,0
10,850,4,0,4,0,9,8,4,3,3,1,3,2,7,7,0,0
10,850,4,0,4,0,9,8,4,3,3,1,3,2,7,7,0,0
10,850,4,0,4,0,9,8,4,3,3,1,3,2,7,7,0,0
10,850,4,0,4,0,9,8,4,3,3,1,3,2,8,7,8,0
10,850,4,0,4,0,10,9,4,4,3,1,4,3,8,8,8,0
10,850,4,0,4,0,10,10,4,4,3,1,4,3,8,8,8,0
10,850,4,0,4,0,10,10,4,3,3,1,4,3,8,8,9,0
10,850,4,0,4,0,10,10,4,3,3,1,4,3,8,8,9,0
10,850,4,0,4,0,10,10,4,3,3,1,4,3,8,8,9,0
10,850,4,0,4,0,10,10,4,3,3,1,4,3,8,7,9,0
10,850,4,0,4,0,10,10,4,3,3,1,4,3,8,8,5,0
10,850,4,0,4,0,10,10,4,3,3,1,4,3,8,8,5,0
10,850,4,0,4,0,10,10,4,3,3,1,4,3,8,8,5,0
10,850,4,0,4,0,9,9,4,3,3,1,3,3,8,8,5,0
10,850,4,0,4,0,9,9,4,3,3,1,3,3,8,7,0,0
10,850,4,0,4,0,9,9,4,3,3,1,3,3,8,7,0,0
10,850,4,0,4,0,9,9,4,3,3,1,3,3,8,7,0,0
10,850,4,0,4,0,9,9,4,3,3,1,3,3,8,7,0,0
10,850,4,0,4,0,9,9,4,3,3,1,3,3,8,7,0,0
10,850,4,0,4,0,9,9,4,3,3,1,3,3,8,7,0,0
10,850,4,0,4,0,9,9,4,3,3,1,3,3,7,7,0,0
11,851,4,0,4,0,9,9,4,3,3,1,3,3,7,7,0,0
11,851,4,0,4,0,9,9,4,3,3,1,3,3,7,7,0,0
11,851,4,0,4,0,9,9,4,3,3,1,3,3,7,7,0,0
11,851,4,0,4,0,9,9,4,3,3,1,3,3,7,7,0,0
11,851,4,0,4,0,9,9,4,3,3,1,3,3,7,7,0,0
11,851,4,0,4,0,9,9,4,3,3,1,3,3,7,7,0,0
11,851,4,0,4,0,9,9,4,3,3,1,3,3,8,7,8,0
11,851,4,0,4,0,10,10,4,3,3,3,4,3,8,8,8,0
11,851,4,0,4,0,10,10,4,4,3,3,4,2,8,8,8,1
11,851,4,0,4,0,10,10,4,4,3,3,4,2,8,8,9,1
11,851,4,0,4,0,10,10,4,4,3,3,4,2,8,8,9,1
11,851,4,0,4,0,10,10,4,4,3,3,4,2,8,8,9,1
11,851,4,0,4,0,10,10,4,4,3,3,4,2,8,8,9,1
11,851,4,0,4,0,10,10,4,4,3,3,4,2,8,9,5,1
11,851,4,0,4,0,10,10,4,3,3,3,4,2,8,9,5,1
11,851,4,0,4,0,10,10,4,3,3,3,4,2,8,8,5,1
11,851,4,0,4,0,9,10,4,3,3,3,3,2,8,7,5,0
11,851,4,0,4,0,9,10,4,3,3,3,3,2,8,7,0,0
11,851,4,0,4,0,9,9,4,3,3,3,3,2,8,6,0,0
11,851,4,0,4,0,9,9,4,3,3,3,3,2,8,6,0,0
11,851,4,0,4,0,9,9,4,3,3,3,3,2,8,6,0,0
11,851,4,0,4,0,9,9,4,3,3,3,3,2,8,6,0,0
11,851,4,0,4,0,9,9,4,3,3,3,3,2,8,6,0,0
11,851,4,0,4,0,9,9,4,3,3,3,3,2,7,6,0,0
12,852,4,0,3,0,8,9,3,3,2,3,2,2,7,6,0,0
12,852,4,0,3,0,8,9,3,3,2,3,2,2,7,6,0,0
12,852,4,0,3,0,8,9,3,3,2,3,2,2,7,6,0,0
12,852,4,0,3,0,8,9,3,3,2,3,2,2,7,6,0,0
12,852,4,0,3,0,8,9,3,3,2,3,2,2,7,6,0,0
12,852,4,0,3,0,8,9,3,3,2,3,2,2,7,6,0,0
12,852,4,0,3,0,8,9,3,3,2,3,3,2,10,6,0,0
12,852,4,0,3,0,8,9,3,3,2,3,3,2,10,5,0,0
12,852,4,0,3,0,8,9,3,3,2,3,3,2,10,5,0,0
12,852,4,0,3,0,8,9,3,3,2,3,3,2,10,5,0,0
12,852,4,0,3,0,8,9,3,3,2,3,3,2,10,5,0,0
12,852,4,0,3,0,8,9,3,3,2,2,3,2,10,5,0,0
12,852,4,0,3,0,8,9,3,3,2,2,3,2,10,5,0,0
12,852,4,0,3,0,8,9,3,3,2,2,3,1,10,5,0,0
12,852,4,0,3,0,8,9,3,3,2,2,3,1,10,5,0,0
12,852,4,0,3,0,8,9,3,3,2,2,2,1,8,5,0,0
12,852,4,0,3,0,8,9,3,3,2,2,2,1,8,5,0,0
12,852,4,0,3,0,8,9,3,3,2,2,2,1,8,5,0,0
12,852,4,0,3,0,8,9,3,3,2,2,2,1,8,5,0,0
12,852,4,0,3,0,8,9,3,3,2,2,2,1,8,5,0,0
12,852,4,0,3,0,8,9,3,3,2,2,2,1,8,5,0,0
12,852,4,0,3,0,8,9,3,3,2,2,2,0,8,5,0,0
12,852,4,0,3,0,8,9,3,3,2,2,2,0,8,5,0,0
12,852,4,0,3,0,8,9,3,3,2,2,2,0,7,5,0,0
13,853,4,0,3,0,8,9,3,3,2,2,2,0,4,5,0,0
13,853,4,0,3,0,8,9,3,3,2,2,2,0,4,5,0,0
13,853,4,0,3,0,8,9,3,3,2,2,2,0,4,5,0,0
13,853,4,0,3,0,8,9,3,3,2,2,2,0,4,5,0,0
13,853,4,0,3,0,8,9,3,3,2,2,2,0,4,5,0,0
13,853,4,0,3,0,8,9,3,3,2,2,2,0,4,5,0,0
13,853,4,0,3,0,8,9,3,3,2,2,3,0,4,5,0,0
13,853,4,0,3,0,8,9,3,3,2,2,3,0,5,5,0,0
13,853,4,0,3,0,8,9,3,3,2,2,3,0,5,5,0,0
13,853,4,0,3,0,8,9,3,3,2,2,3,0,5,5,0,0
13,853,4,0,3,0,8,8,3,3,2,2,3,0,5,5,0,0
13,853,4,0,3,0,8,8,3,3,2,2,3,0,5,5,0,0
13,853,4,0,3,0,8,8,3,3,2,2,3,0,5,5,0,0
13,853,4,0,3,0,8,8,3,3,2,2,3,0,5,5,0,0
13,853,4,0,3,0,8,8,3,3,2,2,3,0,5,5,0,0
13,853,4,0,3,0,8,8,3,3,2,2,2,0,4,5,0,0
13,853,4,0,3,0,8,8,3,3,2,2,2,0,4,5,0,0
13,853,4,0,3,0,8,8,3,3,2,2,2,0,4,5,0,0
13,853,4,0,3,0,8,8,3,3,2,2,2,0,4,5,0,0
13,853,4,0,3,0,8,8,3,3,2,2,2,0,4,5,0,0
13,853,4,0,3,0,8,8,3,3,2,2,2,0,4,5,0,0
13,853,4,0,3,0,8,7,3,3,2,2,2,0,4,5,0,0
13,853,4,0,3,0,8,7,3,3,2,2,2,0,4,5,0,0
13,853,4,0,3,0,8,7,3,3,2,2,2,0,4,5,0,0
14,854,4,0,4,0,9,7,4,3,3,2,3,0,7,5,0,0
14,854,4,0,4,0,9,7,4,3,3,2,3,0,7,5,0,0
14,854,4,0,4,0,9,7,4,3,3,2,3,0,7,5,0,0
14,854,4,0,4,0,9,7,4,3,3,2,3,0,7,5,0,0
14,854,4,0,4,0,9,7,4,3,3,2,3,0,7,5,0,0
14,854,4,0,4,0,9,7,4,3,3,2,3,0,7,5,0,0
14,854,4,0,4,0,9,7,4,3,3,2,3,0,8,5,8,0
14,854,4,0,4,0,10,9,4,4,3,2,4,1,8,7,8,2
14,854,4,0,4,0,10,10,4,4,3,2,4,1,8,7,8,2
14,854,4,0,4,0,10,10,4,4,3,3,4,1,8,8,9,2
14,854,4,0,4,0,10,10,4,3,3,3,4,1,8,8,9,2
14,854,4,0,4,0,10,9,4,3,3,3,4,1,8,8,9,2
14,854,4,0,4,0,10,9,4,3,3,3,4,1,8,8,9,2
14,854,4,0,4,0,10,10,4,3,3,2,4,1,8,8,5,2
14,854,4,0,4,0,10,10,4,3,3,2,4,1,8,8,5,2
14,854,4,0,4,0,10,10,4,3,3,2,4,1,8,8,5,2
14,854,4,0,4,0,9,10,4,3,3,2,3,1,8,8,5,2
14,854,4,0,4,0,9,10,4,3,3,2,3,1,8,8,0,2
14,854,4,0,4,0,9,10,4,3,3,2,3,1,8,8,0,2
14,854,4,0,4,0,9,10,4,3,3,2,3,1,8,8,0,1
14,854,4,0,4,0,9,10,4,3,3,2,3,1,8,8,0,1
14,854,4,0,4,0,9,10,4,3,3,2,3,1,8,8,0,1
14,854,4,0,4,0,9,8,4,3,3,2,3,1,8,6,0,1
14,854,4,0,4,0,9,8,4,3,3,2,3,1,7,6,0,1
15,855,4,0,4,0,9,8,4,3,3,2,3,1,4,6,0,1
15,855,4,0,4,0,9,8,4,3,3,2,3,1,4,6,0,1
15,855,4,0,4,0,9,8,4,3,3,2,3,1,4,6,0,1
15,855,4,0,4,0,9,8,4,3,3,2,3,1,4,6,0,1
15,855,4,0,4,0,9,8,4,3,3,2,3,1,4,6,0,1
15,855,4,0,4,0,9,8,4,3,3,2,3,1,4,6,0,1
15,855,4,0,4,0,9,8,4,3,3,2,3,1,4,6,8,1
15,855,4,0,4,0,10,9,4,4,3,3,4,2,5,5,8,2
15,855,4,0,4,0,10,10,4,4,3,3,4,2,5,5,8,3
15,855,4,0,4,0,10,10,4,4,3,2,4,2,5,5,9,4
15,855,4,0,4,0,10,10,4,4,3,3,4,2,5,5,9,4
15,855,4,0,4,0,10,10,4,4,3,3,4,2,5,6,9,4
15,855,4,0,4,0,10,10,4,4,3,3,4,2,5,6,9,4
15,855,4,0,4,0,10,10,4,4,3,3,4,2,5,6,5,4
15,855,4,0,4,0,10,10,4,4,3,3,4,2,5,6,5,4
15,855,4,0,4,0,10,10,4,4,3,3,4,2,4,6,5,3
15,855,4,0,4,0,9,10,4,4,3,3,3,2,4,6,5,3
15,855,4,0,4,0,9,9,4,4,3,3,3,2,4,5,0,2
15,855,4,0,4,0,9,9,4,4,3,3,3,2,4,5,0,2
15,855,4,0,4,0,9,9,4,4,3,3,3,2,4,5,0,2
15,855,4,0,4,0,9,9,4,4,3,3,3,2,4,5,0,1
15,855,4,0,4,0,9,9,4,4,3,2,3,2,4,5,0,1
15,855,4,0,4,0,9,9,4,4,3,2,3,2,4,5,0,1
15,855,4,0,4,0,9,9,4,4,3,2,3,2,4,5,0,1
16,856,4,0,4,0,9,9,4,4,3,2,3,2,7,6,0,1
16,856,4,0,4,0,9,9,4,4,3,2,3,2,7,6,0,1
16,856,4,0,4,0,9,9,4,4,3,2,3,2,7,6,0,1
16,856,4,0,4,0,9,9,4,4,3,2,3,2,7,6,0,1
16,856,4,0,4,0,9,9,4,4,3,2,3,2,7,6,0,1
16,856,4,0,4,0,9,9,4,4,3,2,3,2,7,6,0,1
16,856,4,0,4,0,9,9,4,4,3,2,3,2,10,6,8,1
16,856,4,0,4,0,10,10,4,3,3,2,4,3,10,10,8,1
16,856,4,0,4,0,10,10,4,3,3,2,4,3,10,10,8,1
16,856,4,0,4,0,10,10,4,4,3,2,4,3,10,10,9,2
16,856,4,0,4,0,10,10,4,4,3,2,4,3,10,11,9,2
16,856,4,0,4,0,10,10,4,4,3,3,4,3,10,11,9,2
16,856,4,0,4,0,10,10,4,4,3,3,4,3,10,11,9,2
16,856,4,0,4,0,10,10,4,4,3,3,4,3,10,11,5,1
16,856,4,0,4,0,10,10,4,3,3,2,4,3,10,8,5,0
16,856,4,0,4,0,10,10,4,3,3,2,4,3,8,8,5,0
16,856,4,0,4,0,9,10,4,3,3,2,3,3,8,8,5,0
16,856,4,0,4,0,9,10,4,3,3,2,3,3,8,8,0,0
16,856,4,0,4,0,9,10,4,3,3,2,3,3,8,8,0,0
16,856,4,0,4,0,9,10,4,3,3,2,3,2,8,8,0,0
16,856,4,0,4,0,9,10,4,3,3,2,3,2,8,8,0,0
16,856,4,0,4,0,9,10,4,3,3,2,3,2,8,8,0,0
16,856,4,0,4,0,9,10,4,3,3,2,3,2,8,8,0,0
16,856,4,0,4,0,9,10,4,3,3,2,3,2,7,8,0,0
17,857,4,0,4,0,9,10,4,3,3,2,3,2,7,8,0,0
17,857,4,0,4,0,9,10,4,3,3,2,3,2,7,8,0,0
17,857,4,0,4,0,9,10,4,3,3,2,3,2,7,8,0,0
17,857,4,0,4,0,9,10,4,3,3,2,3,2,7,8,0,0
17,857,4,0,4,0,9,10,4,3,3,2,3,2,7,8,0,0
17,857,4,0,4,0,9,10,4,3,3,2,3,2,7,8,0,0
17,857,4,0,4,0,9,10,4,3,3,2,3,2,8,8,8,0
17,857,4,0,4,0,10,8,4,4,3,1,4,3,8,8,8,0
17,857,4,0,4,0,10,10,4,4,3,1,4,3,8,8,8,0
17,857,4,0,4,0,10,10,4,4,3,1,4,3,8,7,9,0
17,857,4,0,4,0,10,10,4,4,3,1,4,3,8,8,9,0
17,857,4,0,4,0,10,10,4,4,3,1,4,3,8,8,9,0
17,857,4,0,4,0,10,10,4,4,3,1,4,3,8,7,9,0
17,857,4,0,4,0,10,10,4,4,3,1,4,3,8,6,5,0
17,857,4,0,4,0,10,10,4,4,3,1,4,3,8,5,5,0
17,857,4,0,4,0,10,10,4,4,3,1,4,3,8,5,5,0
17,857,4,0,4,0,9,10,4,4,3,1,3,2,8,5,5,0
17,857,4,0,4,0,9,10,4,4,3,1,3,2,8,5,0,0
17,857,4,0,4,0,9,10,4,4,3,1,3,2,8,5,0,0
17,857,4,0,4,0,9,10,4,4,3,1,3,2,8,5,0,0
17,857,4,0,4,0,9,10,4,4,3,1,3,2,8,5,0,0
17,857,4,0,4,0,9,10,4,4,3,1,3,2,8,5,0,0
17,857,4,0,4,0,9,10,4,4,3,1,3,2,8,5,0,0
17,857,4,0,4,0,9,10,4,4,3,1,3,2,7,5,0,0
18,858,4,0,4,0,9,10,4,4,3,1,3,2,7,5,0,0
18,858,4,0,4,0,9,10,4,4,3,1,3,2,7,5,0,0
18,858,4,0,4,0,9,10,4,4,3,1,3,2,7,5,0,0
18,858,4,0,4,0,9,10,4,4,3,1,3,2,7,5,0,0
18,858,4,0,4,0,9,10,4,4,3,1,3,2,7,5,0,0
18,858,4,0,4,0,9,10,4,4,3,1,3,2,7,5,0,0
18,858,4,0,4,0,9,10,4,4,3,1,3,2,8,5,8,0
18,858,4,0,4,0,10,10,4,4,3,1,4,3,8,8,8,1
18,858,4,0,4,0,10,10,4,4,3,3,4,3,8,8,8,1
18,858,4,0,4,0,10,10,4,4,3,3,4,3,8,8,9,2
18,858,4,0,4,0,10,10,4,4,3,3,4,3,8,8,9,2
18,858,4,0,4,0,10,10,4,4,3,3,4,3,8,8,9,2
18,858,4,0,4,0,10,10,4,4,3,2,4,3,8,8,9,2
18,858,4,0,4,0,10,10,4,4,3,2,4,3,8,8,5,2
18,858,4,0,4,0,10,10,4,4,3,1,4,3,8,9,5,2
18,858,4,0,4,0,10,10,4,4,3,1,4,3,8,9,5,2
18,858,4,0,4,0,9,10,4,4,3,0,3,3,8,9,5,2
18,858,4,0,4,0,9,10,4,4,3,0,3,3,8,9,0,2
18,858,4,0,4,0,9,10,4,4,3,0,3,3,8,8,0,1
18,858,4,0,4,0,9,10,4,4,3,0,3,3,8,7,0,1
18,858,4,0,4,0,9,10,4,4,3,0,3,3,8,7,0,1
18,858,4,0,4,0,9,10,4,4,3,0,3,3,8,7,0,1
18,858,4,0,4,0,9,9,4,4,3,0,3,3,8,6,0,1
18,858,4,0,4,0,9,9,4,4,3,0,3,3,7,6,0,1
19,859,4,0,3,0,8,9,3,4,2,0,2,3,7,6,0,1
19,859,4,0,3,0,8,9,3,4,2,0,2,3,7,6,0,1
19,859,4,0,3,0,8,9,3,4,2,0,2,3,7,6,0,1
19,859,4,0,3,0,8,9,3,4,2,0,2,3,7,6,0,1
19,859,4,0,3,0,8,9,3,4,2,0,2,3,7,6,0,1
19,859,4,0,3,0,8,9,3,4,2,0,2,3,7,6,0,1
19,859,4,0,3,0,8,9,3,4,2,0,3,3,10,6,0,1
19,859,4,0,3,0,8,8,3,4,2,0,3,3,10,5,0,0
19,859,4,0,3,0,8,8,3,4,2,0,3,3,10,5,0,0
19,859,4,0,3,0,8,8,3,4,2,0,3,3,10,5,0,0
19,859,4,0,3,0,8,8,3,4,2,0,3,3,10,5,0,0
19,859,4,0,3,0,8,8,3,4,2,0,3,3,10,5,0,0
19,859,4,0,3,0,8,8,3,4,2,0,3,3,10,5,0,0
19,859,4,0,3,0,8,8,3,4,2,0,3,3,10,5,0,0
19,859,4,0,3,0,8,8,3,4,2,0,3,3,10,5,0,0
19,859,4,0,3,0,8,8,3,4,2,0,2,3,8,5,0,0
19,859,4,0,3,0,8,8,3,4,2,0,2,3,8,5,0,0
19,859,4,0,3,0,8,8,3,4,2,0,2,3,8,5,0,0
19,859,4,0,3,0,8,8,3,4,2,0,2,3,8,5,0,0
19,859,4,0,3,0,8,8,3,4,2,0,2,3,8,5,0,0
19,859,4,0,3,0,8,8,3,4,2,0,2,3,8,5,0,0
19,859,4,0,3,0,8,7,3,4,2,0,2,3,8,5,0,0
19,859,4,0,3,0,8,7,3,4,2,0,2,3,8,5,0,0
19,859,4,0,3,0,8,7,3,4,2,0,2,3,7,5,0,0
20,860,4,0,3,0,8,7,3,4,2,0,2,3,4,5,0,0
20,860,4,0,3,0,8,7,3,4,2,0,2,3,4,5,0,0
20,860,4,0,3,0,8,7,3,4,2,0,2,3,4,5,0,0
20,860,4,0,3,0,8,7,3,4,2,0,2,3,4,5,0,0
20,860,4,0,3,0,8,7,3,4,2,0,2,3,4,5,0,0
20,860,4,0,3,0,8,7,3,4,2,0,2,3,4,5,0,0
20,860,4,0,3,0,8,7,3,4,2,0,3,3,4,5,0,0
20,860,4,0,3,0,8,7,3,4,2,0,3,2,5,5,0,0
20,860,4,0,3,0,8,7,3,4,2,0,3,2,5,5,0,0
20,860,4,0,3,0,8,7,3,4,2,0,3,2,5,5,0,0
20,860,4,0,3,0,8,7,3,4,2,0,3,2,5,5,0,0
20,860,4,0,3,0,8,7,3,4,2,0,3,2,5,5,0,0
20,860,4,0,3,0,8,7,3,4,2,0,3,2,5,5,0,0
20,860,4,0,3,0,8,7,3,4,2,0,3,2,5,5,0,0
20,860,4,0,3,0,8,7,3,4,2,0,3,2,5,5,0,0
20,860,4,0,3,0,8,6,3,4,2,0,2,2,4,5,0,0
20,860,4,0,3,0,8,6,3,4,2,0,2,2,4,5,0,0
20,860,4,0,3,0,8,5,3,4,2,0,2,2,4,5,0,0
20,860,4,0,3,0,8,5,3,4,2,0,2,2,4,5,0,0
20,860,4,0,3,0,8,5,3,4,2,0,2,2,4,5,0,0
20,860,4,0,3,0,8,5,3,4,2,0,2,2,4,5,0,0
20,860,4,0,3,0,8,5,3,4,2,0,2,2,4,5,0,0
20,860,4,0,3,0,8,5,3,4,2,0,2,2,4,5,0,0
20,860,4,0,3,0,8,5,3,4,2,0,2,2,4,5,0,0
21,861,4,0,4,0,9,5,4,4,3,0,3,2,7,5,0,0
21,861,4,0,4,0,9,5,4,4,3,0,3,2,7,5,0,0
21,861,4,0,4,0,9,5,4,4,3,0,3,2,7,5,0,0
21,861,4,0,4,0,9,5,4,4,3,0,3,2,7,5,0,0
21,861,4,0,4,0,9,5,4,4,3,0,3,2,7,5,0,0
21,861,4,0,4,0,9,5,4,4,3,0,3,2,7,5,0,0
21,861,4,0,4,0,9,5,4,4,3,0,3,2,8,5,8,0
21,861,4,0,4,0,10,8,4,4,3,3,4,3,8,6,8,1
21,861,4,0,4,0,10,9,4,4,3,3,4,3,8,6,8,1
21,861,4,0,4,0,10,9,4,4,3,2,4,3,8,7,9,1
21,861,4,0,4,0,10,9,4,4,3,2,4,3,8,7,9,1
21,861,4,0,4,0,10,9,4,4,3,3,4,3,8,7,9,1
21,861,4,0,4,0,10,9,4,4,3,2,4,3,8,7,9,1
21,861,4,0,4,0,10,8,4,4,3,1,4,3,8,6,5,1
21,861,4,0,4,0,10,8,4,4,3,1,4,3,8,6,5,1
21,861,4,0,4,0,10,8,4,4,3,1,4,3,8,6,5,1
21,861,4,0,4,0,9,8,4,4,3,1,3,3,8,6,5,1
21,861,4,0,4,0,9,8,4,4,3,1,3,2,8,6,0,1
21,861,4,0,4,0,9,8,4,4,3,1,3,2,8,6,0,1
21,861,4,0,4,0,9,8,4,4,3,1,3,2,8,6,0,1
21,861,4,0,4,0,9,8,4,4,3,1,3,2,8,6,0,1
21,861,4,0,4,0,9,8,4,4,3,1,3,2,8,6,0,1
21,861,4,0,4,0,9,8,4,4,3,1,3,2,8,6,0,1
21,861,4,0,4,0,9,8,4,4,3,1,3,2,7,6,0,1
22,862,4,0,4,0,9,8,4,4,3,1,3,2,4,6,0,1
22,862,4,0,4,0,9,8,4,4,3,1,3,2,4,6,0,1
22,862,4,0,4,0,9,8,4,4,3,1,3,2,4,6,0,1
22,862,4,0,4,0,9,8,4,4,3,1,3,2,4,6,0,1
22,862,4,0,4,0,9,8,4,4,3,1,3,2,4,6,0,1
22,862,4,0,4,0,9,8,4,4,3,1,3,2,4,6,0,1
22,862,4,0,4,0,9,8,4,4,3,1,3,2,4,6,8,1
22,862,4,0,4,0,10,9,4,4,3,3,4,3,5,6,8,6
22,862,4,0,4,0,10,10,4,4,3,3,4,3,5,6,8,6
22,862,4,0,4,0,10,10,4,4,3,3,4,2,5,6,9,7
22,862,4,0,4,0,10,10,4,4,3,2,4,2,5,6,9,8
22,862,4,0,4,0,10,9,4,4,3,2,4,2,5,6,9,8
22,862,4,0,4,0,10,10,4,4,3,2,4,2,5,6,9,8
22,862,4,0,4,0,10,10,4,4,3,2,4,2,5,6,5,8
22,862,4,0,4,0,10,10,4,4,3,2,4,2,5,6,5,8
22,862,4,0,4,0,10,10,4,4,3,2,4,2,4,6,5,5
22,862,4,0,4,0,9,9,4,4,3,2,3,2,4,6,5,4
22,862,4,0,4,0,9,9,4,4,3,2,3,2,4,6,0,4
22,862,4,0,4,0,9,9,4,4,3,2,3,2,4,6,0,4
22,862,4,0,4,0,9,9,4,4,3,2,3,2,4,6,0,4
22,862,4,0,4,0,9,9,4,4,3,1,3,2,4,6,0,4
22,862,4,0,4,0,9,8,4,4,3,1,3,2,4,6,0,4
22,862,4,0,4,0,9,8,4,4,3,1,3,2,4,6,0,3
22,862,4,0,4,0,9,8,4,4,3,1,3,2,4,6,0,3
23,863,4,0,4,0,9,8,4,4,3,1,3,2,7,7,0,3
23,863,4,0,4,0,9,8,4,4,3,1,3,2,7,7,0,3
23,863,4,0,4,0,9,8,4,4,3,1,3,2,7,7,0,3
23,863,4,0,4,0,9,8,4,4,3,1,3,2,7,7,0,3
23,863,4,0,4,0,9,8,4,4,3,1,3,2,7,7,0,3
23,863,4,0,4,0,9,8,4,4,3,1,3,2,7,7,0,3
23,863,4,0,4,0,9,8,4,4,3,1,3,2,10,9,8,3
23,863,4,0,4,0,10,9,4,4,3,1,4,3,10,10,8,3
23,863,4,0,4,0,10,10,4,4,3,1,4,3,10,9,8,2
23,863,4,0,4,0,10,10,4,4,3,2,4,3,10,10,9,2
23,863,4,0,4,0,10,10,4,4,3,3,4,3,10,10,9,2
23,863,4,0,4,0,10,10,4,4,3,3,4,3,10,9,9,1
23,863,4,0,4,0,10,10,4,4,3,3,4,3,10,10,9,1
23,863,4,0,4,0,10,9,4,4,3,3,4,3,10,10,5,1
23,863,4,0,4,0,10,9,4,4,3,2,4,3,10,10,5,1
23,863,4,0,4,0,10,9,4,4,3,2,4,3,8,9,5,0
23,863,4,0,4,0,9,9,4,4,3,2,3,3,8,9,5,0
23,863,4,0,4,0,9,9,4,4,3,2,3,3,8,9,0,0
23,863,4,0,4,0,9,9,4,4,3,2,3,3,8,9,0,0
23,863,4,0,4,0,9,9,4,4,3,2,3,3,8,9,0,0
23,863,4,0,4,0,9,9,4,4,3,2,3,3,8,9,0,0
23,863,4,0,4,0,9,9,4,4,3,2,3,3,8,9,0,0
23,863,4,0,4,0,9,9,4,4,3,2,3,3,8,9,0,0
23,863,4,0,4,0,9,9,4,4,3,2,3,3,7,9,0,0
24,864,4,0,4,0,9,9,4,4,3,2,3,3,7,9,0,0
24,864,4,0,4,0,9,9,4,4,3,2,3,3,7,9,0,0
24,864,4,0,4,0,9,9,4,4,3,2,3,3,7,9,0,0
24,864,4,0,4,0,9,9,4,4,3,2,3,3,7,9,0,0
24,864,4,0,4,0,9,9,4,4,3,2,3,3,7,9,0,0
24,864,4,0,4,0,9,9,4,4,3,2,3,3,7,9,0,0
24,864,4,0,4,0,9,9,4,4,3,2,3,3,8,9,8,0
24,864,4,0,4,0,10,8,4,4,3,2,4,3,8,9,8,0
24,864,4,0,4,0,10,10,4,4,3,2,4,3,8,9,8,0
24,864,4,0,4,0,10,10,4,4,3,1,4,3,8,9,9,0
24,864,4,0,4,0,10,10,4,4,3,1,4,3,8,9,9,0
24,864,4,0,4,0,10,10,4,4,3,1,4,3,8,8,9,0
24,864,4,0,4,0,10,10,4,4,3,1,4,3,8,8,9,0
24,864,4,0,4,0,10,10,4,4,3,1,4,3,8,8,5,0
24,864,4,0,4,0,10,10,4,4,3,1,4,3,8,8,5,0
24,864,4,0,4,0,10,10,4,4,3,1,4,3,8,8,5,0
24,864,4,0,4,0,9,10,4,4,3,1,3,3,8,8,5,0
24,864,4,0,4,0,9,10,4,4,3,1,3,3,8,8,0,0
24,864,4,0,4,0,9,10,4,4,3,1,3,3,8,8,0,0
24,864,4,0,4,0,9,10,4,4,3,1,3,3,8,8,0,0
24,864,4,0,4,0,9,10,4,4,3,1,3,3,8,8,0,0
24,864,4,0,4,0,9,10,4,4,3,1,3,3,8,8,0,0
24,864,4,0,4,0,9,10,4,4,3,1,3,3,8,8,0,0
24,864,4,0,4,0,9,10,4,4,3,1,3,3,7,8,0,0
25,865,4,0,4,0,9,10,4,4,3,1,3,3,7,8,0,0
25,865,4,0,4,0,9,10,4,4,3,1,3,3,7,8,0,0
25,865,4,0,4,0,9,10,4,4,3,1,3,3,7,8,0,0
25,865,4,0,4,0,9,10,4,4,3,1,3,3,7,8,0,0
25,865,4,0,4,0,9,10,4,4,3,1,3,3,7,8,0,0
25,865,4,0,4,0,9,10,4,4,3,1,3,3,7,8,0,0
25,865,4,0,4,0,9,10,4,4,3,1,3,3,8,8,8,0
25,865,4,0,4,0,10,10,4,3,3,2,4,4,8,8,8,1
25,865,4,0,4,0,10,10,4,4,3,3,4,4,8,8,8,1
25,865,4,0,4,0,10,10,4,4,3,2,4,4,8,8,9,2
25,865,4,0,4,0,10,10,4,4,3,3,4,4,8,8,9,3
25,865,4,0,4,0,10,10,4,4,3,3,4,4,8,8,9,4
25,865,4,0,4,0,10,10,4,4,3,3,4,4,8,9,9,4
25,865,4,0,4,0,10,10,4,3,3,3,4,4,8,9,5,4
25,865,4,0,4,0,10,10,4,2,3,3,4,4,8,9,5,4
25,865,4,0,4,0,10,10,4,2,3,3,4,4,8,9,5,2
25,865,4,0,4,0,9,10,4,2,3,3,3,4,8,8,5,1
25,865,4,0,4,0,9,10,4,2,3,3,3,4,8,8,0,1
25,865,4,0,4,0,9,10,4,2,3,3,3,4,8,8,0,1
25,865,4,0,4,0,9,10,4,2,3,3,3,4,8,8,0,1
25,865,4,0,4,0,9,10,4,2,3,3,3,4,8,8,0,1
25,865,4,0,4,0,9,10,4,2,3,3,3,4,8,8,0,1
25,865,4,0,4,0,9,10,4,2,3,3,3,4,8,8,0,1
25,865,4,0,4,0,9,10,4,2,3,3,3,4,7,8,0,1
26,866,4,0,3,0,8,10,3,2,2,3,2,4,7,8,0,1
26,866,4,0,3,0,8,10,3,2,2,3,2,4,7,8,0,1
26,866,4,0,3,0,8,10,3,2,2,3,2,4,7,8,0,1
26,866,4,0,3,0,8,10,3,2,2,3,2,4,7,8,0,1
26,866,4,0,3,0,8,10,3,2,2,3,2,4,7,8,0,1
26,866,4,0,3,0,8,10,3,2,2,3,2,4,7,8,0,1
26,866,4,0,3,0,8,10,3,2,2,3,3,4,10,8,0,1
26,866,4,0,3,0,8,10,3,2,2,2,3,4,10,8,0,1
26,866,4,0,3,0,8,10,3,2,2,2,3,4,10,8,0,1
26,866,4,0,3,0,8,10,3,2,2,2,3,4,10,8,0,1
26,866,4,0,3,0,8,10,3,2,2,2,3,4,10,8,0,1
26,866,4,0,3,0,8,10,3,2,2,2,3,4,10,8,0,1
26,866,4,0,3,0,8,10,3,2,2,2,3,3,10,8,0,1
26,866,4,0,3,0,8,10,3,2,2,2,3,3,10,8,0,1
26,866,4,0,3,0,8,10,3,2,2,2,3,3,10,8,0,0
26,866,4,0,3,0,8,10,3,2,2,2,2,3,8,8,0,0
26,866,4,0,3,0,8,10,3,2,2,2,2,3,8,8,0,0
26,866,4,0,3,0,8,9,3,2,2,2,2,3,8,7,0,0
26,866,4,0,3,0,8,9,3,2,2,2,2,3,8,7,0,0
26,866,4,0,3,0,8,9,3,2,2,2,2,2,8,7,0,0
26,866,4,0,3,0,8,9,3,2,2,2,2,2,8,7,0,0
26,866,4,0,3,0,8,9,3,2,2,2,2,2,8,7,0,0
26,866,4,0,3,0,8,9,3,2,2,1,2,2,8,7,0,0
26,866,4,0,3,0,8,9,3,2,2,1,2,2,7,7,0,0
27,867,4,0,3,0,8,9,3,2,2,1,2,2,4,7,0,0
27,867,4,0,3,0,8,9,3,2,2,1,2,2,4,7,0,0
27,867,4,0,3,0,8,9,3,2,2,1,2,2,4,7,0,0
27,867,4,0,3,0,8,9,3,2,2,1,2,2,4,7,0,0
27,867,4,0,3,0,8,9,3,2,2,1,2,2,4,7,0,0
27,867,4,0,3,0,8,9,3,2,2,1,2,2,4,7,0,0
27,867,4,0,3,0,8,9,3,2,2,1,3,2,4,7,0,0
27,867,4,0,3,0,8,8,3,2,2,1,3,2,5,7,0,0
27,867,4,0,3,0,8,8,3,2,2,1,3,2,5,7,0,0
27,867,4,0,3,0,8,8,3,2,2,1,3,2,5,7,0,0
27,867,4,0,3,0,8,7,3,2,2,1,3,2,5,7,0,0
27,867,4,0,3,0,8,7,3,2,2,1,3,2,5,7,0,0
27,867,4,0,3,0,8,7,3,2,2,1,3,2,5,7,0,0
27,867,4,0,3,0,8,6,3,2,2,1,3,2,5,6,0,0
27,867,4,0,3,0,8,6,3,2,2,1,3,2,5,6,0,0
27,867,4,0,3,0,8,6,3,2,2,1,2,2,4,6,0,0
27,867,4,0,3,0,8,6,3,2,2,1,2,1,4,6,0,0
27,867,4,0,3,0,8,5,3,2,2,1,2,1,4,6,0,0
27,867,4,0,3,0,8,5,3,2,2,1,2,1,4,6,0,0
27,867,4,0,3,0,8,5,3,2,2,1,2,1,4,6,0,0
27,867,4,0,3,0,8,5,3,2,2,1,2,1,4,6,0,0
27,867,4,0,3,0,8,5,3,2,2,0,2,1,4,6,0,0
27,867,4,0,3,0,8,5,3,2,2,0,2,1,4,6,0,0
27,867,4,0,3,0,8,5,3,2,2,0,2,1,4,6,0,0
0,868,4,0,4,0,9,5,4,2,3,0,3,1,7,6,0,0
0,868,4,0,4,0,9,5,4,2,3,0,3,1,7,6,0,0
0,868,4,0,4,0,9,5,4,2,3,0,3,1,7,6,0,0
0,868,4,0,4,0,9,5,4,2,3,0,3,1,7,6,0,0
0,868,4,0,4,0,9,5,4,2,3,0,3,1,7,6,0,0
0,868,4,0,4,0,9,5,4,2,3,0,3,1,7,6,0,0
0,868,4,0,4,0,9,5,4,2,3,0,3,1,8,6,8,0
0,868,4,0,4,0,10,8,4,4,3,0,4,2,8,7,8,2
0,868,4,0,4,0,10,9,4,4,3,1,4,2,8,7,8,2
0,868,4,0,4,0,10,10,4,4,3,1,4,2,8,8,9,2
0,868,4,0,4,0,10,10,4,4,3,1,4,2,8,8,9,2
0,868,4,0,4,0,10,10,4,4,3,2,4,2,8,8,9,2
0,868,4,0,4,0,10,10,4,4,3,2,4,2,8,8,9,2
0,868,4,0,4,0,10,10,4,4,3,2,4,2,8,8,5,2
0,868,4,0,4,0,10,9,4,4,3,1,4,2,8,8,5,2
0,868,4,0,4,0,10,8,4,4,3,1,4,2,8,7,5,1
0,868,4,0,4,0,9,8,4,3,3,1,3,2,8,7,5,1
0,868,4,0,4,0,9,8,4,3,3,1,3,2,8,7,0,1
0,868,4,0,4,0,9,8,4,3,3,1,3,2,8,7,0,1
0,868,4,0,4,0,9,8,4,3,3,1,3,1,8,7,0,1
0,868,4,0,4,0,9,8,4,3,3,1,3,1,8,7,0,1
0,868,4,0,4,0,9,8,4,3,3,1,3,1,8,7,0,1
0,868,4,0,4,0,9,8,4,3,3,1,3,1,8,7,0,1
0,868,4,0,4,0,9,8,4,3,3,1,3,1,7,7,0,1
1,869,4,0,4,0,9,8,4,3,3,1,3,1,4,7,0,1
1,869,4,0,4,0,9,8,4,3,3,1,3,1,4,7,0,1
1,869,4,0,4,0,9,8,4,3,3,1,3,1,4,7,0,1
1,869,4,0,4,0,9,8,4,3,3,1,3,1,4,7,0,1
1,869,4,0,4,0,9,8,4,3,3,1,3,1,4,7,0,1
1,869,4,0,4,0,9,8,4,3,3,1,3,1,4,7,0,1
1,869,4,0,4,0,9,8,4,3,3,1,3,1,4,7,8,1
1,869,4,0,4,0,10,9,4,3,3,3,4,2,5,7,8,1
1,869,4,0,4,0,10,10,4,4,3,3,4,2,5,7,8,1
1,869,4,0,4,0,10,10,4,4,3,2,4,2,5,7,9,2
1,869,4,0,4,0,10,9,4,4,3,3,4,2,5,7,9,2
1,869,4,0,4,0,10,10,4,4,3,3,4,2,5,7,9,2
1,869,4,0,4,0,10,10,4,4,3,3,4,2,5,7,9,2
1,869,4,0,4,0,10,9,4,4,3,2,4,2,5,7,5,2
1,869,4,0,4,0,10,9,4,4,3,2,4,2,5,7,5,2
1,869,4,0,4,0,10,10,4,4,3,2,4,2,4,7,5,2
1,869,4,0,4,0,9,9,4,4,3,2,3,2,4,7,5,1
1,869,4,0,4,0,9,9,4,4,3,2,3,2,4,7,0,1
1,869,4,0,4,0,9,9,4,4,3,2,3,2,4,7,0,1
1,869,4,0,4,0,9,9,4,4,3,2,3,2,4,7,0,1
1,869,4,0,4,0,9,9,4,4,3,2,3,2,4,7,0,1
1,869,4,0,4,0,9,8,4,4,3,2,3,1,4,7,0,1
1,869,4,0,4,0,9,7,4,4,3,2,3,1,4,7,0,1
1,869,4,0,4,0,9,7,4,4,3,2,3,1,4,7,0,1
2,870,4,0,4,0,9,7,4,4,3,2,3,1,7,7,0,1
2,870,4,0,4,0,9,7,4,4,3,2,3,1,7,7,0,1
2,870,4,0,4,0,9,7,4,4,3,2,3,1,7,7,0,1
2,870,4,0,4,0,9,7,4,4,3,2,3,1,7,7,0,1
2,870,4,0,4,0,9,7,4,4,3,2,3,1,7,7,0,1
2,870,4,0,4,0,9,7,4,4,3,2,3,1,7,7,0,1
2,870,4,0,4,0,9,7,4,4,3,2,3,1,10,8,8,1
2,870,4,0,4,0,10,10,4,4,3,3,4,1,10,10,8,2
2,870,4,0,4,0,10,10,4,4,3,3,4,1,10,10,8,2
2,870,4,0,4,0,10,10,4,4,3,3,4,1,10,11,9,2
2,870,4,0,4,0,10,10,4,4,3,3,4,1,10,10,9,1
2,870,4,0,4,0,10,10,4,4,3,3,4,1,10,10,9,1
2,870,4,0,4,0,10,10,4,4,3,3,4,1,10,9,9,0
2,870,4,0,4,0,10,10,4,4,3,3,4,1,10,9,5,0
2,870,4,0,4,0,10,10,4,4,3,3,4,1,10,8,5,0
2,870,4,0,4,0,10,10,4,4,3,3,4,1,8,8,5,0
2,870,4,0,4,0,9,10,4,4,3,3,3,1,8,8,5,0
2,870,4,0,4,0,9,10,4,4,3,3,3,1,8,8,0,0
2,870,4,0,4,0,9,10,4,4,3,3,3,1,8,8,0,0
2,870,4,0,4,0,9,10,4,4,3,3,3,1,8,8,0,0
2,870,4,0,4,0,9,10,4,4,3,3,3,1,8,8,0,0
2,870,4,0,4,0,9,10,4,4,3,3,3,1,8,8,0,0
2,870,4,0,4,0,9,10,4,4,3,3,3,1,8,8,0,0
2,870,4,0,4,0,9,10,4,4,3,3,3,1,7,8,0,0
3,871,4,0,4,0,9,10,4,4,3,3,3,1,7,8,0,0
3,871,4,0,4,0,9,10,4,4,3,3,3,1,7,8,0,0
3,871,4,0,4,0,9,10,4,4,3,3,3,1,7,8,0,0
3,871,4,0,4,0,9,10,4,4,3,3,3,1,7,8,0,0
3,871,4,0,4,0,9,10,4,4,3,3,3,1,7,8,0,0
3,871,4,0,4,0,9,10,4,4,3,3,3,1,7,8,0,0
3,871,4,0,4,0,9,10,4,4,3,3,3,1,8,8,8,0
3,871,4,0,4,0,10,9,4,4,3,3,4,2,8,8,8,0
3,871,4,0,4,0,10,10,4,4,3,3,4,2,8,8,8,0
3,871,4,0,4,0,10,10,4,4,3,3,4,2,8,8,9,0
3,871,4,0,4,0,10,10,4,4,3,3,4,2,8,8,9,0
3,871,4,0,4,0,10,10,4,4,3,3,4,2,8,8,9,0
3,871,4,0,4,0,10,10,4,4,3,3,4,2,8,8,9,0
3,871,4,0,4,0,10,10,4,4,3,3,4,2,8,8,5,0
3,871,4,0,4,0,10,10,4,4,3,3,4,2,8,8,5,0
3,871,4,0,4,0,10,10,4,4,3,3,4,2,8,8,5,0
3,871,4,0,4,0,9,10,4,4,3,3,3,2,8,8,5,0
3,871,4,0,4,0,9,10,4,4,3,3,3,2,8,7,0,0
3,871,4,0,4,0,9,9,4,4,3,3,3,2,8,6,0,0
3,871,4,0,4,0,9,9,4,4,3,3,3,2,8,6,0,0
3,871,4,0,4,0,9,9,4,4,3,3,3,2,8,6,0,0
3,871,4,0,4,0,9,9,4,4,3,3,3,2,8,6,0,0
3,871,4,0,4,0,9,9,4,4,3,3,3,2,8,6,0,0
3,871,4,0,4,0,9,9,4,4,3,3,3,2,7,6,0,0
4,872,4,0,4,0,9,9,4,4,3,3,3,2,7,6,0,0
4,872,4,0,4,0,9,9,4,4,3,3,3,2,7,6,0,0
4,872,4,0,4,0,9,9,4,4,3,3,3,2,7,6,0,0
4,872,4,0,4,0,9,9,4,4,3,3,3,2,7,6,0,0
4,872,4,0,4,0,9,9,4,4,3,3,3,2,7,6,0,0
4,872,4,0,4,0,9,9,4,4,3,3,3,2,7,6,0,0
4,872,4,0,4,0,9,9,4,4,3,3,3,2,8,6,8,0
4,872,4,0,4,0,10,9,4,4,3,3,4,3,8,8,8,1
4,872,4,0,4,0,10,10,4,4,3,3,4,3,8,8,8,1
4,872,4,0,4,0,10,10,4,4,3,3,4,3,8,8,9,1
4,872,4,0,4,0,10,10,4,4,3,2,4,3,8,8,9,1
4,872,4,0,4,0,10,10,4,4,3,3,4,3,8,8,9,1
4,872,4,0,4,0,10,10,4,4,3,3,4,3,8,8,9,1
4,872,4,0,4,0,10,9,4,4,3,3,4,3,8,8,5,1
4,872,4,0,4,0,10,9,4,4,3,2,4,3,8,8,5,1
4,872,4,0,4,0,10,9,4,4,3,2,4,3,8,8,5,1
4,872,4,0,4,0,9,8,4,4,3,2,3,3,8,8,5,1
4,872,4,0,4,0,9,8,4,4,3,2,3,3,8,8,0,1
4,872,4,0,4,0,9,8,4,4,3,2,3,3,8,8,0,1
4,872,4,0,4,0,9,8,4,4,3,2,3,3,8,8,0,1
4,872,4,0,4,0,9,8,4,4,3,2,3,3,8,8,0,1
4,872,4,0,4,0,9,7,4,4,3,2,3,3,8,8,0,1
4,872,4,0,4,0,9,7,4,4,3,2,3,3,8,8,0,0
4,872,4,0,4,0,9,7,4,4,3,2,3,3,7,8,0,0
5,873,4,0,3,0,8,7,3,4,2,2,2,3,7,8,0,0
5,873,4,0,3,0,8,7,3,4,2,2,2,3,7,8,0,0
5,873,4,0,3,0,8,7,3,4,2,2,2,3,7,8,0,0
5,873,4,0,3,0,8,7,3,4,2,2,2,3,7,8,0,0
5,873,4,0,3,0,8,7,3,4,2,2,2,3,7,8,0,0
5,873,4,0,3,0,8,7,3,4,2,2,2,3,7,8,0,0
5,873,4,0,3,0,8,7,3,4,2,2,3,3,10,8,0,0
5,873,4,0,3,0,8,7,3,4,2,2,3,2,10,6,0,0
5,873,4,0,3,0,8,7,3,4,2,2,3,2,10,6,0,0
5,873,4,0,3,0,8,7,3,4,2,2,3,2,10,6,0,0
5,873,4,0,3,0,8,7,3,4,2,2,3,2,10,6,0,0
5,873,4,0,3,0,8,7,3,4,2,2,3,2,10,6,0,0
5,873,4,0,3,0,8,7,3,4,2,2,3,2,10,6,0,0
5,873,4,0,3,0,8,7,3,4,2,2,3,2,10,6,0,0
5,873,4,0,3,0,8,7,3,4,2,2,3,2,10,6,0,0
5,873,4,0,3,0,8,7,3,4,2,2,2,2,8,6,0,0
5,873,4,0,3,0,8,7,3,4,2,2,2,2,8,6,0,0
5,873,4,0,3,0,8,7,3,4,2,2,2,2,8,6,0,0
5,873,4,0,3,0,8,7,3,4,2,2,2,2,8,6,0,0
5,873,4,0,3,0,8,7,3,4,2,2,2,2,8,6,0,0
5,873,4,0,3,0,8,7,3,4,2,2,2,2,8,6,0,0
5,873,4,0,3,0,8,7,3,4,2,2,2,2,8,6,0,0
5,873,4,0,3,0,8,7,3,4,2,2,2,2,8,6,0,0
5,873,4,0,3,0,8,7,3,4,2,2,2,2,7,6,0,0
6,874,4,0,3,0,8,7,3,4,2,2,2,2,4,6,0,0
6,874,4,0,3,0,8,7,3,4,2,2,2,2,4,6,0,0
6,874,4,0,3,0,8,7,3,4,2,2,2,2,4,6,0,0
6,874,4,0,3,0,8,7,3,4,2,2,2,2,4,6,0,0
6,874,4,0,3,0,8,7,3,4,2,2,2,2,4,6,0,0
6,874,4,0,3,0,8,7,3,4,2,2,2,2,4,6,0,0
6,874,4,0,3,0,8,7,3,4,2,2,3,2,4,6,0,0
6,874,4,0,3,0,8,7,3,4,2,2,3,1,5,6,0,0
6,874,4,0,3,0,8,7,3,4,2,2,3,1,5,6,0,0
6,874,4,0,3,0,8,7,3,4,2,2,3,1,5,6,0,0
6,874,4,0,3,0,8,7,3,4,2,2,3,1,5,6,0,0
6,874,4,0,3,0,8,7,3,4,2,2,3,1,5,6,0,0
6,874,4,0,3,0,8,7,3,4,2,2,3,1,5,6,0,0
6,874,4,0,3,0,8,7,3,4,2,2,3,1,5,6,0,0
6,874,4,0,3,0,8,7,3,4,2,2,3,1,5,6,0,0
6,874,4,0,3,0,8,7,3,4,2,2,2,1,4,6,0,0
6,874,4,0,3,0,8,7,3,4,2,2,2,1,4,6,0,0
6,874,4,0,3,0,8,7,3,4,2,2,2,1,4,6,0,0
6,874,4,0,3,0,8,7,3,4,2,2,2,1,4,6,0,0
6,874,4,0,3,0,8,7,3,4,2,2,2,1,4,6,0,0
6,874,4,0,3,0,8,7,3,4,2,2,2,1,4,6,0,0
6,874,4,0,3,0,8,6,3,4,2,2,2,1,4,6,0,0
6,874,4,0,3,0,8,6,3,4,2,2,2,1,4,6,0,0
6,874,4,0,3,0,8,6,3,4,2,2,2,1,4,6,0,0
7,875,4,0,4,0,9,6,4,4,3,2,3,1,7,6,0,0
7,875,4,0,4,0,9,6,4,4,3,2,3,1,7,6,0,0
7,875,4,0,4,0,9,6,4,4,3,2,3,1,7,6,0,0
7,875,4,0,4,0,9,6,4,4,3,2,3,1,7,6,0,0
7,875,4,0,4,0,9,6,4,4,3,2,3,1,7,6,0,0
7,875,4,0,4,0,9,6,4,4,3,2,3,1,7,6,0,0
7,875,4,0,4,0,9,6,4,4,3,2,3,1,8,6,8,0
7,875,4,0,4,0,10,9,4,4,3,3,4,1,8,7,8,1
7,875,4,0,4,0,10,9,4,4,3,3,4,1,8,8,8,1
7,875,4,0,4,0,10,10,4,4,3,3,4,1,8,8,9,1
7,875,4,0,4,0,10,10,4,4,3,3,4,1,8,8,9,1
7,875,4,0,4,0,10,10,4,4,3,3,4,1,8,8,9,1
7,875,4,0,4,0,10,10,4,4,3,3,4,1,8,9,9,1
7,875,4,0,4,0,10,10,4,4,3,3,4,1,8,9,5,1
7,875,4,0,4,0,10,10,4,4,3,3,4,1,8,8,5,0
7,875,4,0,4,0,10,10,4,4,3,3,4,1,8,8,5,0
7,875,4,0,4,0,9,10,4,4,3,3,3,1,8,8,5,0
7,875,4,0,4,0,9,10,4,4,3,3,3,1,8,7,0,0
7,875,4,0,4,0,9,10,4,4,3,3,3,1,8,7,0,0
7,875,4,0,4,0,9,10,4,4,3,3,3,1,8,7,0,0
7,875,4,0,4,0,9,10,4,4,3,3,3,1,8,7,0,0
7,875,4,0,4,0,9,10,4,4,3,3,3,1,8,7,0,0
7,875,4,0,4,0,9,10,4,4,3,3,3,1,8,7,0,0
7,875,4,0,4,0,9,10,4,4,3,3,3,1,7,7,0,0
8,876,4,0,4,0,9,10,4,4,3,3,3,1,4,7,0,0
8,876,4,0,4,0,9,10,4,4,3,3,3,1,4,7,0,0
8,876,4,0,4,0,9,10,4,4,3,3,3,1,4,7,0,0
8,876,4,0,4,0,9,10,4,4,3,3,3,1,4,7,0,0
8,876,4,0,4,0,9,10,4,4,3,3,3,1,4,7,0,0
8,876,4,0,4,0,9,10,4,4,3,3,3,1,4,7,0,0
8,876,4,0,4,0,9,10,4,4,3,3,3,1,4,7,8,0
8,876,4,0,4,0,10,9,4,4,3,3,4,2,5,7,8,2
8,876,4,0,4,0,10,9,4,4,3,3,4,2,5,7,8,3
8,876,4,0,4,0,10,10,4,4,3,3,4,2,5,7,9,3
8,876,4,0,4,0,10,10,4,4,3,3,4,2,5,7,9,3
8,876,4,0,4,0,10,10,4,4,3,3,4,2,5,7,9,3
8,876,4,0,4,0,10,10,4,4,3,3,4,2,5,7,9,3
8,876,4,0,4,0,10,10,4,4,3,3,4,2,5,7,5,2
8,876,4,0,4,0,10,10,4,4,3,3,4,2,5,7,5,2
8,876,4,0,4,0,10,10,4,4,3,2,4,2,4,7,5,2
8,876,4,0,4,0,9,10,4,4,3,2,3,2,4,7,5,2
8,876,4,0,4,0,9,10,4,4,3,2,3,2,4,7,0,2
8,876,4,0,4,0,9,10,4,4,3,2,3,2,4,7,0,2
8,876,4,0,4,0,9,10,4,4,3,2,3,2,4,6,0,2
8,876,4,0,4,0,9,10,4,3,3,2,3,2,4,6,0,2
8,876,4,0,4,0,9,10,4,3,3,2,3,2,4,6,0,2
8,876,4,0,4,0,9,10,4,3,3,2,3,2,4,6,0,2
8,876,4,0,4,0,9,10,4,3,3,2,3,2,4,6,0,2
9,877,4,0,4,0,9,10,4,3,3,2,3,2,7,6,0,2
9,877,4,0,4,0,9,10,4,3,3,2,3,2,7,6,0,2
9,877,4,0,4,0,9,10,4,3,3,2,3,2,7,6,0,2
9,877,4,0,4,0,9,10,4,3,3,2,3,2,7,6,0,2
9,877,4,0,4,0,9,10,4,3,3,2,3,2,7,6,0,2
9,877,4,0,4,0,9,10,4,3,3,2,3,2,7,6,0,2
9,877,4,0,4,0,9,10,4,3,3,2,3,2,10,6,8,2
9,877,4,0,4,0,10,10,4,4,3,1,4,3,10,10,8,1
9,877,4,0,4,0,10,10,4,4,3,1,4,3,10,10,8,2
9,877,4,0,4,0,10,10,4,4,3,2,4,3,10,10,9,2
9,877,4,0,4,0,10,10,4,4,3,3,4,3,10,10,9,3
9,877,4,0,4,0,10,10,4,4,3,3,4,3,10,10,9,3
9,877,4,0,4,0,10,10,4,4,3,3,4,3,10,11,9,3
9,877,4,0,4,0,10,9,4,4,3,3,4,3,10,11,5,3
9,877,4,0,4,0,10,9,4,4,3,3,4,3,10,11,5,3
9,877,4,0,4,0,10,8,4,4,3,3,4,3,8,11,5,3
9,877,4,0,4,0,9,8,4,4,3,3,3,3,8,10,5,2
9,877,4,0,4,0,9,8,4,4,3,3,3,3,8,10,0,2
9,877,4,0,4,0,9,8,4,3,3,2,3,3,8,9,0,1
9,877,4,0,4,0,9,8,4,3,3,2,3,3,8,9,0,1
9,877,4,0,4,0,9,8,4,3,3,2,3,3,8,9,0,1
9,877,4,0,4,0,9,8,4,3,3,2,3,3,8,9,0,0
9,877,4,0,4,0,9,8,4,3,3,2,3,3,8,9,0,0
9,877,4,0,4,0,9,8,4,3,3,2,3,3,7,9,0,0
10,878,4,0,4,0,9,8,4,3,3,2,3,3,7,9,0,0
10,878,4,0,4,0,9,8,4,3,3,2,3,3,7,9,0,0
10,878,4,0,4,0,9,8,4,3,3,2,3,3,7,9,0,0
10,878,4,0,4,0,9,8,4,3,3,2,3,3,7,9,0,0
10,878,4,0,4,0,9,8,4,3,3,2,3,3,7,9,0,0
10,878,4,0,4,0,9,8,4,3,3,2,3,3,7,9,0,0
10,878,4,0,4,0,9,8,4,3,3,2,3,3,8,9,8,0
10,878,4,0,4,0,10,9,4,4,3,1,4,3,8,8,8,0
10,878,4,0,4,0,10,10,4,4,3,1,4,3,8,8,8,0
10,878,4,0,4,0,10,10,4,4,3,1,4,3,8,8,9,0
10,878,4,0,4,0,10,10,4,4,3,1,4,3,8,7,9,0
10,878,4,0,4,0,10,10,4,3,3,1,4,3,8,8,9,0
10,878,4,0,4,0,10,10,4,3,3,1,4,3,8,8,9,0
10,878,4,0,4,0,10,10,4,3,3,1,4,3,8,8,5,0
10,878,4,0,4,0,10,10,4,3,3,1,4,3,8,8,5,0
10,878,4,0,4,0,10,10,4,3,3,1,4,3,8,8,5,0
10,878,4,0,4,0,9,10,4,3,3,1,3,2,8,8,5,0
10,878,4,0,4,0,9,10,4,3,3,1,3,2,8,7,0,0
10,878,4,0,4,0,9,10,4,3,3,0,3,2,8,7,0,0
10,878,4,0,4,0,9,10,4,3,3,0,3,2,8,7,0,0
10,878,4,0,4,0,9,10,4,3,3,0,3,2,8,7,0,0
10,878,4,0,4,0,9,10,4,3,3,0,3,2,8,7,0,0
10,878,4,0,4,0,9,10,4,3,3,0,3,2,8,7,0,0
10,878,4,0,4,0,9,10,4,3,3,0,3,2,7,7,0,0
11,879,4,0,4,0,9,10,4,3,3,0,3,2,7,7,0,0
11,879,4,0,4,0,9,10,4,3,3,0,3,2,7,7,0,0
11,879,4,0,4,0,9,10,4,3,3,0,3,2,7,7,0,0
11,879,4,0,4,0,9,10,4,3,3,0,3,2,7,7,0,0
11,879,4,0,4,0,9,10,4,3,3,0,3,2,7,7,0,0
11,879,4,0,4,0,9,10,4,3,3,0,3,2,7,7,0,0
11,879,4,0,4,0,9,10,4,3,3,0,3,2,8,7,8,0
11,879,4,0,4,0,10,9,4,3,3,2,4,2,8,8,8,0
11,879,4,0,4,0,10,10,4,3,3,3,4,2,8,8,8,1
11,879,4,0,4,0,10,10,4,4,3,3,4,2,8,8,9,1
11,879,4,0,4,0,10,10,4,4,3,2,4,2,8,9,9,1
11,879,4,0,4,0,10,10,4,4,3,3,4,2,8,9,9,1
11,879,4,0,4,0,10,10,4,4,3,3,4,2,8,9,9,1
11,879,4,0,4,0,10,10,4,4,3,3,4,2,8,9,5,1
11,879,4,0,4,0,10,10,4,4,3,2,4,2,8,8,5,0
11,879,4,0,4,0,10,10,4,4,3,2,4,2,8,8,5,0
11,879,4,0,4,0,9,10,4,4,3,2,3,2,8,7,5,0
11,879,4,0,4,0,9,9,4,4,3,1,3,2,8,7,0,0
11,879,4,0,4,0,9,8,4,4,3,1,3,2,8,7,0,0
11,879,4,0,4,0,9,8,4,4,3,1,3,2,8,7,0,0
11,879,4,0,4,0,9,8,4,4,3,1,3,2,8,7,0,0
11,879,4,0,4,0,9,8,4,4,3,1,3,2,8,7,0,0
11,879,4,0,4,0,9,8,4,4,3,1,3,2,8,7,0,0
11,879,4,0,4,0,9,8,4,4,3,1,3,2,7,7,0,0
12,880,4,0,3,0,8,8,3,4,2,1,2,2,7,7,0,0
12,880,4,0,3,0,8,8,3,4,2,1,2,2,7,7,0,0
12,880,4,0,3,0,8,8,3,4,2,1,2,2,7,7,0,0
12,880,4,0,3,0,8,8,3,4,2,1,2,2,7,7,0,0
12,880,4,0,3,0,8,8,3,4,2,1,2,2,7,7,0,0
12,880,4,0,3,0,8,8,3,4,2,1,2,2,7,7,0,0
12,880,4,0,3,0,8,8,3,4,2,1,3,2,10,7,0,0
12,880,4,0,3,0,8,7,3,4,2,1,3,2,10,7,0,0
12,880,4,0,3,0,8,7,3,4,2,1,3,2,10,6,0,0
12,880,4,0,3,0,8,7,3,4,2,1,3,2,10,6,0,0
12,880,4,0,3,0,8,7,3,4,2,1,3,2,10,6,0,0
12,880,4,0,3,0,8,6,3,4,2,1,3,2,10,6,0,0
12,880,4,0,3,0,8,5,3,4,2,1,3,2,10,6,0,0
12,880,4,0,3,0,8,5,3,4,2,1,3,2,10,6,0,0
12,880,4,0,3,0,8,5,3,4,2,1,3,2,10,6,0,0
12,880,4,0,3,0,8,5,3,4,2,1,2,2,8,5,0,0
12,880,4,0,3,0,8,5,3,4,2,1,2,2,8,5,0,0
12,880,4,0,3,0,8,5,3,4,2,1,2,2,8,5,0,0
12,880,4,0,3,0,8,5,3,4,2,1,2,2,8,5,0,0
12,880,4,0,3,0,8,5,3,4,2,1,2,2,8,5,0,0
12,880,4,0,3,0,8,5,3,4,2,0,2,2,8,5,0,0
12,880,4,0,3,0,8,5,3,4,2,0,2,2,8,5,0,0
12,880,4,0,3,0,8,5,3,4,2,0,2,2,8,5,0,0
12,880,4,0,3,0,8,5,3,4,2,0,2,2,7,5,0,0
13,881,4,0,3,0,8,5,3,4,2,0,2,2,4,5,0,0
13,881,4,0,3,0,8,5,3,4,2,0,2,2,4,5,0,0
13,881,4,0,3,0,8,5,3,4,2,0,2,2,4,5,0,0
13,881,4,0,3,0,8,5,3,4,2,0,2,2,4,5,0,0
13,881,4,0,3,0,8,5,3,4,2,0,2,2,4,5,0,0
13,881,4,0,3,0,8,5,3,4,2,0,2,2,4,5,0,0
13,881,4,0,3,0,8,5,3,4,2,0,3,2,4,5,0,0
13,881,4,0,3,0,8,5,3,3,2,0,3,2,5,5,0,0
13,881,4,0,3,0,8,5,3,3,2,0,3,2,5,5,0,0
13,881,4,0,3,0,8,5,3,3,2,0,3,2,5,5,0,0
13,881,4,0,3,0,8,5,3,3,2,0,3,2,5,5,0,0
13,881,4,0,3,0,8,5,3,3,2,0,3,2,5,5,0,0
13,881,4,0,3,0,8,5,3,3,2,0,3,2,5,5,0,0
13,881,4,0,3,0,8,5,3,3,2,0,3,2,5,5,0,0
13,881,4,0,3,0,8,5,3,3,2,0,3,2,5,5,0,0
13,881,4,0,3,0,8,4,3,3,2,0,2,2,4,5,0,0
13,881,4,0,3,0,8,4,3,3,2,0,2,2,4,5,0,0
13,881,4,0,3,0,8,4,3,3,2,0,2,2,4,5,0,0
13,881,4,0,3,0,8,4,3,3,2,0,2,2,4,5,0,0
13,881,4,0,3,0,8,4,3,3,2,0,2,2,4,5,0,0
13,881,4,0,3,0,8,4,3,3,2,0,2,2,4,5,0,0
13,881,4,0,3,0,8,4,3,3,2,0,2,2,4,5,0,0
13,881,4,0,3,0,8,4,3,3,2,0,2,2,4,5,0,0
13,881,4,0,3,0,8,4,3,3,2,0,2,2,4,5,0,0
14,882,4,0,4,0,9,4,4,3,3,0,3,2,7,5,0,0
14,882,4,0,4,0,9,4,4,3,3,0,3,2,7,5,0,0
14,882,4,0,4,0,9,4,4,3,3,0,3,2,7,5,0,0
14,882,4,0,4,0,9,4,4,3,3,0,3,2,7,5,0,0
14,882,4,0,4,0,9,4,4,3,3,0,3,2,7,5,0,0
14,882,4,0,4,0,9,4,4,3,3,0,3,2,7,5,0,0
14,882,4,0,4,0,9,4,4,3,3,0,3,2,8,5,8,0
14,882,4,0,4,0,10,7,4,4,3,1,4,2,8,6,8,2
14,882,4,0,4,0,10,8,4,4,3,1,4,2,8,6,8,2
14,882,4,0,4,0,10,10,4,4,3,2,4,2,8,8,9,2
14,882,4,0,4,0,10,10,4,4,3,2,4,2,8,8,9,2
14,882,4,0,4,0,10,10,4,4,3,2,4,2,8,8,9,2
14,882,4,0,4,0,10,9,4,4,3,2,4,2,8,8,9,2
14,882,4,0,4,0,10,9,4,4,3,1,4,2,8,7,5,2
14,882,4,0,4,0,10,9,4,4,3,1,4,2,8,7,5,2
14,882,4,0,4,0,10,9,4,4,3,1,4,2,8,7,5,2
14,882,4,0,4,0,9,9,4,4,3,1,3,2,8,8,5,2
14,882,4,0,4,0,9,9,4,3,3,1,3,2,8,7,0,0
14,882,4,0,4,0,9,8,4,3,3,1,3,2,8,7,0,0
14,882,4,0,4,0,9,8,4,3,3,1,3,2,8,7,0,0
14,882,4,0,4,0,9,8,4,3,3,1,3,2,8,7,0,0
14,882,4,0,4,0,9,8,4,3,3,1,3,2,8,7,0,0
14,882,4,0,4,0,9,8,4,2,3,1,3,2,8,7,0,0
14,882,4,0,4,0,9,8,4,2,3,1,3,2,7,7,0,0
15,883,4,0,4,0,9,8,4,2,3,1,3,2,4,7,0,0
15,883,4,0,4,0,9,8,4,2,3,1,3,2,4,7,0,0
15,883,4,0,4,0,9,8,4,2,3,1,3,2,4,7,0,0
15,883,4,0,4,0,9,8,4,2,3,1,3,2,4,7,0,0
15,883,4,0,4,0,9,8,4,2,3,1,3,2,4,7,0,0
15,883,4,0,4,0,9,8,4,2,3,1,3,2,4,7,0,0
15,883,4,0,4,0,9,8,4,2,3,1,3,2,4,7,8,0
15,883,4,0,4,0,10,8,4,2,3,3,4,3,5,6,8,2
15,883,4,0,4,0,10,9,4,3,3,3,4,3,5,6,8,3
15,883,4,0,4,0,10,10,4,4,3,3,4,3,5,6,9,4
15,883,4,0,4,0,10,9,4,4,3,3,4,3,5,5,9,4
15,883,4,0,4,0,10,10,4,2,3,3,4,3,5,5,9,4
15,883,4,0,4,0,10,10,4,3,3,3,4,3,5,5,9,4
15,883,4,0,4,0,10,10,4,3,3,3,4,3,5,5,5,4
15,883,4,0,4,0,10,9,4,4,3,3,4,3,5,5,5,3
15,883,4,0,4,0,10,9,4,4,3,3,4,3,4,5,5,1
15,883,4,0,4,0,9,9,4,4,3,3,3,3,4,5,5,1
15,883,4,0,4,0,9,9,4,4,3,3,3,3,4,5,0,1
15,883,4,0,4,0,9,9,4,4,3,3,3,3,4,5,0,1
15,883,4,0,4,0,9,8,4,4,3,3,3,3,4,5,0,1
15,883,4,0,4,0,9,8,4,4,3,3,3,3,4,5,0,1
15,883,4,0,4,0,9,7,4,4,3,3,3,3,4,5,0,1
15,883,4,0,4,0,9,7,4,4,3,3,3,3,4,5,0,1
15,883,4,0,4,0,9,7,4,4,3,3,3,3,4,5,0,1
16,884,4,0,4,0,9,7,4,4,3,3,3,3,7,5,0,1
16,884,4,0,4,0,9,7,4,4,3,3,3,3,7,5,0,1
16,884,4,0,4,0,9,7,4,4,3,3,3,3,7,5,0,1
16,884,4,0,4,0,9,7,4,4,3,3,3,3,7,5,0,1
16,884,4,0,4,0,9,7,4,4,3,3,3,3,7,5,0,1
16,884,4,0,4,0,9,7,4,4,3,3,3,3,7,5,0,1
16,884,4,0,4,0,9,7,4,4,3,3,3,3,10,5,8,1
16,884,4,0,4,0,10,8,4,4,3,2,4,4,10,8,8,1
16,884,4,0,4,0,10,9,4,4,3,3,4,4,10,10,8,1
16,884,4,0,4,0,10,10,4,4,3,3,4,4,10,11,9,2
16,884,4,0,4,0,10,10,4,4,3,3,4,4,10,11,9,2
16,884,4,0,4,0,10,10,4,4,3,3,4,4,10,11,9,2
16,884,4,0,4,0,10,10,4,4,3,3,4,4,10,10,9,2
16,884,4,0,4,0,10,10,4,4,3,3,4,4,10,10,5,2
16,884,4,0,4,0,10,10,4,4,3,3,4,4,10,9,5,2
16,884,4,0,4,0,10,9,4,4,3,3,4,4,8,8,5,1
16,884,4,0,4,0,9,9,4,4,3,3,3,4,8,8,5,1
16,884,4,0,4,0,9,8,4,4,3,3,3,4,8,8,0,1
16,884,4,0,4,0,9,8,4,4,3,3,3,4,8,8,0,1
16,884,4,0,4,0,9,8,4,4,3,3,3,4,8,8,0,1
16,884,4,0,4,0,9,8,4,4,3,3,3,4,8,8,0,1
16,884,4,0,4,0,9,8,4,4,3,3,3,4,8,8,0,1
16,884,4,0,4,0,9,7,4,4,3,3,3,4,8,8,0,1
16,884,4,0,4,0,9,7,4,4,3,3,3,4,7,8,0,1
17,885,4,0,4,0,9,7,4,4,3,3,3,4,7,8,0,1
17,885,4,0,4,0,9,7,4,4,3,3,3,4,7,8,0,1
17,885,4,0,4,0,9,7,4,4,3,3,3,4,7,8,0,1
17,885,4,0,4,0,9,7,4,4,3,3,3,4,7,8,0,1
17,885,4,0,4,0,9,7,4,4,3,3,3,4,7,8,0,1
17,885,4,0,4,0,9,7,4,4,3,3,3,4,7,8,0,1
17,885,4,0,4,0,9,7,4,4,3,3,3,4,8,8,8,1
17,885,4,0,4,0,10,9,4,4,3,3,4,4,8,8,8,0
17,885,4,0,4,0,10,10,4,4,3,3,4,4,8,8,8,0
17,885,4,0,4,0,10,10,4,4,3,3,4,4,8,8,9,0
17,885,4,0,4,0,10,10,4,4,3,3,4,4,8,8,9,0
17,885,4,0,4,0,10,9,4,4,3,3,4,4,8,8,9,0
17,885,4,0,4,0,10,8,4,4,3,3,4,4,8,8,9,0
17,885,4,0,4,0,10,8,4,4,3,3,4,4,8,8,5,0
17,885,4,0,4,0,10,8,4,4,3,3,4,4,8,8,5,0
17,885,4,0,4,0,10,7,4,4,3,3,4,4,8,6,5,0
17,885,4,0,4,0,9,7,4,4,3,3,3,4,8,6,5,0
17,885,4,0,4,0,9,7,4,4,3,3,3,4,8,6,0,0
17,885,4,0,4,0,9,7,4,4,3,3,3,4,8,6,0,0
17,885,4,0,4,0,9,7,4,4,3,3,3,4,8,6,0,0
17,885,4,0,4,0,9,7,4,4,3,3,3,4,8,6,0,0
17,885,4,0,4,0,9,7,4,4,3,3,3,4,8,5,0,0
17,885,4,0,4,0,9,7,4,4,3,3,3,4,8,5,0,0
17,885,4,0,4,0,9,7,4,4,3,3,3,4,7,5,0,0
18,886,4,0,4,0,9,7,4,4,3,3,3,4,7,5,0,0
18,886,4,0,4,0,9,7,4,4,3,3,3,4,7,5,0,0
18,886,4,0,4,0,9,7,4,4,3,3,3,4,7,5,0,0
18,886,4,0,4,0,9,7,4,4,3,3,3,4,7,5,0,0
18,886,4,0,4,0,9,7,4,4,3,3,3,4,7,5,0,0
18,886,4,0,4,0,9,7,4,4,3,3,3,4,7,5,0,0
18,886,4,0,4,0,9,7,4,4,3,3,3,4,8,5,8,0
18,886,4,0,4,0,10,9,4,4,3,2,4,4,8,8,8,1
18,886,4,0,4,0,10,10,4,4,3,3,4,4,8,8,8,1
18,886,4,0,4,0,10,10,4,4,3,3,4,4,8,8,9,2
18,886,4,0,4,0,10,10,4,4,3,3,4,4,8,8,9,2
18,886,4,0,4,0,10,10,4,4,3,3,4,4,8,8,9,2
18,886,4,0,4,0,10,10,4,4,3,3,4,4,8,8,9,2
18,886,4,0,4,0,10,10,4,4,3,3,4,4,8,8,5,1
18,886,4,0,4,0,10,10,4,4,3,3,4,4,8,7,5,1
18,886,4,0,4,0,10,10,4,4,3,3,4,4,8,7,5,1
18,886,4,0,4,0,9,10,4,4,3,3,3,4,8,7,5,1
18,886,4,0,4,0,9,10,4,4,3,3,3,4,8,7,0,0
18,886,4,0,4,0,9,10,4,4,3,3,3,4,8,7,0,0
18,886,4,0,4,0,9,10,4,4,3,3,3,4,8,7,0,0
18,886,4,0,4,0,9,10,4,4,3,3,3,4,8,6,0,0
18,886,4,0,4,0,9,10,4,4,3,3,3,3,8,6,0,0
18,886,4,0,4,0,9,10,4,4,3,3,3,3,8,6,0,0
18,886,4,0,4,0,9,10,4,4,3,3,3,3,7,6,0,0
19,887,4,0,3,0,8,10,3,4,2,3,2,3,7,6,0,0
19,887,4,0,3,0,8,10,3,4,2,3,2,3,7,6,0,0
19,887,4,0,3,0,8,10,3,4,2,3,2,3,7,6,0,0
19,887,4,0,3,0,8,10,3,4,2,3,2,3,7,6,0,0
19,887,4,0,3,0,8,10,3,4,2,3,2,3,7,6,0,0
19,887,4,0,3,0,8,10,3,4,2,3,2,3,7,6,0,0
19,887,4,0,3,0,8,10,3,4,2,3,3,3,10,6,0,0
19,887,4,0,3,0,8,9,3,2,2,2,3,3,10,6,0,0
19,887,4,0,3,0,8,9,3,2,2,2,3,3,10,6,0,0
19,887,4,0,3,0,8,9,3,2,2,2,3,3,10,6,0,0
19,887,4,0,3,0,8,9,3,2,2,2,3,3,10,6,0,0
19,887,4,0,3,0,8,9,3,2,2,1,3,3,10,6,0,0
19,887,4,0,3,0,8,9,3,2,2,1,3,3,10,6,0,0
19,887,4,0,3,0,8,9,3,2,2,1,3,3,10,6,0,0
19,887,4,0,3,0,8,9,3,2,2,1,3,3,10,6,0,0
19,887,4,0,3,0,8,9,3,2,2,1,2,2,8,6,0,0
19,887,4,0,3,0,8,9,3,2,2,1,2,2,8,6,0,0
19,887,4,0,3,0,8,9,3,2,2,1,2,2,8,6,0,0
19,887,4,0,3,0,8,9,3,2,2,1,2,2,8,6,0,0
19,887,4,0,3,0,8,9,3,2,2,1,2,2,8,6,0,0
19,887,4,0,3,0,8,9,3,2,2,1,2,2,8,6,0,0
19,887,4,0,3,0,8,9,3,2,2,1,2,2,8,6,0,0
19,887,4,0,3,0,8,9,3,2,2,1,2,2,8,6,0,0
19,887,4,0,3,0,8,9,3,2,2,1,2,2,7,6,0,0
20,888,4,0,3,0,8,9,3,2,2,1,2,2,4,6,0,0
20,888,4,0,3,0,8,9,3,2,2,1,2,2,4,6,0,0
20,888,4,0,3,0,8,9,3,2,2,1,2,2,4,6,0,0
20,888,4,0,3,0,8,9,3,2,2,1,2,2,4,6,0,0
20,888,4,0,3,0,8,9,3,2,2,1,2,2,4,6,0,0
20,888,4,0,3,0,8,9,3,2,2,1,2,2,4,6,0,0
20,888,4,0,3,0,8,9,3,2,2,1,3,2,4,6,0,0
20,888,4,0,3,0,8,9,3,2,2,1,3,1,5,6,0,0
20,888,4,0,3,0,8,9,3,2,2,1,3,1,5,6,0,0
20,888,4,0,3,0,8,9,3,2,2,1,3,1,5,6,0,0
20,888,4,0,3,0,8,9,3,2,2,1,3,1,5,6,0,0
20,888,4,0,3,0,8,9,3,2,2,1,3,1,5,6,0,0
20,888,4,0,3,0,8,9,3,2,2,1,3,1,5,6,0,0
20,888,4,0,3,0,8,9,3,2,2,1,3,1,5,6,0,0
20,888,4,0,3,0,8,9,3,2,2,1,3,1,5,6,0,0
20,888,4,0,3,0,8,9,3,2,2,1,2,1,4,6,0,0
20,888,4,0,3,0,8,9,3,2,2,1,2,1,4,6,0,0
20,888,4,0,3,0,8,9,3,2,2,1,2,1,4,6,0,0
20,888,4,0,3,0,8,9,3,2,2,1,2,1,4,6,0,0
20,888,4,0,3,0,8,9,3,2,2,1,2,1,4,6,0,0
20,888,4,0,3,0,8,9,3,2,2,1,2,1,4,6,0,0
20,888,4,0,3,0,8,9,3,2,2,1,2,1,4,6,0,0
20,888,4,0,3,0,8,9,3,2,2,1,2,1,4,6,0,0
20,888,4,0,3,0,8,9,3,2,2,1,2,1,4,6,0,0
21,889,4,0,4,0,9,9,4,2,3,1,3,1,7,6,0,0
21,889,4,0,4,0,9,9,4,2,3,1,3,1,7,6,0,0
21,889,4,0,4,0,9,9,4,2,3,1,3,1,7,6,0,0
21,889,4,0,4,0,9,9,4,2,3,1,3,1,7,6,0,0
21,889,4,0,4,0,9,9,4,2,3,1,3,1,7,6,0,0
21,889,4,0,4,0,9,9,4,2,3,1,3,1,7,6,0,0
21,889,4,0,4,0,9,9,4,2,3,1,3,1,8,6,8,0
21,889,4,0,4,0,10,9,4,4,3,2,4,2,8,8,8,1
21,889,4,0,4,0,10,10,4,4,3,3,4,2,8,8,8,1
21,889,4,0,4,0,10,10,4,4,3,2,4,2,8,8,9,1
21,889,4,0,4,0,10,10,4,4,3,3,4,2,8,8,9,1
21,889,4,0,4,0,10,10,4,4,3,2,4,2,8,8,9,1
21,889,4,0,4,0,10,10,4,4,3,3,4,2,8,8,9,1
21,889,4,0,4,0,10,10,4,4,3,3,4,2,8,8,5,1
21,889,4,0,4,0,10,10,4,4,3,3,4,2,8,8,5,1
21,889,4,0,4,0,10,10,4,4,3,3,4,2,8,8,5,1
21,889,4,0,4,0,9,10,4,4,3,3,3,1,8,8,5,1
21,889,4,0,4,0,9,10,4,4,3,3,3,1,8,8,0,1
21,889,4,0,4,0,9,10,4,4,3,3,3,1,8,8,0,1
21,889,4,0,4,0,9,10,4,4,3,3,3,1,8,8,0,1
21,889,4,0,4,0,9,10,4,4,3,3,3,1,8,8,0,1
21,889,4,0,4,0,9,10,4,3,3,2,3,1,8,8,0,1
21,889,4,0,4,0,9,9,4,3,3,2,3,1,8,8,0,1
21,889,4,0,4,0,9,9,4,3,3,2,3,1,7,8,0,1
22,890,4,0,4,0,9,9,4,3,3,2,3,1,4,8,0,1
22,890,4,0,4,0,9,9,4,3,3,2,3,1,4,8,0,1
22,890,4,0,4,0,9,9,4,3,3,2,3,1,4,8,0,1
22,890,4,0,4,0,9,9,4,3,3,2,3,1,4,8,0,1
22,890,4,0,4,0,9,9,4,3,3,2,3,1,4,8,0,1
22,890,4,0,4,0,9,9,4,3,3,2,3,1,4,8,0,1
22,890,4,0,4,0,9,9,4,3,3,2,3,1,4,8,8,1
22,890,4,0,4,0,10,9,4,3,3,3,4,2,5,7,8,5
22,890,4,0,4,0,10,10,4,4,3,3,4,2,5,7,8,6
22,890,4,0,4,0,10,10,4,4,3,3,4,2,5,7,9,7
22,890,4,0,4,0,10,10,4,4,3,3,4,2,5,8,9,8
22,890,4,0,4,0,10,9,4,4,3,3,4,2,5,8,9,8
22,890,4,0,4,0,10,10,4,4,3,2,4,2,5,8,9,8
22,890,4,0,4,0,10,10,4,4,3,2,4,2,5,6,5,7
22,890,4,0,4,0,10,10,4,4,3,2,4,2,5,6,5,7
22,890,4,0,4,0,10,9,4,4,3,2,4,2,4,6,5,4
22,890,4,0,4,0,9,9,4,4,3,2,3,2,4,6,5,4
22,890,4,0,4,0,9,9,4,4,3,2,3,2,4,6,0,4
22,890,4,0,4,0,9,9,4,4,3,2,3,2,4,6,0,4
22,890,4,0,4,0,9,9,4,4,3,2,3,2,4,6,0,4
22,890,4,0,4,0,9,9,4,4,3,2,3,2,4,6,0,4
22,890,4,0,4,0,9,9,4,3,3,2,3,2,4,6,0,3
22,890,4,0,4,0,9,9,4,3,3,2,3,2,4,6,0,3
22,890,4,0,4,0,9,9,4,3,3,2,3,2,4,6,0,3
23,891,4,0,4,0,9,9,4,3,3,2,3,2,7,7,0,3
23,891,4,0,4,0,9,9,4,3,3,2,3,2,7,7,0,3
23,891,4,0,4,0,9,9,4,3,3,2,3,2,7,7,0,3
23,891,4,0,4,0,9,9,4,3,3,2,3,2,7,7,0,3
23,891,4,0,4,0,9,9,4,3,3,2,3,2,7,7,0,3
23,891,4,0,4,0,9,9,4,3,3,2,3,2,7,7,0,3
23,891,4,0,4,0,9,9,4,3,3,2,3,2,10,9,8,3
23,891,4,0,4,0,10,10,4,4,3,1,4,3,10,9,8,2
23,891,4,0,4,0,10,10,4,4,3,1,4,3,10,10,8,2
23,891,4,0,4,0,10,10,4,4,3,2,4,3,10,10,9,1
23,891,4,0,4,0,10,10,4,4,3,3,4,3,10,10,9,1
23,891,4,0,4,0,10,10,4,3,3,3,4,3,10,10,9,1
23,891,4,0,4,0,10,10,4,2,3,3,4,3,10,10,9,1
23,891,4,0,4,0,10,10,4,2,3,3,4,3,10,10,5,1
23,891,4,0,4,0,10,10,4,2,3,3,4,3,10,10,5,0
23,891,4,0,4,0,10,10,4,2,3,3,4,3,8,10,5,0
23,891,4,0,4,0,9,10,4,2,3,3,3,3,8,10,5,0
23,891,4,0,4,0,9,10,4,2,3,3,3,3,8,10,0,0
23,891,4,0,4,0,9,10,4,2,3,3,3,3,8,10,0,0
23,891,4,0,4,0,9,10,4,2,3,2,3,2,8,10,0,0
23,891,4,0,4,0,9,10,4,2,3,2,3,2,8,10,0,0
23,891,4,0,4,0,9,10,4,2,3,2,3,2,8,10,0,0
23,891,4,0,4,0,9,10,4,2,3,2,3,2,8,10,0,0
23,891,4,0,4,0,9,10,4,2,3,2,3,2,7,10,0,0
24,892,4,0,4,0,9,10,4,2,3,2,3,2,7,10,0,0
24,892,4,0,4,0,9,10,4,2,3,2,3,2,7,10,0,0
24,892,4,0,4,0,9,10,4,2,3,2,3,2,7,10,0,0
24,892,4,0,4,0,9,10,4,2,3,2,3,2,7,10,0,0
24,892,4,0,4,0,9,10,4,2,3,2,3,2,7,10,0,0
24,892,4,0,4,0,9,10,4,2,3,2,3,2,7,10,0,0
24,892,4,0,4,0,9,10,4,2,3,2,3,2,8,10,8,0
24,892,4,0,4,0,10,10,4,3,3,2,4,2,8,9,8,0
24,892,4,0,4,0,10,10,4,3,3,2,4,2,8,9,8,0
24,892,4,0,4,0,10,10,4,3,3,2,4,2,8,9,9,0
24,892,4,0,4,0,10,10,4,2,3,2,4,2,8,8,9,0
24,892,4,0,4,0,10,10,4,2,3,2,4,2,8,8,9,0
24,892,4,0,4,0,10,10,4,2,3,1,4,2,8,8,9,0
24,892,4,0,4,0,10,10,4,2,3,1,4,2,8,8,5,0
24,892,4,0,4,0,10,10,4,2,3,1,4,2,8,8,5,0
24,892,4,0,4,0,10,10,4,2,3,1,4,2,8,8,5,0
24,892,4,0,4,0,9,9,4,2,3,1,3,2,8,8,5,0
24,892,4,0,4,0,9,9,4,2,3,1,3,2,8,8,0,0
24,892,4,0,4,0,9,9,4,2,3,1,3,2,8,8,0,0
24,892,4,0,4,0,9,9,4,2,3,1,3,2,8,8,0,0
24,892,4,0,4,0,9,9,4,2,3,1,3,2,8,8,0,0
24,892,4,0,4,0,9,9,4,2,3,1,3,2,8,8,0,0
24,892,4,0,4,0,9,9,4,2,3,1,3,2,8,8,0,0
24,892,4,0,4,0,9,9,4,2,3,1,3,2,7,8,0,0
25,893,4,0,4,0,9,9,4,2,3,1,3,2,7,8,0,0
25,893,4,0,4,0,9,9,4,2,3,1,3,2,7,8,0,0
25,893,4,0,4,0,9,9,4,2,3,1,3,2,7,8,0,0
25,893,4,0,4,0,9,9,4,2,3,1,3,2,7,8,0,0
25,893,4,0,4,0,9,9,4,2,3,1,3,2,7,8,0,0
25,893,4,0,4,0,9,9,4,2,3,1,3,2,7,8,0,0
25,893,4,0,4,0,9,9,4,2,3,1,3,2,8,8,8,0
25,893,4,0,4,0,10,9,4,2,3,2,4,3,8,8,8,1
25,893,4,0,4,0,10,10,4,3,3,3,4,3,8,8,8,1
25,893,4,0,4,0,10,10,4,4,3,2,4,3,8,8,9,2
25,893,4,0,4,0,10,10,4,4,3,3,4,3,8,8,9,3
25,893,4,0,4,0,10,10,4,4,3,3,4,3,8,8,9,4
25,893,4,0,4,0,10,10,4,4,3,3,4,3,8,8,9,4
25,893,4,0,4,0,10,10,4,3,3,3,4,3,8,8,5,4
25,893,4,0,4,0,10,10,4,2,3,3,4,3,8,9,5,4
25,893,4,0,4,0,10,10,4,2,3,3,4,3,8,8,5,1
25,893,4,0,4,0,9,10,4,2,3,2,3,3,8,8,5,1
25,893,4,0,4,0,9,10,4,2,3,2,3,3,8,8,0,1
25,893,4,0,4,0,9,10,4,2,3,2,3,3,8,8,0,1
25,893,4,0,4,0,9,10,4,2,3,2,3,3,8,8,0,1
25,893,4,0,4,0,9,10,4,2,3,2,3,3,8,8,0,1
25,893,4,0,4,0,9,9,4,2,3,2,3,3,8,8,0,1
25,893,4,0,4,0,9,9,4,2,3,2,3,3,8,8,0,1
25,893,4,0,4,0,9,9,4,2,3,2,3,3,7,8,0,1
26,894,4,0,3,0,8,9,3,2,2,2,2,3,7,8,0,1
26,894,4,0,3,0,8,9,3,2,2,2,2,3,7,8,0,1
26,894,4,0,3,0,8,9,3,2,2,2,2,3,7,8,0,1
26,894,4,0,3,0,8,9,3,2,2,2,2,3,7,8,0,1
26,894,4,0,3,0,8,9,3,2,2,2,2,3,7,8,0,1
26,894,4,0,3,0,8,9,3,2,2,2,2,3,7,8,0,1
26,894,4,0,3,0,8,9,3,2,2,2,3,3,10,8,0,1
26,894,4,0,3,0,8,8,3,2,2,1,3,2,10,7,0,1
26,894,4,0,3,0,8,8,3,2,2,1,3,2,10,7,0,1
26,894,4,0,3,0,8,8,3,2,2,1,3,2,10,7,0,1
26,894,4,0,3,0,8,8,3,2,2,1,3,2,10,7,0,1
26,894,4,0,3,0,8,7,3,2,2,1,3,2,10,7,0,1
26,894,4,0,3,0,8,7,3,2,2,1,3,1,10,7,0,0
26,894,4,0,3,0,8,7,3,2,2,1,3,1,10,7,0,0
26,894,4,0,3,0,8,7,3,2,2,1,3,1,10,7,0,0
26,894,4,0,3,0,8,7,3,2,2,1,2,1,8,7,0,0
26,894,4,0,3,0,8,7,3,2,2,1,2,0,8,7,0,0
26,894,4,0,3,0,8,7,3,2,2,1,2,0,8,7,0,0
26,894,4,0,3,0,8,7,3,2,2,1,2,0,8,7,0,0
26,894,4,0,3,0,8,7,3,2,2,1,2,0,8,7,0,0
26,894,4,0,3,0,8,7,3,2,2,1,2,0,8,7,0,0
26,894,4,0,3,0,8,7,3,2,2,1,2,0,8,7,0,0
26,894,4,0,3,0,8,7,3,2,2,1,2,0,8,7,0,0
26,894,4,0,3,0,8,7,3,2,2,1,2,0,7,7,0,0
27,895,4,0,3,0,8,7,3,2,2,1,2,0,4,7,0,0
27,895,4,0,3,0,8,7,3,2,2,1,2,0,4,7,0,0
27,895,4,0,3,0,8,7,3,2,2,1,2,0,4,7,0,0
27,895,4,0,3,0,8,7,3,2,2,1,2,0,4,7,0,0
27,895,4,0,3,0,8,7,3,2,2,1,2,0,4,7,0,0
27,895,4,0,3,0,8,7,3,2,2,1,2,0,4,7,0,0
27,895,4,0,3,0,8,7,3,2,2,1,3,0,4,7,0,0
27,895,4,0,3,0,8,7,3,2,2,1,3,0,5,6,0,0
27,895,4,0,3,0,8,7,3,2,2,1,3,0,5,6,0,0
27,895,4,0,3,0,8,7,3,2,2,1,3,0,5,6,0,0
27,895,4,0,3,0,8,7,3,2,2,1,3,0,5,6,0,0
27,895,4,0,3,0,8,7,3,2,2,1,3,0,5,6,0,0
27,895,4,0,3,0,8,7,3,2,2,1,3,0,5,6,0,0
27,895,4,0,3,0,8,7,3,2,2,1,3,0,5,6,0,0
27,895,4,0,3,0,8,7,3,2,2,1,3,0,5,6,0,0
27,895,4,0,3,0,8,7,3,2,2,1,2,0,4,6,0,0
27,895,4,0,3,0,8,7,3,2,2,1,2,0,4,6,0,0
27,895,4,0,3,0,8,7,3,2,2,1,2,0,4,6,0,0
27,895,4,0,3,0,8,7,3,2,2,1,2,0,4,6,0,0
27,895,4,0,3,0,8,7,3,2,2,1,2,0,4,6,0,0
27,895,4,0,3,0,8,7,3,2,2,1,2,0,4,6,0,0
27,895,4,0,3,0,8,7,3,2,2,1,2,0,4,6,0,0
27,895,4,0,3,0,8,7,3,2,2,1,2,0,4,6,0,0
27,895,4,0,3,0,8,7,3,2,2,1,2,0,4,6,0,0
0,896,4,0,4,0,9,7,4,2,3,1,3,0,7,6,0,0
0,896,4,0,4,0,9,7,4,2,3,1,3,0,7,6,0,0
0,896,4,0,4,0,9,7,4,2,3,1,3,0,7,6,0,0
0,896,4,0,4,0,9,7,4,2,3,1,3,0,7,6,0,0
0,896,4,0,4,0,9,7,4,2,3,1,3,0,7,6,0,0
0,896,4,0,4,0,9,7,4,2,3,1,3,0,7,6,0,0
0,896,4,0,4,0,9,7,4,2,3,1,3,0,8,6,8,0
0,896,4,0,4,0,10,9,4,4,3,1,4,1,8,8,8,2
0,896,4,0,4,0,10,10,4,4,3,2,4,1,8,8,8,2
0,896,4,0,4,0,10,10,4,4,3,2,4,1,8,8,9,2
0,896,4,0,4,0,10,10,4,4,3,2,4,1,8,8,9,2
0,896,4,0,4,0,10,10,4,4,3,3,4,1,8,8,9,2
0,896,4,0,4,0,10,10,4,4,3,3,4,1,8,8,9,2
0,896,4,0,4,0,10,10,4,4,3,3,4,1,8,8,5,2
0,896,4,0,4,0,10,9,4,4,3,2,4,1,8,8,5,2
0,896,4,0,4,0,10,9,4,4,3,2,4,1,8,8,5,2
0,896,4,0,4,0,9,9,4,4,3,2,3,1,8,8,5,2
0,896,4,0,4,0,9,9,4,4,3,2,3,1,8,8,0,1
0,896,4,0,4,0,9,9,4,4,3,2,3,1,8,8,0,1
0,896,4,0,4,0,9,9,4,4,3,2,3,1,8,8,0,1
0,896,4,0,4,0,9,9,4,3,3,2,3,1,8,8,0,1
0,896,4,0,4,0,9,9,4,3,3,2,3,1,8,8,0,0
0,896,4,0,4,0,9,9,4,3,3,2,3,0,8,8,0,0
0,896,4,0,4,0,9,9,4,3,3,2,3,0,7,8,0,0
1,897,4,0,4,0,9,9,4,3,3,2,3,0,4,8,0,0
1,897,4,0,4,0,9,9,4,3,3,2,3,0,4,8,0,0
1,897,4,0,4,0,9,9,4,3,3,2,3,0,4,8,0,0
1,897,4,0,4,0,9,9,4,3,3,2,3,0,4,8,0,0
1,897,4,0,4,0,9,9,4,3,3,2,3,0,4,8,0,0
1,897,4,0,4,0,9,9,4,3,3,2,3,0,4,8,0,0
1,897,4,0,4,0,9,9,4,3,3,2,3,0,4,8,8,0
1,897,4,0,4,0,10,9,4,4,3,2,4,1,5,7,8,1
1,897,4,0,4,0,10,10,4,4,3,3,4,1,5,7,8,1
1,897,4,0,4,0,10,10,4,4,3,3,4,1,5,7,9,2
1,897,4,0,4,0,10,10,4,4,3,3,4,1,5,7,9,2
1,897,4,0,4,0,10,9,4,4,3,2,4,1,5,7,9,2
1,897,4,0,4,0,10,9,4,4,3,3,4,1,5,7,9,1
1,897,4,0,4,0,10,9,4,4,3,2,4,1,5,7,5,1
1,897,4,0,4,0,10,9,4,4,3,2,4,1,5,7,5,1
1,897,4,0,4,0,10,9,4,4,3,2,4,1,4,7,5,1
1,897,4,0,4,0,9,9,4,4,3,2,3,1,4,7,5,1
1,897,4,0,4,0,9,9,4,4,3,2,3,1,4,7,0,1
1,897,4,0,4,0,9,9,4,4,3,2,3,1,4,7,0,1
1,897,4,0,4,0,9,9,4,4,3,2,3,1,4,7,0,1
1,897,4,0,4,0,9,9,4,4,3,1,3,1,4,7,0,1
1,897,4,0,4,0,9,9,4,4,3,1,3,1,4,7,0,1
1,897,4,0,4,0,9,9,4,4,3,1,3,1,4,7,0,1
1,897,4,0,4,0,9,9,4,4,3,1,3,1,4,7,0,1
2,898,4,0,4,0,9,9,4,4,3,1,3,1,7,7,0,1
2,898,4,0,4,0,9,9,4,4,3,1,3,1,7,7,0,1
2,898,4,0,4,0,9,9,4,4,3,1,3,1,7,7,0,1
2,898,4,0,4,0,9,9,4,4,3,1,3,1,7,7,0,1
2,898,4,0,4,0,9,9,4,4,3,1,3,1,7,7,0,1
2,898,4,0,4,0,9,9,4,4,3,1,3,1,7,7,0,1
2,898,4,0,4,0,9,9,4,4,3,1,3,1,10,7,8,1
2,898,4,0,4,0,10,9,4,4,3,2,4,1,10,10,8,1
2,898,4,0,4,0,10,10,4,4,3,3,4,1,10,10,8,1
2,898,4,0,4,0,10,10,4,4,3,3,4,1,10,10,9,1
2,898,4,0,4,0,10,10,4,4,3,3,4,1,10,10,9,1
2,898,4,0,4,0,10,10,4,4,3,3,4,1,10,11,9,1
2,898,4,0,4,0,10,10,4,4,3,3,4,1,10,10,9,0
2,898,4,0,4,0,10,10,4,4,3,3,4,1,10,10,5,0
2,898,4,0,4,0,10,10,4,4,3,3,4,1,10,10,5,0
2,898,4,0,4,0,10,10,4,3,3,2,4,1,8,9,5,0
2,898,4,0,4,0,9,10,4,3,3,2,3,1,8,9,5,0
2,898,4,0,4,0,9,10,4,3,3,2,3,1,8,9,0,0
2,898,4,0,4,0,9,10,4,3,3,2,3,1,8,9,0,0
2,898,4,0,4,0,9,10,4,3,3,2,3,1,8,9,0,0
2,898,4,0,4,0,9,10,4,3,3,2,3,1,8,8,0,0
2,898,4,0,4,0,9,10,4,3,3,2,3,1,8,8,0,0
2,898,4,0,4,0,9,10,4,3,3,2,3,1,8,8,0,0
2,898,4,0,4,0,9,10,4,3,3,2,3,1,7,8,0,0
3,899,4,0,4,0,9,10,4,3,3,2,3,1,7,8,0,0
3,899,4,0,4,0,9,10,4,3,3,2,3,1,7,8,0,0
3,899,4,0,4,0,9,10,4,3,3,2,3,1,7,8,0,0
3,899,4,0,4,0,9,10,4,3,3,2,3,1,7,8,0,0
3,899,4,0,4,0,9,10,4,3,3,2,3,1,7,8,0,0
3,899,4,0,4,0,9,10,4,3,3,2,3,1,7,8,0,0
3,899,4,0,4,0,9,10,4,3,3,2,3,1,8,8,8,0
3,899,4,0,4,0,10,10,4,4,3,2,4,2,8,8,8,0
3,899,4,0,4,0,10,10,4,4,3,2,4,2,8,8,8,0
3,899,4,0,4,0,10,10,4,4,3,2,4,2,8,8,9,0
3,899,4,0,4,0,10,10,4,4,3,2,4,2,8,8,9,0
3,899,4,0,4,0,10,10,4,4,3,2,4,2,8,8,9,0
3,899,4,0,4,0,10,10,4,4,3,2,4,2,8,8,9,0
3,899,4,0,4,0,10,10,4,4,3,2,4,2,8,8,5,0
3,899,4,0,4,0,10,10,4,4,3,2,4,2,8,8,5,0
3,899,4,0,4,0,10,10,4,3,3,2,4,2,8,8,5,0
3,899,4,0,4,0,9,10,4,3,3,2,3,2,8,8,5,0
3,899,4,0,4,0,9,10,4,3,3,2,3,2,8,8,0,0
3,899,4,0,4,0,9,10,4,3,3,2,3,2,8,8,0,0
3,899,4,0,4,0,9,9,4,3,3,2,3,2,8,7,0,0
3,899,4,0,4,0,9,9,4,3,3,2,3,2,8,7,0,0
3,899,4,0,4,0,9,9,4,3,3,2,3,2,8,7,0,0
3,899,4,0,4,0,9,9,4,3,3,2,3,2,8,7,0,0
3,899,4,0,4,0,9,9,4,3,3,2,3,2,7,7,0,0
4,900,4,0,4,0,9,9,4,3,3,2,3,2,7,7,0,0
4,900,4,0,4,0,9,9,4,3,3,2,3,2,7,7,0,0
4,900,4,0,4,0,9,9,4,3,3,2,3,2,7,7,0,0
4,900,4,0,4,0,9,9,4,3,3,2,3,2,7,7,0,0
4,900,4,0,4,0,9,9,4,3,3,2,3,2,7,7,0,0
4,900,4,0,4,0,9,9,4,3,3,2,3,2,7,7,0,0
4,900,4,0,4,0,9,9,4,3,3,2,3,2,8,7,8,0
4,900,4,0,4,0,10,10,4,3,3,3,4,3,8,8,8,1
4,900,4,0,4,0,10,10,4,4,3,3,4,3,8,8,8,1
4,900,4,0,4,0,10,10,4,3,3,3,4,3,8,8,9,1
4,900,4,0,4,0,10,10,4,4,3,2,4,3,8,8,9,1
4,900,4,0,4,0,10,10,4,4,3,3,4,3,8,8,9,1
4,900,4,0,4,0,10,10,4,4,3,3,4,3,8,8,9,1
4,900,4,0,4,0,10,10,4,4,3,3,4,3,8,8,5,1
4,900,4,0,4,0,10,10,4,4,3,2,4,3,8,8,5,1
4,900,4,0,4,0,10,10,4,4,3,2,4,3,8,8,5,1
4,900,4,0,4,0,9,10,4,4,3,2,3,3,8,8,5,1
4,900,4,0,4,0,9,10,4,4,3,2,3,3,8,8,0,1
4,900,4,0,4,0,9,10,4,4,3,2,3,3,8,8,0,1
4,900,4,0,4,0,9,10,4,4,3,2,3,3,8,8,0,1
4,900,4,0,4,0,9,10,4,4,3,2,3,3,8,8,0,1
4,900,4,0,4,0,9,10,4,4,3,2,3,3,8,8,0,1
4,900,4,0,4,0,9,10,4,4,3,2,3,3,8,8,0,0
4,900,4,0,4,0,9,10,4,4,3,2,3,3,7,8,0,0
5,901,4,0,3,0,8,10,3,4,2,2,2,3,7,8,0,0
5,901,4,0,3,0,8,10,3,4,2,2,2,3,7,8,0,0
5,901,4,0,3,0,8,10,3,4,2,2,2,3,7,8,0,0
5,901,4,0,3,0,8,10,3,4,2,2,2,3,7,8,0,0
5,901,4,0,3,0,8,10,3,4,2,2,2,3,7,8,0,0
5,901,4,0,3,0,8,10,3,4,2,2,2,3,7,8,0,0
5,901,4,0,3,0,8,10,3,4,2,2,3,3,10,8,0,0
5,901,4,0,3,0,8,9,3,3,2,2,3,3,10,7,0,0
5,901,4,0,3,0,8,9,3,3,2,2,3,3,10,7,0,0
5,901,4,0,3,0,8,8,3,3,2,2,3,3,10,6,0,0
5,901,4,0,3,0,8,8,3,3,2,2,3,3,10,6,0,0
5,901,4,0,3,0,8,8,3,3,2,2,3,3,10,6,0,0
5,901,4,0,3,0,8,8,3,3,2,2,3,3,10,6,0,0
5,901,4,0,3,0,8,8,3,3,2,2,3,3,10,6,0,0
5,901,4,0,3,0,8,8,3,3,2,2,3,3,10,6,0,0
5,901,4,0,3,0,8,8,3,3,2,2,2,3,8,6,0,0
5,901,4,0,3,0,8,8,3,3,2,2,2,3,8,5,0,0
5,901,4,0,3,0,8,8,3,3,2,2,2,3,8,5,0,0
5,901,4,0,3,0,8,8,3,3,2,2,2,2,8,5,0,0
5,901,4,0,3,0,8,8,3,3,2,2,2,2,8,5,0,0
5,901,4,0,3,0,8,8,3,3,2,2,2,2,8,5,0,0
5,901,4,0,3,0,8,8,3,3,2,2,2,2,8,5,0,0
5,901,4,0,3,0,8,8,3,3,2,2,2,2,8,4,0,0
5,901,4,0,3,0,8,8,3,3,2,2,2,2,7,4,0,0
6,902,4,0,3,0,8,8,3,3,2,2,2,2,4,4,0,0
6,902,4,0,3,0,8,8,3,3,2,2,2,2,4,4,0,0
6,902,4,0,3,0,8,8,3,3,2,2,2,2,4,4,0,0
6,902,4,0,3,0,8,8,3,3,2,2,2,2,4,4,0,0
6,902,4,0,3,0,8,8,3,3,2,2,2,2,4,4,0,0
6,902,4,0,3,0,8,8,3,3,2,2,2,2,4,4,0,0
6,902,4,0,3,0,8,8,3,3,2,2,3,2,4,4,0,0
6,902,4,0,3,0,8,8,3,3,2,2,3,1,5,3,0,0
6,902,4,0,3,0,8,8,3,3,2,1,3,1,5,3,0,0
6,902,4,0,3,0,8,8,3,3,2,1,3,1,5,3,0,0
6,902,4,0,3,0,8,8,3,3,2,1,3,1,5,3,0,0
6,902,4,0,3,0,8,8,3,3,2,1,3,1,5,3,0,0
6,902,4,0,3,0,8,8,3,3,2,1,3,1,5,3,0,0
6,902,4,0,3,0,8,8,3,3,2,1,3,1,5,3,0,0
6,902,4,0,3,0,8,8,3,3,2,1,3,1,5,3,0,0
6,902,4,0,3,0,8,8,3,3,2,1,2,1,4,3,0,0
6,902,4,0,3,0,8,8,3,3,2,1,2,1,4,3,0,0
6,902,4,0,3,0,8,8,3,3,2,1,2,1,4,3,0,0
6,902,4,0,3,0,8,8,3,3,2,1,2,1,4,3,0,0
6,902,4,0,3,0,8,8,3,3,2,1,2,1,4,3,0,0
6,902,4,0,3,0,8,8,3,3,2,1,2,1,4,3,0,0
6,902,4,0,3,0,8,8,3,3,2,1,2,1,4,3,0,0
6,902,4,0,3,0,8,8,3,3,2,1,2,1,4,3,0,0
6,902,4,0,3,0,8,8,3,3,2,1,2,1,4,3,0,0
7,903,4,0,4,0,9,8,4,3,3,1,3,1,7,3,0,0
7,903,4,0,4,0,9,8,4,3,3,1,3,1,7,3,0,0
7,903,4,0,4,0,9,8,4,3,3,1,3,1,7,3,0,0
7,903,4,0,4,0,9,8,4,3,3,1,3,1,7,3,0,0
7,903,4,0,4,0,9,8,4,3,3,1,3,1,7,3,0,0
7,903,4,0,4,0,9,8,4,3,3,1,3,1,7,3,0,0
7,903,4,0,4,0,9,8,4,3,3,1,3,1,8,3,8,0
7,903,4,0,4,0,10,8,4,4,3,3,4,2,8,6,8,1
7,903,4,0,4,0,10,8,4,4,3,3,4,2,8,7,8,1
7,903,4,0,4,0,10,8,4,4,3,3,4,2,8,8,9,1
7,903,4,0,4,0,10,9,4,4,3,3,4,2,8,8,9,1
7,903,4,0,4,0,10,10,4,4,3,3,4,2,8,8,9,1
7,903,4,0,4,0,10,10,4,4,3,3,4,2,8,8,9,1
7,903,4,0,4,0,10,9,4,4,3,2,4,2,8,7,5,1
7,903,4,0,4,0,10,9,4,4,3,2,4,2,8,7,5,1
7,903,4,0,4,0,10,9,4,4,3,2,4,2,8,7,5,1
7,903,4,0,4,0,9,9,4,4,3,2,3,2,8,7,5,1
7,903,4,0,4,0,9,9,4,4,3,2,3,2,8,7,0,1
7,903,4,0,4,0,9,9,4,4,3,2,3,2,8,7,0,1
7,903,4,0,4,0,9,9,4,4,3,2,3,2,8,7,0,1
7,903,4,0,4,0,9,9,4,4,3,2,3,2,8,7,0,1
7,903,4,0,4,0,9,9,4,4,3,2,3,2,8,7,0,1
7,903,4,0,4,0,9,9,4,4,3,2,3,2,8,7,0,1
7,903,4,0,4,0,9,9,4,4,3,2,3,2,7,7,0,1
8,904,4,0,4,0,9,9,4,4,3,2,3,2,4,7,0,1
8,904,4,0,4,0,9,9,4,4,3,2,3,2,4,7,0,1
8,904,4,0,4,0,9,9,4,4,3,2,3,2,4,7,0,1
8,904,4,0,4,0,9,9,4,4,3,2,3,2,4,7,0,1
8,904,4,0,4,0,9,9,4,4,3,2,3,2,4,7,0,1
8,904,4,0,4,0,9,9,4,4,3,2,3,2,4,7,0,1
8,904,4,0,4,0,9,9,4,4,3,2,3,2,4,7,8,1
8,904,4,0,4,0,10,9,4,4,3,3,4,3,5,7,8,2
8,904,4,0,4,0,10,9,4,4,3,3,4,3,5,7,8,3
8,904,4,0,4,0,10,10,4,4,3,2,4,3,5,7,9,3
8,904,4,0,4,0,10,10,4,4,3,3,4,3,5,7,9,3
8,904,4,0,4,0,10,10,4,4,3,3,4,3,5,7,9,3
8,904,4,0,4,0,10,10,4,4,3,3,4,3,5,7,9,3
8,904,4,0,4,0,10,10,4,4,3,2,4,3,5,7,5,3
8,904,4,0,4,0,10,10,4,4,3,2,4,3,5,6,5,3
8,904,4,0,4,0,10,10,4,4,3,2,4,3,4,6,5,2
8,904,4,0,4,0,9,10,4,4,3,2,3,3,4,6,5,2
8,904,4,0,4,0,9,10,4,4,3,2,3,3,4,6,0,2
8,904,4,0,4,0,9,9,4,4,3,2,3,3,4,6,0,2
8,904,4,0,4,0,9,9,4,4,3,2,3,3,4,6,0,2
8,904,4,0,4,0,9,8,4,4,3,2,3,3,4,6,0,2
8,904,4,0,4,0,9,8,4,4,3,2,3,3,4,6,0,2
8,904,4,0,4,0,9,8,4,4,3,2,3,3,4,5,0,1
8,904,4,0,4,0,9,8,4,4,3,2,3,3,4,5,0,1
9,905,4,0,4,0,9,8,4,4,3,2,3,3,7,6,0,1
9,905,4,0,4,0,9,8,4,4,3,2,3,3,7,6,0,1
9,905,4,0,4,0,9,8,4,4,3,2,3,3,7,6,0,1
9,905,4,0,4,0,9,8,4,4,3,2,3,3,7,6,0,1
9,905,4,0,4,0,9,8,4,4,3,2,3,3,7,6,0,1
9,905,4,0,4,0,9,8,4,4,3,2,3,3,7,6,0,1
9,905,4,0,4,0,9,8,4,4,3,2,3,3,10,6,8,1
9,905,4,0,4,0,10,9,4,4,3,3,4,4,10,9,8,1
9,905,4,0,4,0,10,10,4,4,3,3,4,4,10,9,8,2
9,905,4,0,4,0,10,10,4,4,3,3,4,4,10,10,9,2
9,905,4,0,4,0,10,10,4,4,3,3,4,4,10,10,9,3
9,905,4,0,4,0,10,10,4,3,3,3,4,4,10,11,9,3
9,905,4,0,4,0,10,10,4,3,3,3,4,4,10,11,9,3
9,905,4,0,4,0,10,10,4,3,3,3,4,4,10,10,5,3
9,905,4,0,4,0,10,10,4,3,3,3,4,3,10,10,5,1
9,905,4,0,4,0,10,10,4,3,3,2,4,3,8,10,5,1
9,905,4,0,4,0,9,10,4,3,3,2,3,3,8,10,5,1
9,905,4,0,4,0,9,10,4,3,3,2,3,3,8,10,0,1
9,905,4,0,4,0,9,10,4,3,3,2,3,3,8,10,0,1
9,905,4,0,4,0,9,10,4,3,3,2,3,3,8,9,0,1
9,905,4,0,4,0,9,10,4,3,3,2,3,3,8,9,0,1
9,905,4,0,4,0,9,10,4,3,3,2,3,3,8,9,0,1
9,905,4,0,4,0,9,10,4,3,3,2,3,2,8,8,0,0
9,905,4,0,4,0,9,10,4,3,3,2,3,2,7,8,0,0
10,906,4,0,4,0,9,10,4,3,3,2,3,2,7,8,0,0
10,906,4,0,4,0,9,10,4,3,3,2,3,2,7,8,0,0
10,906,4,0,4,0,9,10,4,3,3,2,3,2,7,8,0,0
10,906,4,0,4,0,9,10,4,3,3,2,3,2,7,8,0,0
10,906,4,0,4,0,9,10,4,3,3,2,3,2,7,8,0,0
10,906,4,0,4,0,9,10,4,3,3,2,3,2,7,8,0,0
10,906,4,0,4,0,9,10,4,3,3,2,3,2,8,8,8,0
10,906,4,0,4,0,10,10,4,4,3,2,4,2,8,8,8,0
10,906,4,0,4,0,10,10,4,4,3,2,4,2,8,8,8,0
10,906,4,0,4,0,10,10,4,4,3,2,4,2,8,8,9,0
10,906,4,0,4,0,10,10,4,4,3,2,4,2,8,8,9,0
10,906,4,0,4,0,10,10,4,4,3,2,4,2,8,8,9,0
10,906,4,0,4,0,10,10,4,4,3,2,4,2,8,8,9,0
10,906,4,0,4,0,10,10,4,4,3,2,4,2,8,8,5,0
10,906,4,0,4,0,10,10,4,4,3,2,4,2,8,8,5,0
10,906,4,0,4,0,10,10,4,4,3,2,4,2,8,8,5,0
10,906,4,0,4,0,9,10,4,4,3,2,3,2,8,8,5,0
10,906,4,0,4,0,9,9,4,4,3,2,3,2,8,8,0,0
10,906,4,0,4,0,9,9,4,4,3,1,3,2,8,8,0,0
10,906,4,0,4,0,9,9,4,4,3,1,3,2,8,7,0,0
10,906,4,0,4,0,9,9,4,4,3,1,3,2,8,6,0,0
10,906,4,0,4,0,9,9,4,4,3,1,3,2,8,6,0,0
10,906,4,0,4,0,9,9,4,4,3,1,3,2,8,6,0,0
10,906,4,0,4,0,9,9,4,4,3,1,3,2,7,6,0,0
11,907,4,0,4,0,9,9,4,4,3,1,3,2,7,6,0,0
11,907,4,0,4,0,9,9,4,4,3,1,3,2,7,6,0,0
11,907,4,0,4,0,9,9,4,4,3,1,3,2,7,6,0,0
11,907,4,0,4,0,9,9,4,4,3,1,3,2,7,6,0,0
11,907,4,0,4,0,9,9,4,4,3,1,3,2,7,6,0,0
11,907,4,0,4,0,9,9,4,4,3,1,3,2,7,6,0,0
11,907,4,0,4,0,9,9,4,4,3,1,3,2,8,6,8,0
11,907,4,0,4,0,10,9,4,3,3,3,4,3,8,8,8,0
11,907,4,0,4,0,10,10,4,4,3,3,4,3,8,8,8,1
11,907,4,0,4,0,10,10,4,4,3,3,4,3,8,8,9,1
11,907,4,0,4,0,10,10,4,4,3,3,4,3,8,8,9,1
11,907,4,0,4,0,10,10,4,4,3,3,4,3,8,9,9,1
11,907,4,0,4,0,10,10,4,4,3,3,4,3,8,9,9,1
11,907,4,0,4,0,10,10,4,4,3,3,4,3,8,9,5,1
11,907,4,0,4,0,10,10,4,4,3,3,4,3,8,8,5,0
11,907,4,0,4,0,10,9,4,4,3,3,4,3,8,8,5,0
11,907,4,0,4,0,9,9,4,4,3,2,3,3,8,8,5,0
11,907,4,0,4,0,9,9,4,4,3,2,3,3,8,7,0,0
11,907,4,0,4,0,9,9,4,4,3,2,3,3,8,7,0,0
11,907,4,0,4,0,9,9,4,4,3,2,3,3,8,7,0,0
11,907,4,0,4,0,9,9,4,4,3,2,3,3,8,7,0,0
11,907,4,0,4,0,9,9,4,4,3,2,3,3,8,7,0,0
11,907,4,0,4,0,9,9,4,4,3,1,3,3,8,7,0,0
11,907,4,0,4,0,9,9,4,4,3,1,3,3,7,7,0,0
12,908,4,0,3,0,8,9,3,4,2,1,2,3,7,7,0,0
12,908,4,0,3,0,8,9,3,4,2,1,2,3,7,7,0,0
12,908,4,0,3,0,8,9,3,4,2,1,2,3,7,7,0,0
12,908,4,0,3,0,8,9,3,4,2,1,2,3,7,7,0,0
12,908,4,0,3,0,8,9,3,4,2,1,2,3,7,7,0,0
12,908,4,0,3,0,8,9,3,4,2,1,2,3,7,7,0,0
12,908,4,0,3,0,8,9,3,4,2,1,3,3,10,7,0,0
12,908,4,0,3,0,8,9,3,4,2,1,3,3,10,6,0,0
12,908,4,0,3,0,8,8,3,4,2,1,3,3,10,6,0,0
12,908,4,0,3,0,8,8,3,4,2,1,3,3,10,6,0,0
12,908,4,0,3,0,8,8,3,4,2,1,3,3,10,6,0,0
12,908,4,0,3,0,8,8,3,4,2,1,3,3,10,6,0,0
12,908,4,0,3,0,8,8,3,4,2,1,3,3,10,6,0,0
12,908,4,0,3,0,8,8,3,4,2,1,3,3,10,6,0,0
12,908,4,0,3,0,8,8,3,4,2,1,3,3,10,6,0,0
12,908,4,0,3,0,8,8,3,4,2,1,2,3,8,6,0,0
12,908,4,0,3,0,8,8,3,4,2,1,2,3,8,5,0,0
12,908,4,0,3,0,8,8,3,4,2,1,2,3,8,5,0,0
12,908,4,0,3,0,8,8,3,4,2,1,2,3,8,5,0,0
12,908,4,0,3,0,8,8,3,4,2,1,2,3,8,5,0,0
12,908,4,0,3,0,8,8,3,4,2,1,2,3,8,5,0,0
12,908,4,0,3,0,8,8,3,4,2,1,2,3,8,5,0,0
12,908,4,0,3,0,8,8,3,4,2,1,2,3,8,5,0,0
12,908,4,0,3,0,8,8,3,4,2,1,2,3,7,5,0,0
13,909,4,0,3,0,8,8,3,4,2,1,2,3,4,5,0,0
13,909,4,0,3,0,8,8,3,4,2,1,2,3,4,5,0,0
13,909,4,0,3,0,8,8,3,4,2,1,2,3,4,5,0,0
13,909,4,0,3,0,8,8,3,4,2,1,2,3,4,5,0,0
13,909,4,0,3,0,8,8,3,4,2,1,2,3,4,5,0,0
13,909,4,0,3,0,8,8,3,4,2,1,2,3,4,5,0,0
13,909,4,0,3,0,8,8,3,4,2,1,3,3,4,5,0,0
13,909,4,0,3,0,8,8,3,4,2,1,3,1,5,5,0,0
13,909,4,0,3,0,8,8,3,3,2,1,3,1,5,5,0,0
13,909,4,0,3,0,8,8,3,3,2,1,3,1,5,5,0,0
13,909,4,0,3,0,8,8,3,3,2,1,3,1,5,5,0,0
13,909,4,0,3,0,8,8,3,3,2,1,3,1,5,5,0,0
13,909,4,0,3,0,8,8,3,3,2,1,3,1,5,5,0,0
13,909,4,0,3,0,8,8,3,3,2,1,3,1,5,5,0,0
13,909,4,0,3,0,8,8,3,3,2,1,3,1,5,5,0,0
13,909,4,0,3,0,8,8,3,3,2,1,2,1,4,5,0,0
13,909,4,0,3,0,8,8,3,3,2,1,2,1,4,5,0,0
13,909,4,0,3,0,8,8,3,3,2,1,2,1,4,5,0,0
13,909,4,0,3,0,8,8,3,3,2,1,2,1,4,5,0,0
13,909,4,0,3,0,8,8,3,3,2,1,2,1,4,5,0,0
13,909,4,0,3,0,8,8,3,3,2,1,2,1,4,5,0,0
13,909,4,0,3,0,8,8,3,3,2,1,2,1,4,5,0,0
13,909,4,0,3,0,8,8,3,3,2,1,2,1,4,5,0,0
13,909,4,0,3,0,8,8,3,3,2,1,2,1,4,5,0,0
14,910,4,0,4,0,9,8,4,3,3,1,3,1,7,5,0,0
14,910,4,0,4,0,9,8,4,3,3,1,3,1,7,5,0,0
14,910,4,0,4,0,9,8,4,3,3,1,3,1,7,5,0,0
14,910,4,0,4,0,9,8,4,3,3,1,3,1,7,5,0,0
14,910,4,0,4,0,9,8,4,3,3,1,3,1,7,5,0,0
14,910,4,0,4,0,9,8,4,3,3,1,3,1,7,5,0,0
14,910,4,0,4,0,9,8,4,3,3,1,3,1,8,5,8,0
14,910,4,0,4,0,10,9,4,4,3,2,4,2,8,8,8,2
14,910,4,0,4,0,10,10,4,4,3,2,4,2,8,8,8,2
14,910,4,0,4,0,10,10,4,4,3,3,4,2,8,8,9,2
14,910,4,0,4,0,10,10,4,4,3,3,4,2,8,8,9,2
14,910,4,0,4,0,10,10,4,4,3,3,4,2,8,8,9,2
14,910,4,0,4,0,10,9,4,4,3,3,4,2,8,8,9,2
14,910,4,0,4,0,10,9,4,4,3,2,4,2,8,8,5,2
14,910,4,0,4,0,10,9,4,4,3,2,4,2,8,7,5,2
14,910,4,0,4,0,10,9,4,4,3,2,4,2,8,7,5,2
14,910,4,0,4,0,9,9,4,4,3,2,3,2,8,7,5,2
14,910,4,0,4,0,9,9,4,4,3,2,3,1,8,7,0,2
14,910,4,0,4,0,9,9,4,4,3,2,3,1,8,7,0,1
14,910,4,0,4,0,9,9,4,4,3,2,3,1,8,7,0,1
14,910,4,0,4,0,9,9,4,4,3,2,3,1,8,7,0,0
14,910,4,0,4,0,9,9,4,4,3,2,3,1,8,7,0,0
14,910,4,0,4,0,9,9,4,4,3,2,3,1,8,7,0,0
14,910,4,0,4,0,9,9,4,4,3,2,3,1,7,7,0,0
15,911,4,0,4,0,9,9,4,4,3,2,3,1,4,7,0,0
15,911,4,0,4,0,9,9,4,4,3,2,3,1,4,7,0,0
15,911,4,0,4,0,9,9,4,4,3,2,3,1,4,7,0,0
15,911,4,0,4,0,9,9,4,4,3,2,3,1,4,7,0,0
15,911,4,0,4,0,9,9,4,4,3,2,3,1,4,7,0,0
15,911,4,0,4,0,9,9,4,4,3,2,3,1,4,7,0,0
15,911,4,0,4,0,9,9,4,4,3,2,3,1,4,7,8,0
15,911,4,0,4,0,10,8,4,4,3,3,4,2,5,6,8,2
15,911,4,0,4,0,10,9,4,4,3,3,4,2,5,6,8,3
15,911,4,0,4,0,10,10,4,4,3,3,4,2,5,5,9,4
15,911,4,0,4,0,10,10,4,4,3,3,4,2,5,5,9,4
15,911,4,0,4,0,10,10,4,4,3,3,4,2,5,5,9,4
15,911,4,0,4,0,10,10,4,4,3,3,4,2,5,5,9,3
15,911,4,0,4,0,10,10,4,4,3,3,4,2,5,5,5,3
15,911,4,0,4,0,10,10,4,4,3,3,4,2,5,5,5,3
15,911,4,0,4,0,10,10,4,4,3,3,4,2,4,5,5,1
15,911,4,0,4,0,9,9,4,4,3,3,3,2,4,5,5,1
15,911,4,0,4,0,9,9,4,4,3,3,3,2,4,5,0,1
15,911,4,0,4,0,9,9,4,4,3,3,3,2,4,5,0,1
15,911,4,0,4,0,9,9,4,4,3,3,3,2,4,5,0,0
15,911,4,0,4,0,9,9,4,4,3,3,3,2,4,5,0,0
15,911,4,0,4,0,9,9,4,4,3,3,3,2,4,5,0,0
15,911,4,0,4,0,9,9,4,4,3,3,3,2,4,5,0,0
15,911,4,0,4,0,9,9,4,4,3,3,3,2,4,5,0,0
16,912,4,0,4,0,9,9,4,4,3,3,3,2,7,5,0,0
16,912,4,0,4,0,9,9,4,4,3,3,3,2,7,5,0,0
16,912,4,0,4,0,9,9,4,4,3,3,3,2,7,5,0,0
16,912,4,0,4,0,9,9,4,4,3,3,3,2,7,5,0,0
16,912,4,0,4,0,9,9,4,4,3,3,3,2,7,5,0,0
16,912,4,0,4,0,9,9,4,4,3,3,3,2,7,5,0,0
16,912,4,0,4,0,9,9,4,4,3,3,3,2,10,5,8,0
16,912,4,0,4,0,10,8,4,2,3,3,4,3,10,10,8,1
16,912,4,0,4,0,10,10,4,2,3,3,4,3,10,10,8,1
16,912,4,0,4,0,10,10,4,3,3,3,4,3,10,11,9,2
16,912,4,0,4,0,10,10,4,3,3,3,4,3,10,11,9,2
16,912,4,0,4,0,10,10,4,3,3,3,4,3,10,11,9,2
16,912,4,0,4,0,10,10,4,3,3,3,4,3,10,11,9,2
16,912,4,0,4,0,10,10,4,3,3,3,4,3,10,11,5,2
16,912,4,0,4,0,10,10,4,3,3,3,4,3,10,10,5,1
16,912,4,0,4,0,10,10,4,3,3,3,4,3,8,9,5,0
16,912,4,0,4,0,9,10,4,3,3,3,3,3,8,9,5,0
16,912,4,0,4,0,9,10,4,3,3,3,3,3,8,9,0,0
16,912,4,0,4,0,9,10,4,3,3,3,3,3,8,9,0,0
16,912,4,0,4,0,9,10,4,3,3,3,3,3,8,9,0,0
16,912,4,0,4,0,9,10,4,3,3,3,3,3,8,8,0,0
16,912,4,0,4,0,9,9,4,3,3,2,3,3,8,8,0,0
16,912,4,0,4,0,9,9,4,3,3,2,3,2,8,8,0,0
16,912,4,0,4,0,9,9,4,3,3,2,3,2,7,8,0,0
17,913,4,0,4,0,9,9,4,3,3,2,3,2,7,8,0,0
17,913,4,0,4,0,9,9,4,3,3,2,3,2,7,8,0,0
17,913,4,0,4,0,9,9,4,3,3,2,3,2,7,8,0,0
17,913,4,0,4,0,9,9,4,3,3,2,3,2,7,8,0,0
17,913,4,0,4,0,9,9,4,3,3,2,3,2,7,8,0,0
17,913,4,0,4,0,9,9,4,3,3,2,3,2,7,8,0,0
17,913,4,0,4,0,9,9,4,3,3,2,3,2,8,8,8,0
17,913,4,0,4,0,10,8,4,4,3,1,4,3,8,8,8,0
17,913,4,0,4,0,10,10,4,4,3,0,4,3,8,8,8,0
17,913,4,0,4,0,10,10,4,4,3,0,4,3,8,8,9,0
17,913,4,0,4,0,10,10,4,4,3,0,4,3,8,8,9,0
17,913,4,0,4,0,10,10,4,4,3,0,4,3,8,7,9,0
17,913,4,0,4,0,10,10,4,4,3,0,4,3,8,7,9,0
17,913,4,0,4,0,10,10,4,4,3,0,4,3,8,7,5,0
17,913,4,0,4,0,10,10,4,4,3,0,4,3,8,7,5,0
17,913,4,0,4,0,10,10,4,4,3,0,4,3,8,7,5,0
17,913,4,0,4,0,9,10,4,4,3,0,3,3,8,7,5,0
17,913,4,0,4,0,9,10,4,4,3,0,3,3,8,7,0,0
17,913,4,0,4,0,9,10,4,4,3,0,3,3,8,7,0,0
17,913,4,0,4,0,9,10,4,4,3,0,3,3,8,7,0,0
17,913,4,0,4,0,9,10,4,3,3,0,3,3,8,7,0,0
17,913,4,0,4,0,9,10,4,3,3,0,3,3,8,7,0,0
17,913,4,0,4,0,9,10,4,3,3,0,3,3,8,7,0,0
17,913,4,0,4,0,9,10,4,3,3,0,3,3,7,7,0,0
18,914,4,0,4,0,9,10,4,3,3,0,3,3,7,7,0,0
18,914,4,0,4,0,9,10,4,3,3,0,3,3,7,7,0,0
18,914,4,0,4,0,9,10,4,3,3,0,3,3,7,7,0,0
18,914,4,0,4,0,9,10,4,3,3,0,3,3,7,7,0,0
18,914,4,0,4,0,9,10,4,3,3,0,3,3,7,7,0,0
18,914,4,0,4,0,9,10,4,3,3,0,3,3,7,7,0,0
18,914,4,0,4,0,9,10,4,3,3,0,3,3,8,7,8,0
18,914,4,0,4,0,10,10,4,2,3,1,4,4,8,8,8,1
18,914,4,0,4,0,10,10,4,2,3,3,4,4,8,8,8,1
18,914,4,0,4,0,10,10,4,3,3,3,4,4,8,8,9,2
18,914,4,0,4,0,10,10,4,4,3,3,4,4,8,8,9,2
18,914,4,0,4,0,10,10,4,4,3,3,4,4,8,8,9,2
18,914,4,0,4,0,10,10,4,4,3,3,4,4,8,8,9,2
18,914,4,0,4,0,10,10,4,4,3,3,4,4,8,8,5,2
18,914,4,0,4,0,10,10,4,4,3,2,4,4,8,8,5,1
18,914,4,0,4,0,10,10,4,3,3,1,4,4,8,8,5,1
18,914,4,0,4,0,9,10,4,3,3,1,3,4,8,8,5,1
18,914,4,0,4,0,9,10,4,3,3,1,3,4,8,8,0,1
18,914,4,0,4,0,9,10,4,3,3,1,3,4,8,8,0,1
18,914,4,0,4,0,9,10,4,3,3,1,3,4,8,8,0,1
18,914,4,0,4,0,9,10,4,3,3,1,3,4,8,8,0,1
18,914,4,0,4,0,9,10,4,3,3,1,3,4,8,8,0,1
18,914,4,0,4,0,9,10,4,3,3,0,3,4,8,8,0,1
18,914,4,0,4,0,9,10,4,3,3,0,3,4,7,8,0,1
19,915,4,0,3,0,8,10,3,3,2,0,2,4,7,8,0,1
19,915,4,0,3,0,8,10,3,3,2,0,2,4,7,8,0,1
19,915,4,0,3,0,8,10,3,3,2,0,2,4,7,8,0,1
19,915,4,0,3,0,8,10,3,3,2,0,2,4,7,8,0,1
19,915,4,0,3,0,8,10,3,3,2,0,2,4,7,8,0,1
19,915,4,0,3,0,8,10,3,3,2,0,2,4,7,8,0,1
19,915,4,0,3,0,8,10,3,3,2,0,3,4,10,8,0,1
19,915,4,0,3,0,8,9,3,2,2,0,3,4,10,7,0,0
19,915,4,0,3,0,8,9,3,2,2,0,3,3,10,7,0,0
19,915,4,0,3,0,8,9,3,2,2,0,3,3,10,7,0,0
19,915,4,0,3,0,8,9,3,2,2,0,3,3,10,7,0,0
19,915,4,0,3,0,8,9,3,2,2,0,3,3,10,7,0,0
19,915,4,0,3,0,8,9,3,2,2,0,3,3,10,6,0,0
19,915,4,0,3,0,8,9,3,2,2,0,3,3,10,6,0,0
19,915,4,0,3,0,8,9,3,2,2,0,3,3,10,6,0,0
19,915,4,0,3,0,8,9,3,1,2,0,2,3,8,6,0,0
19,915,4,0,3,0,8,9,3,1,2,0,2,3,8,6,0,0
19,915,4,0,3,0,8,8,3,1,2,0,2,3,8,6,0,0
19,915,4,0,3,0,8,8,3,1,2,0,2,3,8,6,0,0
19,915,4,0,3,0,8,8,3,1,2,0,2,3,8,6,0,0
19,915,4,0,3,0,8,8,3,1,2,0,2,3,8,6,0,0
19,915,4,0,3,0,8,8,3,1,2,0,2,3,8,6,0,0
19,915,4,0,3,0,8,8,3,1,2,0,2,3,8,6,0,0
19,915,4,0,3,0,8,8,3,1,2,0,2,3,7,6,0,0
20,916,4,0,3,0,8,8,3,1,2,0,2,3,4,6,0,0
20,916,4,0,3,0,8,8,3,1,2,0,2,3,4,6,0,0
20,916,4,0,3,0,8,8,3,1,2,0,2,3,4,6,0,0
20,916,4,0,3,0,8,8,3,1,2,0,2,3,4,6,0,0
20,916,4,0,3,0,8,8,3,1,2,0,2,3,4,6,0,0
20,916,4,0,3,0,8,8,3,1,2,0,2,3,4,6,0,0
20,916,4,0,3,0,8,8,3,1,2,0,3,3,4,6,0,0
20,916,4,0,3,0,8,7,3,1,2,0,3,3,5,5,0,0
20,916,4,0,3,0,8,7,3,1,2,0,3,3,5,5,0,0
20,916,4,0,3,0,8,7,3,1,2,0,3,3,5,5,0,0
20,916,4,0,3,0,8,7,3,1,2,0,3,2,5,5,0,0
20,916,4,0,3,0,8,7,3,1,2,0,3,2,5,5,0,0
20,916,4,0,3,0,8,7,3,1,2,0,3,2,5,5,0,0
20,916,4,0,3,0,8,7,3,1,2,0,3,2,5,5,0,0
20,916,4,0,3,0,8,7,3,1,2,0,3,0,5,5,0,0
20,916,4,0,3,0,8,7,3,1,2,0,2,0,4,5,0,0
20,916,4,0,3,0,8,7,3,0,2,0,2,0,4,5,0,0
20,916,4,0,3,0,8,7,3,0,2,0,2,0,4,5,0,0
20,916,4,0,3,0,8,7,3,0,2,0,2,0,4,5,0,0
20,916,4,0,3,0,8,7,3,0,2,0,2,0,4,5,0,0
20,916,4,0,3,0,8,7,3,0,2,0,2,0,4,5,0,0
20,916,4,0,3,0,8,7,3,0,2,0,2,0,4,5,0,0
20,916,4,0,3,0,8,7,3,0,2,0,2,0,4,5,0,0
20,916,4,0,3,0,8,7,3,0,2,0,2,0,4,5,0,0
21,917,4,0,4,0,9,7,4,0,3,0,3,0,7,5,0,0
21,917,4,0,4,0,9,7,4,0,3,0,3,0,7,5,0,0
21,917,4,0,4,0,9,7,4,0,3,0,3,0,7,5,0,0
21,917,4,0,4,0,9,7,4,0,3,0,3,0,7,5,0,0
21,917,4,0,4,0,9,7,4,0,3,0,3,0,7,5,0,0
21,917,4,0,4,0,9,7,4,0,3,0,3,0,7,5,0,0
21,917,4,0,4,0,9,7,4,0,3,0,3,0,8,5,8,0
21,917,4,0,4,0,10,9,4,2,3,1,4,1,8,7,8,1
21,917,4,0,4,0,10,10,4,3,3,2,4,1,8,7,8,1
21,917,4,0,4,0,10,10,4,3,3,3,4,1,8,8,9,1
21,917,4,0,4,0,10,9,4,4,3,3,4,1,8,8,9,1
21,917,4,0,4,0,10,9,4,4,3,3,4,1,8,8,9,1
21,917,4,0,4,0,10,9,4,4,3,3,4,1,8,8,9,1
21,917,4,0,4,0,10,9,4,3,3,3,4,1,8,7,5,1
21,917,4,0,4,0,10,9,4,3,3,3,4,1,8,7,5,1
21,917,4,0,4,0,10,9,4,3,3,2,4,1,8,7,5,0
21,917,4,0,4,0,9,9,4,3,3,1,3,1,8,7,5,0
21,917,4,0,4,0,9,8,4,3,3,1,3,1,8,7,0,0
21,917,4,0,4,0,9,8,4,3,3,1,3,1,8,7,0,0
21,917,4,0,4,0,9,8,4,3,3,1,3,1,8,7,0,0
21,917,4,0,4,0,9,8,4,3,3,1,3,1,8,7,0,0
21,917,4,0,4,0,9,8,4,3,3,1,3,1,8,7,0,0
21,917,4,0,4,0,9,8,4,3,3,1,3,1,8,7,0,0
21,917,4,0,4,0,9,8,4,3,3,1,3,1,7,7,0,0
22,918,4,0,4,0,9,8,4,3,3,1,3,1,4,7,0,0
22,918,4,0,4,0,9,8,4,3,3,1,3,1,4,7,0,0
22,918,4,0,4,0,9,8,4,3,3,1,3,1,4,7,0,0
22,918,4,0,4,0,9,8,4,3,3,1,3,1,4,7,0,0
22,918,4,0,4,0,9,8,4,3,3,1,3,1,4,7,0,0
22,918,4,0,4,0,9,8,4,3,3,1,3,1,4,7,0,0
22,918,4,0,4,0,9,8,4,3,3,1,3,1,4,7,8,0
22,918,4,0,4,0,10,9,4,3,3,3,4,2,5,7,8,5
22,918,4,0,4,0,10,10,4,4,3,3,4,2,5,7,8,6
22,918,4,0,4,0,10,10,4,4,3,3,4,2,5,7,9,7
22,918,4,0,4,0,10,10,4,4,3,3,4,2,5,7,9,8
22,918,4,0,4,0,10,10,4,4,3,2,4,2,5,7,9,8
22,918,4,0,4,0,10,10,4,4,3,2,4,2,5,7,9,8
22,918,4,0,4,0,10,10,4,4,3,2,4,2,5,7,5,8
22,918,4,0,4,0,10,10,4,4,3,2,4,2,5,7,5,8
22,918,4,0,4,0,10,10,4,3,3,2,4,2,4,7,5,6
22,918,4,0,4,0,9,10,4,3,3,2,3,2,4,7,5,6
22,918,4,0,4,0,9,10,4,3,3,2,3,2,4,7,0,6
22,918,4,0,4,0,9,10,4,3,3,2,3,2,4,7,0,6
22,918,4,0,4,0,9,10,4,3,3,2,3,2,4,7,0,5
22,918,4,0,4,0,9,10,4,3,3,1,3,2,4,7,0,5
22,918,4,0,4,0,9,10,4,3,3,1,3,2,4,7,0,5
22,918,4,0,4,0,9,10,4,3,3,1,3,2,4,7,0,5
22,918,4,0,4,0,9,10,4,3,3,1,3,2,4,7,0,5
23,919,4,0,4,0,9,10,4,3,3,1,3,2,7,7,0,5
23,919,4,0,4,0,9,10,4,3,3,1,3,2,7,7,0,5
23,919,4,0,4,0,9,10,4,3,3,1,3,2,7,7,0,5
23,919,4,0,4,0,9,10,4,3,3,1,3,2,7,7,0,5
23,919,4,0,4,0,9,10,4,3,3,1,3,2,7,7,0,5
23,919,4,0,4,0,9,10,4,3,3,1,3,2,7,7,0,5
23,919,4,0,4,0,9,10,4,3,3,1,3,2,10,9,8,5
23,919,4,0,4,0,10,10,4,4,3,0,4,2,10,8,8,2
23,919,4,0,4,0,10,10,4,4,3,0,4,2,10,9,8,1
23,919,4,0,4,0,10,10,4,4,3,1,4,2,10,10,9,1
23,919,4,0,4,0,10,10,4,4,3,2,4,2,10,10,9,1
23,919,4,0,4,0,10,10,4,4,3,2,4,2,10,9,9,0
23,919,4,0,4,0,10,10,4,4,3,2,4,2,10,10,9,0
23,919,4,0,4,0,10,9,4,4,3,2,4,2,10,10,5,0
23,919,4,0,4,0,10,9,4,4,3,2,4,2,10,10,5,0
23,919,4,0,4,0,10,9,4,4,3,2,4,2,8,10,5,0
23,919,4,0,4,0,9,9,4,4,3,2,3,2,8,10,5,0
23,919,4,0,4,0,9,9,4,4,3,2,3,2,8,10,0,0
23,919,4,0,4,0,9,9,4,4,3,2,3,2,8,10,0,0
23,919,4,0,4,0,9,9,4,4,3,2,3,2,8,10,0,0
23,919,4,0,4,0,9,9,4,4,3,2,3,2,8,10,0,0
23,919,4,0,4,0,9,9,4,4,3,2,3,2,8,10,0,0
23,919,4,0,4,0,9,9,4,4,3,2,3,2,8,10,0,0
23,919,4,0,4,0,9,9,4,4,3,2,3,2,7,10,0,0
24,920,4,0,4,0,9,9,4,4,3,2,3,2,7,10,0,0
24,920,4,0,4,0,9,9,4,4,3,2,3,2,7,10,0,0
24,920,4,0,4,0,9,9,4,4,3,2,3,2,7,10,0,0
24,920,4,0,4,0,9,9,4,4,3,2,3,2,7,10,0,0
24,920,4,0,4,0,9,9,4,4,3,2,3,2,7,10,0,0
24,920,4,0,4,0,9,9,4,4,3,2,3,2,7,10,0,0
24,920,4,0,4,0,9,9,4,4,3,2,3,2,8,10,8,0
24,920,4,0,4,0,10,9,4,3,3,2,4,3,8,8,8,0
24,920,4,0,4,0,10,10,4,3,3,2,4,3,8,8,8,0
24,920,4,0,4,0,10,10,4,3,3,2,4,3,8,8,9,0
24,920,4,0,4,0,10,10,4,2,3,1,4,3,8,8,9,0
24,920,4,0,4,0,10,10,4,2,3,1,4,3,8,8,9,0
24,920,4,0,4,0,10,10,4,2,3,1,4,3,8,8,9,0
24,920,4,0,4,0,10,10,4,2,3,0,4,3,8,8,5,0
24,920,4,0,4,0,10,10,4,2,3,0,4,3,8,8,5,0
24,920,4,0,4,0,10,10,4,2,3,0,4,3,8,8,5,0
24,920,4,0,4,0,9,10,4,2,3,0,3,3,8,8,5,0
24,920,4,0,4,0,9,10,4,2,3,0,3,3,8,8,0,0
24,920,4,0,4,0,9,10,4,2,3,0,3,3,8,8,0,0
24,920,4,0,4,0,9,10,4,2,3,0,3,3,8,8,0,0
24,920,4,0,4,0,9,10,4,2,3,0,3,3,8,8,0,0
24,920,4,0,4,0,9,9,4,2,3,0,3,3,8,8,0,0
24,920,4,0,4,0,9,9,4,2,3,0,3,3,8,8,0,0
24,920,4,0,4,0,9,9,4,2,3,0,3,3,7,8,0,0
25,921,4,0,4,0,9,9,4,2,3,0,3,3,7,8,0,0
25,921,4,0,4,0,9,9,4,2,3,0,3,3,7,8,0,0
25,921,4,0,4,0,9,9,4,2,3,0,3,3,7,8,0,0
25,921,4,0,4,0,9,9,4,2,3,0,3,3,7,8,0,0
25,921,4,0,4,0,9,9,4,2,3,0,3,3,7,8,0,0
25,921,4,0,4,0,9,9,4,2,3,0,3,3,7,8,0,0
25,921,4,0,4,0,9,9,4,2,3,0,3,3,8,8,8,0
25,921,4,0,4,0,10,9,4,2,3,1,4,4,8,8,8,1
25,921,4,0,4,0,10,10,4,2,3,3,4,4,8,8,8,1
25,921,4,0,4,0,10,10,4,3,3,2,4,4,8,8,9,2
25,921,4,0,4,0,10,10,4,3,3,3,4,3,8,8,9,3
25,921,4,0,4,0,10,10,4,4,3,3,4,3,8,8,9,4
25,921,4,0,4,0,10,10,4,4,3,3,4,3,8,8,9,4
25,921,4,0,4,0,10,10,4,4,3,3,4,3,8,8,5,3
25,921,4,0,4,0,10,9,4,4,3,2,4,3,8,8,5,3
25,921,4,0,4,0,10,9,4,4,3,2,4,3,8,8,5,1
25,921,4,0,4,0,9,9,4,3,3,2,3,3,8,8,5,1
25,921,4,0,4,0,9,9,4,3,3,2,3,3,8,8,0,1
25,921,4,0,4,0,9,9,4,3,3,2,3,3,8,8,0,1
25,921,4,0,4,0,9,9,4,3,3,1,3,3,8,8,0,1
25,921,4,0,4,0,9,8,4,3,3,1,3,3,8,7,0,1
25,921,4,0,4,0,9,8,4,3,3,1,3,3,8,7,0,1
25,921,4,0,4,0,9,8,4,3,3,1,3,3,8,7,0,1
25,921,4,0,4,0,9,8,4,3,3,1,3,3,7,7,0,1
26,922,4,0,3,0,8,8,3,3,2,1,2,3,7,7,0,1
26,922,4,0,3,0,8,8,3,3,2,1,2,3,7,7,0,1
26,922,4,0,3,0,8,8,3,3,2,1,2,3,7,7,0,1
26,922,4,0,3,0,8,8,3,3,2,1,2,3,7,7,0,1
26,922,4,0,3,0,8,8,3,3,2,1,2,3,7,7,0,1
26,922,4,0,3,0,8,8,3,3,2,1,2,3,7,7,0,1
26,922,4,0,3,0,8,8,3,3,2,1,3,3,10,7,0,1
26,922,4,0,3,0,8,7,3,3,2,0,3,3,10,6,0,0
26,922,4,0,3,0,8,7,3,3,2,0,3,3,10,6,0,0
26,922,4,0,3,0,8,7,3,3,2,0,3,3,10,6,0,0
26,922,4,0,3,0,8,7,3,3,2,0,3,3,10,6,0,0
26,922,4,0,3,0,8,7,3,3,2,0,3,3,10,6,0,0
26,922,4,0,3,0,8,7,3,3,2,0,3,3,10,6,0,0
26,922,4,0,3,0,8,7,3,3,2,0,3,3,10,6,0,0
26,922,4,0,3,0,8,7,3,3,2,0,3,3,10,6,0,0
26,922,4,0,3,0,8,7,3,3,2,0,2,3,8,6,0,0
26,922,4,0,3,0,8,7,3,3,2,0,2,3,8,6,0,0
26,922,4,0,3,0,8,7,3,3,2,0,2,3,8,6,0,0
26,922,4,0,3,0,8,7,3,2,2,0,2,3,8,6,0,0
26,922,4,0,3,0,8,7,3,2,2,0,2,3,8,6,0,0
26,922,4,0,3,0,8,7,3,2,2,0,2,3,8,6,0,0
26,922,4,0,3,0,8,7,3,2,2,0,2,3,8,6,0,0
26,922,4,0,3,0,8,7,3,2,2,0,2,3,8,6,0,0
26,922,4,0,3,0,8,7,3,2,2,0,2,3,7,6,0,0
27,923,4,0,3,0,8,7,3,2,2,0,2,3,4,6,0,0
27,923,4,0,3,0,8,7,3,2,2,0,2,3,4,6,0,0
27,923,4,0,3,0,8,7,3,2,2,0,2,3,4,6,0,0
27,923,4,0,3,0,8,7,3,2,2,0,2,3,4,6,0,0
27,923,4,0,3,0,8,7,3,2,2,0,2,3,4,6,0,0
27,923,4,0,3,0,8,7,3,2,2,0,2,3,4,6,0,0
27,923,4,0,3,0,8,7,3,2,2,0,3,3,4,6,0,0
27,923,4,0,3,0,8,7,3,2,2,0,3,2,5,6,0,0
27,923,4,0,3,0,8,7,3,2,2,0,3,2,5,6,0,0
27,923,4,0,3,0,8,7,3,2,2,0,3,2,5,6,0,0
27,923,4,0,3,0,8,7,3,2,2,0,3,2,5,6,0,0
27,923,4,0,3,0,8,7,3,2,2,0,3,2,5,6,0,0
27,923,4,0,3,0,8,7,3,2,2,0,3,2,5,6,0,0
27,923,4,0,3,0,8,7,3,2,2,0,3,2,5,6,0,0
27,923,4,0,3,0,8,7,3,2,2,0,3,2,5,6,0,0
27,923,4,0,3,0,8,7,3,2,2,0,2,2,4,6,0,0
27,923,4,0,3,0,8,7,3,2,2,0,2,2,4,6,0,0
27,923,4,0,3,0,8,7,3,2,2,0,2,2,4,6,0,0
27,923,4,0,3,0,8,7,3,2,2,0,2,2,4,6,0,0
27,923,4,0,3,0,8,7,3,2,2,0,2,2,4,6,0,0
27,923,4,0,3,0,8,7,3,2,2,0,2,2,4,6,0,0
27,923,4,0,3,0,8,7,3,1,2,0,2,2,4,6,0,0
27,923,4,0,3,0,8,7,3,1,2,0,2,2,4,6,0,0
27,923,4,0,3,0,8,7,3,1,2,0,2,2,4,6,0,0
0,924,4,0,4,0,9,7,4,1,3,0,3,2,7,6,0,0
0,924,4,0,4,0,9,7,4,1,3,0,3,2,7,6,0,0
0,924,4,0,4,0,9,7,4,1,3,0,3,2,7,6,0,0
0,924,4,0,4,0,9,7,4,1,3,0,3,2,7,6,0,0
0,924,4,0,4,0,9,7,4,1,3,0,3,2,7,6,0,0
0,924,4,0,4,0,9,7,4,1,3,0,3,2,7,6,0,0
0,924,4,0,4,0,9,7,4,1,3,0,3,2,8,6,8,0
0,924,4,0,4,0,10,9,4,3,3,0,4,3,8,8,8,2
0,924,4,0,4,0,10,10,4,4,3,0,4,3,8,8,8,2
0,924,4,0,4,0,10,10,4,4,3,0,4,3,8,8,9,2
0,924,4,0,4,0,10,10,4,4,3,0,4,2,8,8,9,2
0,924,4,0,4,0,10,10,4,4,3,1,4,1,8,8,9,2
0,924,4,0,4,0,10,10,4,4,3,1,4,1,8,8,9,2
0,924,4,0,4,0,10,10,4,4,3,1,4,1,8,8,5,2
0,924,4,0,4,0,10,9,4,4,3,0,4,1,8,8,5,2
0,924,4,0,4,0,10,9,4,4,3,0,4,1,8,8,5,2
0,924,4,0,4,0,9,9,4,4,3,0,3,1,8,8,5,2
0,924,4,0,4,0,9,9,4,4,3,0,3,1,8,8,0,1
0,924,4,0,4,0,9,9,4,4,3,0,3,1,8,8,0,0
0,924,4,0,4,0,9,9,4,4,3,0,3,1,8,8,0,0
0,924,4,0,4,0,9,9,4,4,3,0,3,1,8,8,0,0
0,924,4,0,4,0,9,8,4,4,3,0,3,1,8,8,0,0
0,924,4,0,4,0,9,8,4,4,3,0,3,1,8,8,0,0
0,924,4,0,4,0,9,8,4,4,3,0,3,1,7,8,0,0
1,925,4,0,4,0,9,8,4,4,3,0,3,1,4,8,0,0
1,925,4,0,4,0,9,8,4,4,3,0,3,1,4,8,0,0
1,925,4,0,4,0,9,8,4,4,3,0,3,1,4,8,0,0
1,925,4,0,4,0,9,8,4,4,3,0,3,1,4,8,0,0
1,925,4,0,4,0,9,8,4,4,3,0,3,1,4,8,0,0
1,925,4,0,4,0,9,8,4,4,3,0,3,1,4,8,0,0
1,925,4,0,4,0,9,8,4,4,3,0,3,1,4,8,8,0
1,925,4,0,4,0,10,9,4,4,3,2,4,2,5,7,8,1
1,925,4,0,4,0,10,10,4,4,3,3,4,2,5,7,8,1
1,925,4,0,4,0,10,9,4,4,3,3,4,2,5,7,9,2
1,925,4,0,4,0,10,10,4,4,3,3,4,2,5,6,9,2
1,925,4,0,4,0,10,10,4,4,3,3,4,2,5,6,9,2
1,925,4,0,4,0,10,10,4,4,3,3,4,2,5,6,9,2
1,925,4,0,4,0,10,9,4,4,3,2,4,2,5,6,5,2
1,925,4,0,4,0,10,9,4,4,3,2,4,2,5,6,5,2
1,925,4,0,4,0,10,9,4,4,3,2,4,2,4,6,5,2
1,925,4,0,4,0,9,9,4,4,3,2,3,1,4,6,5,2
1,925,4,0,4,0,9,9,4,4,3,2,3,0,4,6,0,2
1,925,4,0,4,0,9,9,4,4,3,2,3,0,4,6,0,2
1,925,4,0,4,0,9,9,4,4,3,2,3,0,4,6,0,2
1,925,4,0,4,0,9,9,4,4,3,2,3,0,4,6,0,2
1,925,4,0,4,0,9,9,4,4,3,2,3,0,4,6,0,2
1,925,4,0,4,0,9,9,4,4,3,2,3,0,4,6,0,2
1,925,4,0,4,0,9,9,4,4,3,2,3,0,4,6,0,2
2,926,4,0,4,0,9,9,4,4,3,2,3,0,7,7,0,2
2,926,4,0,4,0,9,9,4,4,3,2,3,0,7,7,0,2
2,926,4,0,4,0,9,9,4,4,3,2,3,0,7,7,0,2
2,926,4,0,4,0,9,9,4,4,3,2,3,0,7,7,0,2
2,926,4,0,4,0,9,9,4,4,3,2,3,0,7,7,0,2
2,926,4,0,4,0,9,9,4,4,3,2,3,0,7,7,0,2
2,926,4,0,4,0,9,9,4,4,3,2,3,0,10,7,8,2
2,926,4,0,4,0,10,9,4,4,3,2,4,1,10,10,8,1
2,926,4,0,4,0,10,10,4,4,3,3,4,1,10,10,8,1
2,926,4,0,4,0,10,10,4,4,3,3,4,1,10,10,9,1
2,926,4,0,4,0,10,10,4,4,3,3,4,1,10,9,9,1
2,926,4,0,4,0,10,10,4,4,3,3,4,1,10,9,9,1
2,926,4,0,4,0,10,10,4,4,3,3,4,1,10,9,9,0
2,926,4,0,4,0,10,10,4,4,3,3,4,1,10,9,5,0
2,926,4,0,4,0,10,10,4,4,3,3,4,1,10,9,5,0
2,926,4,0,4,0,10,10,4,4,3,3,4,1,8,9,5,0
2,926,4,0,4,0,9,9,4,4,3,3,3,1,8,9,5,0
2,926,4,0,4,0,9,9,4,4,3,3,3,1,8,9,0,0
2,926,4,0,4,0,9,9,4,4,3,3,3,1,8,9,0,0
2,926,4,0,4,0,9,9,4,4,3,3,3,1,8,9,0,0
2,926,4,0,4,0,9,9,4,4,3,3,3,1,8,9,0,0
2,926,4,0,4,0,9,9,4,4,3,3,3,1,8,8,0,0
2,926,4,0,4,0,9,9,4,4,3,3,3,1,8,8,0,0
2,926,4,0,4,0,9,9,4,4,3,3,3,1,7,8,0,0
3,927,4,0,4,0,9,9,4,4,3,3,3,1,7,8,0,0
3,927,4,0,4,0,9,9,4,4,3,3,3,1,7,8,0,0
3,927,4,0,4,0,9,9,4,4,3,3,3,1,7,8,0,0
3,927,4,0,4,0,9,9,4,4,3,3,3,1,7,8,0,0
3,927,4,0,4,0,9,9,4,4,3,3,3,1,7,8,0,0
3,927,4,0,4,0,9,9,4,4,3,3,3,1,7,8,0,0
3,927,4,0,4,0,9,9,4,4,3,3,3,1,8,8,8,0
3,927,4,0,4,0,10,9,4,4,3,3,4,2,8,8,8,0
3,927,4,0,4,0,10,10,4,4,3,3,4,2,8,8,8,0
3,927,4,0,4,0,10,10,4,4,3,3,4,2,8,8,9,0
3,927,4,0,4,0,10,10,4,4,3,3,4,2,8,8,9,0
3,927,4,0,4,0,10,10,4,4,3,3,4,2,8,8,9,0
3,927,4,0,4,0,10,10,4,4,3,3,4,2,8,8,9,0
3,927,4,0,4,0,10,10,4,4,3,3,4,2,8,8,5,0
3,927,4,0,4,0,10,10,4,4,3,3,4,2,8,8,5,0
3,927,4,0,4,0,10,10,4,4,3,3,4,2,8,8,5,0
3,927,4,0,4,0,9,10,4,4,3,3,3,2,8,8,5,0
3,927,4,0,4,0,9,10,4,4,3,3,3,2,8,8,0,0
3,927,4,0,4,0,9,10,4,4,3,3,3,2,8,8,0,0
3,927,4,0,4,0,9,10,4,4,3,3,3,2,8,8,0,0
3,927,4,0,4,0,9,10,4,4,3,3,3,2,8,8,0,0
3,927,4,0,4,0,9,10,4,4,3,3,3,2,8,8,0,0
3,927,4,0,4,0,9,10,4,4,3,3,3,2,8,8,0,0
3,927,4,0,4,0,9,10,4,4,3,3,3,2,7,8,0,0
4,928,4,0,4,0,9,10,4,4,3,3,3,2,7,8,0,0
4,928,4,0,4,0,9,10,4,4,3,3,3,2,7,8,0,0
4,928,4,0,4,0,9,10,4,4,3,3,3,2,7,8,0,0
4,928,4,0,4,0,9,10,4,4,3,3,3,2,7,8,0,0
4,928,4,0,4,0,9,10,4,4,3,3,3,2,7,8,0,0
4,928,4,0,4,0,9,10,4,4,3,3,3,2,7,8,0,0
4,928,4,0,4,0,9,10,4,4,3,3,3,2,8,8,8,0
4,928,4,0,4,0,10,8,4,4,3,3,4,3,8,8,8,1
4,928,4,0,4,0,10,10,4,4,3,3,4,3,8,8,8,1
4,928,4,0,4,0,10,10,4,4,3,3,4,3,8,8,9,1
4,928,4,0,4,0,10,10,4,4,3,3,4,3,8,8,9,1
4,928,4,0,4,0,10,10,4,4,3,3,4,3,8,8,9,1
4,928,4,0,4,0,10,10,4,4,3,3,4,3,8,8,9,1
4,928,4,0,4,0,10,10,4,4,3,3,4,3,8,8,5,1
4,928,4,0,4,0,10,10,4,4,3,3,4,3,8,8,5,1
4,928,4,0,4,0,10,9,4,4,3,3,4,3,8,8,5,1
4,928,4,0,4,0,9,9,4,4,3,3,3,3,8,8,5,1
4,928,4,0,4,0,9,9,4,4,3,3,3,3,8,8,0,1
4,928,4,0,4,0,9,9,4,4,3,3,3,3,8,8,0,1
4,928,4,0,4,0,9,8,4,4,3,3,3,3,8,8,0,1
4,928,4,0,4,0,9,8,4,4,3,3,3,3,8,8,0,1
4,928,4,0,4,0,9,8,4,4,3,3,3,3,8,8,0,1
4,928,4,0,4,0,9,8,4,4,3,3,3,3,8,8,0,1
4,928,4,0,4,0,9,8,4,4,3,3,3,3,7,8,0,1
5,929,4,0,3,0,8,8,3,4,2,3,2,3,7,8,0,1
5,929,4,0,3,0,8,8,3,4,2,3,2,3,7,8,0,1
5,929,4,0,3,0,8,8,3,4,2,3,2,3,7,8,0,1
5,929,4,0,3,0,8,8,3,4,2,3,2,3,7,8,0,1
5,929,4,0,3,0,8,8,3,4,2,3,2,3,7,8,0,1
5,929,4,0,3,0,8,8,3,4,2,3,2,3,7,8,0,1
5,929,4,0,3,0,8,8,3,4,2,3,3,3,10,8,0,1
5,929,4,0,3,0,8,8,3,4,2,3,3,3,10,7,0,0
5,929,4,0,3,0,8,8,3,4,2,3,3,3,10,7,0,0
5,929,4,0,3,0,8,8,3,4,2,3,3,3,10,7,0,0
5,929,4,0,3,0,8,8,3,4,2,3,3,3,10,7,0,0
5,929,4,0,3,0,8,8,3,4,2,3,3,3,10,7,0,0
5,929,4,0,3,0,8,8,3,4,2,3,3,3,10,7,0,0
5,929,4,0,3,0,8,8,3,4,2,3,3,3,10,7,0,0
5,929,4,0,3,0,8,8,3,4,2,3,3,3,10,7,0,0
5,929,4,0,3,0,8,8,3,4,2,3,2,3,8,7,0,0
5,929,4,0,3,0,8,8,3,4,2,3,2,3,8,7,0,0
5,929,4,0,3,0,8,8,3,4,2,3,2,3,8,7,0,0
5,929,4,0,3,0,8,8,3,4,2,3,2,3,8,7,0,0
5,929,4,0,3,0,8,8,3,4,2,3,2,3,8,7,0,0
5,929,4,0,3,0,8,8,3,4,2,3,2,3,8,7,0,0
5,929,4,0,3,0,8,8,3,4,2,3,2,3,8,7,0,0
5,929,4,0,3,0,8,8,3,4,2,3,2,3,8,7,0,0
5,929,4,0,3,0,8,8,3,4,2,3,2,3,7,7,0,0
6,930,4,0,3,0,8,8,3,4,2,3,2,3,4,7,0,0
6,930,4,0,3,0,8,8,3,4,2,3,2,3,4,7,0,0
6,930,4,0,3,0,8,8,3,4,2,3,2,3,4,7,0,0
6,930,4,0,3,0,8,8,3,4,2,3,2,3,4,7,0,0
6,930,4,0,3,0,8,8,3,4,2,3,2,3,4,7,0,0
6,930,4,0,3,0,8,8,3,4,2,3,2,3,4,7,0,0
6,930,4,0,3,0,8,8,3,4,2,3,3,3,4,7,0,0
6,930,4,0,3,0,8,8,3,4,2,3,3,2,5,7,0,0
6,930,4,0,3,0,8,8,3,4,2,3,3,2,5,7,0,0
6,930,4,0,3,0,8,8,3,4,2,3,3,2,5,7,0,0
6,930,4,0,3,0,8,8,3,4,2,3,3,2,5,7,0,0
6,930,4,0,3,0,8,8,3,4,2,3,3,2,5,7,0,0
6,930,4,0,3,0,8,8,3,4,2,3,3,2,5,7,0,0
6,930,4,0,3,0,8,8,3,4,2,3,3,2,5,7,0,0
6,930,4,0,3,0,8,8,3,4,2,3,3,2,5,7,0,0
6,930,4,0,3,0,8,8,3,4,2,3,2,2,4,7,0,0
6,930,4,0,3,0,8,8,3,4,2,3,2,2,4,7,0,0
6,930,4,0,3,0,8,8,3,4,2,3,2,2,4,7,0,0
6,930,4,0,3,0,8,8,3,3,2,3,2,2,4,7,0,0
6,930,4,0,3,0,8,8,3,3,2,3,2,2,4,7,0,0
6,930,4,0,3,0,8,8,3,3,2,3,2,2,4,7,0,0
6,930,4,0,3,0,8,8,3,3,2,3,2,2,4,7,0,0
6,930,4,0,3,0,8,8,3,3,2,3,2,2,4,7,0,0
6,930,4,0,3,0,8,8,3,3,2,3,2,2,4,7,0,0
7,931,4,0,4,0,9,8,4,3,3,3,3,2,7,7,0,0
7,931,4,0,4,0,9,8,4,3,3,3,3,2,7,7,0,0
7,931,4,0,4,0,9,8,4,3,3,3,3,2,7,7,0,0
7,931,4,0,4,0,9,8,4,3,3,3,3,2,7,7,0,0
7,931,4,0,4,0,9,8,4,3,3,3,3,2,7,7,0,0
7,931,4,0,4,0,9,8,4,3,3,3,3,2,7,7,0,0
7,931,4,0,4,0,9,8,4,3,3,3,3,2,8,7,8,0
7,931,4,0,4,0,10,9,4,4,3,2,4,3,8,8,8,1
7,931,4,0,4,0,10,10,4,4,3,3,4,3,8,8,8,1
7,931,4,0,4,0,10,10,4,4,3,3,4,3,8,8,9,1
7,931,4,0,4,0,10,10,4,4,3,3,4,3,8,8,9,1
7,931,4,0,4,0,10,10,4,4,3,3,4,3,8,8,9,1
7,931,4,0,4,0,10,10,4,4,3,3,4,3,8,8,9,1
7,931,4,0,4,0,10,10,4,4,3,3,4,3,8,8,5,1
7,931,4,0,4,0,10,10,4,4,3,3,4,2,8,8,5,1
7,931,4,0,4,0,10,10,4,4,3,3,4,2,8,8,5,1
7,931,4,0,4,0,9,10,4,4,3,3,3,2,8,7,5,1
7,931,4,0,4,0,9,10,4,4,3,2,3,2,8,7,0,1
7,931,4,0,4,0,9,10,4,4,3,2,3,2,8,7,0,1
7,931,4,0,4,0,9,10,4,3,3,2,3,2,8,7,0,0
7,931,4,0,4,0,9,10,4,3,3,2,3,2,8,7,0,0
7,931,4,0,4,0,9,10,4,3,3,2,3,2,8,7,0,0
7,931,4,0,4,0,9,10,4,3,3,2,3,2,8,7,0,0
7,931,4,0,4,0,9,10,4,3,3,2,3,2,7,7,0,0
8,932,4,0,4,0,9,10,4,3,3,2,3,2,4,7,0,0
8,932,4,0,4,0,9,10,4,3,3,2,3,2,4,7,0,0
8,932,4,0,4,0,9,10,4,3,3,2,3,2,4,7,0,0
8,932,4,0,4,0,9,10,4,3,3,2,3,2,4,7,0,0
8,932,4,0,4,0,9,10,4,3,3,2,3,2,4,7,0,0
8,932,4,0,4,0,9,10,4,3,3,2,3,2,4,7,0,0
8,932,4,0,4,0,9,10,4,3,3,2,3,2,4,7,8,0
8,932,4,0,4,0,10,10,4,3,3,3,4,2,5,7,8,2
8,932,4,0,4,0,10,10,4,4,3,3,4,2,5,7,8,3
8,932,4,0,4,0,10,10,4,4,3,3,4,2,5,7,9,3
8,932,4,0,4,0,10,10,4,4,3,3,4,2,5,7,9,3
8,932,4,0,4,0,10,10,4,4,3,2,4,2,5,7,9,3
8,932,4,0,4,0,10,10,4,4,3,3,4,2,5,7,9,3
8,932,4,0,4,0,10,10,4,4,3,3,4,2,5,7,5,3
8,932,4,0,4,0,10,10,4,4,3,3,4,2,5,7,5,3
8,932,4,0,4,0,10,10,4,4,3,3,4,2,4,7,5,3
8,932,4,0,4,0,9,10,4,4,3,2,3,2,4,7,5,3
8,932,4,0,4,0,9,9,4,4,3,2,3,2,4,7,0,3
8,932,4,0,4,0,9,9,4,4,3,2,3,2,4,7,0,3
8,932,4,0,4,0,9,9,4,4,3,2,3,2,4,7,0,3
8,932,4,0,4,0,9,9,4,4,3,2,3,2,4,7,0,2
8,932,4,0,4,0,9,9,4,4,3,2,3,2,4,7,0,2
8,932,4,0,4,0,9,9,4,4,3,2,3,2,4,7,0,1
8,932,4,0,4,0,9,9,4,4,3,2,3,2,4,7,0,1
9,933,4,0,4,0,9,9,4,4,3,2,3,2,7,7,0,1
9,933,4,0,4,0,9,9,4,4,3,2,3,2,7,7,0,1
9,933,4,0,4,0,9,9,4,4,3,2,3,2,7,7,0,1
9,933,4,0,4,0,9,9,4,4,3,2,3,2,7,7,0,1
9,933,4,0,4,0,9,9,4,4,3,2,3,2,7,7,0,1
9,933,4,0,4,0,9,9,4,4,3,2,3,2,7,7,0,1
9,933,4,0,4,0,9,9,4,4,3,2,3,2,10,7,8,1
9,933,4,0,4,0,10,9,4,4,3,3,4,2,10,10,8,1
9,933,4,0,4,0,10,10,4,3,3,3,4,2,10,10,8,2
9,933,4,0,4,0,10,10,4,4,3,3,4,2,10,10,9,2
9,933,4,0,4,0,10,10,4,3,3,3,4,2,10,11,9,3
9,933,4,0,4,0,10,10,4,3,3,3,4,2,10,11,9,3
9,933,4,0,4,0,10,10,4,3,3,3,4,2,10,11,9,3
9,933,4,0,4,0,10,10,4,3,3,3,4,2,10,11,5,3
9,933,4,0,4,0,10,10,4,3,3,3,4,2,10,11,5,2
9,933,4,0,4,0,10,10,4,3,3,3,4,2,8,11,5,2
9,933,4,0,4,0,9,10,4,3,3,3,3,2,8,11,5,2
9,933,4,0,4,0,9,10,4,3,3,3,3,2,8,10,0,1
9,933,4,0,4,0,9,10,4,3,3,3,3,2,8,10,0,1
9,933,4,0,4,0,9,10,4,3,3,3,3,2,8,10,0,1
9,933,4,0,4,0,9,10,4,3,3,3,3,2,8,10,0,0
9,933,4,0,4,0,9,10,4,3,3,3,3,2,8,10,0,0
9,933,4,0,4,0,9,10,4,3,3,3,3,2,8,10,0,0
9,933,4,0,4,0,9,10,4,3,3,3,3,2,7,10,0,0
10,934,4,0,4,0,9,10,4,3,3,3,3,2,7,10,0,0
10,934,4,0,4,0,9,10,4,3,3,3,3,2,7,10,0,0
10,934,4,0,4,0,9,10,4,3,3,3,3,2,7,10,0,0
10,934,4,0,4,0,9,10,4,3,3,3,3,2,7,10,0,0
10,934,4,0,4,0,9,10,4,3,3,3,3,2,7,10,0,0
10,934,4,0,4,0,9,10,4,3,3,3,3,2,7,10,0,0
10,934,4,0,4,0,9,10,4,3,3,3,3,2,8,10,8,0
10,934,4,0,4,0,10,10,4,3,3,2,4,2,8,8,8,0
10,934,4,0,4,0,10,10,4,3,3,2,4,2,8,8,8,0
10,934,4,0,4,0,10,10,4,3,3,2,4,2,8,8,9,0
10,934,4,0,4,0,10,10,4,3,3,2,4,2,8,8,9,0
10,934,4,0,4,0,10,10,4,3,3,2,4,2,8,8,9,0
10,934,4,0,4,0,10,10,4,3,3,2,4,2,8,8,9,0
10,934,4,0,4,0,10,10,4,3,3,2,4,2,8,8,5,0
10,934,4,0,4,0,10,10,4,3,3,2,4,2,8,8,5,0
10,934,4,0,4,0,10,10,4,3,3,2,4,2,8,8,5,0
10,934,4,0,4,0,9,10,4,3,3,2,3,2,8,8,5,0
10,934,4,0,4,0,9,10,4,3,3,2,3,2,8,8,0,0
10,934,4,0,4,0,9,10,4,3,3,2,3,2,8,8,0,0
10,934,4,0,4,0,9,10,4,3,3,2,3,2,8,8,0,0
10,934,4,0,4,0,9,10,4,3,3,2,3,2,8,8,0,0
10,934,4,0,4,0,9,10,4,2,3,2,3,2,8,8,0,0
10,934,4,0,4,0,9,9,4,2,3,2,3,2,8,7,0,0
10,934,4,0,4,0,9,9,4,2,3,2,3,2,7,7,0,0
11,935,4,0,4,0,9,9,4,2,3,2,3,2,7,7,0,0
11,935,4,0,4,0,9,9,4,2,3,2,3,2,7,7,0,0
11,935,4,0,4,0,9,9,4,2,3,2,3,2,7,7,0,0
11,935,4,0,4,0,9,9,4,2,3,2,3,2,7,7,0,0
11,935,4,0,4,0,9,9,4,2,3,2,3,2,7,7,0,0
11,935,4,0,4,0,9,9,4,2,3,2,3,2,7,7,0,0
11,935,4,0,4,0,9,9,4,2,3,2,3,2,8,7,8,0
11,935,4,0,4,0,10,9,4,3,3,3,4,3,8,8,8,0
11,935,4,0,4,0,10,10,4,4,3,3,4,3,8,8,8,1
11,935,4,0,4,0,10,10,4,4,3,2,4,3,8,8,9,1
11,935,4,0,4,0,10,10,4,4,3,3,4,3,8,8,9,1
11,935,4,0,4,0,10,10,4,4,3,3,4,3,8,9,9,1
11,935,4,0,4,0,10,10,4,4,3,3,4,3,8,8,9,0
11,935,4,0,4,0,10,10,4,3,3,3,4,3,8,8,5,0
11,935,4,0,4,0,10,10,4,3,3,3,4,3,8,8,5,0
11,935,4,0,4,0,10,10,4,3,3,3,4,3,8,8,5,0
11,935,4,0,4,0,9,10,4,3,3,3,3,3,8,7,5,0
11,935,4,0,4,0,9,10,4,2,3,3,3,3,8,7,0,0
11,935,4,0,4,0,9,10,4,2,3,3,3,3,8,7,0,0
11,935,4,0,4,0,9,10,4,2,3,3,3,3,8,7,0,0
11,935,4,0,4,0,9,10,4,2,3,3,3,3,8,7,0,0
11,935,4,0,4,0,9,10,4,2,3,3,3,3,8,7,0,0
11,935,4,0,4,0,9,10,4,2,3,3,3,3,8,7,0,0
11,935,4,0,4,0,9,10,4,2,3,3,3,3,7,7,0,0
12,936,4,0,3,0,8,10,3,2,2,3,2,3,7,7,0,0
12,936,4,0,3,0,8,10,3,2,2,3,2,3,7,7,0,0
12,936,4,0,3,0,8,10,3,2,2,3,2,3,7,7,0,0
12,936,4,0,3,0,8,10,3,2,2,3,2,3,7,7,0,0
12,936,4,0,3,0,8,10,3,2,2,3,2,3,7,7,0,0
12,936,4,0,3,0,8,10,3,2,2,3,2,3,7,7,0,0
12,936,4,0,3,0,8,10,3,2,2,3,3,3,10,7,0,0
12,936,4,0,3,0,8,8,3,1,2,2,3,2,10,6,0,0
12,936,4,0,3,0,8,8,3,1,2,2,3,2,10,6,0,0
12,936,4,0,3,0,8,8,3,1,2,2,3,2,10,6,0,0
12,936,4,0,3,0,8,8,3,1,2,2,3,2,10,6,0,0
12,936,4,0,3,0,8,8,3,1,2,2,3,2,10,6,0,0
12,936,4,0,3,0,8,8,3,1,2,2,3,2,10,6,0,0
12,936,4,0,3,0,8,8,3,1,2,2,3,2,10,6,0,0
12,936,4,0,3,0,8,8,3,1,2,2,3,2,10,6,0,0
12,936,4,0,3,0,8,8,3,1,2,2,2,2,8,6,0,0
12,936,4,0,3,0,8,8,3,1,2,2,2,2,8,6,0,0
12,936,4,0,3,0,8,8,3,1,2,2,2,2,8,6,0,0
12,936,4,0,3,0,8,8,3,1,2,2,2,2,8,6,0,0
12,936,4,0,3,0,8,8,3,1,2,2,2,2,8,6,0,0
12,936,4,0,3,0,8,8,3,1,2,2,2,2,8,6,0,0
12,936,4,0,3,0,8,8,3,1,2,2,2,2,8,6,0,0
12,936,4,0,3,0,8,8,3,1,2,2,2,1,8,6,0,0
12,936,4,0,3,0,8,8,3,1,2,2,2,1,7,6,0,0
13,937,4,0,3,0,8,8,3,1,2,2,2,1,4,6,0,0
13,937,4,0,3,0,8,8,3,1,2,2,2,1,4,6,0,0
13,937,4,0,3,0,8,8,3,1,2,2,2,1,4,6,0,0
13,937,4,0,3,0,8,8,3,1,2,2,2,1,4,6,0,0
13,937,4,0,3,0,8,8,3,1,2,2,2,1,4,6,0,0
13,937,4,0,3,0,8,8,3,1,2,2,2,1,4,6,0,0
13,937,4,0,3,0,8,8,3,1,2,2,3,1,4,6,0,0
13,937,4,0,3,0,8,8,3,1,2,2,3,1,5,6,0,0
13,937,4,0,3,0,8,8,3,1,2,2,3,1,5,6,0,0
13,937,4,0,3,0,8,8,3,1,2,2,3,1,5,6,0,0
13,937,4,0,3,0,8,8,3,1,2,2,3,1,5,6,0,0
13,937,4,0,3,0,8,8,3,1,2,2,3,1,5,6,0,0
13,937,4,0,3,0,8,8,3,1,2,2,3,1,5,6,0,0
13,937,4,0,3,0,8,8,3,1,2,2,3,1,5,6,0,0
13,937,4,0,3,0,8,8,3,1,2,2,3,1,5,6,0,0
13,937,4,0,3,0,8,8,3,1,2,2,2,1,4,6,0,0
13,937,4,0,3,0,8,8,3,1,2,2,2,1,4,6,0,0
13,937,4,0,3,0,8,8,3,1,2,2,2,1,4,6,0,0
13,937,4,0,3,0,8,8,3,1,2,2,2,1,4,6,0,0
13,937,4,0,3,0,8,8,3,1,2,2,2,1,4,6,0,0
13,937,4,0,3,0,8,8,3,1,2,2,2,1,4,6,0,0
13,937,4,0,3,0,8,8,3,1,2,2,2,1,4,6,0,0
13,937,4,0,3,0,8,8,3,1,2,2,2,0,4,6,0,0
13,937,4,0,3,0,8,8,3,1,2,2,2,0,4,6,0,0
14,938,4,0,4,0,9,8,4,1,3,2,3,0,7,6,0,0
14,938,4,0,4,0,9,8,4,1,3,2,3,0,7,6,0,0
14,938,4,0,4,0,9,8,4,1,3,2,3,0,7,6,0,0
14,938,4,0,4,0,9,8,4,1,3,2,3,0,7,6,0,0
14,938,4,0,4,0,9,8,4,1,3,2,3,0,7,6,0,0
14,938,4,0,4,0,9,8,4,1,3,2,3,0,7,6,0,0
14,938,4,0,4,0,9,8,4,1,3,2,3,0,8,6,8,0
14,938,4,0,4,0,10,9,4,3,3,2,4,1,8,8,8,2
14,938,4,0,4,0,10,10,4,3,3,2,4,1,8,8,8,2
14,938,4,0,4,0,10,10,4,4,3,2,4,1,8,8,9,2
14,938,4,0,4,0,10,10,4,4,3,2,4,1,8,8,9,2
14,938,4,0,4,0,10,10,4,4,3,2,4,1,8,8,9,2
14,938,4,0,4,0,10,10,4,4,3,2,4,1,8,8,9,2
14,938,4,0,4,0,10,10,4,3,3,2,4,1,8,8,5,2
14,938,4,0,4,0,10,10,4,3,3,2,4,1,8,8,5,2
14,938,4,0,4,0,10,9,4,3,3,2,4,1,8,8,5,2
14,938,4,0,4,0,9,9,4,3,3,2,3,1,8,8,5,2
14,938,4,0,4,0,9,9,4,3,3,2,3,1,8,8,0,2
14,938,4,0,4,0,9,9,4,3,3,2,3,1,8,8,0,2
14,938,4,0,4,0,9,9,4,3,3,2,3,1,8,8,0,2
14,938,4,0,4,0,9,9,4,3,3,2,3,1,8,8,0,2
14,938,4,0,4,0,9,9,4,3,3,2,3,1,8,8,0,1
14,938,4,0,4,0,9,9,4,3,3,2,3,1,8,8,0,1
14,938,4,0,4,0,9,9,4,3,3,2,3,1,7,8,0,1
15,939,4,0,4,0,9,9,4,3,3,2,3,1,4,8,0,1
15,939,4,0,4,0,9,9,4,3,3,2,3,1,4,8,0,1
15,939,4,0,4,0,9,9,4,3,3,2,3,1,4,8,0,1
15,939,4,0,4,0,9,9,4,3,3,2,3,1,4,8,0,1
15,939,4,0,4,0,9,9,4,3,3,2,3,1,4,8,0,1
15,939,4,0,4,0,9,9,4,3,3,2,3,1,4,8,0,1
15,939,4,0,4,0,9,9,4,3,3,2,3,1,4,8,8,1
15,939,4,0,4,0,10,9,4,4,3,3,4,2,5,8,8,2
15,939,4,0,4,0,10,10,4,4,3,3,4,2,5,8,8,3
15,939,4,0,4,0,10,10,4,4,3,3,4,2,5,8,9,4
15,939,4,0,4,0,10,10,4,3,3,3,4,2,5,8,9,4
15,939,4,0,4,0,10,10,4,4,3,3,4,2,5,8,9,4
15,939,4,0,4,0,10,10,4,4,3,3,4,2,5,8,9,4
15,939,4,0,4,0,10,10,4,4,3,3,4,2,5,8,5,4
15,939,4,0,4,0,10,10,4,4,3,3,4,2,5,8,5,4
15,939,4,0,4,0,10,9,4,4,3,3,4,2,4,8,5,3
15,939,4,0,4,0,9,9,4,4,3,3,3,2,4,8,5,3
15,939,4,0,4,0,9,8,4,3,3,3,3,2,4,8,0,3
15,939,4,0,4,0,9,8,4,3,3,3,3,2,4,8,0,3
15,939,4,0,4,0,9,8,4,3,3,3,3,2,4,8,0,3
15,939,4,0,4,0,9,8,4,3,3,3,3,2,4,8,0,3
15,939,4,0,4,0,9,8,4,3,3,3,3,2,4,8,0,3
15,939,4,0,4,0,9,8,4,3,3,3,3,2,4,8,0,2
15,939,4,0,4,0,9,8,4,3,3,3,3,2,4,8,0,2
16,940,4,0,4,0,9,8,4,3,3,3,3,2,7,8,0,2
16,940,4,0,4,0,9,8,4,3,3,3,3,2,7,8,0,2
16,940,4,0,4,0,9,8,4,3,3,3,3,2,7,8,0,2
16,940,4,0,4,0,9,8,4,3,3,3,3,2,7,8,0,2
16,940,4,0,4,0,9,8,4,3,3,3,3,2,7,8,0,2
16,940,4,0,4,0,9,8,4,3,3,3,3,2,7,8,0,2
16,940,4,0,4,0,9,8,4,3,3,3,3,2,10,10,8,2
16,940,4,0,4,0,10,10,4,4,3,3,4,2,10,10,8,3
16,940,4,0,4,0,10,10,4,3,3,2,4,2,10,10,8,3
16,940,4,0,4,0,10,10,4,4,3,2,4,2,10,11,9,4
16,940,4,0,4,0,10,10,4,4,3,2,4,2,10,9,9,2
16,940,4,0,4,0,10,10,4,4,3,3,4,2,10,10,9,2
16,940,4,0,4,0,10,10,4,4,3,3,4,2,10,10,9,2
16,940,4,0,4,0,10,10,4,3,3,3,4,2,10,10,5,2
16,940,4,0,4,0,10,10,4,2,3,2,4,2,10,10,5,1
16,940,4,0,4,0,10,10,4,2,3,2,4,2,8,10,5,1
16,940,4,0,4,0,9,10,4,1,3,1,3,2,8,10,5,1
16,940,4,0,4,0,9,10,4,1,3,1,3,2,8,10,0,1
16,940,4,0,4,0,9,10,4,1,3,1,3,2,8,9,0,0
16,940,4,0,4,0,9,9,4,1,3,1,3,2,8,9,0,0
16,940,4,0,4,0,9,9,4,1,3,1,3,2,8,8,0,0
16,940,4,0,4,0,9,9,4,1,3,1,3,2,8,8,0,0
16,940,4,0,4,0,9,9,4,1,3,1,3,2,8,8,0,0
16,940,4,0,4,0,9,9,4,1,3,1,3,2,7,8,0,0
17,941,4,0,4,0,9,9,4,1,3,1,3,2,7,8,0,0
17,941,4,0,4,0,9,9,4,1,3,1,3,2,7,8,0,0
17,941,4,0,4,0,9,9,4,1,3,1,3,2,7,8,0,0
17,941,4,0,4,0,9,9,4,1,3,1,3,2,7,8,0,0
17,941,4,0,4,0,9,9,4,1,3,1,3,2,7,8,0,0
17,941,4,0,4,0,9,9,4,1,3,1,3,2,7,8,0,0
17,941,4,0,4,0,9,9,4,1,3,1,3,2,8,8,8,0
17,941,4,0,4,0,10,9,4,2,3,1,4,3,8,8,8,0
17,941,4,0,4,0,10,10,4,2,3,1,4,3,8,8,8,0
17,941,4,0,4,0,10,10,4,2,3,1,4,3,8,8,9,0
17,941,4,0,4,0,10,10,4,1,3,1,4,3,8,8,9,0
17,941,4,0,4,0,10,10,4,1,3,1,4,3,8,8,9,0
17,941,4,0,4,0,10,10,4,1,3,1,4,3,8,8,9,0
17,941,4,0,4,0,10,10,4,1,3,1,4,3,8,8,5,0
17,941,4,0,4,0,10,10,4,1,3,1,4,3,8,8,5,0
17,941,4,0,4,0,10,10,4,1,3,1,4,3,8,8,5,0
17,941,4,0,4,0,9,10,4,1,3,1,3,3,8,8,5,0
17,941,4,0,4,0,9,10,4,1,3,1,3,3,8,8,0,0
17,941,4,0,4,0,9,10,4,1,3,1,3,3,8,8,0,0
17,941,4,0,4,0,9,10,4,1,3,1,3,3,8,8,0,0
17,941,4,0,4,0,9,10,4,1,3,1,3,3,8,8,0,0
17,941,4,0,4,0,9,10,4,1,3,1,3,3,8,8,0,0
17,941,4,0,4,0,9,10,4,1,3,1,3,3,8,8,0,0
17,941,4,0,4,0,9,10,4,1,3,1,3,3,7,8,0,0
18,942,4,0,4,0,9,10,4,1,3,1,3,3,7,8,0,0
18,942,4,0,4,0,9,10,4,1,3,1,3,3,7,8,0,0
18,942,4,0,4,0,9,10,4,1,3,1,3,3,7,8,0,0
18,942,4,0,4,0,9,10,4,1,3,1,3,3,7,8,0,0
18,942,4,0,4,0,9,10,4,1,3,1,3,3,7,8,0,0
18,942,4,0,4,0,9,10,4,1,3,1,3,3,7,8,0,0
18,942,4,0,4,0,9,10,4,1,3,1,3,3,8,8,8,0
18,942,4,0,4,0,10,10,4,1,3,2,4,4,8,7,8,1
18,942,4,0,4,0,10,10,4,2,3,3,4,4,8,8,8,1
18,942,4,0,4,0,10,10,4,3,3,2,4,4,8,8,9,2
18,942,4,0,4,0,10,10,4,3,3,3,4,4,8,8,9,2
18,942,4,0,4,0,10,10,4,4,3,3,4,4,8,8,9,2
18,942,4,0,4,0,10,10,4,4,3,3,4,4,8,8,9,2
18,942,4,0,4,0,10,10,4,4,3,3,4,4,8,9,5,2
18,942,4,0,4,0,10,10,4,2,3,3,4,4,8,9,5,2
18,942,4,0,4,0,10,10,4,2,3,3,4,4,8,9,5,2
18,942,4,0,4,0,9,10,4,2,3,2,3,4,8,9,5,2
18,942,4,0,4,0,9,10,4,2,3,2,3,4,8,8,0,1
18,942,4,0,4,0,9,10,4,2,3,2,3,4,8,8,0,1
18,942,4,0,4,0,9,10,4,2,3,1,3,4,8,8,0,1
18,942,4,0,4,0,9,10,4,2,3,1,3,4,8,8,0,1
18,942,4,0,4,0,9,10,4,2,3,1,3,4,8,8,0,1
18,942,4,0,4,0,9,10,4,1,3,1,3,3,8,8,0,1
18,942,4,0,4,0,9,10,4,1,3,1,3,3,7,8,0,1
19,943,4,0,3,0,8,10,3,1,2,1,2,3,7,8,0,1
19,943,4,0,3,0,8,10,3,1,2,1,2,3,7,8,0,1
19,943,4,0,3,0,8,10,3,1,2,1,2,3,7,8,0,1
19,943,4,0,3,0,8,10,3,1,2,1,2,3,7,8,0,1
19,943,4,0,3,0,8,10,3,1,2,1,2,3,7,8,0,1
19,943,4,0,3,0,8,10,3,1,2,1,2,3,7,8,0,1
19,943,4,0,3,0,8,10,3,1,2,1,3,3,10,8,0,1
19,943,4,0,3,0,8,10,3,1,2,1,3,3,10,8,0,0
19,943,4,0,3,0,8,10,3,1,2,1,3,3,10,8,0,0
19,943,4,0,3,0,8,10,3,1,2,1,3,3,10,8,0,0
19,943,4,0,3,0,8,10,3,1,2,1,3,3,10,8,0,0
19,943,4,0,3,0,8,10,3,1,2,1,3,3,10,8,0,0
19,943,4,0,3,0,8,10,3,1,2,1,3,3,10,8,0,0
19,943,4,0,3,0,8,10,3,1,2,1,3,3,10,8,0,0
19,943,4,0,3,0,8,10,3,1,2,1,3,3,10,8,0,0
19,943,4,0,3,0,8,10,3,1,2,1,2,3,8,8,0,0
19,943,4,0,3,0,8,10,3,1,2,1,2,3,8,8,0,0
19,943,4,0,3,0,8,10,3,1,2,1,2,3,8,8,0,0
19,943,4,0,3,0,8,10,3,1,2,1,2,3,8,8,0,0
19,943,4,0,3,0,8,10,3,1,2,1,2,3,8,8,0,0
19,943,4,0,3,0,8,10,3,1,2,1,2,3,8,8,0,0
19,943,4,0,3,0,8,10,3,1,2,1,2,3,8,8,0,0
19,943,4,0,3,0,8,10,3,1,2,1,2,2,8,7,0,0
19,943,4,0,3,0,8,10,3,1,2,1,2,2,7,7,0,0
20,944,4,0,3,0,8,10,3,1,2,1,2,2,4,7,0,0
20,944,4,0,3,0,8,10,3,1,2,1,2,2,4,7,0,0
20,944,4,0,3,0,8,10,3,1,2,1,2,2,4,7,0,0
20,944,4,0,3,0,8,10,3,1,2,1,2,2,4,7,0,0
20,944,4,0,3,0,8,10,3,1,2,1,2,2,4,7,0,0
20,944,4,0,3,0,8,10,3,1,2,1,2,2,4,7,0,0
20,944,4,0,3,0,8,10,3,1,2,1,3,2,4,7,0,0
20,944,4,0,3,0,8,9,3,1,2,1,3,2,5,7,0,0
20,944,4,0,3,0,8,9,3,1,2,1,3,2,5,7,0,0
20,944,4,0,3,0,8,9,3,1,2,1,3,2,5,7,0,0
20,944,4,0,3,0,8,9,3,1,2,1,3,2,5,7,0,0
20,944,4,0,3,0,8,9,3,1,2,1,3,2,5,7,0,0
20,944,4,0,3,0,8,9,3,1,2,1,3,2,5,7,0,0
20,944,4,0,3,0,8,9,3,1,2,1,3,2,5,7,0,0
20,944,4,0,3,0,8,9,3,1,2,1,3,2,5,7,0,0
20,944,4,0,3,0,8,9,3,1,2,1,2,2,4,6,0,0
20,944,4,0,3,0,8,9,3,1,2,1,2,2,4,6,0,0
20,944,4,0,3,0,8,9,3,1,2,1,2,2,4,6,0,0
20,944,4,0,3,0,8,9,3,1,2,1,2,2,4,6,0,0
20,944,4,0,3,0,8,9,3,1,2,1,2,2,4,6,0,0
20,944,4,0,3,0,8,9,3,1,2,1,2,2,4,6,0,0
20,944,4,0,3,0,8,9,3,1,2,1,2,2,4,6,0,0
20,944,4,0,3,0,8,9,3,1,2,1,2,2,4,6,0,0
20,944,4,0,3,0,8,9,3,1,2,1,2,2,4,6,0,0
21,945,4,0,4,0,9,9,4,1,3,1,3,2,7,6,0,0
21,945,4,0,4,0,9,9,4,1,3,1,3,2,7,6,0,0
21,945,4,0,4,0,9,9,4,1,3,1,3,2,7,6,0,0
21,945,4,0,4,0,9,9,4,1,3,1,3,2,7,6,0,0
21,945,4,0,4,0,9,9,4,1,3,1,3,2,7,6,0,0
21,945,4,0,4,0,9,9,4,1,3,1,3,2,7,6,0,0
21,945,4,0,4,0,9,9,4,1,3,1,3,2,8,6,8,0
21,945,4,0,4,0,10,9,4,3,3,2,4,2,8,8,8,1
21,945,4,0,4,0,10,10,4,4,3,3,4,2,8,8,8,1
21,945,4,0,4,0,10,10,4,4,3,3,4,2,8,8,9,1
21,945,4,0,4,0,10,10,4,4,3,3,4,2,8,8,9,1
21,945,4,0,4,0,10,10,4,4,3,3,4,2,8,8,9,1
21,945,4,0,4,0,10,10,4,4,3,3,4,2,8,8,9,1
21,945,4,0,4,0,10,10,4,4,3,3,4,1,8,8,5,1
21,945,4,0,4,0,10,10,4,4,3,3,4,1,8,8,5,1
21,945,4,0,4,0,10,10,4,4,3,3,4,1,8,8,5,1
21,945,4,0,4,0,9,10,4,4,3,3,3,1,8,8,5,1
21,945,4,0,4,0,9,10,4,4,3,3,3,1,8,8,0,1
21,945,4,0,4,0,9,10,4,4,3,3,3,1,8,8,0,1
21,945,4,0,4,0,9,10,4,4,3,3,3,1,8,8,0,1
21,945,4,0,4,0,9,10,4,4,3,3,3,1,8,8,0,1
21,945,4,0,4,0,9,10,4,4,3,3,3,1,8,8,0,1
21,945,4,0,4,0,9,9,4,4,3,3,3,1,8,8,0,1
21,945,4,0,4,0,9,9,4,4,3,3,3,1,7,8,0,1
22,946,4,0,4,0,9,9,4,4,3,3,3,1,4,8,0,1
22,946,4,0,4,0,9,9,4,4,3,3,3,1,4,8,0,1
22,946,4,0,4,0,9,9,4,4,3,3,3,1,4,8,0,1
22,946,4,0,4,0,9,9,4,4,3,3,3,1,4,8,0,1
22,946,4,0,4,0,9,9,4,4,3,3,3,1,4,8,0,1
22,946,4,0,4,0,9,9,4,4,3,3,3,1,4,8,0,1
22,946,4,0,4,0,9,9,4,4,3,3,3,1,4,8,8,1
22,946,4,0,4,0,10,9,4,4,3,3,4,2,5,8,8,5
22,946,4,0,4,0,10,10,4,4,3,3,4,2,5,8,8,6
22,946,4,0,4,0,10,10,4,4,3,3,4,2,5,8,9,7
22,946,4,0,4,0,10,10,4,4,3,3,4,2,5,8,9,8
22,946,4,0,4,0,10,10,4,4,3,3,4,2,5,8,9,8
22,946,4,0,4,0,10,10,4,4,3,3,4,2,5,8,9,8
22,946,4,0,4,0,10,9,4,4,3,3,4,2,5,8,5,8
22,946,4,0,4,0,10,10,4,4,3,3,4,2,5,8,5,8
22,946,4,0,4,0,10,10,4,4,3,3,4,2,4,8,5,6
22,946,4,0,4,0,9,10,4,4,3,3,3,2,4,8,5,6
22,946,4,0,4,0,9,10,4,4,3,3,3,2,4,7,0,6
22,946,4,0,4,0,9,9,4,4,3,3,3,2,4,7,0,5
22,946,4,0,4,0,9,9,4,4,3,2,3,2,4,7,0,5
22,946,4,0,4,0,9,9,4,4,3,2,3,2,4,7,0,5
22,946,4,0,4,0,9,9,4,4,3,2,3,2,4,7,0,4
22,946,4,0,4,0,9,9,4,4,3,2,3,2,4,7,0,4
22,946,4,0,4,0,9,9,4,4,3,2,3,2,4,7,0,4
23,947,4,0,4,0,9,9,4,4,3,2,3,2,7,7,0,4
23,947,4,0,4,0,9,9,4,4,3,2,3,2,7,7,0,4
23,947,4,0,4,0,9,9,4,4,3,2,3,2,7,7,0,4
23,947,4,0,4,0,9,9,4,4,3,2,3,2,7,7,0,4
23,947,4,0,4,0,9,9,4,4,3,2,3,2,7,7,0,4
23,947,4,0,4,0,9,9,4,4,3,2,3,2,7,7,0,4
23,947,4,0,4,0,9,9,4,4,3,2,3,2,10,10,8,4
23,947,4,0,4,0,10,9,4,4,3,3,4,3,10,10,8,3
23,947,4,0,4,0,10,10,4,4,3,3,4,3,10,9,8,2
23,947,4,0,4,0,10,10,4,4,3,3,4,3,10,10,9,2
23,947,4,0,4,0,10,10,4,4,3,3,4,3,10,10,9,1
23,947,4,0,4,0,10,10,4,4,3,3,4,3,10,10,9,1
23,947,4,0,4,0,10,10,4,4,3,3,4,3,10,8,9,0
23,947,4,0,4,0,10,10,4,4,3,3,4,3,10,8,5,0
23,947,4,0,4,0,10,10,4,4,3,3,4,3,10,8,5,0
23,947,4,0,4,0,10,10,4,4,3,3,4,3,8,8,5,0
23,947,4,0,4,0,9,10,4,4,3,3,3,3,8,8,5,0
23,947,4,0,4,0,9,9,4,4,3,3,3,3,8,8,0,0
23,947,4,0,4,0,9,9,4,4,3,3,3,3,8,8,0,0
23,947,4,0,4,0,9,9,4,4,3,3,3,3,8,8,0,0
23,947,4,0,4,0,9,9,4,4,3,3,3,3,8,8,0,0
23,947,4,0,4,0,9,9,4,4,3,3,3,3,8,8,0,0
23,947,4,0,4,0,9,9,4,4,3,3,3,3,8,8,0,0
23,947,4,0,4,0,9,9,4,4,3,3,3,3,7,8,0,0
24,948,4,0,4,0,9,9,4,4,3,3,3,3,7,8,0,0
24,948,4,0,4,0,9,9,4,4,3,3,3,3,7,8,0,0
24,948,4,0,4,0,9,9,4,4,3,3,3,3,7,8,0,0
24,948,4,0,4,0,9,9,4,4,3,3,3,3,7,8,0,0
24,948,4,0,4,0,9,9,4,4,3,3,3,3,7,8,0,0
24,948,4,0,4,0,9,9,4,4,3,3,3,3,7,8,0,0
24,948,4,0,4,0,9,9,4,4,3,3,3,3,8,8,8,0
24,948,4,0,4,0,10,10,4,4,3,3,4,4,8,8,8,0
24,948,4,0,4,0,10,10,4,4,3,3,4,4,8,8,8,0
24,948,4,0,4,0,10,10,4,4,3,3,4,4,8,8,9,0
24,948,4,0,4,0,10,10,4,4,3,3,4,4,8,8,9,0
24,948,4,0,4,0,10,10,4,4,3,3,4,4,8,8,9,0
24,948,4,0,4,0,10,10,4,4,3,3,4,4,8,8,9,0
24,948,4,0,4,0,10,10,4,4,3,3,4,4,8,8,5,0
24,948,4,0,4,0,10,10,4,3,3,3,4,4,8,8,5,0
24,948,4,0,4,0,10,10,4,3,3,3,4,4,8,8,5,0
24,948,4,0,4,0,9,10,4,3,3,3,3,4,8,8,5,0
24,948,4,0,4,0,9,10,4,3,3,3,3,3,8,8,0,0
24,948,4,0,4,0,9,10,4,3,3,3,3,3,8,8,0,0
24,948,4,0,4,0,9,10,4,2,3,2,3,3,8,8,0,0
24,948,4,0,4,0,9,10,4,2,3,2,3,3,8,8,0,0
24,948,4,0,4,0,9,10,4,2,3,2,3,3,8,8,0,0
24,948,4,0,4,0,9,9,4,2,3,2,3,3,8,8,0,0
24,948,4,0,4,0,9,9,4,2,3,2,3,3,7,8,0,0
25,949,4,0,4,0,9,9,4,2,3,2,3,3,7,8,0,0
25,949,4,0,4,0,9,9,4,2,3,2,3,3,7,8,0,0
25,949,4,0,4,0,9,9,4,2,3,2,3,3,7,8,0,0
25,949,4,0,4,0,9,9,4,2,3,2,3,3,7,8,0,0
25,949,4,0,4,0,9,9,4,2,3,2,3,3,7,8,0,0
25,949,4,0,4,0,9,9,4,2,3,2,3,3,7,8,0,0
25,949,4,0,4,0,9,9,4,2,3,2,3,3,8,8,8,0
25,949,4,0,4,0,10,10,4,2,3,3,4,3,8,7,8,1
25,949,4,0,4,0,10,10,4,4,3,3,4,2,8,8,8,1
25,949,4,0,4,0,10,10,4,4,3,3,4,2,8,8,9,2
25,949,4,0,4,0,10,10,4,4,3,3,4,2,8,8,9,3
25,949,4,0,4,0,10,10,4,4,3,3,4,2,8,8,9,4
25,949,4,0,4,0,10,10,4,4,3,3,4,2,8,8,9,4
25,949,4,0,4,0,10,10,4,4,3,3,4,2,8,8,5,4
25,949,4,0,4,0,10,9,4,3,3,3,4,2,8,8,5,4
25,949,4,0,4,0,10,10,4,3,3,3,4,2,8,8,5,2
25,949,4,0,4,0,9,9,4,3,3,3,3,2,8,8,5,1
25,949,4,0,4,0,9,9,4,3,3,3,3,2,8,8,0,1
25,949,4,0,4,0,9,9,4,3,3,3,3,2,8,8,0,1
25,949,4,0,4,0,9,9,4,3,3,3,3,2,8,8,0,1
25,949,4,0,4,0,9,9,4,3,3,3,3,2,8,8,0,1
25,949,4,0,4,0,9,9,4,2,3,2,3,2,8,8,0,1
25,949,4,0,4,0,9,9,4,2,3,2,3,2,8,8,0,1
25,949,4,0,4,0,9,9,4,2,3,2,3,2,7,8,0,1
26,950,4,0,3,0,8,9,3,2,2,2,2,2,7,8,0,1
26,950,4,0,3,0,8,9,3,2,2,2,2,2,7,8,0,1
26,950,4,0,3,0,8,9,3,2,2,2,2,2,7,8,0,1
26,950,4,0,3,0,8,9,3,2,2,2,2,2,7,8,0,1
26,950,4,0,3,0,8,9,3,2,2,2,2,2,7,8,0,1
26,950,4,0,3,0,8,9,3,2,2,2,2,2,7,8,0,1
26,950,4,0,3,0,8,9,3,2,2,2,3,2,10,8,0,1
26,950,4,0,3,0,8,9,3,2,2,2,3,2,10,8,0,0
26,950,4,0,3,0,8,9,3,2,2,2,3,1,10,8,0,0
26,950,4,0,3,0,8,9,3,2,2,2,3,1,10,8,0,0
26,950,4,0,3,0,8,9,3,2,2,2,3,1,10,8,0,0
26,950,4,0,3,0,8,9,3,2,2,2,3,1,10,8,0,0
26,950,4,0,3,0,8,9,3,2,2,2,3,1,10,8,0,0
26,950,4,0,3,0,8,9,3,2,2,2,3,0,10,8,0,0
26,950,4,0,3,0,8,9,3,2,2,2,3,0,10,8,0,0
26,950,4,0,3,0,8,9,3,2,2,2,2,0,8,8,0,0
26,950,4,0,3,0,8,9,3,2,2,2,2,0,8,8,0,0
26,950,4,0,3,0,8,8,3,2,2,2,2,0,8,7,0,0
26,950,4,0,3,0,8,8,3,2,2,2,2,0,8,7,0,0
26,950,4,0,3,0,8,8,3,2,2,2,2,0,8,7,0,0
26,950,4,0,3,0,8,8,3,2,2,2,2,0,8,7,0,0
26,950,4,0,3,0,8,8,3,2,2,2,2,0,8,7,0,0
26,950,4,0,3,0,8,8,3,2,2,2,2,0,8,7,0,0
26,950,4,0,3,0,8,8,3,2,2,2,2,0,7,7,0,0
27,951,4,0,3,0,8,8,3,2,2,2,2,0,4,7,0,0
27,951,4,0,3,0,8,8,3,2,2,2,2,0,4,7,0,0
27,951,4,0,3,0,8,8,3,2,2,2,2,0,4,7,0,0
27,951,4,0,3,0,8,8,3,2,2,2,2,0,4,7,0,0
27,951,4,0,3,0,8,8,3,2,2,2,2,0,4,7,0,0
27,951,4,0,3,0,8,8,3,2,2,2,2,0,4,7,0,0
27,951,4,0,3,0,8,8,3,2,2,2,3,0,4,7,0,0
27,951,4,0,3,0,8,7,3,2,2,0,3,0,5,6,0,0
27,951,4,0,3,0,8,7,3,2,2,0,3,0,5,6,0,0
27,951,4,0,3,0,8,7,3,2,2,0,3,0,5,6,0,0
27,951,4,0,3,0,8,7,3,2,2,0,3,0,5,6,0,0
27,951,4,0,3,0,8,7,3,2,2,0,3,0,5,6,0,0
27,951,4,0,3,0,8,7,3,2,2,0,3,0,5,6,0,0
27,951,4,0,3,0,8,7,3,2,2,0,3,0,5,6,0,0
27,951,4,0,3,0,8,7,3,2,2,0,3,0,5,6,0,0
27,951,4,0,3,0,8,7,3,2,2,0,2,0,4,6,0,0
27,951,4,0,3,0,8,7,3,2,2,0,2,0,4,6,0,0
27,951,4,0,3,0,8,7,3,2,2,0,2,0,4,6,0,0
27,951,4,0,3,0,8,7,3,2,2,0,2,0,4,6,0,0
27,951,4,0,3,0,8,7,3,2,2,0,2,0,4,6,0,0
27,951,4,0,3,0,8,7,3,2,2,0,2,0,4,6,0,0
27,951,4,0,3,0,8,7,3,2,2,0,2,0,4,6,0,0
27,951,4,0,3,0,8,7,3,2,2,0,2,0,4,6,0,0
27,951,4,0,3,0,8,7,3,2,2,0,2,0,4,6,0,0
0,952,4,0,4,0,9,7,4,2,3,0,3,0,7,6,0,0
0,952,4,0,4,0,9,7,4,2,3,0,3,0,7,6,0,0
0,952,4,0,4,0,9,7,4,2,3,0,3,0,7,6,0,0
0,952,4,0,4,0,9,7,4,2,3,0,3,0,7,6,0,0
0,952,4,0,4,0,9,7,4,2,3,0,3,0,7,6,0,0
0,952,4,0,4,0,9,7,4,2,3,0,3,0,7,6,0,0
0,952,4,0,4,0,9,7,4,2,3,0,3,0,8,6,8,0
0,952,4,0,4,0,10,9,4,4,3,0,4,1,8,8,8,2
0,952,4,0,4,0,10,10,4,4,3,1,4,1,8,8,8,2
0,952,4,0,4,0,10,10,4,4,3,1,4,1,8,8,9,2
0,952,4,0,4,0,10,10,4,4,3,1,4,1,8,8,9,2
0,952,4,0,4,0,10,10,4,4,3,2,4,1,8,8,9,2
0,952,4,0,4,0,10,10,4,4,3,2,4,1,8,8,9,2
0,952,4,0,4,0,10,10,4,4,3,2,4,1,8,8,5,2
0,952,4,0,4,0,10,9,4,4,3,1,4,1,8,8,5,2
0,952,4,0,4,0,10,9,4,4,3,1,4,1,8,8,5,2
0,952,4,0,4,0,9,9,4,4,3,1,3,1,8,8,5,2
0,952,4,0,4,0,9,9,4,4,3,1,3,1,8,9,0,2
0,952,4,0,4,0,9,9,4,4,3,1,3,1,8,8,0,1
0,952,4,0,4,0,9,9,4,4,3,1,3,1,8,8,0,1
0,952,4,0,4,0,9,9,4,4,3,1,3,1,8,8,0,1
0,952,4,0,4,0,9,9,4,4,3,1,3,1,8,8,0,1
0,952,4,0,4,0,9,9,4,4,3,1,3,0,8,8,0,1
0,952,4,0,4,0,9,9,4,4,3,1,3,0,7,8,0,1
1,953,4,0,4,0,9,9,4,4,3,1,3,0,4,8,0,1
1,953,4,0,4,0,9,9,4,4,3,1,3,0,4,8,0,1
1,953,4,0,4,0,9,9,4,4,3,1,3,0,4,8,0,1
1,953,4,0,4,0,9,9,4,4,3,1,3,0,4,8,0,1
1,953,4,0,4,0,9,9,4,4,3,1,3,0,4,8,0,1
1,953,4,0,4,0,9,9,4,4,3,1,3,0,4,8,0,1
1,953,4,0,4,0,9,9,4,4,3,1,3,0,4,8,8,1
1,953,4,0,4,0,10,9,4,4,3,2,4,1,5,8,8,1
1,953,4,0,4,0,10,10,4,4,3,3,4,1,5,8,8,1
1,953,4,0,4,0,10,10,4,4,3,3,4,1,5,8,9,2
1,953,4,0,4,0,10,10,4,4,3,3,4,1,5,8,9,2
1,953,4,0,4,0,10,10,4,4,3,3,4,1,5,8,9,2
1,953,4,0,4,0,10,10,4,4,3,3,4,1,5,8,9,2
1,953,4,0,4,0,10,10,4,4,3,3,4,1,5,8,5,2
1,953,4,0,4,0,10,10,4,4,3,3,4,1,5,8,5,2
1,953,4,0,4,0,10,10,4,4,3,3,4,1,4,8,5,2
1,953,4,0,4,0,9,10,4,4,3,3,3,1,4,8,5,2
1,953,4,0,4,0,9,10,4,4,3,3,3,0,4,8,0,2
1,953,4,0,4,0,9,9,4,4,3,3,3,0,4,8,0,2
1,953,4,0,4,0,9,9,4,4,3,3,3,0,4,8,0,2
1,953,4,0,4,0,9,9,4,4,3,3,3,0,4,8,0,2
1,953,4,0,4,0,9,9,4,4,3,3,3,0,4,8,0,2
1,953,4,0,4,0,9,9,4,4,3,3,3,0,4,8,0,2
1,953,4,0,4,0,9,9,4,4,3,3,3,0,4,8,0,2
2,954,4,0,4,0,9,9,4,4,3,3,3,0,7,8,0,2
2,954,4,0,4,0,9,9,4,4,3,3,3,0,7,8,0,2
2,954,4,0,4,0,9,9,4,4,3,3,3,0,7,8,0,2
2,954,4,0,4,0,9,9,4,4,3,3,3,0,7,8,0,2
2,954,4,0,4,0,9,9,4,4,3,3,3,0,7,8,0,2
2,954,4,0,4,0,9,9,4,4,3,3,3,0,7,8,0,2
2,954,4,0,4,0,9,9,4,4,3,3,3,0,10,10,8,2
2,954,4,0,4,0,10,9,4,4,3,3,4,1,10,10,8,3
2,954,4,0,4,0,10,10,4,4,3,3,4,1,10,10,8,3
2,954,4,0,4,0,10,10,4,4,3,3,4,1,10,10,9,2
2,954,4,0,4,0,10,10,4,4,3,3,4,1,10,11,9,2
2,954,4,0,4,0,10,10,4,4,3,3,4,1,10,10,9,1
2,954,4,0,4,0,10,10,4,3,3,3,4,1,10,9,9,1
2,954,4,0,4,0,10,10,4,3,3,3,4,1,10,9,5,1
2,954,4,0,4,0,10,10,4,3,3,3,4,1,10,9,5,1
2,954,4,0,4,0,10,10,4,3,3,3,4,1,8,8,5,0
2,954,4,0,4,0,9,10,4,3,3,3,3,1,8,8,5,0
2,954,4,0,4,0,9,10,4,3,3,3,3,1,8,8,0,0
2,954,4,0,4,0,9,10,4,3,3,3,3,1,8,8,0,0
2,954,4,0,4,0,9,10,4,3,3,3,3,1,8,8,0,0
2,954,4,0,4,0,9,10,4,3,3,3,3,1,8,8,0,0
2,954,4,0,4,0,9,10,4,3,3,3,3,1,8,8,0,0
2,954,4,0,4,0,9,10,4,3,3,2,3,1,8,8,0,0
2,954,4,0,4,0,9,10,4,3,3,2,3,1,7,8,0,0
3,955,4,0,4,0,9,10,4,3,3,2,3,1,7,8,0,0
3,955,4,0,4,0,9,10,4,3,3,2,3,1,7,8,0,0
3,955,4,0,4,0,9,10,4,3,3,2,3,1,7,8,0,0
3,955,4,0,4,0,9,10,4,3,3,2,3,1,7,8,0,0
3,955,4,0,4,0,9,10,4,3,3,2,3,1,7,8,0,0
3,955,4,0,4,0,9,10,4,3,3,2,3,1,7,8,0,0
3,955,4,0,4,0,9,10,4,3,3,2,3,1,8,8,8,0
3,955,4,0,4,0,10,9,4,4,3,1,4,2,8,8,8,0
3,955,4,0,4,0,10,10,4,4,3,1,4,2,8,8,8,0
3,955,4,0,4,0,10,10,4,4,3,1,4,2,8,8,9,0
3,955,4,0,4,0,10,10,4,4,3,1,4,2,8,8,9,0
3,955,4,0,4,0,10,10,4,3,3,1,4,2,8,8,9,0
3,955,4,0,4,0,10,10,4,3,3,1,4,2,8,8,9,0
3,955,4,0,4,0,10,10,4,3,3,1,4,2,8,8,5,0
3,955,4,0,4,0,10,10,4,3,3,1,4,2,8,7,5,0
3,955,4,0,4,0,10,10,4,3,3,1,4,2,8,7,5,0
3,955,4,0,4,0,9,10,4,3,3,1,3,2,8,7,5,0
3,955,4,0,4,0,9,10,4,3,3,1,3,2,8,7,0,0
3,955,4,0,4,0,9,10,4,2,3,1,3,2,8,7,0,0
3,955,4,0,4,0,9,9,4,2,3,1,3,2,8,7,0,0
3,955,4,0,4,0,9,9,4,2,3,1,3,2,8,7,0,0
3,955,4,0,4,0,9,9,4,2,3,1,3,2,8,7,0,0
3,955,4,0,4,0,9,9,4,2,3,1,3,2,8,7,0,0
3,955,4,0,4,0,9,9,4,2,3,1,3,2,7,7,0,0
4,956,4,0,4,0,9,9,4,2,3,1,3,2,7,7,0,0
4,956,4,0,4,0,9,9,4,2,3,1,3,2,7,7,0,0
4,956,4,0,4,0,9,9,4,2,3,1,3,2,7,7,0,0
4,956,4,0,4,0,9,9,4,2,3,1,3,2,7,7,0,0
4,956,4,0,4,0,9,9,4,2,3,1,3,2,7,7,0,0
4,956,4,0,4,0,9,9,4,2,3,1,3,2,7,7,0,0
4,956,4,0,4,0,9,9,4,2,3,1,3,2,8,7,8,0
4,956,4,0,4,0,10,9,4,2,3,2,4,2,8,8,8,1
4,956,4,0,4,0,10,10,4,3,3,3,4,2,8,8,8,1
4,956,4,0,4,0,10,10,4,4,3,3,4,2,8,8,9,1
4,956,4,0,4,0,10,10,4,4,3,2,4,2,8,8,9,1
4,956,4,0,4,0,10,10,4,4,3,3,4,2,8,8,9,1
4,956,4,0,4,0,10,10,4,4,3,3,4,2,8,8,9,1
4,956,4,0,4,0,10,10,4,4,3,3,4,2,8,8,5,1
4,956,4,0,4,0,10,10,4,4,3,2,4,2,8,8,5,1
4,956,4,0,4,0,10,9,4,4,3,2,4,2,8,8,5,1
4,956,4,0,4,0,9,9,4,4,3,2,3,2,8,7,5,1
4,956,4,0,4,0,9,9,4,4,3,2,3,2,8,7,0,1
4,956,4,0,4,0,9,9,4,4,3,2,3,2,8,6,0,1
4,956,4,0,4,0,9,8,4,4,3,2,3,2,8,6,0,1
4,956,4,0,4,0,9,8,4,4,3,2,3,2,8,6,0,1
4,956,4,0,4,0,9,8,4,4,3,2,3,2,8,6,0,1
4,956,4,0,4,0,9,8,4,4,3,2,3,2,8,6,0,1
4,956,4,0,4,0,9,8,4,4,3,2,3,2,7,6,0,1
5,957,4,0,3,0,8,8,3,4,2,2,2,2,7,6,0,1
5,957,4,0,3,0,8,8,3,4,2,2,2,2,7,6,0,1
5,957,4,0,3,0,8,8,3,4,2,2,2,2,7,6,0,1
5,957,4,0,3,0,8,8,3,4,2,2,2,2,7,6,0,1
5,957,4,0,3,0,8,8,3,4,2,2,2,2,7,6,0,1
5,957,4,0,3,0,8,8,3,4,2,2,2,2,7,6,0,1
5,957,4,0,3,0,8,8,3,4,2,2,3,2,10,6,0,1
5,957,4,0,3,0,8,8,3,3,2,2,3,1,10,6,0,0
5,957,4,0,3,0,8,8,3,3,2,2,3,1,10,6,0,0
5,957,4,0,3,0,8,8,3,3,2,2,3,1,10,6,0,0
5,957,4,0,3,0,8,8,3,2,2,1,3,1,10,6,0,0
5,957,4,0,3,0,8,8,3,2,2,1,3,1,10,6,0,0
5,957,4,0,3,0,8,8,3,2,2,1,3,1,10,6,0,0
5,957,4,0,3,0,8,8,3,2,2,1,3,1,10,6,0,0
5,957,4,0,3,0,8,8,3,2,2,1,3,1,10,6,0,0
5,957,4,0,3,0,8,8,3,2,2,1,2,1,8,6,0,0
5,957,4,0,3,0,8,8,3,2,2,1,2,1,8,6,0,0
5,957,4,0,3,0,8,8,3,2,2,1,2,1,8,6,0,0
5,957,4,0,3,0,8,8,3,2,2,1,2,1,8,6,0,0
5,957,4,0,3,0,8,8,3,2,2,1,2,1,8,6,0,0
5,957,4,0,3,0,8,8,3,2,2,1,2,1,8,6,0,0
5,957,4,0,3,0,8,8,3,2,2,1,2,1,8,6,0,0
5,957,4,0,3,0,8,8,3,2,2,1,2,1,8,6,0,0
5,957,4,0,3,0,8,8,3,2,2,1,2,1,7,6,0,0
6,958,4,0,3,0,8,8,3,2,2,1,2,1,4,6,0,0
6,958,4,0,3,0,8,8,3,2,2,1,2,1,4,6,0,0
6,958,4,0,3,0,8,8,3,2,2,1,2,1,4,6,0,0
6,958,4,0,3,0,8,8,3,2,2,1,2,1,4,6,0,0
6,958,4,0,3,0,8,8,3,2,2,1,2,1,4,6,0,0
6,958,4,0,3,0,8,8,3,2,2,1,2,1,4,6,0,0
6,958,4,0,3,0,8,8,3,2,2,1,3,1,4,6,0,0
6,958,4,0,3,0,8,8,3,2,2,1,3,1,5,6,0,0
6,958,4,0,3,0,8,8,3,2,2,1,3,1,5,6,0,0
6,958,4,0,3,0,8,8,3,2,2,1,3,1,5,6,0,0
6,958,4,0,3,0,8,8,3,2,2,1,3,1,5,6,0,0
6,958,4,0,3,0,8,8,3,2,2,1,3,1,5,6,0,0
6,958,4,0,3,0,8,8,3,2,2,1,3,1,5,6,0,0
6,958,4,0,3,0,8,8,3,2,2,1,3,1,5,6,0,0
6,958,4,0,3,0,8,8,3,2,2,1,3,1,5,6,0,0
6,958,4,0,3,0,8,8,3,2,2,1,2,1,4,6,0,0
6,958,4,0,3,0,8,8,3,2,2,1,2,1,4,6,0,0
6,958,4,0,3,0,8,8,3,2,2,1,2,1,4,6,0,0
6,958,4,0,3,0,8,8,3,2,2,1,2,1,4,6,0,0
6,958,4,0,3,0,8,8,3,2,2,1,2,1,4,6,0,0
6,958,4,0,3,0,8,8,3,2,2,1,2,1,4,6,0,0
6,958,4,0,3,0,8,8,3,2,2,1,2,1,4,6,0,0
6,958,4,0,3,0,8,8,3,2,2,1,2,1,4,6,0,0
6,958,4,0,3,0,8,8,3,2,2,1,2,1,4,6,0,0
7,959,4,0,4,0,9,8,4,2,3,1,3,1,7,6,0,0
7,959,4,0,4,0,9,8,4,2,3,1,3,1,7,6,0,0
7,959,4,0,4,0,9,8,4,2,3,1,3,1,7,6,0,0
7,959,4,0,4,0,9,8,4,2,3,1,3,1,7,6,0,0
7,959,4,0,4,0,9,8,4,2,3,1,3,1,7,6,0,0
7,959,4,0,4,0,9,8,4,2,3,1,3,1,7,6,0,0
7,959,4,0,4,0,9,8,4,2,3,1,3,1,8,6,8,0
7,959,4,0,4,0,10,9,4,4,3,1,4,2,8,8,8,1
7,959,4,0,4,0,10,10,4,4,3,2,4,2,8,8,8,1
7,959,4,0,4,0,10,10,4,4,3,3,4,2,8,8,9,1
7,959,4,0,4,0,10,10,4,4,3,2,4,2,8,8,9,1
7,959,4,0,4,0,10,10,4,4,3,3,4,2,8,8,9,1
7,959,4,0,4,0,10,10,4,4,3,3,4,2,8,8,9,1
7,959,4,0,4,0,10,10,4,4,3,2,4,2,8,8,5,1
7,959,4,0,4,0,10,10,4,4,3,2,4,2,8,8,5,1
7,959,4,0,4,0,10,10,4,4,3,2,4,2,8,8,5,1
7,959,4,0,4,0,9,10,4,3,3,2,3,1,8,8,5,1
7,959,4,0,4,0,9,10,4,3,3,1,3,1,8,8,0,1
7,959,4,0,4,0,9,10,4,3,3,1,3,1,8,8,0,1
7,959,4,0,4,0,9,10,4,3,3,1,3,1,8,8,0,1
7,959,4,0,4,0,9,10,4,3,3,1,3,1,8,8,0,0
7,959,4,0,4,0,9,10,4,3,3,1,3,1,8,8,0,0
7,959,4,0,4,0,9,10,4,3,3,1,3,1,8,8,0,0
7,959,4,0,4,0,9,10,4,3,3,1,3,1,7,8,0,0
8,960,4,0,4,0,9,10,4,3,3,1,3,1,4,8,0,0
8,960,4,0,4,0,9,10,4,3,3,1,3,1,4,8,0,0
8,960,4,0,4,0,9,10,4,3,3,1,3,1,4,8,0,0
8,960,4,0,4,0,9,10,4,3,3,1,3,1,4,8,0,0
8,960,4,0,4,0,9,10,4,3,3,1,3,1,4,8,0,0
8,960,4,0,4,0,9,10,4,3,3,1,3,1,4,8,0,0
8,960,4,0,4,0,9,10,4,3,3,1,3,1,4,8,8,0
8,960,4,0,4,0,10,10,4,3,3,2,4,2,5,8,8,2
8,960,4,0,4,0,10,10,4,4,3,3,4,2,5,8,8,3
8,960,4,0,4,0,10,10,4,3,3,3,4,2,5,8,9,3
8,960,4,0,4,0,10,10,4,4,3,3,4,2,5,7,9,3
8,960,4,0,4,0,10,10,4,4,3,3,4,2,5,7,9,3
8,960,4,0,4,0,10,10,4,4,3,3,4,2,5,7,9,3
8,960,4,0,4,0,10,10,4,4,3,3,4,2,5,7,5,3
8,960,4,0,4,0,10,10,4,4,3,3,4,2,5,7,5,3
8,960,4,0,4,0,10,10,4,4,3,2,4,2,4,7,5,1
8,960,4,0,4,0,9,10,4,4,3,2,3,2,4,7,5,0
8,960,4,0,4,0,9,10,4,3,3,2,3,2,4,7,0,0
8,960,4,0,4,0,9,10,4,3,3,2,3,2,4,7,0,0
8,960,4,0,4,0,9,10,4,3,3,2,3,2,4,7,0,0
8,960,4,0,4,0,9,10,4,3,3,2,3,2,4,7,0,0
8,960,4,0,4,0,9,10,4,3,3,1,3,2,4,7,0,0
8,960,4,0,4,0,9,10,4,3,3,1,3,2,4,7,0,0
8,960,4,0,4,0,9,10,4,3,3,1,3,2,4,7,0,0
9,961,4,0,4,0,9,10,4,3,3,1,3,2,7,7,0,0
9,961,4,0,4,0,9,10,4,3,3,1,3,2,7,7,0,0
9,961,4,0,4,0,9,10,4,3,3,1,3,2,7,7,0,0
9,961,4,0,4,0,9,10,4,3,3,1,3,2,7,7,0,0
9,961,4,0,4,0,9,10,4,3,3,1,3,2,7,7,0,0
9,961,4,0,4,0,9,10,4,3,3,1,3,2,7,7,0,0
9,961,4,0,4,0,9,10,4,3,3,1,3,2,10,7,8,0
9,961,4,0,4,0,10,10,4,3,3,1,4,3,10,10,8,1
9,961,4,0,4,0,10,10,4,3,3,1,4,3,10,10,8,2
9,961,4,0,4,0,10,10,4,4,3,1,4,3,10,10,9,2
9,961,4,0,4,0,10,10,4,4,3,2,4,3,10,10,9,3
9,961,4,0,4,0,10,10,4,4,3,2,4,3,10,10,9,3
9,961,4,0,4,0,10,10,4,4,3,2,4,3,10,10,9,3
9,961,4,0,4,0,10,10,4,4,3,2,4,3,10,10,5,3
9,961,4,0,4,0,10,10,4,4,3,2,4,3,10,9,5,2
9,961,4,0,4,0,10,10,4,4,3,2,4,3,8,9,5,2
9,961,4,0,4,0,9,10,4,4,3,2,3,3,8,9,5,2
9,961,4,0,4,0,9,10,4,4,3,2,3,3,8,9,0,2
9,961,4,0,4,0,9,9,4,4,3,2,3,3,8,8,0,1
9,961,4,0,4,0,9,9,4,4,3,2,3,3,8,8,0,1
9,961,4,0,4,0,9,9,4,4,3,2,3,3,8,7,0,1
9,961,4,0,4,0,9,9,4,4,3,2,3,3,8,7,0,0
9,961,4,0,4,0,9,9,4,4,3,2,3,3,8,7,0,0
9,961,4,0,4,0,9,9,4,4,3,2,3,3,7,7,0,0
10,962,4,0,4,0,9,9,4,4,3,2,3,3,7,7,0,0
10,962,4,0,4,0,9,9,4,4,3,2,3,3,7,7,0,0
10,962,4,0,4,0,9,9,4,4,3,2,3,3,7,7,0,0
10,962,4,0,4,0,9,9,4,4,3,2,3,3,7,7,0,0
10,962,4,0,4,0,9,9,4,4,3,2,3,3,7,7,0,0
10,962,4,0,4,0,9,9,4,4,3,2,3,3,7,7,0,0
10,962,4,0,4,0,9,9,4,4,3,2,3,3,8,7,8,0
10,962,4,0,4,0,10,10,4,4,3,3,4,3,8,8,8,0
10,962,4,0,4,0,10,10,4,4,3,3,4,3,8,8,8,0
10,962,4,0,4,0,10,10,4,4,3,3,4,3,8,8,9,0
10,962,4,0,4,0,10,10,4,4,3,3,4,3,8,8,9,0
10,962,4,0,4,0,10,10,4,4,3,3,4,3,8,8,9,0
10,962,4,0,4,0,10,10,4,4,3,3,4,2,8,8,9,0
10,962,4,0,4,0,10,10,4,4,3,3,4,2,8,8,5,0
10,962,4,0,4,0,10,10,4,4,3,3,4,2,8,8,5,0
10,962,4,0,4,0,10,10,4,4,3,3,4,2,8,8,5,0
10,962,4,0,4,0,9,10,4,4,3,3,3,2,8,8,5,0
10,962,4,0,4,0,9,10,4,4,3,3,3,2,8,8,0,0
10,962,4,0,4,0,9,10,4,4,3,3,3,2,8,8,0,0
10,962,4,0,4,0,9,10,4,4,3,3,3,2,8,8,0,0
10,962,4,0,4,0,9,10,4,4,3,3,3,2,8,8,0,0
10,962,4,0,4,0,9,10,4,4,3,3,3,2,8,8,0,0
10,962,4,0,4,0,9,10,4,4,3,3,3,2,8,8,0,0
10,962,4,0,4,0,9,10,4,4,3,3,3,2,7,8,0,0
11,963,4,0,4,0,9,10,4,4,3,3,3,2,7,8,0,0
11,963,4,0,4,0,9,10,4,4,3,3,3,2,7,8,0,0
11,963,4,0,4,0,9,10,4,4,3,3,3,2,7,8,0,0
11,963,4,0,4,0,9,10,4,4,3,3,3,2,7,8,0,0
11,963,4,0,4,0,9,10,4,4,3,3,3,2,7,8,0,0
11,963,4,0,4,0,9,10,4,4,3,3,3,2,7,8,0,0
11,963,4,0,4,0,9,10,4,4,3,3,3,2,8,8,8,0
11,963,4,0,4,0,10,10,4,4,3,2,4,3,8,8,8,0
11,963,4,0,4,0,10,10,4,4,3,3,4,3,8,8,8,1
11,963,4,0,4,0,10,10,4,4,3,3,4,3,8,8,9,1
11,963,4,0,4,0,10,10,4,4,3,3,4,3,8,8,9,1
11,963,4,0,4,0,10,10,4,4,3,3,4,3,8,8,9,1
11,963,4,0,4,0,10,10,4,4,3,3,4,3,8,8,9,1
11,963,4,0,4,0,10,10,4,4,3,3,4,3,8,8,5,1
11,963,4,0,4,0,10,10,4,4,3,3,4,3,8,8,5,1
11,963,4,0,4,0,10,10,4,4,3,3,4,3,8,8,5,1
11,963,4,0,4,0,9,10,4,4,3,3,3,3,8,8,5,1
11,963,4,0,4,0,9,10,4,4,3,3,3,3,8,8,0,0
11,963,4,0,4,0,9,10,4,4,3,3,3,3,8,8,0,0
11,963,4,0,4,0,9,10,4,4,3,3,3,2,8,8,0,0
11,963,4,0,4,0,9,10,4,4,3,3,3,2,8,8,0,0
11,963,4,0,4,0,9,10,4,4,3,3,3,2,8,8,0,0
11,963,4,0,4,0,9,10,4,4,3,3,3,2,8,8,0,0
11,963,4,0,4,0,9,10,4,4,3,3,3,2,7,8,0,0
12,964,4,0,3,0,8,10,3,4,2,3,2,2,7,8,0,0
12,964,4,0,3,0,8,10,3,4,2,3,2,2,7,8,0,0
12,964,4,0,3,0,8,10,3,4,2,3,2,2,7,8,0,0
12,964,4,0,3,0,8,10,3,4,2,3,2,2,7,8,0,0
12,964,4,0,3,0,8,10,3,4,2,3,2,2,7,8,0,0
12,964,4,0,3,0,8,10,3,4,2,3,2,2,7,8,0,0
12,964,4,0,3,0,8,10,3,4,2,3,3,2,10,8,0,0
12,964,4,0,3,0,8,10,3,4,2,3,3,2,10,8,0,0
12,964,4,0,3,0,8,10,3,4,2,3,3,2,10,8,0,0
12,964,4,0,3,0,8,10,3,4,2,3,3,2,10,8,0,0
12,964,4,0,3,0,8,10,3,4,2,3,3,2,10,8,0,0
12,964,4,0,3,0,8,10,3,4,2,3,3,2,10,8,0,0
12,964,4,0,3,0,8,10,3,4,2,3,3,2,10,8,0,0
12,964,4,0,3,0,8,10,3,4,2,3,3,2,10,8,0,0
12,964,4,0,3,0,8,10,3,4,2,3,3,2,10,8,0,0
12,964,4,0,3,0,8,10,3,4,2,3,2,1,8,8,0,0
12,964,4,0,3,0,8,10,3,4,2,3,2,1,8,8,0,0
12,964,4,0,3,0,8,10,3,3,2,3,2,1,8,8,0,0
12,964,4,0,3,0,8,10,3,3,2,3,2,1,8,8,0,0
12,964,4,0,3,0,8,10,3,3,2,3,2,1,8,8,0,0
12,964,4,0,3,0,8,10,3,3,2,3,2,1,8,8,0,0
12,964,4,0,3,0,8,10,3,3,2,3,2,1,8,8,0,0
12,964,4,0,3,0,8,10,3,3,2,3,2,1,8,8,0,0
12,964,4,0,3,0,8,10,3,3,2,3,2,1,7,8,0,0
13,965,4,0,3,0,8,10,3,3,2,3,2,1,4,8,0,0
13,965,4,0,3,0,8,10,3,3,2,3,2,1,4,8,0,0
13,965,4,0,3,0,8,10,3,3,2,3,2,1,4,8,0,0
13,965,4,0,3,0,8,10,3,3,2,3,2,1,4,8,0,0
13,965,4,0,3,0,8,10,3,3,2,3,2,1,4,8,0,0
13,965,4,0,3,0,8,10,3,3,2,3,2,1,4,8,0,0
13,965,4,0,3,0,8,10,3,3,2,3,3,1,4,8,0,0
13,965,4,0,3,0,8,9,3,3,2,3,3,1,5,7,0,0
13,965,4,0,3,0,8,9,3,3,2,3,3,1,5,7,0,0
13,965,4,0,3,0,8,9,3,3,2,3,3,1,5,7,0,0
13,965,4,0,3,0,8,9,3,3,2,3,3,1,5,7,0,0
13,965,4,0,3,0,8,9,3,3,2,3,3,1,5,7,0,0
13,965,4,0,3,0,8,9,3,3,2,3,3,1,5,7,0,0
13,965,4,0,3,0,8,9,3,3,2,3,3,1,5,7,0,0
13,965,4,0,3,0,8,9,3,3,2,3,3,1,5,7,0,0
13,965,4,0,3,0,8,9,3,3,2,3,2,1,4,7,0,0
13,965,4,0,3,0,8,9,3,2,2,3,2,1,4,7,0,0
13,965,4,0,3,0,8,9,3,2,2,3,2,1,4,7,0,0
13,965,4,0,3,0,8,9,3,2,2,3,2,1,4,7,0,0
13,965,4,0,3,0,8,9,3,2,2,3,2,1,4,7,0,0
13,965,4,0,3,0,8,9,3,2,2,3,2,1,4,7,0,0
13,965,4,0,3,0,8,9,3,2,2,3,2,1,4,7,0,0
13,965,4,0,3,0,8,9,3,2,2,3,2,1,4,7,0,0
13,965,4,0,3,0,8,9,3,2,2,3,2,1,4,7,0,0
14,966,4,0,4,0,9,9,4,2,3,3,3,1,7,7,0,0
14,966,4,0,4,0,9,9,4,2,3,3,3,1,7,7,0,0
14,966,4,0,4,0,9,9,4,2,3,3,3,1,7,7,0,0
14,966,4,0,4,0,9,9,4,2,3,3,3,1,7,7,0,0
14,966,4,0,4,0,9,9,4,2,3,3,3,1,7,7,0,0
14,966,4,0,4,0,9,9,4,2,3,3,3,1,7,7,0,0
14,966,4,0,4,0,9,9,4,2,3,3,3,1,8,7,8,0
14,966,4,0,4,0,10,10,4,4,3,3,4,2,8,8,8,2
14,966,4,0,4,0,10,10,4,4,3,3,4,2,8,8,8,2
14,966,4,0,4,0,10,10,4,4,3,3,4,2,8,8,9,2
14,966,4,0,4,0,10,10,4,4,3,3,4,2,8,8,9,2
14,966,4,0,4,0,10,10,4,4,3,3,4,2,8,8,9,2
14,966,4,0,4,0,10,10,4,4,3,3,4,2,8,8,9,2
14,966,4,0,4,0,10,10,4,4,3,3,4,2,8,9,5,2
14,966,4,0,4,0,10,10,4,4,3,3,4,2,8,9,5,2
14,966,4,0,4,0,10,10,4,4,3,3,4,2,8,9,5,2
14,966,4,0,4,0,9,10,4,4,3,3,3,2,8,9,5,2
14,966,4,0,4,0,9,10,4,4,3,3,3,2,8,8,0,0
14,966,4,0,4,0,9,10,4,4,3,3,3,2,8,8,0,0
14,966,4,0,4,0,9,10,4,4,3,3,3,2,8,8,0,0
14,966,4,0,4,0,9,10,4,4,3,3,3,2,8,8,0,0
14,966,4,0,4,0,9,10,4,4,3,3,3,2,8,8,0,0
14,966,4,0,4,0,9,10,4,3,3,3,3,2,8,8,0,0
14,966,4,0,4,0,9,10,4,3,3,3,3,2,7,8,0,0
15,967,4,0,4,0,9,10,4,3,3,3,3,2,4,8,0,0
15,967,4,0,4,0,9,10,4,3,3,3,3,2,4,8,0,0
15,967,4,0,4,0,9,10,4,3,3,3,3,2,4,8,0,0
15,967,4,0,4,0,9,10,4,3,3,3,3,2,4,8,0,0
15,967,4,0,4,0,9,10,4,3,3,3,3,2,4,8,0,0
15,967,4,0,4,0,9,10,4,3,3,3,3,2,4,8,0,0
15,967,4,0,4,0,9,10,4,3,3,3,3,2,4,8,8,0
15,967,4,0,4,0,10,10,4,4,3,3,4,3,5,8,8,2
15,967,4,0,4,0,10,10,4,4,3,3,4,3,5,8,8,3
15,967,4,0,4,0,10,10,4,4,3,3,4,3,5,8,9,4
15,967,4,0,4,0,10,10,4,4,3,3,4,3,5,8,9,4
15,967,4,0,4,0,10,10,4,3,3,3,4,3,5,8,9,4
15,967,4,0,4,0,10,10,4,4,3,3,4,3,5,8,9,4
15,967,4,0,4,0,10,10,4,4,3,3,4,3,5,8,5,4
15,967,4,0,4,0,10,10,4,4,3,3,4,3,5,8,5,4
15,967,4,0,4,0,10,10,4,4,3,3,4,3,4,8,5,3
15,967,4,0,4,0,9,10,4,4,3,3,3,3,4,8,5,3
15,967,4,0,4,0,9,10,4,4,3,3,3,3,4,8,0,3
15,967,4,0,4,0,9,10,4,4,3,3,3,3,4,8,0,3
15,967,4,0,4,0,9,10,4,4,3,3,3,2,4,8,0,3
15,967,4,0,4,0,9,10,4,4,3,3,3,2,4,8,0,3
15,967,4,0,4,0,9,10,4,3,3,3,3,2,4,8,0,3
15,967,4,0,4,0,9,10,4,3,3,3,3,2,4,8,0,3
15,967,4,0,4,0,9,10,4,3,3,3,3,2,4,8,0,3
16,968,4,0,4,0,9,10,4,3,3,3,3,2,7,8,0,3
16,968,4,0,4,0,9,10,4,3,3,3,3,2,7,8,0,3
16,968,4,0,4,0,9,10,4,3,3,3,3,2,7,8,0,3
16,968,4,0,4,0,9,10,4,3,3,3,3,2,7,8,0,3
16,968,4,0,4,0,9,10,4,3,3,3,3,2,7,8,0,3
16,968,4,0,4,0,9,10,4,3,3,3,3,2,7,8,0,3
16,968,4,0,4,0,9,10,4,3,3,3,3,2,10,10,8,3
16,968,4,0,4,0,10,10,4,4,3,3,4,1,10,10,8,3
16,968,4,0,4,0,10,10,4,4,3,3,4,1,10,10,8,3
16,968,4,0,4,0,10,10,4,4,3,3,4,1,10,10,9,3
16,968,4,0,4,0,10,10,4,4,3,3,4,1,10,10,9,3
16,968,4,0,4,0,10,10,4,4,3,3,4,1,10,10,9,3
16,968,4,0,4,0,10,10,4,4,3,3,4,1,10,11,9,3
16,968,4,0,4,0,10,10,4,4,3,3,4,1,10,11,5,3
16,968,4,0,4,0,10,10,4,4,3,3,4,1,10,9,5,1
16,968,4,0,4,0,10,10,4,4,3,3,4,1,8,9,5,1
16,968,4,0,4,0,9,10,4,4,3,3,3,1,8,9,5,1
16,968,4,0,4,0,9,10,4,4,3,3,3,1,8,9,0,1
16,968,4,0,4,0,9,10,4,4,3,3,3,1,8,8,0,1
16,968,4,0,4,0,9,10,4,4,3,3,3,1,8,8,0,0
16,968,4,0,4,0,9,10,4,4,3,3,3,1,8,8,0,0
16,968,4,0,4,0,9,10,4,4,3,3,3,1,8,8,0,0
16,968,4,0,4,0,9,10,4,4,3,3,3,1,8,8,0,0
16,968,4,0,4,0,9,10,4,4,3,3,3,1,7,8,0,0
17,969,4,0,4,0,9,10,4,4,3,3,3,1,7,8,0,0
17,969,4,0,4,0,9,10,4,4,3,3,3,1,7,8,0,0
17,969,4,0,4,0,9,10,4,4,3,3,3,1,7,8,0,0
17,969,4,0,4,0,9,10,4,4,3,3,3,1,7,8,0,0
17,969,4,0,4,0,9,10,4,4,3,3,3,1,7,8,0,0
17,969,4,0,4,0,9,10,4,4,3,3,3,1,7,8,0,0
17,969,4,0,4,0,9,10,4,4,3,3,3,1,8,8,8,0
17,969,4,0,4,0,10,9,4,4,3,2,4,2,8,8,8,0
17,969,4,0,4,0,10,10,4,4,3,2,4,2,8,8,8,0
17,969,4,0,4,0,10,10,4,4,3,2,4,2,8,8,9,0
17,969,4,0,4,0,10,10,4,4,3,2,4,2,8,8,9,0
17,969,4,0,4,0,10,10,4,4,3,2,4,2,8,8,9,0
17,969,4,0,4,0,10,10,4,4,3,2,4,2,8,8,9,0
17,969,4,0,4,0,10,10,4,4,3,2,4,2,8,8,5,0
17,969,4,0,4,0,10,10,4,4,3,2,4,2,8,8,5,0
17,969,4,0,4,0,10,10,4,4,3,2,4,2,8,8,5,0
17,969,4,0,4,0,9,10,4,4,3,2,3,2,8,8,5,0
17,969,4,0,4,0,9,10,4,4,3,2,3,2,8,8,0,0
17,969,4,0,4,0,9,10,4,4,3,2,3,2,8,8,0,0
17,969,4,0,4,0,9,10,4,4,3,2,3,2,8,8,0,0
17,969,4,0,4,0,9,10,4,4,3,2,3,2,8,8,0,0
17,969,4,0,4,0,9,10,4,3,3,2,3,2,8,8,0,0
17,969,4,0,4,0,9,10,4,3,3,2,3,2,8,8,0,0
17,969,4,0,4,0,9,10,4,3,3,2,3,2,7,8,0,0
18,970,4,0,4,0,9,10,4,3,3,2,3,2,7,8,0,0
18,970,4,0,4,0,9,10,4,3,3,2,3,2,7,8,0,0
18,970,4,0,4,0,9,10,4,3,3,2,3,2,7,8,0,0
18,970,4,0,4,0,9,10,4,3,3,2,3,2,7,8,0,0
18,970,4,0,4,0,9,10,4,3,3,2,3,2,7,8,0,0
18,970,4,0,4,0,9,10,4,3,3,2,3,2,7,8,0,0
18,970,4,0,4,0,9,10,4,3,3,2,3,2,8,8,8,0
18,970,4,0,4,0,10,10,4,3,3,3,4,3,8,8,8,1
18,970,4,0,4,0,10,10,4,4,3,3,4,3,8,8,8,1
18,970,4,0,4,0,10,10,4,4,3,3,4,3,8,8,9,2
18,970,4,0,4,0,10,10,4,4,3,3,4,3,8,8,9,2
18,970,4,0,4,0,10,10,4,4,3,3,4,3,8,8,9,2
18,970,4,0,4,0,10,10,4,4,3,3,4,3,8,8,9,2
18,970,4,0,4,0,10,10,4,4,3,2,4,3,8,9,5,2
18,970,4,0,4,0,10,10,4,4,3,2,4,3,8,8,5,1
18,970,4,0,4,0,10,10,4,4,3,2,4,3,8,8,5,1
18,970,4,0,4,0,9,10,4,4,3,2,3,3,8,8,5,1
18,970,4,0,4,0,9,10,4,4,3,2,3,3,8,8,0,1
18,970,4,0,4,0,9,10,4,4,3,2,3,3,8,8,0,1
18,970,4,0,4,0,9,10,4,4,3,2,3,3,8,8,0,0
18,970,4,0,4,0,9,10,4,4,3,2,3,3,8,8,0,0
18,970,4,0,4,0,9,10,4,4,3,2,3,3,8,8,0,0
18,970,4,0,4,0,9,10,4,4,3,2,3,3,8,8,0,0
18,970,4,0,4,0,9,10,4,4,3,2,3,3,7,8,0,0
19,971,4,0,3,0,8,10,3,4,2,2,2,3,7,8,0,0
19,971,4,0,3,0,8,10,3,4,2,2,2,3,7,8,0,0
19,971,4,0,3,0,8,10,3,4,2,2,2,3,7,8,0,0
19,971,4,0,3,0,8,10,3,4,2,2,2,3,7,8,0,0
19,971,4,0,3,0,8,10,3,4,2,2,2,3,7,8,0,0
19,971,4,0,3,0,8,10,3,4,2,2,2,3,7,8,0,0
19,971,4,0,3,0,8,10,3,4,2,2,3,3,10,8,0,0
19,971,4,0,3,0,8,9,3,4,2,2,3,3,10,8,0,0
19,971,4,0,3,0,8,9,3,4,2,2,3,3,10,8,0,0
19,971,4,0,3,0,8,9,3,4,2,2,3,3,10,8,0,0
19,971,4,0,3,0,8,9,3,4,2,2,3,3,10,8,0,0
19,971,4,0,3,0,8,9,3,4,2,2,3,3,10,8,0,0
19,971,4,0,3,0,8,9,3,4,2,2,3,3,10,8,0,0
19,971,4,0,3,0,8,9,3,4,2,2,3,3,10,8,0,0
19,971,4,0,3,0,8,9,3,3,2,2,3,3,10,8,0,0
19,971,4,0,3,0,8,9,3,3,2,2,2,3,8,8,0,0
19,971,4,0,3,0,8,9,3,3,2,2,2,3,8,8,0,0
19,971,4,0,3,0,8,9,3,3,2,2,2,3,8,8,0,0
19,971,4,0,3,0,8,9,3,3,2,2,2,3,8,8,0,0
19,971,4,0,3,0,8,9,3,3,2,2,2,3,8,8,0,0
19,971,4,0,3,0,8,9,3,3,2,2,2,3,8,8,0,0
19,971,4,0,3,0,8,9,3,3,2,2,2,3,8,8,0,0
19,971,4,0,3,0,8,9,3,3,2,2,2,3,8,8,0,0
19,971,4,0,3,0,8,9,3,3,2,2,2,3,7,8,0,0
20,972,4,0,3,0,8,9,3,3,2,2,2,3,4,8,0,0
20,972,4,0,3,0,8,9,3,3,2,2,2,3,4,8,0,0
20,972,4,0,3,0,8,9,3,3,2,2,2,3,4,8,0,0
20,972,4,0,3,0,8,9,3,3,2,2,2,3,4,8,0,0
20,972,4,0,3,0,8,9,3,3,2,2,2,3,4,8,0,0
20,972,4,0,3,0,8,9,3,3,2,2,2,3,4,8,0,0
20,972,4,0,3,0,8,9,3,3,2,2,3,3,4,8,0,0
20,972,4,0,3,0,8,9,3,3,2,2,3,3,5,8,0,0
20,972,4,0,3,0,8,9,3,3,2,2,3,3,5,8,0,0
20,972,4,0,3,0,8,9,3,3,2,2,3,3,5,8,0,0
20,972,4,0,3,0,8,9,3,3,2,2,3,2,5,8,0,0
20,972,4,0,3,0,8,9,3,3,2,2,3,2,5,8,0,0
20,972,4,0,3,0,8,9,3,3,2,2,3,2,5,8,0,0
20,972,4,0,3,0,8,9,3,3,2,2,3,2,5,8,0,0
20,972,4,0,3,0,8,9,3,3,2,2,3,2,5,8,0,0
20,972,4,0,3,0,8,9,3,3,2,2,2,2,4,8,0,0
20,972,4,0,3,0,8,9,3,3,2,2,2,2,4,8,0,0
20,972,4,0,3,0,8,9,3,3,2,2,2,2,4,8,0,0
20,972,4,0,3,0,8,9,3,3,2,2,2,2,4,8,0,0
20,972,4,0,3,0,8,9,3,3,2,2,2,2,4,8,0,0
20,972,4,0,3,0,8,9,3,3,2,2,2,2,4,8,0,0
20,972,4,0,3,0,8,9,3,3,2,2,2,2,4,8,0,0
20,972,4,0,3,0,8,9,3,3,2,2,2,2,4,8,0,0
20,972,4,0,3,0,8,9,3,3,2,2,2,2,4,8,0,0
21,973,4,0,4,0,9,9,4,3,3,2,3,2,7,8,0,0
21,973,4,0,4,0,9,9,4,3,3,2,3,2,7,8,0,0
21,973,4,0,4,0,9,9,4,3,3,2,3,2,7,8,0,0
21,973,4,0,4,0,9,9,4,3,3,2,3,2,7,8,0,0
21,973,4,0,4,0,9,9,4,3,3,2,3,2,7,8,0,0
21,973,4,0,4,0,9,9,4,3,3,2,3,2,7,8,0,0
21,973,4,0,4,0,9,9,4,3,3,2,3,2,8,8,8,0
21,973,4,0,4,0,10,9,4,4,3,3,4,2,8,8,8,1
21,973,4,0,4,0,10,10,4,4,3,3,4,2,8,8,8,1
21,973,4,0,4,0,10,10,4,4,3,3,4,2,8,8,9,1
21,973,4,0,4,0,10,10,4,4,3,3,4,2,8,8,9,1
21,973,4,0,4,0,10,10,4,4,3,3,4,2,8,8,9,1
21,973,4,0,4,0,10,10,4,3,3,3,4,2,8,8,9,1
21,973,4,0,4,0,10,10,4,3,3,3,4,2,8,8,5,1
21,973,4,0,4,0,10,10,4,3,3,3,4,2,8,8,5,1
21,973,4,0,4,0,10,10,4,3,3,3,4,2,8,8,5,1
21,973,4,0,4,0,9,10,4,2,3,3,3,2,8,8,5,1
21,973,4,0,4,0,9,10,4,2,3,3,3,2,8,8,0,1
21,973,4,0,4,0,9,10,4,2,3,3,3,2,8,8,0,1
21,973,4,0,4,0,9,10,4,2,3,3,3,2,8,8,0,1
21,973,4,0,4,0,9,10,4,2,3,3,3,2,8,8,0,0
21,973,4,0,4,0,9,10,4,2,3,3,3,2,8,8,0,0
21,973,4,0,4,0,9,10,4,2,3,3,3,2,8,8,0,0
21,973,4,0,4,0,9,10,4,2,3,3,3,2,7,8,0,0
22,974,4,0,4,0,9,10,4,2,3,3,3,2,4,8,0,0
22,974,4,0,4,0,9,10,4,2,3,3,3,2,4,8,0,0
22,974,4,0,4,0,9,10,4,2,3,3,3,2,4,8,0,0
22,974,4,0,4,0,9,10,4,2,3,3,3,2,4,8,0,0
22,974,4,0,4,0,9,10,4,2,3,3,3,2,4,8,0,0
22,974,4,0,4,0,9,10,4,2,3,3,3,2,4,8,0,0
22,974,4,0,4,0,9,10,4,2,3,3,3,2,4,8,8,0
22,974,4,0,4,0,10,9,4,3,3,2,4,3,5,7,8,5
22,974,4,0,4,0,10,10,4,4,3,3,4,3,5,7,8,6
22,974,4,0,4,0,10,10,4,4,3,3,4,3,5,7,9,7
22,974,4,0,4,0,10,10,4,4,3,3,4,3,5,7,9,8
22,974,4,0,4,0,10,10,4,4,3,3,4,3,5,7,9,8
22,974,4,0,4,0,10,10,4,4,3,3,4,3,5,7,9,8
22,974,4,0,4,0,10,10,4,4,3,3,4,3,5,7,5,8
22,974,4,0,4,0,10,10,4,4,3,3,4,3,5,7,5,8
22,974,4,0,4,0,10,10,4,3,3,2,4,3,4,7,5,5
22,974,4,0,4,0,9,10,4,3,3,2,3,3,4,7,5,5
22,974,4,0,4,0,9,10,4,3,3,2,3,3,4,7,0,5
22,974,4,0,4,0,9,9,4,3,3,2,3,3,4,6,0,5
22,974,4,0,4,0,9,9,4,3,3,2,3,3,4,6,0,4
22,974,4,0,4,0,9,9,4,3,3,2,3,3,4,6,0,3
22,974,4,0,4,0,9,9,4,3,3,2,3,3,4,6,0,3
22,974,4,0,4,0,9,9,4,3,3,2,3,3,4,6,0,3
22,974,4,0,4,0,9,9,4,3,3,2,3,3,4,6,0,3
23,975,4,0,4,0,9,9,4,3,3,2,3,3,7,7,0,3
23,975,4,0,4,0,9,9,4,3,3,2,3,3,7,7,0,3
23,975,4,0,4,0,9,9,4,3,3,2,3,3,7,7,0,3
23,975,4,0,4,0,9,9,4,3,3,2,3,3,7,7,0,3
23,975,4,0,4,0,9,9,4,3,3,2,3,3,7,7,0,3
23,975,4,0,4,0,9,9,4,3,3,2,3,3,7,7,0,3
23,975,4,0,4,0,9,9,4,3,3,2,3,3,10,9,8,3
23,975,4,0,4,0,10,10,4,3,3,2,4,3,10,9,8,2
23,975,4,0,4,0,10,10,4,3,3,2,4,3,10,10,8,2
23,975,4,0,4,0,10,10,4,3,3,2,4,3,10,10,9,1
23,975,4,0,4,0,10,10,4,4,3,2,4,3,10,10,9,1
23,975,4,0,4,0,10,10,4,4,3,2,4,3,10,10,9,1
23,975,4,0,4,0,10,10,4,4,3,2,4,3,10,9,9,0
23,975,4,0,4,0,10,10,4,4,3,2,4,3,10,9,5,0
23,975,4,0,4,0,10,10,4,4,3,2,4,3,10,9,5,0
23,975,4,0,4,0,10,10,4,4,3,2,4,3,8,9,5,0
23,975,4,0,4,0,9,9,4,4,3,2,3,3,8,9,5,0
23,975,4,0,4,0,9,9,4,4,3,2,3,3,8,9,0,0
23,975,4,0,4,0,9,9,4,3,3,2,3,3,8,9,0,0
23,975,4,0,4,0,9,9,4,3,3,2,3,3,8,9,0,0
23,975,4,0,4,0,9,9,4,3,3,2,3,3,8,9,0,0
23,975,4,0,4,0,9,9,4,3,3,2,3,3,8,9,0,0
23,975,4,0,4,0,9,9,4,3,3,2,3,3,8,9,0,0
23,975,4,0,4,0,9,9,4,3,3,2,3,3,7,9,0,0
24,976,4,0,4,0,9,9,4,3,3,2,3,3,7,9,0,0
24,976,4,0,4,0,9,9,4,3,3,2,3,3,7,9,0,0
24,976,4,0,4,0,9,9,4,3,3,2,3,3,7,9,0,0
24,976,4,0,4,0,9,9,4,3,3,2,3,3,7,9,0,0
24,976,4,0,4,0,9,9,4,3,3,2,3,3,7,9,0,0
24,976,4,0,4,0,9,9,4,3,3,2,3,3,7,9,0,0
24,976,4,0,4,0,9,9,4,3,3,2,3,3,8,9,8,0
24,976,4,0,4,0,10,9,4,4,3,2,4,4,8,9,8,0
24,976,4,0,4,0,10,10,4,3,3,2,4,4,8,8,8,0
24,976,4,0,4,0,10,10,4,3,3,2,4,4,8,8,9,0
24,976,4,0,4,0,10,10,4,3,3,2,4,4,8,8,9,0
24,976,4,0,4,0,10,10,4,3,3,2,4,4,8,8,9,0
24,976,4,0,4,0,10,10,4,3,3,2,4,4,8,8,9,0
24,976,4,0,4,0,10,10,4,2,3,2,4,4,8,8,5,0
24,976,4,0,4,0,10,10,4,2,3,2,4,4,8,8,5,0
24,976,4,0,4,0,10,9,4,2,3,2,4,4,8,8,5,0
24,976,4,0,4,0,9,9,4,2,3,2,3,4,8,8,5,0
24,976,4,0,4,0,9,9,4,2,3,2,3,4,8,8,0,0
24,976,4,0,4,0,9,9,4,2,3,2,3,4,8,8,0,0
24,976,4,0,4,0,9,9,4,2,3,2,3,4,8,8,0,0
24,976,4,0,4,0,9,9,4,2,3,2,3,4,8,7,0,0
24,976,4,0,4,0,9,9,4,2,3,2,3,4,8,7,0,0
24,976,4,0,4,0,9,9,4,2,3,2,3,4,8,7,0,0
24,976,4,0,4,0,9,9,4,2,3,2,3,4,7,7,0,0
25,977,4,0,4,0,9,9,4,2,3,2,3,4,7,7,0,0
25,977,4,0,4,0,9,9,4,2,3,2,3,4,7,7,0,0
25,977,4,0,4,0,9,9,4,2,3,2,3,4,7,7,0,0
25,977,4,0,4,0,9,9,4,2,3,2,3,4,7,7,0,0
25,977,4,0,4,0,9,9,4,2,3,2,3,4,7,7,0,0
25,977,4,0,4,0,9,9,4,2,3,2,3,4,7,7,0,0
25,977,4,0,4,0,9,9,4,2,3,2,3,4,8,7,8,0
25,977,4,0,4,0,10,9,4,2,3,3,4,3,8,8,8,1
25,977,4,0,4,0,10,10,4,4,3,3,4,3,8,8,8,1
25,977,4,0,4,0,10,10,4,4,3,2,4,3,8,8,9,2
25,977,4,0,4,0,10,10,4,4,3,3,4,3,8,8,9,3
25,977,4,0,4,0,10,10,4,4,3,3,4,3,8,8,9,4
25,977,4,0,4,0,10,10,4,4,3,3,4,3,8,8,9,4
25,977,4,0,4,0,10,10,4,4,3,3,4,3,8,8,5,4
25,977,4,0,4,0,10,10,4,3,3,3,4,3,8,8,5,4
25,977,4,0,4,0,10,10,4,3,3,3,4,3,8,8,5,2
25,977,4,0,4,0,9,10,4,3,3,3,3,2,8,8,5,1
25,977,4,0,4,0,9,10,4,3,3,3,3,2,8,8,0,1
25,977,4,0,4,0,9,10,4,3,3,3,3,2,8,8,0,0
25,977,4,0,4,0,9,10,4,3,3,3,3,2,8,8,0,0
25,977,4,0,4,0,9,10,4,3,3,3,3,2,8,8,0,0
25,977,4,0,4,0,9,10,4,3,3,3,3,2,8,8,0,0
25,977,4,0,4,0,9,10,4,3,3,3,3,2,8,8,0,0
25,977,4,0,4,0,9,10,4,3,3,3,3,2,7,8,0,0
26,978,4,0,3,0,8,10,3,3,2,3,2,2,7,8,0,0
26,978,4,0,3,0,8,10,3,3,2,3,2,2,7,8,0,0
26,978,4,0,3,0,8,10,3,3,2,3,2,2,7,8,0,0
26,978,4,0,3,0,8,10,3,3,2,3,2,2,7,8,0,0
26,978,4,0,3,0,8,10,3,3,2,3,2,2,7,8,0,0
26,978,4,0,3,0,8,10,3,3,2,3,2,2,7,8,0,0
26,978,4,0,3,0,8,10,3,3,2,3,3,2,10,8,0,0
26,978,4,0,3,0,8,10,3,2,2,2,3,1,10,7,0,0
26,978,4,0,3,0,8,10,3,2,2,2,3,1,10,7,0,0
26,978,4,0,3,0,8,10,3,2,2,2,3,1,10,7,0,0
26,978,4,0,3,0,8,10,3,2,2,2,3,1,10,7,0,0
26,978,4,0,3,0,8,9,3,2,2,2,3,1,10,6,0,0
26,978,4,0,3,0,8,9,3,2,2,2,3,1,10,6,0,0
26,978,4,0,3,0,8,9,3,2,2,2,3,1,10,6,0,0
26,978,4,0,3,0,8,9,3,2,2,2,3,1,10,6,0,0
26,978,4,0,3,0,8,9,3,2,2,2,2,1,8,6,0,0
26,978,4,0,3,0,8,9,3,2,2,2,2,1,8,6,0,0
26,978,4,0,3,0,8,9,3,2,2,2,2,1,8,6,0,0
26,978,4,0,3,0,8,9,3,2,2,2,2,1,8,6,0,0
26,978,4,0,3,0,8,9,3,2,2,2,2,1,8,6,0,0
26,978,4,0,3,0,8,9,3,2,2,2,2,1,8,6,0,0
26,978,4,0,3,0,8,9,3,2,2,2,2,1,8,6,0,0
26,978,4,0,3,0,8,9,3,2,2,2,2,1,8,6,0,0
26,978,4,0,3,0,8,9,3,2,2,2,2,1,7,6,0,0
27,979,4,0,3,0,8,9,3,2,2,2,2,1,4,6,0,0
27,979,4,0,3,0,8,9,3,2,2,2,2,1,4,6,0,0
27,979,4,0,3,0,8,9,3,2,2,2,2,1,4,6,0,0
27,979,4,0,3,0,8,9,3,2,2,2,2,1,4,6,0,0
27,979,4,0,3,0,8,9,3,2,2,2,2,1,4,6,0,0
27,979,4,0,3,0,8,9,3,2,2,2,2,1,4,6,0,0
27,979,4,0,3,0,8,9,3,2,2,2,3,1,4,6,0,0
27,979,4,0,3,0,8,8,3,2,2,2,3,1,5,6,0,0
27,979,4,0,3,0,8,8,3,2,2,2,3,1,5,6,0,0
27,979,4,0,3,0,8,8,3,2,2,2,3,1,5,6,0,0
27,979,4,0,3,0,8,8,3,2,2,2,3,1,5,6,0,0
27,979,4,0,3,0,8,8,3,2,2,2,3,1,5,6,0,0
27,979,4,0,3,0,8,8,3,2,2,2,3,1,5,6,0,0
27,979,4,0,3,0,8,8,3,2,2,2,3,1,5,6,0,0
27,979,4,0,3,0,8,8,3,2,2,2,3,1,5,6,0,0
27,979,4,0,3,0,8,8,3,2,2,2,2,1,4,6,0,0
27,979,4,0,3,0,8,8,3,2,2,2,2,1,4,6,0,0
27,979,4,0,3,0,8,8,3,2,2,2,2,1,4,6,0,0
27,979,4,0,3,0,8,8,3,2,2,2,2,1,4,6,0,0
27,979,4,0,3,0,8,8,3,2,2,2,2,1,4,6,0,0
27,979,4,0,3,0,8,8,3,2,2,2,2,1,4,6,0,0
27,979,4,0,3,0,8,8,3,2,2,2,2,1,4,6,0,0
27,979,4,0,3,0,8,8,3,2,2,2,2,1,4,6,0,0
27,979,4,0,3,0,8,8,3,2,2,2,2,1,4,6,0,0
0,980,4,0,4,0,9,8,4,2,3,2,3,1,7,6,0,0
0,980,4,0,4,0,9,8,4,2,3,2,3,1,7,6,0,0
0,980,4,0,4,0,9,8,4,2,3,2,3,1,7,6,0,0
0,980,4,0,4,0,9,8,4,2,3,2,3,1,7,6,0,0
0,980,4,0,4,0,9,8,4,2,3,2,3,1,7,6,0,0
0,980,4,0,4,0,9,8,4,2,3,2,3,1,7,6,0,0
0,980,4,0,4,0,9,8,4,2,3,2,3,1,8,6,8,0
0,980,4,0,4,0,10,9,4,4,3,2,4,2,8,8,8,2
0,980,4,0,4,0,10,10,4,4,3,3,4,2,8,8,8,2
0,980,4,0,4,0,10,10,4,4,3,3,4,2,8,8,9,2
0,980,4,0,4,0,10,10,4,4,3,3,4,1,8,8,9,2
0,980,4,0,4,0,10,10,4,4,3,3,4,1,8,8,9,2
0,980,4,0,4,0,10,10,4,4,3,3,4,1,8,8,9,2
0,980,4,0,4,0,10,10,4,4,3,3,4,1,8,8,5,2
0,980,4,0,4,0,10,9,4,4,3,3,4,1,8,8,5,2
0,980,4,0,4,0,10,10,4,4,3,3,4,1,8,8,5,2
0,980,4,0,4,0,9,9,4,4,3,3,3,1,8,8,5,1
0,980,4,0,4,0,9,9,4,4,3,3,3,0,8,8,0,1
0,980,4,0,4,0,9,9,4,3,3,3,3,0,8,8,0,1
0,980,4,0,4,0,9,9,4,3,3,3,3,0,8,8,0,0
0,980,4,0,4,0,9,9,4,3,3,3,3,0,8,8,0,0
0,980,4,0,4,0,9,9,4,3,3,3,3,0,8,8,0,0
0,980,4,0,4,0,9,9,4,3,3,3,3,0,8,8,0,0
0,980,4,0,4,0,9,9,4,3,3,3,3,0,7,8,0,0
1,981,4,0,4,0,9,9,4,3,3,3,3,0,4,8,0,0
1,981,4,0,4,0,9,9,4,3,3,3,3,0,4,8,0,0
1,981,4,0,4,0,9,9,4,3,3,3,3,0,4,8,0,0
1,981,4,0,4,0,9,9,4,3,3,3,3,0,4,8,0,0
1,981,4,0,4,0,9,9,4,3,3,3,3,0,4,8,0,0
1,981,4,0,4,0,9,9,4,3,3,3,3,0,4,8,0,0
1,981,4,0,4,0,9,9,4,3,3,3,3,0,4,8,8,0
1,981,4,0,4,0,10,9,4,4,3,3,4,1,5,7,8,1
1,981,4,0,4,0,10,10,4,4,3,3,4,1,5,7,8,1
1,981,4,0,4,0,10,10,4,4,3,3,4,1,5,7,9,2
1,981,4,0,4,0,10,10,4,4,3,3,4,1,5,7,9,2
1,981,4,0,4,0,10,10,4,4,3,3,4,1,5,7,9,2
1,981,4,0,4,0,10,10,4,4,3,3,4,1,5,7,9,2
1,981,4,0,4,0,10,10,4,4,3,3,4,1,5,7,5,2
1,981,4,0,4,0,10,10,4,4,3,3,4,1,5,7,5,2
1,981,4,0,4,0,10,10,4,4,3,3,4,1,4,7,5,2
1,981,4,0,4,0,9,10,4,4,3,3,3,1,4,7,5,2
1,981,4,0,4,0,9,10,4,4,3,3,3,1,4,7,0,2
1,981,4,0,4,0,9,10,4,4,3,3,3,1,4,7,0,2
1,981,4,0,4,0,9,10,4,4,3,3,3,1,4,7,0,2
1,981,4,0,4,0,9,10,4,4,3,3,3,1,4,7,0,2
1,981,4,0,4,0,9,10,4,4,3,3,3,1,4,7,0,2
1,981,4,0,4,0,9,10,4,4,3,3,3,1,4,7,0,2
1,981,4,0,4,0,9,10,4,4,3,3,3,1,4,7,0,2
2,982,4,0,4,0,9,10,4,4,3,3,3,1,7,7,0,2
2,982,4,0,4,0,9,10,4,4,3,3,3,1,7,7,0,2
2,982,4,0,4,0,9,10,4,4,3,3,3,1,7,7,0,2
2,982,4,0,4,0,9,10,4,4,3,3,3,1,7,7,0,2
2,982,4,0,4,0,9,10,4,4,3,3,3,1,7,7,0,2
2,982,4,0,4,0,9,10,4,4,3,3,3,1,7,7,0,2
2,982,4,0,4,0,9,10,4,4,3,3,3,1,10,9,8,2
2,982,4,0,4,0,10,10,4,2,3,3,4,1,10,9,8,3
2,982,4,0,4,0,10,10,4,3,3,3,4,1,10,10,8,3
2,982,4,0,4,0,10,10,4,3,3,3,4,1,10,10,9,2
2,982,4,0,4,0,10,10,4,4,3,3,4,1,10,10,9,1
2,982,4,0,4,0,10,10,4,4,3,3,4,1,10,10,9,1
2,982,4,0,4,0,10,10,4,4,3,3,4,1,10,10,9,1
2,982,4,0,4,0,10,10,4,4,3,3,4,1,10,10,5,1
2,982,4,0,4,0,10,10,4,4,3,3,4,1,10,9,5,1
2,982,4,0,4,0,10,10,4,4,3,3,4,1,8,9,5,1
2,982,4,0,4,0,9,10,4,4,3,3,3,1,8,9,5,1
2,982,4,0,4,0,9,10,4,4,3,3,3,1,8,9,0,1
2,982,4,0,4,0,9,10,4,4,3,3,3,1,8,9,0,1
2,982,4,0,4,0,9,10,4,4,3,3,3,1,8,9,0,1
2,982,4,0,4,0,9,10,4,4,3,3,3,1,8,9,0,1
2,982,4,0,4,0,9,10,4,4,3,3,3,1,8,9,0,0
2,982,4,0,4,0,9,9,4,4,3,3,3,1,8,8,0,0
2,982,4,0,4,0,9,9,4,4,3,3,3,1,7,8,0,0
3,983,4,0,4,0,9,9,4,4,3,3,3,1,7,8,0,0
3,983,4,0,4,0,9,9,4,4,3,3,3,1,7,8,0,0
3,983,4,0,4,0,9,9,4,4,3,3,3,1,7,8,0,0
3,983,4,0,4,0,9,9,4,4,3,3,3,1,7,8,0,0
3,983,4,0,4,0,9,9,4,4,3,3,3,1,7,8,0,0
3,983,4,0,4,0,9,9,4,4,3,3,3,1,7,8,0,0
3,983,4,0,4,0,9,9,4,4,3,3,3,1,8,8,8,0
3,983,4,0,4,0,10,9,4,3,3,3,4,2,8,8,8,0
3,983,4,0,4,0,10,10,4,3,3,3,4,2,8,8,8,0
3,983,4,0,4,0,10,10,4,3,3,3,4,2,8,8,9,0
3,983,4,0,4,0,10,10,4,3,3,3,4,2,8,8,9,0
3,983,4,0,4,0,10,10,4,3,3,3,4,2,8,8,9,0
3,983,4,0,4,0,10,10,4,3,3,3,4,2,8,8,9,0
3,983,4,0,4,0,10,10,4,3,3,3,4,2,8,8,5,0
3,983,4,0,4,0,10,10,4,3,3,3,4,2,8,8,5,0
3,983,4,0,4,0,10,10,4,3,3,3,4,2,8,8,5,0
3,983,4,0,4,0,9,10,4,2,3,3,3,2,8,8,5,0
3,983,4,0,4,0,9,10,4,2,3,3,3,2,8,8,0,0
3,983,4,0,4,0,9,10,4,2,3,3,3,2,8,8,0,0
3,983,4,0,4,0,9,10,4,2,3,3,3,2,8,8,0,0
3,983,4,0,4,0,9,10,4,2,3,3,3,2,8,8,0,0
3,983,4,0,4,0,9,10,4,2,3,3,3,2,8,8,0,0
3,983,4,0,4,0,9,10,4,2,3,3,3,2,8,8,0,0
3,983,4,0,4,0,9,10,4,2,3,3,3,2,7,8,0,0
4,984,4,0,4,0,9,10,4,2,3,3,3,2,7,8,0,0
4,984,4,0,4,0,9,10,4,2,3,3,3,2,7,8,0,0
4,984,4,0,4,0,9,10,4,2,3,3,3,2,7,8,0,0
4,984,4,0,4,0,9,10,4,2,3,3,3,2,7,8,0,0
4,984,4,0,4,0,9,10,4,2,3,3,3,2,7,8,0,0
4,984,4,0,4,0,9,10,4,2,3,3,3,2,7,8,0,0
4,984,4,0,4,0,9,10,4,2,3,3,3,2,8,8,8,0
4,984,4,0,4,0,10,10,4,3,3,3,4,2,8,8,8,1
4,984,4,0,4,0,10,10,4,4,3,3,4,2,8,8,8,1
4,984,4,0,4,0,10,10,4,4,3,3,4,2,8,8,9,1
4,984,4,0,4,0,10,10,4,4,3,3,4,2,8,8,9,1
4,984,4,0,4,0,10,10,4,4,3,3,4,2,8,8,9,1
4,984,4,0,4,0,10,9,4,4,3,3,4,2,8,8,9,1
4,984,4,0,4,0,10,9,4,4,3,3,4,2,8,8,5,1
4,984,4,0,4,0,10,9,4,4,3,3,4,2,8,8,5,1
4,984,4,0,4,0,10,9,4,3,3,3,4,2,8,8,5,1
4,984,4,0,4,0,9,9,4,3,3,3,3,2,8,8,5,1
4,984,4,0,4,0,9,9,4,3,3,3,3,2,8,8,0,1
4,984,4,0,4,0,9,9,4,3,3,3,3,2,8,8,0,1
4,984,4,0,4,0,9,9,4,3,3,3,3,2,8,8,0,1
4,984,4,0,4,0,9,9,4,3,3,3,3,2,8,8,0,1
4,984,4,0,4,0,9,9,4,3,3,3,3,2,8,8,0,1
4,984,4,0,4,0,9,9,4,3,3,3,3,2,8,8,0,1
4,984,4,0,4,0,9,9,4,3,3,3,3,2,7,8,0,1
5,985,4,0,3,0,8,9,3,3,2,3,2,2,7,8,0,1
5,985,4,0,3,0,8,9,3,3,2,3,2,2,7,8,0,1
5,985,4,0,3,0,8,9,3,3,2,3,2,2,7,8,0,1
5,985,4,0,3,0,8,9,3,3,2,3,2,2,7,8,0,1
5,985,4,0,3,0,8,9,3,3,2,3,2,2,7,8,0,1
5,985,4,0,3,0,8,9,3,3,2,3,2,2,7,8,0,1
5,985,4,0,3,0,8,9,3,3,2,3,3,2,10,8,0,1
5,985,4,0,3,0,8,8,3,3,2,3,3,2,10,7,0,1
5,985,4,0,3,0,8,8,3,3,2,3,3,2,10,7,0,1
5,985,4,0,3,0,8,8,3,3,2,3,3,2,10,7,0,0
5,985,4,0,3,0,8,8,3,2,2,3,3,2,10,7,0,0
5,985,4,0,3,0,8,8,3,2,2,3,3,2,10,7,0,0
5,985,4,0,3,0,8,8,3,2,2,3,3,2,10,7,0,0
5,985,4,0,3,0,8,8,3,2,2,3,3,2,10,7,0,0
5,985,4,0,3,0,8,8,3,2,2,3,3,2,10,7,0,0
5,985,4,0,3,0,8,8,3,2,2,3,2,2,8,7,0,0
5,985,4,0,3,0,8,8,3,2,2,3,2,2,8,7,0,0
5,985,4,0,3,0,8,8,3,2,2,3,2,2,8,7,0,0
5,985,4,0,3,0,8,8,3,2,2,3,2,2,8,7,0,0
5,985,4,0,3,0,8,8,3,2,2,3,2,2,8,7,0,0
5,985,4,0,3,0,8,8,3,2,2,3,2,2,8,7,0,0
5,985,4,0,3,0,8,8,3,2,2,3,2,2,8,7,0,0
5,985,4,0,3,0,8,8,3,2,2,3,2,2,8,7,0,0
5,985,4,0,3,0,8,8,3,2,2,3,2,2,7,7,0,0
6,986,4,0,3,0,8,8,3,2,2,3,2,2,4,7,0,0
6,986,4,0,3,0,8,8,3,2,2,3,2,2,4,7,0,0
6,986,4,0,3,0,8,8,3,2,2,3,2,2,4,7,0,0
6,986,4,0,3,0,8,8,3,2,2,3,2,2,4,7,0,0
6,986,4,0,3,0,8,8,3,2,2,3,2,2,4,7,0,0
6,986,4,0,3,0,8,8,3,2,2,3,2,2,4,7,0,0
6,986,4,0,3,0,8,8,3,2,2,3,3,2,4,7,0,0
6,986,4,0,3,0,8,8,3,2,2,3,3,2,5,7,0,0
6,986,4,0,3,0,8,8,3,2,2,3,3,2,5,7,0,0
6,986,4,0,3,0,8,8,3,2,2,3,3,2,5,7,0,0
6,986,4,0,3,0,8,8,3,2,2,3,3,2,5,7,0,0
6,986,4,0,3,0,8,8,3,2,2,3,3,2,5,7,0,0
6,986,4,0,3,0,8,8,3,2,2,3,3,2,5,7,0,0
6,986,4,0,3,0,8,8,3,2,2,3,3,2,5,7,0,0
6,986,4,0,3,0,8,8,3,2,2,3,3,2,5,7,0,0
6,986,4,0,3,0,8,8,3,2,2,3,2,2,4,7,0,0
6,986,4,0,3,0,8,8,3,2,2,3,2,2,4,7,0,0
6,986,4,0,3,0,8,8,3,2,2,3,2,2,4,7,0,0
6,986,4,0,3,0,8,8,3,2,2,3,2,2,4,7,0,0
6,986,4,0,3,0,8,8,3,2,2,3,2,2,4,7,0,0
6,986,4,0,3,0,8,8,3,2,2,3,2,2,4,7,0,0
6,986,4,0,3,0,8,8,3,2,2,3,2,2,4,7,0,0
6,986,4,0,3,0,8,8,3,2,2,3,2,2,4,7,0,0
6,986,4,0,3,0,8,8,3,2,2,3,2,2,4,7,0,0
7,987,4,0,4,0,9,8,4,2,3,3,3,2,7,7,0,0
7,987,4,0,4,0,9,8,4,2,3,3,3,2,7,7,0,0
7,987,4,0,4,0,9,8,4,2,3,3,3,2,7,7,0,0
7,987,4,0,4,0,9,8,4,2,3,3,3,2,7,7,0,0
7,987,4,0,4,0,9,8,4,2,3,3,3,2,7,7,0,0
7,987,4,0,4,0,9,8,4,2,3,3,3,2,7,7,0,0
7,987,4,0,4,0,9,8,4,2,3,3,3,2,8,7,8,0
7,987,4,0,4,0,10,9,4,3,3,3,4,3,8,8,8,1
7,987,4,0,4,0,10,10,4,4,3,3,4,3,8,8,8,1
7,987,4,0,4,0,10,10,4,4,3,3,4,3,8,8,9,1
7,987,4,0,4,0,10,10,4,4,3,3,4,2,8,8,9,1
7,987,4,0,4,0,10,10,4,4,3,3,4,1,8,8,9,1
7,987,4,0,4,0,10,10,4,4,3,3,4,1,8,8,9,1
7,987,4,0,4,0,10,10,4,4,3,3,4,1,8,8,5,1
7,987,4,0,4,0,10,10,4,4,3,3,4,1,8,8,5,1
7,987,4,0,4,0,10,10,4,4,3,3,4,1,8,8,5,1
7,987,4,0,4,0,9,10,4,4,3,3,3,1,8,8,5,1
7,987,4,0,4,0,9,10,4,4,3,3,3,1,8,8,0,1
7,987,4,0,4,0,9,10,4,3,3,3,3,1,8,8,0,1
7,987,4,0,4,0,9,10,4,3,3,3,3,1,8,8,0,1
7,987,4,0,4,0,9,10,4,3,3,3,3,1,8,8,0,0
7,987,4,0,4,0,9,10,4,3,3,3,3,1,8,8,0,0
7,987,4,0,4,0,9,10,4,3,3,3,3,1,8,8,0,0
7,987,4,0,4,0,9,10,4,3,3,3,3,1,7,8,0,0
8,988,4,0,4,0,9,10,4,3,3,3,3,1,4,8,0,0
8,988,4,0,4,0,9,10,4,3,3,3,3,1,4,8,0,0
8,988,4,0,4,0,9,10,4,3,3,3,3,1,4,8,0,0
8,988,4,0,4,0,9,10,4,3,3,3,3,1,4,8,0,0
8,988,4,0,4,0,9,10,4,3,3,3,3,1,4,8,0,0
8,988,4,0,4,0,9,10,4,3,3,3,3,1,4,8,0,0
8,988,4,0,4,0,9,10,4,3,3,3,3,1,4,8,8,0
8,988,4,0,4,0,10,10,4,4,3,3,4,2,5,8,8,2
8,988,4,0,4,0,10,10,4,4,3,3,4,2,5,8,8,3
8,988,4,0,4,0,10,10,4,4,3,3,4,2,5,8,9,3
8,988,4,0,4,0,10,10,4,3,3,3,4,2,5,8,9,3
8,988,4,0,4,0,10,10,4,4,3,3,4,2,5,8,9,3
8,988,4,0,4,0,10,10,4,4,3,3,4,2,5,8,9,3
8,988,4,0,4,0,10,10,4,4,3,3,4,2,5,8,5,3
8,988,4,0,4,0,10,10,4,4,3,3,4,2,5,8,5,3
8,988,4,0,4,0,10,10,4,4,3,3,4,2,4,8,5,1
8,988,4,0,4,0,9,10,4,4,3,3,3,2,4,8,5,1
8,988,4,0,4,0,9,10,4,4,3,3,3,2,4,8,0,1
8,988,4,0,4,0,9,10,4,4,3,3,3,2,4,8,0,1
8,988,4,0,4,0,9,10,4,4,3,3,3,2,4,8,0,1
8,988,4,0,4,0,9,10,4,4,3,3,3,2,4,8,0,1
8,988,4,0,4,0,9,10,4,4,3,3,3,2,4,8,0,1
8,988,4,0,4,0,9,10,4,4,3,3,3,1,4,8,0,1
8,988,4,0,4,0,9,10,4,4,3,3,3,1,4,8,0,1
9,989,4,0,4,0,9,10,4,4,3,3,3,1,7,8,0,1
9,989,4,0,4,0,9,10,4,4,3,3,3,1,7,8,0,1
9,989,4,0,4,0,9,10,4,4,3,3,3,1,7,8,0,1
9,989,4,0,4,0,9,10,4,4,3,3,3,1,7,8,0,1
9,989,4,0,4,0,9,10,4,4,3,3,3,1,7,8,0,1
9,989,4,0,4,0,9,10,4,4,3,3,3,1,7,8,0,1
9,989,4,0,4,0,9,10,4,4,3,3,3,1,10,8,8,1
9,989,4,0,4,0,10,10,4,2,3,3,4,2,10,10,8,1
9,989,4,0,4,0,10,10,4,2,3,3,4,2,10,10,8,2
9,989,4,0,4,0,10,10,4,3,3,3,4,2,10,11,9,2
9,989,4,0,4,0,10,10,4,4,3,3,4,2,10,11,9,3
9,989,4,0,4,0,10,10,4,4,3,3,4,2,10,11,9,3
9,989,4,0,4,0,10,10,4,2,3,3,4,2,10,11,9,3
9,989,4,0,4,0,10,10,4,2,3,3,4,2,10,10,5,3
9,989,4,0,4,0,10,10,4,2,3,3,4,2,10,10,5,2
9,989,4,0,4,0,10,9,4,2,3,3,4,2,8,9,5,2
9,989,4,0,4,0,9,9,4,2,3,3,3,2,8,9,5,2
9,989,4,0,4,0,9,9,4,2,3,3,3,2,8,8,0,0
9,989,4,0,4,0,9,9,4,2,3,3,3,2,8,8,0,0
9,989,4,0,4,0,9,9,4,2,3,3,3,2,8,8,0,0
9,989,4,0,4,0,9,9,4,2,3,3,3,2,8,8,0,0
9,989,4,0,4,0,9,9,4,2,3,3,3,2,8,8,0,0
9,989,4,0,4,0,9,9,4,2,3,3,3,2,8,8,0,0
9,989,4,0,4,0,9,9,4,2,3,3,3,2,7,8,0,0
10,990,4,0,4,0,9,9,4,2,3,3,3,2,7,8,0,0
10,990,4,0,4,0,9,9,4,2,3,3,3,2,7,8,0,0
10,990,4,0,4,0,9,9,4,2,3,3,3,2,7,8,0,0
10,990,4,0,4,0,9,9,4,2,3,3,3,2,7,8,0,0
10,990,4,0,4,0,9,9,4,2,3,3,3,2,7,8,0,0
10,990,4,0,4,0,9,9,4,2,3,3,3,2,7,8,0,0
10,990,4,0,4,0,9,9,4,2,3,3,3,2,8,8,8,0
10,990,4,0,4,0,10,10,4,3,3,3,4,3,8,8,8,0
10,990,4,0,4,0,10,10,4,3,3,3,4,3,8,8,8,0
10,990,4,0,4,0,10,10,4,3,3,3,4,3,8,8,9,0
10,990,4,0,4,0,10,10,4,3,3,3,4,3,8,8,9,0
10,990,4,0,4,0,10,10,4,3,3,3,4,3,8,8,9,0
10,990,4,0,4,0,10,10,4,3,3,3,4,3,8,8,9,0
10,990,4,0,4,0,10,10,4,3,3,3,4,3,8,8,5,0
10,990,4,0,4,0,10,10,4,3,3,3,4,3,8,8,5,0
10,990,4,0,4,0,10,10,4,3,3,3,4,3,8,8,5,0
10,990,4,0,4,0,9,10,4,3,3,3,3,3,8,8,5,0
10,990,4,0,4,0,9,10,4,3,3,3,3,3,8,8,0,0
10,990,4,0,4,0,9,10,4,3,3,3,3,3,8,8,0,0
10,990,4,0,4,0,9,10,4,3,3,3,3,3,8,8,0,0
10,990,4,0,4,0,9,10,4,3,3,3,3,3,8,8,0,0
10,990,4,0,4,0,9,10,4,3,3,3,3,3,8,8,0,0
10,990,4,0,4,0,9,10,4,3,3,3,3,3,8,8,0,0
10,990,4,0,4,0,9,10,4,3,3,3,3,3,7,8,0,0
11,991,4,0,4,0,9,10,4,3,3,3,3,3,7,8,0,0
11,991,4,0,4,0,9,10,4,3,3,3,3,3,7,8,0,0
11,991,4,0,4,0,9,10,4,3,3,3,3,3,7,8,0,0
11,991,4,0,4,0,9,10,4,3,3,3,3,3,7,8,0,0
11,991,4,0,4,0,9,10,4,3,3,3,3,3,7,8,0,0
11,991,4,0,4,0,9,10,4,3,3,3,3,3,7,8,0,0
11,991,4,0,4,0,9,10,4,3,3,3,3,3,8,8,8,0
11,991,4,0,4,0,10,10,4,3,3,3,4,4,8,8,8,0
11,991,4,0,4,0,10,10,4,4,3,3,4,4,8,8,8,1
11,991,4,0,4,0,10,10,4,4,3,3,4,4,8,8,9,1
11,991,4,0,4,0,10,10,4,4,3,3,4,4,8,8,9,1
11,991,4,0,4,0,10,10,4,4,3,3,4,4,8,9,9,1
11,991,4,0,4,0,10,10,4,4,3,3,4,4,8,8,9,1
11,991,4,0,4,0,10,10,4,4,3,3,4,4,8,7,5,0
11,991,4,0,4,0,10,10,4,4,3,3,4,4,8,7,5,0
11,991,4,0,4,0,10,10,4,4,3,3,4,4,8,7,5,0
11,991,4,0,4,0,9,10,4,4,3,3,3,4,8,7,5,0
11,991,4,0,4,0,9,10,4,4,3,3,3,4,8,7,0,0
11,991,4,0,4,0,9,10,4,4,3,3,3,4,8,7,0,0
11,991,4,0,4,0,9,10,4,3,3,3,3,4,8,7,0,0
11,991,4,0,4,0,9,10,4,3,3,3,3,4,8,7,0,0
11,991,4,0,4,0,9,10,4,3,3,3,3,4,8,7,0,0
11,991,4,0,4,0,9,10,4,3,3,3,3,4,8,7,0,0
11,991,4,0,4,0,9,10,4,3,3,3,3,4,7,7,0,0
12,992,4,0,3,0,8,10,3,3,2,3,2,4,7,7,0,0
12,992,4,0,3,0,8,10,3,3,2,3,2,4,7,7,0,0
12,992,4,0,3,0,8,10,3,3,2,3,2,4,7,7,0,0
12,992,4,0,3,0,8,10,3,3,2,3,2,4,7,7,0,0
12,992,4,0,3,0,8,10,3,3,2,3,2,4,7,7,0,0
12,992,4,0,3,0,8,10,3,3,2,3,2,4,7,7,0,0
12,992,4,0,3,0,8,10,3,3,2,3,3,4,10,7,0,0
12,992,4,0,3,0,8,10,3,3,2,3,3,3,10,7,0,0
12,992,4,0,3,0,8,10,3,3,2,3,3,3,10,7,0,0
12,992,4,0,3,0,8,10,3,3,2,3,3,3,10,7,0,0
12,992,4,0,3,0,8,10,3,3,2,3,3,3,10,7,0,0
12,992,4,0,3,0,8,10,3,3,2,3,3,3,10,7,0,0
12,992,4,0,3,0,8,10,3,3,2,3,3,2,10,7,0,0
12,992,4,0,3,0,8,10,3,3,2,3,3,2,10,7,0,0
12,992,4,0,3,0,8,10,3,3,2,3,3,2,10,7,0,0
12,992,4,0,3,0,8,10,3,3,2,3,2,2,8,7,0,0
12,992,4,0,3,0,8,10,3,3,2,3,2,2,8,7,0,0
12,992,4,0,3,0,8,10,3,3,2,3,2,2,8,7,0,0
12,992,4,0,3,0,8,10,3,3,2,3,2,2,8,7,0,0
12,992,4,0,3,0,8,10,3,2,2,3,2,2,8,7,0,0
12,992,4,0,3,0,8,10,3,2,2,3,2,2,8,7,0,0
12,992,4,0,3,0,8,10,3,2,2,3,2,2,8,7,0,0
12,992,4,0,3,0,8,10,3,2,2,3,2,2,8,7,0,0
12,992,4,0,3,0,8,10,3,2,2,3,2,2,7,7,0,0
13,993,4,0,3,0,8,10,3,2,2,3,2,2,4,7,0,0
13,993,4,0,3,0,8,10,3,2,2,3,2,2,4,7,0,0
13,993,4,0,3,0,8,10,3,2,2,3,2,2,4,7,0,0
13,993,4,0,3,0,8,10,3,2,2,3,2,2,4,7,0,0
13,993,4,0,3,0,8,10,3,2,2,3,2,2,4,7,0,0
13,993,4,0,3,0,8,10,3,2,2,3,2,2,4,7,0,0
13,993,4,0,3,0,8,10,3,2,2,3,3,2,4,7,0,0
13,993,4,0,3,0,8,10,3,1,2,3,3,1,5,7,0,0
13,993,4,0,3,0,8,10,3,1,2,3,3,1,5,7,0,0
13,993,4,0,3,0,8,10,3,1,2,3,3,1,5,7,0,0
13,993,4,0,3,0,8,10,3,1,2,3,3,1,5,7,0,0
13,993,4,0,3,0,8,10,3,1,2,3,3,1,5,7,0,0
13,993,4,0,3,0,8,10,3,1,2,3,3,1,5,7,0,0
13,993,4,0,3,0,8,10,3,1,2,3,3,1,5,7,0,0
13,993,4,0,3,0,8,10,3,1,2,3,3,1,5,7,0,0
13,993,4,0,3,0,8,10,3,1,2,3,2,1,4,7,0,0
13,993,4,0,3,0,8,10,3,1,2,3,2,1,4,7,0,0
13,993,4,0,3,0,8,10,3,1,2,3,2,1,4,7,0,0
13,993,4,0,3,0,8,10,3,1,2,3,2,1,4,7,0,0
13,993,4,0,3,0,8,10,3,1,2,3,2,1,4,7,0,0
13,993,4,0,3,0,8,10,3,1,2,3,2,1,4,7,0,0
13,993,4,0,3,0,8,10,3,1,2,3,2,1,4,7,0,0
13,993,4,0,3,0,8,10,3,1,2,3,2,1,4,7,0,0
13,993,4,0,3,0,8,10,3,1,2,3,2,1,4,7,0,0
14,994,4,0,4,0,9,10,4,1,3,3,3,1,7,7,0,0
14,994,4,0,4,0,9,10,4,1,3,3,3,1,7,7,0,0
14,994,4,0,4,0,9,10,4,1,3,3,3,1,7,7,0,0
14,994,4,0,4,0,9,10,4,1,3,3,3,1,7,7,0,0
14,994,4,0,4,0,9,10,4,1,3,3,3,1,7,7,0,0
14,994,4,0,4,0,9,10,4,1,3,3,3,1,7,7,0,0
14,994,4,0,4,0,9,10,4,1,3,3,3,1,8,7,8,0
14,994,4,0,4,0,10,10,4,3,3,3,4,2,8,8,8,2
14,994,4,0,4,0,10,10,4,3,3,3,4,2,8,8,8,2
14,994,4,0,4,0,10,10,4,3,3,3,4,2,8,8,9,2
14,994,4,0,4,0,10,10,4,3,3,3,4,2,8,8,9,2
14,994,4,0,4,0,10,10,4,3,3,3,4,2,8,8,9,2
14,994,4,0,4,0,10,10,4,3,3,3,4,2,8,8,9,2
14,994,4,0,4,0,10,10,4,2,3,3,4,2,8,8,5,2
14,994,4,0,4,0,10,10,4,2,3,3,4,2,8,8,5,2
14,994,4,0,4,0,10,10,4,2,3,3,4,2,8,8,5,2
14,994,4,0,4,0,9,10,4,2,3,3,3,2,8,8,5,2
14,994,4,0,4,0,9,10,4,2,3,3,3,2,8,8,0,2
14,994,4,0,4,0,9,10,4,2,3,3,3,2,8,8,0,1
14,994,4,0,4,0,9,10,4,2,3,3,3,2,8,8,0,1
14,994,4,0,4,0,9,10,4,2,3,3,3,2,8,8,0,0
14,994,4,0,4,0,9,10,4,2,3,3,3,2,8,8,0,0
14,994,4,0,4,0,9,10,4,2,3,3,3,2,8,8,0,0
14,994,4,0,4,0,9,10,4,2,3,3,3,2,7,8,0,0
15,995,4,0,4,0,9,10,4,2,3,3,3,2,4,8,0,0
15,995,4,0,4,0,9,10,4,2,3,3,3,2,4,8,0,0
15,995,4,0,4,0,9,10,4,2,3,3,3,2,4,8,0,0
15,995,4,0,4,0,9,10,4,2,3,3,3,2,4,8,0,0
15,995,4,0,4,0,9,10,4,2,3,3,3,2,4,8,0,0
15,995,4,0,4,0,9,10,4,2,3,3,3,2,4,8,0,0
15,995,4,0,4,0,9,10,4,2,3,3,3,2,4,8,8,0
15,995,4,0,4,0,10,10,4,4,3,3,4,3,5,8,8,2
15,995,4,0,4,0,10,10,4,4,3,3,4,3,5,8,8,3
15,995,4,0,4,0,10,10,4,4,3,3,4,3,5,8,9,4
15,995,4,0,4,0,10,10,4,4,3,3,4,3,5,8,9,4
15,995,4,0,4,0,10,10,4,4,3,3,4,3,5,8,9,4
15,995,4,0,4,0,10,10,4,4,3,3,4,3,5,8,9,4
15,995,4,0,4,0,10,10,4,3,3,3,4,3,5,8,5,4
15,995,4,0,4,0,10,10,4,3,3,3,4,3,5,8,5,4
15,995,4,0,4,0,10,10,4,3,3,3,4,3,4,8,5,2
15,995,4,0,4,0,9,10,4,3,3,3,3,3,4,8,5,2
15,995,4,0,4,0,9,10,4,3,3,3,3,3,4,8,0,2
15,995,4,0,4,0,9,10,4,3,3,3,3,2,4,8,0,2
15,995,4,0,4,0,9,10,4,3,3,3,3,2,4,8,0,2
15,995,4,0,4,0,9,10,4,3,3,3,3,2,4,8,0,2
15,995,4,0,4,0,9,10,4,3,3,3,3,2,4,8,0,2
15,995,4,0,4,0,9,10,4,3,3,3,3,2,4,8,0,2
15,995,4,0,4,0,9,10,4,3,3,3,3,2,4,8,0,2
16,996,4,0,4,0,9,10,4,3,3,3,3,2,7,8,0,2
16,996,4,0,4,0,9,10,4,3,3,3,3,2,7,8,0,2
16,996,4,0,4,0,9,10,4,3,3,3,3,2,7,8,0,2
16,996,4,0,4,0,9,10,4,3,3,3,3,2,7,8,0,2
16,996,4,0,4,0,9,10,4,3,3,3,3,2,7,8,0,2
16,996,4,0,4,0,9,10,4,3,3,3,3,2,7,8,0,2
16,996,4,0,4,0,9,10,4,3,3,3,3,2,10,9,8,2
16,996,4,0,4,0,10,10,4,2,3,3,4,2,10,8,8,1
16,996,4,0,4,0,10,9,4,2,3,3,4,2,10,10,8,1
16,996,4,0,4,0,10,10,4,3,3,3,4,2,10,10,9,2
16,996,4,0,4,0,10,10,4,3,3,3,4,2,10,10,9,2
16,996,4,0,4,0,10,10,4,4,3,3,4,2,10,10,9,2
16,996,4,0,4,0,10,10,4,4,3,3,4,2,10,10,9,2
16,996,4,0,4,0,10,10,4,4,3,3,4,2,10,10,5,2
16,996,4,0,4,0,10,10,4,2,3,3,4,2,10,10,5,1
16,996,4,0,4,0,10,10,4,2,3,3,4,2,8,10,5,1
16,996,4,0,4,0,9,10,4,2,3,3,3,2,8,10,5,1
16,996,4,0,4,0,9,9,4,2,3,3,3,2,8,10,0,0
16,996,4,0,4,0,9,9,4,2,3,3,3,2,8,10,0,0
16,996,4,0,4,0,9,9,4,2,3,3,3,2,8,10,0,0
16,996,4,0,4,0,9,9,4,2,3,3,3,2,8,10,0,0
16,996,4,0,4,0,9,9,4,2,3,3,3,2,8,10,0,0
16,996,4,0,4,0,9,9,4,2,3,3,3,2,8,10,0,0
16,996,4,0,4,0,9,9,4,2,3,3,3,2,7,10,0,0
17,997,4,0,4,0,9,9,4,2,3,3,3,2,7,10,0,0
17,997,4,0,4,0,9,9,4,2,3,3,3,2,7,10,0,0
17,997,4,0,4,0,9,9,4,2,3,3,3,2,7,10,0,0
17,997,4,0,4,0,9,9,4,2,3,3,3,2,7,10,0,0
17,997,4,0,4,0,9,9,4,2,3,3,3,2,7,10,0,0
17,997,4,0,4,0,9,9,4,2,3,3,3,2,7,10,0,0
17,997,4,0,4,0,9,9,4,2,3,3,3,2,8,10,8,0
17,997,4,0,4,0,10,9,4,3,3,3,4,3,8,10,8,0
17,997,4,0,4,0,10,10,4,3,3,3,4,3,8,10,8,0
17,997,4,0,4,0,10,10,4,3,3,3,4,3,8,9,9,0
17,997,4,0,4,0,10,10,4,3,3,3,4,2,8,9,9,0
17,997,4,0,4,0,10,10,4,3,3,3,4,2,8,9,9,0
17,997,4,0,4,0,10,10,4,3,3,3,4,2,8,9,9,0
17,997,4,0,4,0,10,10,4,3,3,3,4,2,8,9,5,0
17,997,4,0,4,0,10,10,4,3,3,3,4,2,8,9,5,0
17,997,4,0,4,0,10,10,4,3,3,3,4,2,8,9,5,0
17,997,4,0,4,0,9,10,4,3,3,3,3,2,8,9,5,0
17,997,4,0,4,0,9,9,4,3,3,3,3,2,8,9,0,0
17,997,4,0,4,0,9,9,4,3,3,3,3,2,8,9,0,0
17,997,4,0,4,0,9,9,4,3,3,3,3,2,8,9,0,0
17,997,4,0,4,0,9,9,4,3,3,3,3,2,8,9,0,0
17,997,4,0,4,0,9,9,4,3,3,3,3,2,8,9,0,0
17,997,4,0,4,0,9,9,4,3,3,3,3,2,8,9,0,0
17,997,4,0,4,0,9,9,4,3,3,3,3,2,7,9,0,0
18,998,4,0,4,0,9,9,4,3,3,3,3,2,7,9,0,0
18,998,4,0,4,0,9,9,4,3,3,3,3,2,7,9,0,0
18,998,4,0,4,0,9,9,4,3,3,3,3,2,7,9,0,0
18,998,4,0,4,0,9,9,4,3,3,3,3,2,7,9,0,0
18,998,4,0,4,0,9,9,4,3,3,3,3,2,7,9,0,0
18,998,4,0,4,0,9,9,4,3,3,3,3,2,7,9,0,0
18,998,4,0,4,0,9,9,4,3,3,3,3,2,8,9,8,0
18,998,4,0,4,0,10,9,4,4,3,3,4,3,8,8,8,1
18,998,4,0,4,0,10,10,4,4,3,3,4,3,8,8,8,1
18,998,4,0,4,0,10,10,4,3,3,3,4,3,8,8,9,2
18,998,4,0,4,0,10,10,4,4,3,3,4,3,8,8,9,2
18,998,4,0,4,0,10,10,4,4,3,3,4,3,8,8,9,2
18,998,4,0,4,0,10,10,4,4,3,3,4,3,8,9,9,2
18,998,4,0,4,0,10,10,4,4,3,3,4,3,8,9,5,2
18,998,4,0,4,0,10,10,4,3,3,3,4,3,8,9,5,2
18,998,4,0,4,0,10,10,4,3,3,3,4,3,8,8,5,1
18,998,4,0,4,0,9,10,4,3,3,3,3,3,8,8,5,1
18,998,4,0,4,0,9,10,4,3,3,3,3,3,8,8,0,1
18,998,4,0,4,0,9,10,4,3,3,3,3,3,8,8,0,1
18,998,4,0,4,0,9,10,4,3,3,3,3,3,8,8,0,1
18,998,4,0,4,0,9,10,4,3,3,3,3,3,8,8,0,1
18,998,4,0,4,0,9,10,4,3,3,3,3,3,8,8,0,1
18,998,4,0,4,0,9,10,4,3,3,2,3,3,8,8,0,1
18,998,4,0,4,0,9,10,4,3,3,2,3,3,7,8,0,1
19,999,4,0,3,0,8,10,3,3,2,2,2,3,7,8,0,1
19,999,4,0,3,0,8,10,3,3,2,2,2,3,7,8,0,1
19,999,4,0,3,0,8,10,3,3,2,2,2,3,7,8,0,1
19,999,4,0,3,0,8,10,3,3,2,2,2,3,7,8,0,1
19,999,4,0,3,0,8,10,3,3,2,2,2,3,7,8,0,1
19,999,4,0,3,0,8,10,3,3,2,2,2,3,7,8,0,1
19,999,4,0,3,0,8,10,3,3,2,2,3,3,10,8,0,1
19,999,4,0,3,0,8,9,3,2,2,2,3,3,10,8,0,0
19,999,4,0,3,0,8,9,3,2,2,2,3,3,10,8,0,0
19,999,4,0,3,0,8,8,3,2,2,2,3,3,10,7,0,0
19,999,4,0,3,0,8,8,3,2,2,2,3,3,10,7,0,0
19,999,4,0,3,0,8,8,3,2,2,2,3,3,10,7,0,0
19,999,4,0,3,0,8,7,3,2,2,2,3,3,10,7,0,0
19,999,4,0,3,0,8,7,3,1,2,2,3,3,10,7,0,0
19,999,4,0,3,0,8,7,3,1,2,2,3,3,10,7,0,0
19,999,4,0,3,0,8,7,3,1,2,2,2,3,8,7,0,0
19,999,4,0,3,0,8,7,3,1,2,2,2,3,8,7,0,0
19,999,4,0,3,0,8,7,3,1,2,2,2,3,8,7,0,0
19,999,4,0,3,0,8,7,3,0,2,2,2,2,8,7,0,0
19,999,4,0,3,0,8,7,3,0,2,2,2,2,8,7,0,0
19,999,4,0,3,0,8,7,3,0,2,2,2,2,8,7,0,0
19,999,4,0,3,0,8,7,3,0,2,2,2,2,8,7,0,0
19,999,4,0,3,0,8,7,3,0,2,2,2,2,8,7,0,0
19,999,4,0,3,0,8,7,3,0,2,2,2,2,7,7,0,0
20,1000,4,0,3,0,8,7,3,0,2,2,2,2,4,7,0,0
20,1000,4,0,3,0,8,7,3,0,2,2,2,2,4,7,0,0
20,1000,4,0,3,0,8,7,3,0,2,2,2,2,4,7,0,0
20,1000,4,0,3,0,8,7,3,0,2,2,2,2,4,7,0,0
20,1000,4,0,3,0,8,7,3,0,2,2,2,2,4,7,0,0
20,1000,4,0,3,0,8,7,3,0,2,2,2,2,4,7,0,0
20,1000,4,0,3,0,8,7,3,0,2,2,3,2,4,7,0,0
20,1000,4,0,3,0,8,6,3,0,2,2,3,1,5,7,0,0
20,1000,4,0,3,0,8,6,3,0,2,2,3,1,5,7,0,0
20,1000,4,0,3,0,8,6,3,0,2,2,3,1,5,7,0,0
20,1000,4,0,3,0,8,6,3,0,2,2,3,1,5,7,0,0
20,1000,4,0,3,0,8,6,3,0,2,2,3,1,5,7,0,0
20,1000,4,0,3,0,8,6,3,0,2,2,3,1,5,7,0,0
20,1000,4,0,3,0,8,6,3,0,2,2,3,1,5,7,0,0
20,1000,4,0,3,0,8,6,3,0,2,2,3,1,5,7,0,0
20,1000,4,0,3,0,8,6,3,0,2,2,2,1,4,7,0,0
20,1000,4,0,3,0,8,6,3,0,2,2,2,1,4,7,0,0
20,1000,4,0,3,0,8,6,3,0,2,2,2,1,4,7,0,0
20,1000,4,0,3,0,8,6,3,0,2,2,2,1,4,7,0,0
20,1000,4,0,3,0,8,6,3,0,2,2,2,1,4,7,0,0
20,1000,4,0,3,0,8,6,3,0,2,2,2,0,4,7,0,0
20,1000,4,0,3,0,8,6,3,0,2,2,2,0,4,7,0,0
20,1000,4,0,3,0,8,6,3,0,2,2,2,0,4,7,0,0
20,1000,4,0,3,0,8,6,3,0,2,2,2,0,4,7,0,0
21,1001,4,0,4,0,9,6,4,0,3,2,3,0,7,7,0,0
21,1001,4,0,4,0,9,6,4,0,3,2,3,0,7,7,0,0
21,1001,4,0,4,0,9,6,4,0,3,2,3,0,7,7,0,0
21,1001,4,0,4,0,9,6,4,0,3,2,3,0,7,7,0,0
21,1001,4,0,4,0,9,6,4,0,3,2,3,0,7,7,0,0
21,1001,4,0,4,0,9,6,4,0,3,2,3,0,7,7,0,0
21,1001,4,0,4,0,9,6,4,0,3,2,3,0,8,7,8,0
21,1001,4,0,4,0,10,9,4,2,3,3,4,1,8,8,8,1
21,1001,4,0,4,0,10,10,4,4,3,3,4,1,8,7,8,1
21,1001,4,0,4,0,10,10,4,4,3,3,4,1,8,8,9,1
21,1001,4,0,4,0,10,10,4,4,3,3,4,1,8,8,9,1
21,1001,4,0,4,0,10,10,4,4,3,3,4,1,8,8,9,1
21,1001,4,0,4,0,10,10,4,4,3,3,4,1,8,8,9,1
21,1001,4,0,4,0,10,10,4,4,3,3,4,1,8,8,5,1
21,1001,4,0,4,0,10,10,4,4,3,2,4,1,8,8,5,1
21,1001,4,0,4,0,10,10,4,4,3,2,4,1,8,8,5,1
21,1001,4,0,4,0,9,10,4,4,3,2,3,1,8,8,5,1
21,1001,4,0,4,0,9,10,4,4,3,2,3,1,8,8,0,1
21,1001,4,0,4,0,9,10,4,4,3,2,3,1,8,8,0,1
21,1001,4,0,4,0,9,10,4,4,3,2,3,1,8,8,0,1
21,1001,4,0,4,0,9,9,4,4,3,2,3,1,8,8,0,0
21,1001,4,0,4,0,9,9,4,4,3,2,3,1,8,8,0,0
21,1001,4,0,4,0,9,9,4,4,3,2,3,1,8,8,0,0
21,1001,4,0,4,0,9,9,4,4,3,2,3,1,7,8,0,0
22,1002,4,0,4,0,9,9,4,4,3,2,3,1,4,8,0,0
22,1002,4,0,4,0,9,9,4,4,3,2,3,1,4,8,0,0
22,1002,4,0,4,0,9,9,4,4,3,2,3,1,4,8,0,0
22,1002,4,0,4,0,9,9,4,4,3,2,3,1,4,8,0,0
22,1002,4,0,4,0,9,9,4,4,3,2,3,1,4,8,0,0
22,1002,4,0,4,0,9,9,4,4,3,2,3,1,4,8,0,0
22,1002,4,0,4,0,9,9,4,4,3,2,3,1,4,8,8,0
22,1002,4,0,4,0,10,9,4,3,3,3,4,2,5,7,8,5
22,1002,4,0,4,0,10,10,4,4,3,3,4,2,5,7,8,6
22,1002,4,0,4,0,10,10,4,4,3,3,4,2,5,7,9,7
22,1002,4,0,4,0,10,10,4,4,3,3,4,2,5,6,9,8
22,1002,4,0,4,0,10,10,4,4,3,2,4,2,5,6,9,8
22,1002,4,0,4,0,10,10,4,4,3,2,4,2,5,6,9,8
22,1002,4,0,4,0,10,10,4,4,3,2,4,2,5,6,5,7
22,1002,4,0,4,0,10,9,4,4,3,2,4,2,5,6,5,7
22,1002,4,0,4,0,10,9,4,4,3,2,4,2,4,6,5,4
22,1002,4,0,4,0,9,9,4,4,3,2,3,2,4,6,5,4
22,1002,4,0,4,0,9,9,4,4,3,1,3,2,4,6,0,4
22,1002,4,0,4,0,9,8,4,4,3,1,3,2,4,6,0,4
22,1002,4,0,4,0,9,8,4,4,3,1,3,2,4,6,0,4
22,1002,4,0,4,0,9,8,4,4,3,1,3,2,4,6,0,4
22,1002,4,0,4,0,9,8,4,4,3,1,3,2,4,6,0,4
22,1002,4,0,4,0,9,8,4,4,3,1,3,2,4,6,0,4
22,1002,4,0,4,0,9,8,4,4,3,1,3,2,4,6,0,4
23,1003,4,0,4,0,9,8,4,4,3,1,3,2,7,7,0,4
23,1003,4,0,4,0,9,8,4,4,3,1,3,2,7,7,0,4
23,1003,4,0,4,0,9,8,4,4,3,1,3,2,7,7,0,4
23,1003,4,0,4,0,9,8,4,4,3,1,3,2,7,7,0,4
23,1003,4,0,4,0,9,8,4,4,3,1,3,2,7,7,0,4
23,1003,4,0,4,0,9,8,4,4,3,1,3,2,7,7,0,4
23,1003,4,0,4,0,9,8,4,4,3,1,3,2,10,8,8,4
23,1003,4,0,4,0,10,10,4,4,3,2,4,3,10,10,8,1
23,1003,4,0,4,0,10,10,4,4,3,2,4,3,10,10,8,0
23,1003,4,0,4,0,10,10,4,4,3,3,4,3,10,10,9,0
23,1003,4,0,4,0,10,10,4,4,3,3,4,3,10,10,9,0
23,1003,4,0,4,0,10,10,4,4,3,3,4,3,10,10,9,0
23,1003,4,0,4,0,10,10,4,4,3,3,4,3,10,10,9,0
23,1003,4,0,4,0,10,10,4,4,3,3,4,3,10,10,5,0
23,1003,4,0,4,0,10,10,4,3,3,3,4,3,10,10,5,0
23,1003,4,0,4,0,10,9,4,3,3,3,4,3,8,9,5,0
23,1003,4,0,4,0,9,9,4,3,3,3,3,3,8,9,5,0
23,1003,4,0,4,0,9,9,4,3,3,3,3,3,8,8,0,0
23,1003,4,0,4,0,9,9,4,3,3,3,3,3,8,8,0,0
23,1003,4,0,4,0,9,9,4,3,3,3,3,3,8,8,0,0
23,1003,4,0,4,0,9,9,4,3,3,3,3,3,8,8,0,0
23,1003,4,0,4,0,9,9,4,3,3,3,3,3,8,8,0,0
23,1003,4,0,4,0,9,9,4,3,3,3,3,3,8,8,0,0
23,1003,4,0,4,0,9,9,4,3,3,3,3,3,7,8,0,0
24,1004,4,0,4,0,9,9,4,3,3,3,3,3,7,8,0,0
24,1004,4,0,4,0,9,9,4,3,3,3,3,3,7,8,0,0
24,1004,4,0,4,0,9,9,4,3,3,3,3,3,7,8,0,0
24,1004,4,0,4,0,9,9,4,3,3,3,3,3,7,8,0,0
24,1004,4,0,4,0,9,9,4,3,3,3,3,3,7,8,0,0
24,1004,4,0,4,0,9,9,4,3,3,3,3,3,7,8,0,0
24,1004,4,0,4,0,9,9,4,3,3,3,3,3,8,8,8,0
24,1004,4,0,4,0,10,10,4,4,3,3,4,4,8,8,8,0
24,1004,4,0,4,0,10,10,4,4,3,3,4,4,8,8,8,0
24,1004,4,0,4,0,10,10,4,4,3,2,4,4,8,8,9,0
24,1004,4,0,4,0,10,10,4,4,3,2,4,4,8,8,9,0
24,1004,4,0,4,0,10,10,4,4,3,2,4,4,8,8,9,0
24,1004,4,0,4,0,10,10,4,4,3,2,4,4,8,8,9,0
24,1004,4,0,4,0,10,10,4,4,3,2,4,4,8,8,5,0
24,1004,4,0,4,0,10,10,4,3,3,2,4,4,8,8,5,0
24,1004,4,0,4,0,10,10,4,3,3,2,4,4,8,8,5,0
24,1004,4,0,4,0,9,10,4,3,3,2,3,4,8,8,5,0
24,1004,4,0,4,0,9,10,4,3,3,2,3,4,8,8,0,0
24,1004,4,0,4,0,9,10,4,3,3,2,3,4,8,8,0,0
24,1004,4,0,4,0,9,9,4,3,3,2,3,4,8,7,0,0
24,1004,4,0,4,0,9,9,4,3,3,2,3,4,8,7,0,0
24,1004,4,0,4,0,9,9,4,3,3,2,3,4,8,7,0,0
24,1004,4,0,4,0,9,9,4,3,3,2,3,4,8,7,0,0
24,1004,4,0,4,0,9,9,4,3,3,2,3,4,7,7,0,0
25,1005,4,0,4,0,9,9,4,3,3,2,3,4,7,7,0,0
25,1005,4,0,4,0,9,9,4,3,3,2,3,4,7,7,0,0
25,1005,4,0,4,0,9,9,4,3,3,2,3,4,7,7,0,0
25,1005,4,0,4,0,9,9,4,3,3,2,3,4,7,7,0,0
25,1005,4,0,4,0,9,9,4,3,3,2,3,4,7,7,0,0
25,1005,4,0,4,0,9,9,4,3,3,2,3,4,7,7,0,0
25,1005,4,0,4,0,9,9,4,3,3,2,3,4,8,7,8,0
25,1005,4,0,4,0,10,9,4,3,3,3,4,4,8,8,8,1
25,1005,4,0,4,0,10,10,4,4,3,3,4,4,8,8,8,1
25,1005,4,0,4,0,10,10,4,4,3,3,4,4,8,8,9,2
25,1005,4,0,4,0,10,10,4,4,3,3,4,4,8,8,9,3
25,1005,4,0,4,0,10,10,4,4,3,3,4,4,8,8,9,4
25,1005,4,0,4,0,10,10,4,4,3,3,4,4,8,8,9,4
25,1005,4,0,4,0,10,9,4,4,3,2,4,4,8,8,5,4
25,1005,4,0,4,0,10,9,4,4,3,2,4,4,8,8,5,4
25,1005,4,0,4,0,10,9,4,4,3,2,4,4,8,8,5,1
25,1005,4,0,4,0,9,9,4,4,3,2,3,4,8,8,5,1
25,1005,4,0,4,0,9,9,4,4,3,2,3,4,8,8,0,1
25,1005,4,0,4,0,9,9,4,4,3,2,3,4,8,8,0,1
25,1005,4,0,4,0,9,9,4,4,3,2,3,4,8,8,0,1
25,1005,4,0,4,0,9,9,4,4,3,2,3,4,8,8,0,1
25,1005,4,0,4,0,9,9,4,4,3,2,3,4,8,8,0,1
25,1005,4,0,4,0,9,8,4,4,3,2,3,4,8,8,0,1
25,1005,4,0,4,0,9,8,4,4,3,2,3,4,7,8,0,1
26,1006,4,0,3,0,8,8,3,4,2,2,2,4,7,8,0,1
26,1006,4,0,3,0,8,8,3,4,2,2,2,4,7,8,0,1
26,1006,4,0,3,0,8,8,3,4,2,2,2,4,7,8,0,1
26,1006,4,0,3,0,8,8,3,4,2,2,2,4,7,8,0,1
26,1006,4,0,3,0,8,8,3,4,2,2,2,4,7,8,0,1
26,1006,4,0,3,0,8,8,3,4,2,2,2,4,7,8,0,1
26,1006,4,0,3,0,8,8,3,4,2,2,3,4,10,8,0,1
26,1006,4,0,3,0,8,7,3,4,2,2,3,4,10,8,0,1
26,1006,4,0,3,0,8,7,3,4,2,2,3,4,10,8,0,1
26,1006,4,0,3,0,8,7,3,4,2,2,3,4,10,8,0,1
26,1006,4,0,3,0,8,7,3,4,2,2,3,4,10,8,0,1
26,1006,4,0,3,0,8,7,3,4,2,2,3,4,10,8,0,0
26,1006,4,0,3,0,8,7,3,4,2,2,3,4,10,8,0,0
26,1006,4,0,3,0,8,7,3,4,2,2,3,4,10,8,0,0
26,1006,4,0,3,0,8,7,3,4,2,2,3,4,10,8,0,0
26,1006,4,0,3,0,8,7,3,4,2,2,2,4,8,8,0,0
26,1006,4,0,3,0,8,7,3,4,2,2,2,4,8,8,0,0
26,1006,4,0,3,0,8,7,3,4,2,1,2,4,8,8,0,0
26,1006,4,0,3,0,8,7,3,4,2,1,2,4,8,8,0,0
26,1006,4,0,3,0,8,7,3,4,2,1,2,4,8,8,0,0
26,1006,4,0,3,0,8,7,3,4,2,1,2,4,8,8,0,0
26,1006,4,0,3,0,8,7,3,4,2,1,2,4,8,8,0,0
26,1006,4,0,3,0,8,7,3,4,2,1,2,4,8,8,0,0
26,1006,4,0,3,0,8,7,3,4,2,1,2,4,7,8,0,0
27,1007,4,0,3,0,8,7,3,4,2,1,2,4,4,8,0,0
27,1007,4,0,3,0,8,7,3,4,2,1,2,4,4,8,0,0
27,1007,4,0,3,0,8,7,3,4,2,1,2,4,4,8,0,0
27,1007,4,0,3,0,8,7,3,4,2,1,2,4,4,8,0,0
27,1007,4,0,3,0,8,7,3,4,2,1,2,4,4,8,0,0
27,1007,4,0,3,0,8,7,3,4,2,1,2,4,4,8,0,0
27,1007,4,0,3,0,8,7,3,4,2,1,3,4,4,8,0,0
27,1007,4,0,3,0,8,7,3,4,2,1,3,4,5,8,0,0
27,1007,4,0,3,0,8,7,3,4,2,1,3,4,5,8,0,0
27,1007,4,0,3,0,8,7,3,4,2,1,3,4,5,8,0,0
27,1007,4,0,3,0,8,7,3,4,2,1,3,4,5,8,0,0
27,1007,4,0,3,0,8,7,3,4,2,1,3,4,5,8,0,0
27,1007,4,0,3,0,8,7,3,4,2,1,3,4,5,8,0,0
27,1007,4,0,3,0,8,7,3,4,2,1,3,4,5,8,0,0
27,1007,4,0,3,0,8,7,3,4,2,1,3,4,5,8,0,0
27,1007,4,0,3,0,8,7,3,4,2,1,2,4,4,8,0,0
27,1007,4,0,3,0,8,7,3,4,2,1,2,4,4,8,0,0
27,1007,4,0,3,0,8,7,3,4,2,1,2,4,4,8,0,0
27,1007,4,0,3,0,8,7,3,4,2,1,2,4,4,8,0,0
27,1007,4,0,3,0,8,7,3,4,2,1,2,4,4,8,0,0
27,1007,4,0,3,0,8,7,3,4,2,1,2,4,4,8,0,0
27,1007,4,0,3,0,8,7,3,4,2,1,2,3,4,8,0,0
27,1007,4,0,3,0,8,7,3,4,2,1,2,3,4,8,0,0
27,1007,4,0,3,0,8,7,3,4,2,1,2,3,4,8,0,0
0,1008,4,0,4,0,9,7,4,4,3,1,3,3,7,8,0,0
0,1008,4,0,4,0,9,7,4,4,3,1,3,3,7,8,0,0
0,1008,4,0,4,0,9,7,4,4,3,1,3,3,7,8,0,0
0,1008,4,0,4,0,9,7,4,4,3,1,3,3,7,8,0,0
0,1008,4,0,4,0,9,7,4,4,3,1,3,3,7,8,0,0
0,1008,4,0,4,0,9,7,4,4,3,1,3,3,7,8,0,0
0,1008,4,0,4,0,9,7,4,4,3,1,3,3,8,8,8,0
0,1008,4,0,4,0,10,9,4,4,3,3,4,4,8,8,8,2
0,1008,4,0,4,0,10,10,4,4,3,3,4,4,8,8,8,2
0,1008,4,0,4,0,10,10,4,4,3,3,4,4,8,8,9,2
0,1008,4,0,4,0,10,10,4,4,3,3,4,4,8,8,9,2
0,1008,4,0,4,0,10,10,4,4,3,3,4,4,8,8,9,2
0,1008,4,0,4,0,10,10,4,4,3,3,4,4,8,8,9,2
0,1008,4,0,4,0,10,10,4,4,3,3,4,4,8,8,5,2
0,1008,4,0,4,0,10,9,4,4,3,3,4,4,8,8,5,2
0,1008,4,0,4,0,10,9,4,4,3,3,4,4,8,8,5,2
0,1008,4,0,4,0,9,10,4,4,3,3,3,4,8,8,5,2
0,1008,4,0,4,0,9,9,4,4,3,3,3,4,8,8,0,0
0,1008,4,0,4,0,9,9,4,4,3,3,3,4,8,8,0,0
0,1008,4,0,4,0,9,9,4,4,3,3,3,3,8,8,0,0
0,1008,4,0,4,0,9,9,4,4,3,3,3,3,8,8,0,0
0,1008,4,0,4,0,9,8,4,4,3,3,3,3,8,8,0,0
0,1008,4,0,4,0,9,8,4,4,3,3,3,3,8,8,0,0
0,1008,4,0,4,0,9,8,4,4,3,3,3,3,7,8,0,0
1,1009,4,0,4,0,9,8,4,4,3,3,3,3,4,8,0,0
1,1009,4,0,4,0,9,8,4,4,3,3,3,3,4,8,0,0
1,1009,4,0,4,0,9,8,4,4,3,3,3,3,4,8,0,0
1,1009,4,0,4,0,9,8,4,4,3,3,3,3,4,8,0,0
1,1009,4,0,4,0,9,8,4,4,3,3,3,3,4,8,0,0
1,1009,4,0,4,0,9,8,4,4,3,3,3,3,4,8,0,0
1,1009,4,0,4,0,9,8,4,4,3,3,3,3,4,8,8,0
1,1009,4,0,4,0,10,9,4,4,3,3,4,3,5,8,8,1
1,1009,4,0,4,0,10,10,4,4,3,3,4,3,5,8,8,1
1,1009,4,0,4,0,10,10,4,4,3,3,4,3,5,8,9,2
1,1009,4,0,4,0,10,10,4,4,3,3,4,3,5,8,9,2
1,1009,4,0,4,0,10,10,4,4,3,3,4,3,5,8,9,2
1,1009,4,0,4,0,10,10,4,4,3,3,4,3,5,8,9,2
1,1009,4,0,4,0,10,10,4,4,3,3,4,3,5,8,5,2
1,1009,4,0,4,0,10,10,4,4,3,3,4,3,5,8,5,2
1,1009,4,0,4,0,10,10,4,3,3,3,4,3,4,8,5,2
1,1009,4,0,4,0,9,10,4,3,3,3,3,3,4,8,5,2
1,1009,4,0,4,0,9,10,4,3,3,3,3,3,4,8,0,2
1,1009,4,0,4,0,9,10,4,3,3,3,3,3,4,8,0,2
1,1009,4,0,4,0,9,10,4,3,3,3,3,3,4,8,0,2
1,1009,4,0,4,0,9,10,4,3,3,3,3,2,4,8,0,1
1,1009,4,0,4,0,9,10,4,3,3,3,3,2,4,8,0,1
1,1009,4,0,4,0,9,10,4,3,3,3,3,2,4,8,0,1
1,1009,4,0,4,0,9,10,4,3,3,3,3,2,4,8,0,1
2,1010,4,0,4,0,9,10,4,3,3,3,3,2,7,8,0,1
2,1010,4,0,4,0,9,10,4,3,3,3,3,2,7,8,0,1
2,1010,4,0,4,0,9,10,4,3,3,3,3,2,7,8,0,1
2,1010,4,0,4,0,9,10,4,3,3,3,3,2,7,8,0,1
2,1010,4,0,4,0,9,10,4,3,3,3,3,2,7,8,0,1
2,1010,4,0,4,0,9,10,4,3,3,3,3,2,7,8,0,1
2,1010,4,0,4,0,9,10,4,3,3,3,3,2,10,9,8,1
2,1010,4,0,4,0,10,10,4,4,3,3,4,3,10,10,8,2
2,1010,4,0,4,0,10,10,4,4,3,3,4,3,10,10,8,2
2,1010,4,0,4,0,10,10,4,3,3,3,4,3,10,10,9,1
2,1010,4,0,4,1,10,10,4,3,3,3,4,3,10,9,9,1
2,1010,4,0,4,1,10,10,4,3,3,3,4,3,10,9,9,1
2,1010,4,0,4,1,10,10,4,3,3,3,4,3,10,8,9,0
2,1010,4,0,4,1,10,10,4,3,3,3,4,3,10,9,5,0
2,1010,4,0,4,1,10,10,4,3,3,3,4,3,10,9,5,0
2,1010,4,0,4,1,10,10,4,3,3,3,4,3,8,9,5,0
2,1010,4,0,4,1,9,10,4,3,3,3,3,3,8,9,5,0
2,1010,4,0,4,1,9,10,4,3,3,3,3,3,8,9,0,0
2,1010,4,0,4,1,9,10,4,3,3,3,3,3,8,9,0,0
2,1010,4,0,4,1,9,9,4,3,3,3,3,3,8,9,0,0
2,1010,4,0,4,1,9,9,4,3,3,3,3,3,8,9,0,0
2,1010,4,0,4,1,9,9,4,3,3,3,3,3,8,9,0,0
2,1010,4,0,4,1,9,8,4,3,3,2,3,3,8,8,0,0
2,1010,4,0,4,1,9,8,4,3,3,2,3,3,7,8,0,0
3,1011,4,0,4,1,9,8,4,3,3,2,3,3,7,8,0,0
3,1011,4,0,4,1,9,8,4,3,3,2,3,3,7,8,0,0
3,1011,4,0,4,1,9,8,4,3,3,2,3,3,7,8,0,0
3,1011,4,0,4,1,9,8,4,3,3,2,3,3,7,8,0,0
3,1011,4,0,4,1,9,8,4,3,3,2,3,3,7,8,0,0
3,1011,4,0,4,1,9,8,4,3,3,2,3,3,7,8,0,0
3,1011,4,0,4,1,9,8,4,3,3,2,3,3,8,8,8,0
3,1011,4,0,4,0,10,9,4,4,3,2,4,3,8,8,8,0
3,1011,4,0,4,0,10,10,4,4,3,2,4,3,8,8,8,0
3,1011,4,0,4,0,10,10,4,4,3,2,4,3,8,8,9,0
3,1011,4,0,4,0,10,10,4,4,3,2,4,2,8,8,9,0
3,1011,4,0,4,0,10,10,4,4,3,2,4,2,8,8,9,0
3,1011,4,0,4,0,10,10,4,4,3,2,4,2,8,8,9,0
3,1011,4,0,4,0,10,10,4,4,3,2,4,2,8,8,5,0
3,1011,4,0,4,0,10,10,4,4,3,2,4,2,8,8,5,0
3,1011,4,0,4,0,10,10,4,4,3,2,4,2,8,8,5,0
3,1011,4,0,4,0,9,10,4,4,3,2,3,2,8,7,5,0
3,1011,4,0,4,0,9,10,4,4,3,2,3,2,8,7,0,0
3,1011,4,0,4,0,9,10,4,4,3,2,3,2,8,7,0,0
3,1011,4,0,4,0,9,10,4,4,3,2,3,2,8,7,0,0
3,1011,4,0,4,0,9,10,4,4,3,2,3,2,8,7,0,0
3,1011,4,0,4,0,9,10,4,4,3,2,3,2,8,7,0,0
3,1011,4,0,4,0,9,10,4,4,3,2,3,2,8,7,0,0
3,1011,4,0,4,0,9,10,4,4,3,2,3,2,7,7,0,0
4,1012,4,0,4,0,9,10,4,4,3,2,3,2,7,7,0,0
4,1012,4,0,4,0,9,10,4,4,3,2,3,2,7,7,0,0
4,1012,4,0,4,0,9,10,4,4,3,2,3,2,7,7,0,0
4,1012,4,0,4,0,9,10,4,4,3,2,3,2,7,7,0,0
4,1012,4,0,4,0,9,10,4,4,3,2,3,2,7,7,0,0
4,1012,4,0,4,0,9,10,4,4,3,2,3,2,7,7,0,0
4,1012,4,0,4,0,9,10,4,4,3,2,3,2,8,7,8,0
4,1012,4,0,4,0,10,10,4,4,3,3,4,2,8,8,8,1
4,1012,4,0,4,0,10,10,4,4,3,3,4,2,8,8,8,1
4,1012,4,0,4,0,10,9,4,4,3,3,4,2,8,8,9,1
4,1012,4,0,4,0,10,10,4,4,3,2,4,2,8,8,9,1
4,1012,4,0,4,0,10,10,4,4,3,3,4,2,8,8,9,1
4,1012,4,0,4,0,10,9,4,4,3,3,4,2,8,8,9,1
4,1012,4,0,4,0,10,9,4,4,3,3,4,2,8,8,5,1
4,1012,4,0,4,0,10,9,4,4,3,2,4,2,8,8,5,1
4,1012,4,0,4,0,10,9,4,4,3,2,4,2,8,8,5,1
4,1012,4,0,4,0,9,9,4,4,3,2,3,2,8,8,5,1
4,1012,4,0,4,0,9,9,4,4,3,2,3,2,8,8,0,1
4,1012,4,0,4,0,9,9,4,4,3,2,3,2,8,8,0,1
4,1012,4,0,4,0,9,9,4,4,3,2,3,2,8,8,0,1
4,1012,4,0,4,0,9,9,4,4,3,2,3,2,8,8,0,1
4,1012,4,0,4,0,9,9,4,4,3,2,3,2,8,8,0,1
4,1012,4,0,4,0,9,9,4,4,3,2,3,2,8,8,0,1
4,1012,4,0,4,0,9,9,4,4,3,2,3,2,7,8,0,1
5,1013,4,0,3,0,8,9,3,4,2,2,2,2,7,8,0,1
5,1013,4,0,3,0,8,9,3,4,2,2,2,2,7,8,0,1
5,1013,4,0,3,0,8,9,3,4,2,2,2,2,7,8,0,1
5,1013,4,0,3,0,8,9,3,4,2,2,2,2,7,8,0,1
5,1013,4,0,3,0,8,9,3,4,2,2,2,2,7,8,0,1
5,1013,4,0,3,0,8,9,3,4,2,2,2,2,7,8,0,1
5,1013,4,0,3,0,8,9,3,4,2,2,3,2,10,8,0,1
5,1013,4,0,3,0,8,6,3,3,2,2,3,2,10,6,0,0
5,1013,4,0,3,0,8,6,3,3,2,2,3,2,10,6,0,0
5,1013,4,0,3,0,8,6,3,3,2,2,3,2,10,6,0,0
5,1013,4,0,3,0,8,6,3,3,2,2,3,2,10,6,0,0
5,1013,4,0,3,0,8,6,3,3,2,2,3,2,10,6,0,0
5,1013,4,0,3,0,8,6,3,2,2,2,3,2,10,6,0,0
5,1013,4,0,3,0,8,6,3,2,2,2,3,2,10,6,0,0
5,1013,4,0,3,0,8,6,3,2,2,2,3,2,10,6,0,0
5,1013,4,0,3,0,8,6,3,2,2,2,2,1,8,6,0,0
5,1013,4,0,3,0,8,6,3,2,2,2,2,1,8,6,0,0
5,1013,4,0,3,0,8,6,3,2,2,2,2,1,8,6,0,0
5,1013,4,0,3,0,8,6,3,2,2,2,2,1,8,6,0,0
5,1013,4,0,3,0,8,6,3,2,2,2,2,1,8,6,0,0
5,1013,4,0,3,0,8,6,3,2,2,2,2,1,8,6,0,0
5,1013,4,0,3,0,8,6,3,2,2,2,2,1,8,6,0,0
5,1013,4,0,3,0,8,6,3,2,2,2,2,1,8,6,0,0
5,1013,4,0,3,0,8,6,3,2,2,2,2,1,7,6,0,0
6,1014,4,0,3,0,8,6,3,2,2,2,2,1,4,6,0,0
6,1014,4,0,3,0,8,6,3,2,2,2,2,1,4,6,0,0
6,1014,4,0,3,0,8,6,3,2,2,2,2,1,4,6,0,0
6,1014,4,0,3,0,8,6,3,2,2,2,2,1,4,6,0,0
6,1014,4,0,3,0,8,6,3,2,2,2,2,1,4,6,0,0
6,1014,4,0,3,0,8,6,3,2,2,2,2,1,4,6,0,0
6,1014,4,0,3,0,8,6,3,2,2,2,3,1,4,6,0,0
6,1014,4,0,3,0,8,6,3,2,2,2,3,1,5,6,0,0
6,1014,4,0,3,0,8,5,3,2,2,2,3,1,5,5,0,0
6,1014,4,0,3,0,8,5,3,2,2,2,3,1,5,5,0,0
6,1014,4,0,3,0,8,5,3,2,2,2,3,1,5,5,0,0
6,1014,4,0,3,0,8,5,3,2,2,2,3,1,5,5,0,0
6,1014,4,0,3,0,8,5,3,2,2,2,3,1,5,5,0,0
6,1014,4,0,3,0,8,5,3,2,2,2,3,1,5,5,0,0
6,1014,4,0,3,0,8,5,3,2,2,2,3,1,5,5,0,0
6,1014,4,0,3,0,8,5,3,2,2,2,2,1,4,5,0,0
6,1014,4,0,3,0,8,5,3,2,2,2,2,1,4,5,0,0
6,1014,4,0,3,0,8,5,3,2,2,2,2,1,4,5,0,0
6,1014,4,0,3,0,8,5,3,2,2,2,2,1,4,5,0,0
6,1014,4,0,3,0,8,5,3,2,2,2,2,1,4,5,0,0
6,1014,4,0,3,0,8,5,3,2,2,2,2,1,4,4,0,0
6,1014,4,0,3,0,8,5,3,2,2,2,2,1,4,4,0,0
6,1014,4,0,3,0,8,5,3,2,2,2,2,1,4,4,0,0
6,1014,4,0,3,0,8,5,3,2,2,2,2,1,4,4,0,0
7,1015,4,0,4,0,9,5,4,2,3,2,3,1,7,4,0,0
7,1015,4,0,4,0,9,5,4,2,3,2,3,1,7,4,0,0
7,1015,4,0,4,0,9,5,4,2,3,2,3,1,7,4,0,0
7,1015,4,0,4,0,9,5,4,2,3,2,3,1,7,4,0,0
7,1015,4,0,4,0,9,5,4,2,3,2,3,1,7,4,0,0
7,1015,4,0,4,0,9,5,4,2,3,2,3,1,7,4,0,0
7,1015,4,0,4,0,9,5,4,2,3,2,3,1,8,4,8,0
7,1015,4,0,4,0,10,8,4,4,3,3,4,2,8,5,8,1
7,1015,4,0,4,0,10,8,4,4,3,3,4,2,8,6,8,1
7,1015,4,0,4,0,10,8,4,4,3,3,4,2,8,7,9,1
7,1015,4,0,4,0,10,9,4,4,3,2,4,2,8,7,9,1
7,1015,4,0,4,0,10,9,4,4,3,3,4,2,8,8,9,1
7,1015,4,0,4,0,10,9,4,4,3,2,4,2,8,8,9,1
7,1015,4,0,4,0,10,8,4,4,3,2,4,2,8,7,5,1
7,1015,4,0,4,0,10,8,4,4,3,2,4,2,8,7,5,1
7,1015,4,0,4,0,10,8,4,4,3,2,4,2,8,6,5,0
7,1015,4,0,4,0,9,8,4,4,3,2,3,2,8,6,5,0
7,1015,4,0,4,0,9,8,4,4,3,2,3,2,8,5,0,0
7,1015,4,0,4,0,9,8,4,4,3,2,3,2,8,5,0,0
7,1015,4,0,4,0,9,8,4,4,3,2,3,2,8,5,0,0
7,1015,4,0,4,0,9,8,4,4,3,2,3,2,8,5,0,0
7,1015,4,0,4,0,9,8,4,4,3,2,3,2,8,5,0,0
7,1015,4,0,4,0,9,8,4,4,3,2,3,2,8,5,0,0
7,1015,4,0,4,0,9,8,4,4,3,2,3,2,7,5,0,0
8,1016,4,0,4,0,9,8,4,4,3,2,3,2,4,5,0,0
8,1016,4,0,4,0,9,8,4,4,3,2,3,2,4,5,0,0
8,1016,4,0,4,0,9,8,4,4,3,2,3,2,4,5,0,0
8,1016,4,0,4,0,9,8,4,4,3,2,3,2,4,5,0,0
8,1016,4,0,4,0,9,8,4,4,3,2,3,2,4,5,0,0
8,1016,4,0,4,0,9,8,4,4,3,2,3,2,4,5,0,0
8,1016,4,0,4,0,9,8,4,4,3,2,3,2,4,5,8,0
8,1016,4,0,4,0,10,10,4,4,3,3,4,2,5,5,8,2
8,1016,4,0,4,0,10,10,4,4,3,3,4,2,5,5,8,3
8,1016,4,0,4,0,10,10,4,3,3,3,4,2,5,5,9,3
8,1016,4,0,4,0,10,10,4,4,3,3,4,2,5,5,9,3
8,1016,4,0,4,0,10,10,4,4,3,3,4,2,5,6,9,3
8,1016,4,0,4,0,10,10,4,4,3,3,4,2,5,5,9,2
8,1016,4,0,4,0,10,10,4,4,3,3,4,2,5,5,5,2
8,1016,4,0,4,0,10,10,4,4,3,3,4,2,5,5,5,2
8,1016,4,0,4,0,10,10,4,4,3,3,4,2,4,5,5,1
8,1016,4,0,4,0,9,10,4,4,3,3,3,2,4,5,5,1
8,1016,4,0,4,0,9,10,4,4,3,3,3,2,4,5,0,1
8,1016,4,0,4,0,9,10,4,3,3,3,3,2,4,5,0,1
8,1016,4,0,4,0,9,10,4,3,3,3,3,2,4,5,0,1
8,1016,4,0,4,0,9,10,4,3,3,3,3,2,4,5,0,1
8,1016,4,0,4,0,9,10,4,3,3,3,3,2,4,5,0,1
8,1016,4,0,4,0,9,10,4,3,3,3,3,2,4,5,0,0
8,1016,4,0,4,0,9,10,4,3,3,3,3,2,4,5,0,0
9,1017,4,0,4,0,9,10,4,3,3,3,3,2,7,5,0,0
9,1017,4,0,4,0,9,10,4,3,3,3,3,2,7,5,0,0
9,1017,4,0,4,0,9,10,4,3,3,3,3,2,7,5,0,0
9,1017,4,0,4,0,9,10,4,3,3,3,3,2,7,5,0,0
9,1017,4,0,4,0,9,10,4,3,3,3,3,2,7,5,0,0
9,1017,4,0,4,0,9,10,4,3,3,3,3,2,7,5,0,0
9,1017,4,0,4,0,9,10,4,3,3,3,3,2,10,5,8,0
9,1017,4,0,4,0,10,9,4,4,3,3,4,3,10,10,8,1
9,1017,4,0,4,0,10,10,4,4,3,3,4,3,10,10,8,2
9,1017,4,0,4,0,10,10,4,4,3,3,4,3,10,10,9,2
9,1017,4,0,4,0,10,10,4,4,3,3,4,3,10,10,9,3
9,1017,4,0,4,0,10,10,4,4,3,3,4,3,10,10,9,3
9,1017,4,0,4,0,10,10,4,4,3,3,4,3,10,10,9,3
9,1017,4,0,4,0,10,10,4,4,3,3,4,3,10,10,5,3
9,1017,4,0,4,0,10,10,4,4,3,3,4,3,10,10,5,2
9,1017,4,0,4,0,10,10,4,4,3,3,4,3,8,10,5,2
9,1017,4,0,4,0,9,10,4,4,3,3,3,3,8,9,5,1
9,1017,4,0,4,0,9,10,4,4,3,3,3,3,8,9,0,1
9,1017,4,0,4,0,9,10,4,4,3,3,3,3,8,9,0,1
9,1017,4,0,4,0,9,10,4,4,3,3,3,3,8,8,0,1
9,1017,4,0,4,0,9,10,4,4,3,3,3,3,8,8,0,1
9,1017,4,0,4,0,9,10,4,4,3,3,3,3,8,7,0,0
9,1017,4,0,4,0,9,9,4,4,3,3,3,3,8,7,0,0
9,1017,4,0,4,0,9,9,4,4,3,3,3,3,7,7,0,0
10,1018,4,0,4,0,9,9,4,4,3,3,3,3,7,7,0,0
10,1018,4,0,4,0,9,9,4,4,3,3,3,3,7,7,0,0
10,1018,4,0,4,0,9,9,4,4,3,3,3,3,7,7,0,0
10,1018,4,0,4,0,9,9,4,4,3,3,3,3,7,7,0,0
10,1018,4,0,4,0,9,9,4,4,3,3,3,3,7,7,0,0
10,1018,4,0,4,0,9,9,4,4,3,3,3,3,7,7,0,0
10,1018,4,0,4,0,9,9,4,4,3,3,3,3,8,7,8,0
10,1018,4,0,4,0,10,10,4,4,3,3,4,3,8,7,8,0
10,1018,4,0,4,0,10,10,4,4,3,3,4,3,8,8,8,0
10,1018,4,0,4,0,10,10,4,4,3,3,4,3,8,8,9,0
10,1018,4,0,4,0,10,10,4,4,3,3,4,3,8,8,9,0
10,1018,4,0,4,0,10,10,4,4,3,3,4,3,8,8,9,0
10,1018,4,0,4,0,10,10,4,4,3,3,4,3,8,8,9,0
10,1018,4,0,4,0,10,10,4,3,3,3,4,3,8,8,5,0
10,1018,4,0,4,0,10,10,4,3,3,3,4,2,8,8,5,0
10,1018,4,0,4,0,10,10,4,3,3,3,4,2,8,8,5,0
10,1018,4,0,4,0,9,10,4,3,3,3,3,2,8,7,5,0
10,1018,4,0,4,0,9,10,4,3,3,3,3,2,8,7,0,0
10,1018,4,0,4,0,9,10,4,3,3,3,3,2,8,7,0,0
10,1018,4,0,4,0,9,10,4,3,3,3,3,2,8,7,0,0
10,1018,4,0,4,0,9,10,4,3,3,3,3,2,8,7,0,0
10,1018,4,0,4,0,9,10,4,3,3,3,3,2,8,7,0,0
10,1018,4,0,4,0,9,10,4,3,3,3,3,2,8,7,0,0
10,1018,4,0,4,0,9,10,4,3,3,3,3,2,7,7,0,0
11,1019,4,0,4,0,9,10,4,3,3,3,3,2,7,7,0,0
11,1019,4,0,4,0,9,10,4,3,3,3,3,2,7,7,0,0
11,1019,4,0,4,0,9,10,4,3,3,3,3,2,7,7,0,0
11,1019,4,0,4,0,9,10,4,3,3,3,3,2,7,7,0,0
11,1019,4,0,4,0,9,10,4,3,3,3,3,2,7,7,0,0
11,1019,4,0,4,0,9,10,4,3,3,3,3,2,7,7,0,0
11,1019,4,0,4,0,9,10,4,3,3,3,3,2,8,7,8,0
11,1019,4,0,4,0,10,10,4,4,3,2,4,3,8,7,8,0
11,1019,4,0,4,0,10,10,4,4,3,3,4,3,8,8,8,1
11,1019,4,0,4,0,10,10,4,4,3,3,4,3,8,8,9,1
11,1019,4,0,4,0,10,10,4,3,3,3,4,3,8,8,9,1
11,1019,4,0,4,0,10,10,4,3,3,3,4,3,8,8,9,1
11,1019,4,0,4,0,10,10,4,4,3,2,4,3,8,8,9,1
11,1019,4,0,4,0,10,10,4,4,3,2,4,3,8,8,5,1
11,1019,4,0,4,0,10,10,4,4,3,2,4,3,8,8,5,1
11,1019,4,0,4,0,10,10,4,4,3,2,4,3,8,8,5,1
11,1019,4,0,4,0,9,10,4,4,3,2,3,3,8,8,5,1
11,1019,4,0,4,0,9,10,4,4,3,2,3,3,8,8,0,1
11,1019,4,0,4,0,9,10,4,4,3,2,3,3,8,8,0,1
11,1019,4,0,4,0,9,10,4,4,3,2,3,3,8,8,0,1
11,1019,4,0,4,0,9,10,4,4,3,2,3,3,8,8,0,0
11,1019,4,0,4,0,9,10,4,4,3,2,3,3,8,8,0,0
11,1019,4,0,4,0,9,10,4,4,3,2,3,3,8,8,0,0
11,1019,4,0,4,0,9,10,4,4,3,2,3,3,7,8,0,0
12,1020,4,0,3,0,8,10,3,4,2,2,2,3,7,8,0,0
12,1020,4,0,3,0,8,10,3,4,2,2,2,3,7,8,0,0
12,1020,4,0,3,0,8,10,3,4,2,2,2,3,7,8,0,0
12,1020,4,0,3,0,8,10,3,4,2,2,2,3,7,8,0,0
12,1020,4,0,3,0,8,10,3,4,2,2,2,3,7,8,0,0
12,1020,4,0,3,0,8,10,3,4,2,2,2,3,7,8,0,0
12,1020,4,0,3,0,8,10,3,4,2,2,3,3,10,8,0,0
12,1020,4,0,3,0,8,9,3,4,2,2,3,3,10,7,0,0
12,1020,4,0,3,0,8,8,3,4,2,2,3,2,10,6,0,0
12,1020,4,0,3,0,8,8,3,4,2,2,3,2,10,6,0,0
12,1020,4,0,3,0,8,8,3,4,2,2,3,2,10,6,0,0
12,1020,4,0,3,0,8,8,3,4,2,2,3,2,10,6,0,0
12,1020,4,0,3,0,8,8,3,4,2,2,3,2,10,6,0,0
12,1020,4,0,3,0,8,8,3,4,2,2,3,2,10,6,0,0
12,1020,4,0,3,0,8,8,3,4,2,2,3,2,10,6,0,0
12,1020,4,0,3,0,8,8,3,4,2,2,2,2,8,6,0,0
12,1020,4,0,3,0,8,8,3,4,2,2,2,2,8,6,0,0
12,1020,4,0,3,0,8,8,3,4,2,2,2,2,8,6,0,0
12,1020,4,0,3,0,8,8,3,4,2,2,2,2,8,6,0,0
12,1020,4,0,3,0,8,8,3,4,2,2,2,2,8,6,0,0
12,1020,4,0,3,0,8,8,3,4,2,2,2,2,8,6,0,0
12,1020,4,0,3,0,8,8,3,4,2,2,2,2,8,6,0,0
12,1020,4,0,3,0,8,8,3,4,2,2,2,2,8,6,0,0
12,1020,4,0,3,0,8,8,3,4,2,2,2,2,7,6,0,0
13,1021,4,0,3,0,8,8,3,4,2,2,2,2,4,6,0,0
13,1021,4,0,3,0,8,8,3,4,2,2,2,2,4,6,0,0
13,1021,4,0,3,0,8,8,3,4,2,2,2,2,4,6,0,0
13,1021,4,0,3,0,8,8,3,4,2,2,2,2,4,6,0,0
13,1021,4,0,3,0,8,8,3,4,2,2,2,2,4,6,0,0
13,1021,4,0,3,0,8,8,3,4,2,2,2,2,4,6,0,0
13,1021,4,0,3,0,8,8,3,4,2,2,3,2,4,6,0,0
13,1021,4,0,3,0,8,8,3,4,2,2,3,2,5,5,0,0
13,1021,4,0,3,0,8,8,3,4,2,2,3,2,5,5,0,0
13,1021,4,0,3,0,8,8,3,4,2,2,3,2,5,5,0,0
13,1021,4,0,3,0,8,8,3,4,2,2,3,2,5,5,0,0
13,1021,4,0,3,0,8,8,3,4,2,2,3,2,5,5,0,0
13,1021,4,0,3,0,8,8,3,4,2,2,3,2,5,5,0,0
13,1021,4,0,3,0,8,8,3,4,2,2,3,2,5,5,0,0
13,1021,4,0,3,0,8,8,3,4,2,2,3,2,5,5,0,0
13,1021,4,0,3,0,8,8,3,4,2,2,2,2,4,5,0,0
13,1021,4,0,3,0,8,8,3,4,2,2,2,2,4,5,0,0
13,1021,4,0,3,0,8,8,3,4,2,2,2,2,4,5,0,0
13,1021,4,0,3,0,8,8,3,4,2,2,2,2,4,5,0,0
13,1021,4,0,3,0,8,8,3,4,2,2,2,2,4,5,0,0
13,1021,4,0,3,0,8,8,3,4,2,2,2,2,4,5,0,0
13,1021,4,0,3,0,8,8,3,4,2,2,2,2,4,5,0,0
13,1021,4,0,3,0,8,8,3,4,2,2,2,2,4,5,0,0
13,1021,4,0,3,0,8,8,3,4,2,2,2,2,4,5,0,0
14,1022,4,0,4,0,9,8,4,4,3,2,3,2,7,5,0,0
14,1022,4,0,4,0,9,8,4,4,3,2,3,2,7,5,0,0
14,1022,4,0,4,0,9,8,4,4,3,2,3,2,7,5,0,0
14,1022,4,0,4,0,9,8,4,4,3,2,3,2,7,5,0,0
14,1022,4,0,4,0,9,8,4,4,3,2,3,2,7,5,0,0
14,1022,4,0,4,0,9,8,4,4,3,2,3,2,7,5,0,0
14,1022,4,0,4,0,9,8,4,4,3,2,3,2,8,5,8,0
14,1022,4,0,4,0,10,8,4,4,3,2,4,3,8,7,8,2
14,1022,4,0,4,0,10,9,4,4,3,2,4,3,8,7,8,2
14,1022,4,0,4,0,10,10,4,4,3,3,4,3,8,8,9,2
14,1022,4,0,4,0,10,10,4,4,3,3,4,3,8,8,9,2
14,1022,4,0,4,0,10,10,4,4,3,3,4,3,8,8,9,2
14,1022,4,0,4,0,10,10,4,4,3,3,4,3,8,8,9,2
14,1022,4,0,4,0,10,9,4,4,3,3,4,3,8,9,5,2
14,1022,4,0,4,0,10,9,4,4,3,3,4,3,8,9,5,2
14,1022,4,0,4,0,10,9,4,4,3,3,4,3,8,9,5,2
14,1022,4,0,4,0,9,9,4,4,3,3,3,3,8,9,5,2
14,1022,4,0,4,0,9,9,4,4,3,3,3,3,8,9,0,2
14,1022,4,0,4,0,9,9,4,4,3,3,3,3,8,8,0,1
14,1022,4,0,4,0,9,9,4,4,3,2,3,3,8,8,0,1
14,1022,4,0,4,0,9,9,4,4,3,2,3,3,8,8,0,0
14,1022,4,0,4,0,9,9,4,4,3,2,3,3,8,8,0,0
14,1022,4,0,4,0,9,9,4,4,3,2,3,3,8,8,0,0
14,1022,4,0,4,0,9,9,4,4,3,2,3,3,7,8,0,0
15,1023,4,0,4,0,9,9,4,4,3,2,3,3,4,8,0,0
15,1023,4,0,4,0,9,9,4,4,3,2,3,3,4,8,0,0
15,1023,4,0,4,0,9,9,4,4,3,2,3,3,4,8,0,0
15,1023,4,0,4,0,9,9,4,4,3,2,3,3,4,8,0,0
15,1023,4,0,4,0,9,9,4,4,3,2,3,3,4,8,0,0
15,1023,4,0,4,0,9,9,4,4,3,2,3,3,4,8,0,0
15,1023,4,0,4,0,9,9,4,4,3,2,3,3,4,8,8,0
15,1023,4,0,4,0,10,8,4,4,3,3,4,3,5,8,8,2
15,1023,4,0,4,0,10,9,4,4,3,3,4,3,5,7,8,3
15,1023,4,0,4,0,10,10,4,4,3,3,4,3,5,7,9,4
15,1023,4,0,4,0,10,10,4,4,3,2,4,3,5,7,9,4
15,1023,4,0,4,0,10,10,4,4,3,2,4,3,5,7,9,4
15,1023,4,0,4,0,10,10,4,4,3,3,4,3,5,7,9,4
15,1023,4,0,4,0,10,10,4,4,3,3,4,3,5,7,5,4
15,1023,4,0,4,0,10,10,4,4,3,2,4,3,5,7,5,4
15,1023,4,0,4,0,10,10,4,4,3,2,4,3,4,7,5,4
15,1023,4,0,4,0,9,10,4,4,3,2,3,3,4,7,5,4
15,1023,4,0,4,0,9,10,4,4,3,2,3,3,4,7,0,4
15,1023,4,0,4,0,9,10,4,4,3,2,3,3,4,7,0,4
15,1023,4,0,4,0,9,10,4,4,3,2,3,3,4,7,0,4
15,1023,4,0,4,0,9,10,4,4,3,2,3,3,4,7,0,4
15,1023,4,0,4,0,9,10,4,4,3,2,3,3,4,7,0,4
15,1023,4,0,4,0,9,10,4,4,3,2,3,3,4,7,0,4
15,1023,4,0,4,0,9,10,4,4,3,2,3,3,4,7,0,4
16,1024,4,0,4,0,9,10,4,4,3,2,3,3,7,7,0,4
16,1024,4,0,4,0,9,10,4,4,3,2,3,3,7,7,0,4
16,1024,4,0,4,0,9,10,4,4,3,2,3,3,7,7,0,4
16,1024,4,0,4,0,9,10,4,4,3,2,3,3,7,7,0,4
16,1024,4,0,4,0,9,10,4,4,3,2,3,3,7,7,0,4
16,1024,4,0,4,0,9,10,4,4,3,2,3,3,7,7,0,4
16,1024,4,0,4,0,9,10,4,4,3,2,3,3,10,8,8,4
16,1024,4,0,4,0,10,9,4,3,3,3,4,4,10,10,8,2
16,1024,4,0,4,0,10,10,4,3,3,3,4,4,10,10,8,2
16,1024,4,0,4,0,10,10,4,4,3,3,4,4,10,11,9,3
16,1024,4,0,4,0,10,10,4,4,3,2,4,4,10,11,9,3
16,1024,4,0,4,0,10,10,4,4,3,3,4,4,10,10,9,2
16,1024,4,0,4,0,10,10,4,4,3,3,4,4,10,10,9,2
16,1024,4,0,4,0,10,10,4,4,3,3,4,4,10,9,5,0
16,1024,4,0,4,0,10,10,4,3,3,2,4,4,10,9,5,0
16,1024,4,0,4,0,10,10,4,3,3,2,4,4,8,9,5,0
16,1024,4,0,4,0,9,10,4,3,3,2,3,4,8,9,5,0
16,1024,4,0,4,0,9,9,4,3,3,2,3,4,8,9,0,0
16,1024,4,0,4,0,9,9,4,3,3,2,3,4,8,9,0,0
16,1024,4,0,4,0,9,9,4,3,3,2,3,4,8,9,0,0
16,1024,4,0,4,0,9,9,4,3,3,2,3,4,8,9,0,0
16,1024,4,0,4,0,9,9,4,3,3,2,3,4,8,9,0,0
16,1024,4,0,4,0,9,9,4,3,3,2,3,4,8,9,0,0
16,1024,4,0,4,0,9,9,4,3,3,2,3,4,7,9,0,0
17,1025,4,0,4,0,9,9,4,3,3,2,3,4,7,9,0,0
17,1025,4,0,4,0,9,9,4,3,3,2,3,4,7,9,0,0
17,1025,4,0,4,0,9,9,4,3,3,2,3,4,7,9,0,0
17,1025,4,0,4,0,9,9,4,3,3,2,3,4,7,9,0,0
17,1025,4,0,4,0,9,9,4,3,3,2,3,4,7,9,0,0
17,1025,4,0,4,0,9,9,4,3,3,2,3,4,7,9,0,0
17,1025,4,0,4,0,9,9,4,3,3,2,3,4,8,9,8,0
17,1025,4,0,4,0,10,8,4,4,3,2,4,4,8,8,8,0
17,1025,4,0,4,0,10,10,4,4,3,2,4,4,8,8,8,0
17,1025,4,0,4,0,10,10,4,4,3,2,4,4,8,8,9,0
17,1025,4,0,4,0,10,10,4,4,3,2,4,4,8,8,9,0
17,1025,4,0,4,0,10,10,4,3,3,2,4,4,8,8,9,0
17,1025,4,0,4,0,10,10,4,3,3,2,4,4,8,8,9,0
17,1025,4,0,4,0,10,10,4,3,3,2,4,4,8,8,5,0
17,1025,4,0,4,0,10,10,4,3,3,2,4,4,8,8,5,0
17,1025,4,0,4,0,10,10,4,3,3,2,4,4,8,8,5,0
17,1025,4,0,4,0,9,10,4,3,3,2,3,4,8,7,5,0
17,1025,4,0,4,0,9,10,4,3,3,2,3,4,8,7,0,0
17,1025,4,0,4,0,9,10,4,3,3,2,3,4,8,7,0,0
17,1025,4,0,4,0,9,9,4,3,3,2,3,4,8,7,0,0
17,1025,4,0,4,0,9,9,4,3,3,2,3,4,8,7,0,0
17,1025,4,0,4,0,9,9,4,3,3,2,3,4,8,7,0,0
17,1025,4,0,4,0,9,9,4,3,3,2,3,4,8,7,0,0
17,1025,4,0,4,0,9,9,4,3,3,2,3,4,7,7,0,0
18,1026,4,0,4,0,9,9,4,3,3,2,3,4,7,7,0,0
18,1026,4,0,4,0,9,9,4,3,3,2,3,4,7,7,0,0
18,1026,4,0,4,0,9,9,4,3,3,2,3,4,7,7,0,0
18,1026,4,0,4,0,9,9,4,3,3,2,3,4,7,7,0,0
18,1026,4,0,4,0,9,9,4,3,3,2,3,4,7,7,0,0
18,1026,4,0,4,0,9,9,4,3,3,2,3,4,7,7,0,0
18,1026,4,0,4,0,9,9,4,3,3,2,3,4,8,7,8,0
18,1026,4,0,4,0,10,9,4,3,3,3,4,4,8,8,8,1
18,1026,4,0,4,0,10,9,4,4,3,3,4,3,8,8,8,1
18,1026,4,0,4,0,10,9,4,4,3,3,4,3,8,8,9,2
18,1026,4,0,4,0,10,10,4,4,3,3,4,3,8,8,9,2
18,1026,4,0,4,0,10,10,4,4,3,3,4,3,8,9,9,2
18,1026,4,0,4,0,10,10,4,4,3,2,4,3,8,9,9,2
18,1026,4,0,4,0,10,10,4,4,3,2,4,3,8,9,5,2
18,1026,4,0,4,0,10,8,4,4,3,2,4,3,8,9,5,2
18,1026,4,0,4,0,10,8,4,3,3,2,4,3,8,9,5,2
18,1026,4,0,4,0,9,8,4,3,3,2,3,3,8,8,5,2
18,1026,4,0,4,0,9,8,4,3,3,2,3,3,8,7,0,1
18,1026,4,0,4,0,9,8,4,3,3,2,3,3,8,7,0,1
18,1026,4,0,4,0,9,8,4,3,3,2,3,3,8,7,0,1
18,1026,4,0,4,0,9,7,4,3,3,2,3,3,8,6,0,1
18,1026,4,0,4,0,9,7,4,3,3,2,3,3,8,6,0,1
18,1026,4,0,4,0,9,7,4,3,3,2,3,3,8,6,0,1
18,1026,4,0,4,0,9,7,4,3,3,2,3,3,7,6,0,1
19,1027,4,0,3,0,8,7,3,3,2,2,2,3,7,6,0,1
19,1027,4,0,3,0,8,7,3,3,2,2,2,3,7,6,0,1
19,1027,4,0,3,0,8,7,3,3,2,2,2,3,7,6,0,1
19,1027,4,0,3,0,8,7,3,3,2,2,2,3,7,6,0,1
19,1027,4,0,3,0,8,7,3,3,2,2,2,3,7,6,0,1
19,1027,4,0,3,0,8,7,3,3,2,2,2,3,7,6,0,1
19,1027,4,0,3,0,8,7,3,3,2,2,3,3,10,6,0,1
19,1027,4,0,3,0,8,7,3,1,2,2,3,3,10,6,0,0
19,1027,4,0,3,0,8,7,3,1,2,2,3,3,10,6,0,0
19,1027,4,0,3,0,8,7,3,1,2,2,3,3,10,6,0,0
19,1027,4,0,3,0,8,7,3,1,2,2,3,3,10,6,0,0
19,1027,4,0,3,0,8,7,3,1,2,2,3,3,10,6,0,0
19,1027,4,0,3,0,8,7,3,1,2,2,3,3,10,6,0,0
19,1027,4,0,3,0,8,7,3,1,2,2,3,3,10,6,0,0
19,1027,4,0,3,0,8,7,3,1,2,2,3,3,10,6,0,0
19,1027,4,0,3,0,8,7,3,1,2,2,2,3,8,6,0,0
19,1027,4,0,3,0,8,7,3,1,2,2,2,3,8,6,0,0
19,1027,4,0,3,0,8,7,3,1,2,2,2,3,8,6,0,0
19,1027,4,0,3,0,8,7,3,1,2,2,2,3,8,6,0,0
19,1027,4,0,3,0,8,7,3,1,2,2,2,3,8,6,0,0
19,1027,4,0,3,0,8,7,3,1,2,2,2,3,8,6,0,0
19,1027,4,0,3,0,8,7,3,1,2,2,2,3,8,6,0,0
19,1027,4,0,3,0,8,7,3,1,2,2,2,3,8,6,0,0
19,1027,4,0,3,0,8,7,3,1,2,2,2,3,7,6,0,0
20,1028,4,0,3,0,8,7,3,1,2,2,2,3,4,6,0,0
20,1028,4,0,3,0,8,7,3,1,2,2,2,3,4,6,0,0
20,1028,4,0,3,0,8,7,3,1,2,2,2,3,4,6,0,0
20,1028,4,0,3,0,8,7,3,1,2,2,2,3,4,6,0,0
20,1028,4,0,3,0,8,7,3,1,2,2,2,3,4,6,0,0
20,1028,4,0,3,0,8,7,3,1,2,2,2,3,4,6,0,0
20,1028,4,0,3,0,8,7,3,1,2,2,3,3,4,6,0,0
20,1028,4,0,3,0,8,6,3,1,2,1,3,2,5,6,0,0
20,1028,4,0,3,0,8,6,3,1,2,1,3,2,5,6,0,0
20,1028,4,0,3,0,8,6,3,1,2,1,3,2,5,6,0,0
20,1028,4,0,3,0,8,6,3,1,2,1,3,2,5,6,0,0
20,1028,4,0,3,0,8,6,3,1,2,1,3,2,5,6,0,0
20,1028,4,0,3,0,8,6,3,1,2,1,3,2,5,6,0,0
20,1028,4,0,3,0,8,6,3,1,2,1,3,2,5,6,0,0
20,1028,4,0,3,0,8,6,3,1,2,1,3,2,5,6,0,0
20,1028,4,0,3,0,8,6,3,1,2,1,2,2,4,6,0,0
20,1028,4,0,3,0,8,6,3,1,2,1,2,1,4,6,0,0
20,1028,4,0,3,0,8,6,3,1,2,1,2,1,4,6,0,0
20,1028,4,0,3,0,8,6,3,1,2,1,2,1,4,6,0,0
20,1028,4,0,3,0,8,6,3,1,2,1,2,1,4,6,0,0
20,1028,4,0,3,0,8,6,3,1,2,1,2,1,4,6,0,0
20,1028,4,0,3,0,8,6,3,1,2,1,2,1,4,6,0,0
20,1028,4,0,3,0,8,6,3,1,2,1,2,1,4,6,0,0
20,1028,4,0,3,0,8,6,3,1,2,1,2,1,4,6,0,0
21,1029,4,0,4,0,9,6,4,1,3,1,3,1,7,6,0,0
21,1029,4,0,4,0,9,6,4,1,3,1,3,1,7,6,0,0
21,1029,4,0,4,0,9,6,4,1,3,1,3,1,7,6,0,0
21,1029,4,0,4,0,9,6,4,1,3,1,3,1,7,6,0,0
21,1029,4,0,4,0,9,6,4,1,3,1,3,1,7,6,0,0
21,1029,4,0,4,0,9,6,4,1,3,1,3,1,7,6,0,0
21,1029,4,0,4,0,9,6,4,1,3,1,3,1,8,6,8,0
21,1029,4,0,4,0,10,9,4,3,3,2,4,2,8,7,8,1
21,1029,4,0,4,0,10,10,4,4,3,3,4,2,8,7,8,1
21,1029,4,0,4,0,10,10,4,4,3,3,4,2,8,8,9,1
21,1029,4,0,4,0,10,10,4,4,3,3,4,2,8,8,9,1
21,1029,4,0,4,0,10,10,4,4,3,3,4,2,8,8,9,1
21,1029,4,0,4,0,10,10,4,4,3,3,4,2,8,8,9,1
21,1029,4,0,4,0,10,10,4,4,3,3,4,2,8,7,5,1
21,1029,4,0,4,0,10,10,4,3,3,3,4,2,8,7,5,1
21,1029,4,0,4,0,10,10,4,3,3,3,4,2,8,7,5,1
21,1029,4,0,4,0,9,10,4,3,3,3,3,2,8,7,5,1
21,1029,4,0,4,0,9,10,4,3,3,3,3,2,8,7,0,1
21,1029,4,0,4,0,9,10,4,3,3,3,3,2,8,7,0,1
21,1029,4,0,4,0,9,10,4,3,3,3,3,2,8,7,0,0
21,1029,4,0,4,0,9,10,4,3,3,3,3,2,8,7,0,0
21,1029,4,0,4,0,9,10,4,3,3,3,3,2,8,7,0,0
21,1029,4,0,4,0,9,10,4,3,3,3,3,2,8,7,0,0
21,1029,4,0,4,0,9,10,4,3,3,3,3,2,7,7,0,0
22,1030,4,0,4,0,9,10,4,3,3,3,3,2,4,7,0,0
22,1030,4,0,4,0,9,10,4,3,3,3,3,2,4,7,0,0
22,1030,4,0,4,0,9,10,4,3,3,3,3,2,4,7,0,0
22,1030,4,0,4,0,9,10,4,3,3,3,3,2,4,7,0,0
22,1030,4,0,4,0,9,10,4,3,3,3,3,2,4,7,0,0
22,1030,4,0,4,0,9,10,4,3,3,3,3,2,4,7,0,0
22,1030,4,0,4,0,9,10,4,3,3,3,3,2,4,7,8,0
22,1030,4,0,4,0,10,10,4,3,3,3,4,3,5,7,8,5
22,1030,4,0,4,0,10,10,4,4,3,3,4,2,5,7,8,6
22,1030,4,0,4,0,10,10,4,4,3,3,4,2,5,7,9,7
22,1030,4,0,4,0,10,10,4,4,3,3,4,2,5,7,9,8
22,1030,4,0,4,0,10,10,4,3,3,3,4,2,5,7,9,8
22,1030,4,0,4,0,10,10,4,3,3,3,4,2,5,7,9,7
22,1030,4,0,4,0,10,10,4,3,3,3,4,2,5,7,5,7
22,1030,4,0,4,0,10,10,4,3,3,3,4,2,5,7,5,7
22,1030,4,0,4,0,10,10,4,3,3,3,4,2,4,7,5,4
22,1030,4,0,4,0,9,10,4,2,3,3,3,2,4,7,5,4
22,1030,4,0,4,0,9,10,4,2,3,3,3,2,4,7,0,4
22,1030,4,0,4,0,9,10,4,2,3,3,3,2,4,7,0,4
22,1030,4,0,4,0,9,10,4,2,3,3,3,2,4,7,0,4
22,1030,4,0,4,0,9,10,4,2,3,3,3,2,4,7,0,3
22,1030,4,0,4,0,9,10,4,2,3,3,3,2,4,7,0,3
22,1030,4,0,4,0,9,10,4,2,3,3,3,2,4,7,0,2
22,1030,4,0,4,0,9,10,4,2,3,3,3,2,4,7,0,2
23,1031,4,0,4,0,9,10,4,2,3,3,3,2,7,7,0,2
23,1031,4,0,4,0,9,10,4,2,3,3,3,2,7,7,0,2
23,1031,4,0,4,0,9,10,4,2,3,3,3,2,7,7,0,2
23,1031,4,0,4,0,9,10,4,2,3,3,3,2,7,7,0,2
23,1031,4,0,4,0,9,10,4,2,3,3,3,2,7,7,0,2
23,1031,4,0,4,0,9,10,4,2,3,3,3,2,7,7,0,2
23,1031,4,0,4,0,9,10,4,2,3,3,3,2,10,9,8,2
23,1031,4,0,4,0,10,10,4,2,3,2,4,3,10,9,8,2
23,1031,4,0,4,0,10,10,4,2,3,2,4,3,10,10,8,2
23,1031,4,0,4,0,10,10,4,3,3,2,4,3,10,10,9,2
23,1031,4,0,4,0,10,10,4,4,3,2,4,3,10,10,9,2
23,1031,4,0,4,0,10,10,4,4,3,2,4,3,10,10,9,2
23,1031,4,0,4,0,10,10,4,3,3,2,4,3,10,9,9,1
23,1031,4,0,4,0,10,10,4,3,3,2,4,3,10,10,5,1
23,1031,4,0,4,0,10,10,4,3,3,1,4,3,10,9,5,0
23,1031,4,0,4,0,10,9,4,3,3,1,4,3,8,8,5,0
23,1031,4,0,4,0,9,9,4,3,3,1,3,3,8,8,5,0
23,1031,4,0,4,0,9,9,4,3,3,1,3,3,8,8,0,0
23,1031,4,0,4,0,9,9,4,3,3,1,3,3,8,8,0,0
23,1031,4,0,4,0,9,9,4,3,3,1,3,3,8,8,0,0
23,1031,4,0,4,0,9,9,4,3,3,1,3,3,8,8,0,0
23,1031,4,0,4,0,9,9,4,3,3,1,3,3,8,8,0,0
23,1031,4,0,4,0,9,9,4,3,3,1,3,3,8,8,0,0
23,1031,4,0,4,0,9,9,4,3,3,1,3,3,7,8,0,0
24,1032,4,0,4,0,9,9,4,3,3,1,3,3,7,8,0,0
24,1032,4,0,4,0,9,9,4,3,3,1,3,3,7,8,0,0
24,1032,4,0,4,0,9,9,4,3,3,1,3,3,7,8,0,0
24,1032,4,0,4,0,9,9,4,3,3,1,3,3,7,8,0,0
24,1032,4,0,4,0,9,9,4,3,3,1,3,3,7,8,0,0
24,1032,4,0,4,0,9,9,4,3,3,1,3,3,7,8,0,0
24,1032,4,0,4,0,9,9,4,3,3,1,3,3,8,8,8,0
24,1032,4,0,4,0,10,10,4,4,3,1,4,4,8,8,8,0
24,1032,4,0,4,0,10,10,4,4,3,1,4,4,8,8,8,0
24,1032,4,0,4,0,10,10,4,4,3,1,4,4,8,8,9,0
24,1032,4,0,4,0,10,10,4,4,3,1,4,4,8,8,9,0
24,1032,4,0,4,0,10,10,4,4,3,1,4,4,8,8,9,0
24,1032,4,0,4,0,10,10,4,4,3,1,4,4,8,8,9,0
24,1032,4,0,4,0,10,10,4,3,3,1,4,4,8,8,5,0
24,1032,4,0,4,0,10,10,4,3,3,1,4,4,8,8,5,0
24,1032,4,0,4,0,10,10,4,3,3,1,4,4,8,8,5,0
24,1032,4,0,4,0,9,10,4,3,3,1,3,4,8,8,5,0
24,1032,4,0,4,0,9,10,4,3,3,1,3,4,8,8,0,0
24,1032,4,0,4,0,9,10,4,3,3,1,3,4,8,8,0,0
24,1032,4,0,4,0,9,10,4,3,3,1,3,4,8,8,0,0
24,1032,4,0,4,0,9,10,4,3,3,1,3,4,8,8,0,0
24,1032,4,0,4,0,9,10,4,3,3,1,3,4,8,8,0,0
24,1032,4,0,4,0,9,10,4,3,3,1,3,4,8,8,0,0
24,1032,4,0,4,0,9,10,4,3,3,1,3,4,7,8,0,0
25,1033,4,0,4,0,9,10,4,3,3,1,3,4,7,8,0,0
25,1033,4,0,4,0,9,10,4,3,3,1,3,4,7,8,0,0
25,1033,4,0,4,0,9,10,4,3,3,1,3,4,7,8,0,0
25,1033,4,0,4,0,9,10,4,3,3,1,3,4,7,8,0,0
25,1033,4,0,4,0,9,10,4,3,3,1,3,4,7,8,0,0
25,1033,4,0,4,0,9,10,4,3,3,1,3,4,7,8,0,0
25,1033,4,0,4,0,9,10,4,3,3,1,3,4,8,8,8,0
25,1033,4,0,4,0,10,10,4,3,3,2,4,4,8,7,8,1
25,1033,4,0,4,0,10,10,4,4,3,3,4,4,8,8,8,1
25,1033,4,0,4,0,10,10,4,4,3,3,4,4,8,8,9,2
25,1033,4,0,4,0,10,10,4,4,3,3,4,4,8,8,9,3
25,1033,4,0,4,0,10,10,4,4,3,3,4,4,8,8,9,4
25,1033,4,0,4,0,10,10,4,4,3,3,4,4,8,8,9,4
25,1033,4,0,4,0,10,10,4,4,3,3,4,4,8,8,5,4
25,1033,4,0,4,0,10,10,4,3,3,3,4,4,8,9,5,4
25,1033,4,0,4,0,10,9,4,3,3,3,4,4,8,8,5,1
25,1033,4,0,4,0,9,9,4,3,3,3,3,4,8,8,5,1
25,1033,4,0,4,0,9,9,4,3,3,2,3,4,8,8,0,1
25,1033,4,0,4,0,9,9,4,3,3,2,3,4,8,8,0,1
25,1033,4,0,4,0,9,9,4,3,3,2,3,4,8,8,0,1
25,1033,4,0,4,0,9,9,4,3,3,1,3,3,8,8,0,1
25,1033,4,0,4,0,9,9,4,3,3,1,3,3,8,7,0,1
25,1033,4,0,4,0,9,9,4,3,3,1,3,3,8,7,0,1
25,1033,4,0,4,0,9,9,4,3,3,1,3,3,7,7,0,1
26,1034,4,0,3,0,8,9,3,3,2,1,2,3,7,7,0,1
26,1034,4,0,3,0,8,9,3,3,2,1,2,3,7,7,0,1
26,1034,4,0,3,0,8,9,3,3,2,1,2,3,7,7,0,1
26,1034,4,0,3,0,8,9,3,3,2,1,2,3,7,7,0,1
26,1034,4,0,3,0,8,9,3,3,2,1,2,3,7,7,0,1
26,1034,4,0,3,0,8,9,3,3,2,1,2,3,7,7,0,1
26,1034,4,0,3,0,8,9,3,3,2,1,3,3,10,7,0,1
26,1034,4,0,3,0,8,9,3,2,2,1,3,3,10,7,0,0
26,1034,4,0,3,0,8,9,3,2,2,1,3,3,10,7,0,0
26,1034,4,0,3,0,8,9,3,2,2,1,3,3,10,7,0,0
26,1034,4,0,3,0,8,9,3,2,2,1,3,3,10,7,0,0
26,1034,4,0,3,0,8,9,3,2,2,1,3,3,10,6,0,0
26,1034,4,0,3,0,8,9,3,2,2,1,3,3,10,6,0,0
26,1034,4,0,3,0,8,9,3,2,2,1,3,3,10,6,0,0
26,1034,4,0,3,0,8,9,3,2,2,1,3,3,10,6,0,0
26,1034,4,0,3,0,8,9,3,2,2,1,2,3,8,6,0,0
26,1034,4,0,3,0,8,9,3,2,2,1,2,3,8,6,0,0
26,1034,4,0,3,0,8,9,3,2,2,1,2,3,8,6,0,0
26,1034,4,0,3,0,8,9,3,2,2,1,2,3,8,6,0,0
26,1034,4,0,3,0,8,9,3,2,2,1,2,3,8,6,0,0
26,1034,4,0,3,0,8,9,3,2,2,1,2,3,8,6,0,0
26,1034,4,0,3,0,8,9,3,2,2,1,2,3,8,6,0,0
26,1034,4,0,3,0,8,9,3,2,2,1,2,3,8,6,0,0
26,1034,4,0,3,0,8,9,3,2,2,1,2,3,7,6,0,0
27,1035,4,0,3,0,8,9,3,2,2,1,2,3,4,6,0,0
27,1035,4,0,3,0,8,9,3,2,2,1,2,3,4,6,0,0
27,1035,4,0,3,0,8,9,3,2,2,1,2,3,4,6,0,0
27,1035,4,0,3,0,8,9,3,2,2,1,2,3,4,6,0,0
27,1035,4,0,3,0,8,9,3,2,2,1,2,3,4,6,0,0
27,1035,4,0,3,0,8,9,3,2,2,1,2,3,4,6,0,0
27,1035,4,0,3,0,8,9,3,2,2,1,3,3,4,6,0,0
27,1035,4,0,3,0,8,9,3,2,2,1,3,3,5,6,0,0
27,1035,4,0,3,0,8,9,3,2,2,1,3,3,5,6,0,0
27,1035,4,0,3,0,8,9,3,2,2,1,3,3,5,6,0,0
27,1035,4,0,3,0,8,9,3,2,2,1,3,3,5,6,0,0
27,1035,4,0,3,0,8,9,3,2,2,1,3,3,5,6,0,0
27,1035,4,0,3,0,8,9,3,2,2,1,3,3,5,6,0,0
27,1035,4,0,3,0,8,9,3,2,2,1,3,3,5,6,0,0
27,1035,4,0,3,0,8,9,3,2,2,1,3,3,5,6,0,0
27,1035,4,0,3,0,8,9,3,2,2,1,2,3,4,6,0,0
27,1035,4,0,3,0,8,9,3,2,2,1,2,3,4,6,0,0
27,1035,4,0,3,0,8,9,3,2,2,1,2,3,4,6,0,0
27,1035,4,0,3,0,8,9,3,2,2,1,2,3,4,6,0,0
27,1035,4,0,3,0,8,9,3,2,2,1,2,2,4,6,0,0
27,1035,4,0,3,0,8,9,3,2,2,1,2,2,4,6,0,0
27,1035,4,0,3,0,8,9,3,2,2,1,2,2,4,6,0,0
27,1035,4,0,3,0,8,9,3,2,2,1,2,2,4,6,0,0
27,1035,4,0,3,0,8,9,3,2,2,1,2,2,4,6,0,0
0,1036,4,0,4,0,9,9,4,2,3,1,3,2,7,6,0,0
0,1036,4,0,4,0,9,9,4,2,3,1,3,2,7,6,0,0
0,1036,4,0,4,0,9,9,4,2,3,1,3,2,7,6,0,0
0,1036,4,0,4,0,9,9,4,2,3,1,3,2,7,6,0,0
0,1036,4,0,4,0,9,9,4,2,3,1,3,2,7,6,0,0
0,1036,4,0,4,0,9,9,4,2,3,1,3,2,7,6,0,0
0,1036,4,0,4,0,9,9,4,2,3,1,3,2,8,6,8,0
0,1036,4,0,4,0,10,9,4,4,3,1,4,3,8,8,8,2
0,1036,4,0,4,0,10,10,4,4,3,2,4,3,8,8,8,2
0,1036,4,0,4,0,10,10,4,3,3,2,4,2,8,8,9,2
0,1036,4,0,4,0,10,10,4,3,3,2,4,2,8,8,9,2
0,1036,4,0,4,0,10,10,4,3,3,2,4,2,8,8,9,2
0,1036,4,0,4,0,10,10,4,3,3,2,4,2,8,8,9,2
0,1036,4,0,4,0,10,10,4,3,3,2,4,2,8,8,5,2
0,1036,4,0,4,0,10,9,4,2,3,2,4,2,8,8,5,2
0,1036,4,0,4,0,10,9,4,2,3,2,4,2,8,8,5,1
0,1036,4,0,4,0,9,9,4,2,3,2,3,2,8,8,5,1
0,1036,4,0,4,0,9,9,4,2,3,2,3,2,8,8,0,1
0,1036,4,0,4,0,9,9,4,2,3,2,3,1,8,8,0,1
0,1036,4,0,4,0,9,9,4,2,3,2,3,1,8,8,0,0
0,1036,4,0,4,0,9,9,4,1,3,2,3,1,8,8,0,0
0,1036,4,0,4,0,9,9,4,1,3,2,3,1,8,8,0,0
0,1036,4,0,4,0,9,9,4,1,3,2,3,1,8,8,0,0
0,1036,4,0,4,0,9,9,4,1,3,2,3,1,7,8,0,0
1,1037,4,0,4,0,9,9,4,1,3,2,3,1,4,8,0,0
1,1037,4,0,4,0,9,9,4,1,3,2,3,1,4,8,0,0
1,1037,4,0,4,0,9,9,4,1,3,2,3,1,4,8,0,0
1,1037,4,0,4,0,9,9,4,1,3,2,3,1,4,8,0,0
1,1037,4,0,4,0,9,9,4,1,3,2,3,1,4,8,0,0
1,1037,4,0,4,0,9,9,4,1,3,2,3,1,4,8,0,0
1,1037,4,0,4,0,9,9,4,1,3,2,3,1,4,8,8,0
1,1037,4,0,4,0,10,9,4,2,3,3,4,2,5,7,8,1
1,1037,4,0,4,0,10,10,4,4,3,3,4,2,5,7,8,1
1,1037,4,0,4,0,10,10,4,4,3,1,4,2,5,7,9,2
1,1037,4,0,4,0,10,10,4,4,3,2,4,2,5,7,9,2
1,1037,4,0,4,0,10,10,4,4,3,3,4,2,5,7,9,2
1,1037,4,0,4,0,10,10,4,4,3,3,4,2,5,7,9,2
1,1037,4,0,4,0,10,10,4,4,3,3,4,2,5,7,5,2
1,1037,4,0,4,0,10,10,4,4,3,3,4,2,5,7,5,1
1,1037,4,0,4,0,10,10,4,4,3,3,4,2,4,7,5,1
1,1037,4,0,4,0,9,10,4,3,3,2,3,2,4,7,5,1
1,1037,4,0,4,0,9,10,4,3,3,2,3,2,4,7,0,1
1,1037,4,0,4,0,9,10,4,3,3,2,3,2,4,7,0,1
1,1037,4,0,4,0,9,10,4,2,3,1,3,2,4,7,0,1
1,1037,4,0,4,0,9,10,4,2,3,1,3,2,4,7,0,1
1,1037,4,0,4,0,9,10,4,2,3,1,3,2,4,7,0,1
1,1037,4,0,4,0,9,10,4,2,3,1,3,2,4,7,0,1
1,1037,4,0,4,0,9,10,4,2,3,1,3,2,4,7,0,1
2,1038,4,0,4,0,9,10,4,2,3,1,3,2,7,7,0,1
2,1038,4,0,4,0,9,10,4,2,3,1,3,2,7,7,0,1
2,1038,4,0,4,0,9,10,4,2,3,1,3,2,7,7,0,1
2,1038,4,0,4,0,9,10,4,2,3,1,3,2,7,7,0,1
2,1038,4,0,4,0,9,10,4,2,3,1,3,2,7,7,0,1
2,1038,4,0,4,0,9,10,4,2,3,1,3,2,7,7,0,1
2,1038,4,0,4,0,9,10,4,2,3,1,3,2,10,7,8,1
2,1038,4,0,4,0,10,10,4,3,3,1,4,2,10,10,8,1
2,1038,4,0,4,0,10,10,4,4,3,1,4,2,10,10,8,1
2,1038,4,0,4,0,10,10,4,3,3,1,4,2,10,10,9,1
2,1038,4,0,4,0,10,10,4,4,3,1,4,2,10,10,9,1
2,1038,4,0,4,0,10,10,4,4,3,1,4,2,10,10,9,1
2,1038,4,0,4,0,10,10,4,4,3,1,4,2,10,10,9,1
2,1038,4,0,4,0,10,10,4,4,3,1,4,2,10,10,5,0
2,1038,4,0,4,0,10,10,4,4,3,1,4,2,10,10,5,0
2,1038,4,0,4,0,10,10,4,4,3,1,4,2,8,10,5,0
2,1038,4,0,4,0,9,10,4,3,3,1,3,2,8,10,5,0
2,1038,4,0,4,0,9,9,4,3,3,1,3,2,8,10,0,0
2,1038,4,0,4,0,9,9,4,3,3,1,3,2,8,10,0,0
2,1038,4,0,4,0,9,9,4,3,3,1,3,2,8,10,0,0
2,1038,4,0,4,0,9,9,4,3,3,1,3,2,8,10,0,0
2,1038,4,0,4,0,9,9,4,3,3,1,3,2,8,9,0,0
2,1038,4,0,4,0,9,9,4,3,3,1,3,2,8,9,0,0
2,1038,4,0,4,0,9,9,4,3,3,1,3,2,7,9,0,0
3,1039,4,0,4,0,9,9,4,3,3,1,3,2,7,9,0,0
3,1039,4,0,4,0,9,9,4,3,3,1,3,2,7,9,0,0
3,1039,4,0,4,0,9,9,4,3,3,1,3,2,7,9,0,0
3,1039,4,0,4,0,9,9,4,3,3,1,3,2,7,9,0,0
3,1039,4,0,4,0,9,9,4,3,3,1,3,2,7,9,0,0
3,1039,4,0,4,0,9,9,4,3,3,1,3,2,7,9,0,0
3,1039,4,0,4,0,9,9,4,3,3,1,3,2,8,9,8,0
3,1039,4,0,4,0,10,8,4,4,3,1,4,3,8,8,8,0
3,1039,4,0,4,0,10,10,4,4,3,1,4,3,8,8,8,0
3,1039,4,0,4,0,10,10,4,3,3,1,4,3,8,8,9,0
3,1039,4,0,4,0,10,10,4,3,3,1,4,2,8,8,9,0
3,1039,4,0,4,0,10,10,4,3,3,1,4,2,8,8,9,0
3,1039,4,0,4,0,10,10,4,3,3,1,4,2,8,8,9,0
3,1039,4,0,4,0,10,10,4,3,3,1,4,2,8,8,5,0
3,1039,4,0,4,0,10,10,4,3,3,1,4,2,8,8,5,0
3,1039,4,0,4,0,10,10,4,3,3,1,4,2,8,8,5,0
3,1039,4,0,4,0,9,10,4,3,3,1,3,2,8,8,5,0
3,1039,4,0,4,0,9,10,4,3,3,1,3,2,8,8,0,0
3,1039,4,0,4,0,9,10,4,3,3,1,3,2,8,8,0,0
3,1039,4,0,4,0,9,10,4,3,3,1,3,2,8,8,0,0
3,1039,4,0,4,0,9,10,4,3,3,1,3,2,8,8,0,0
3,1039,4,0,4,0,9,10,4,3,3,1,3,2,8,8,0,0
3,1039,4,0,4,0,9,10,4,3,3,1,3,2,8,8,0,0
3,1039,4,0,4,0,9,10,4,3,3,1,3,2,7,8,0,0
4,1040,4,0,4,0,9,10,4,3,3,1,3,2,7,8,0,0
4,1040,4,0,4,0,9,10,4,3,3,1,3,2,7,8,0,0
4,1040,4,0,4,0,9,10,4,3,3,1,3,2,7,8,0,0
4,1040,4,0,4,0,9,10,4,3,3,1,3,2,7,8,0,0
4,1040,4,0,4,0,9,10,4,3,3,1,3,2,7,8,0,0
4,1040,4,0,4,0,9,10,4,3,3,1,3,2,7,8,0,0
4,1040,4,0,4,0,9,10,4,3,3,1,3,2,8,8,8,0
4,1040,4,0,4,0,10,10,4,3,3,1,4,3,8,8,8,1
4,1040,4,0,4,0,10,10,4,3,3,3,4,3,8,8,8,1
4,1040,4,0,4,0,10,10,4,4,3,3,4,3,8,8,9,1
4,1040,4,0,4,0,10,10,4,4,3,2,4,3,8,8,9,1
4,1040,4,0,4,0,10,10,4,4,3,3,4,3,8,8,9,1
4,1040,4,0,4,0,10,10,4,4,3,3,4,3,8,8,9,1
4,1040,4,0,4,0,10,10,4,4,3,3,4,3,8,8,5,1
4,1040,4,0,4,0,10,10,4,4,3,1,4,3,8,8,5,1
4,1040,4,0,4,0,10,10,4,4,3,1,4,3,8,8,5,1
4,1040,4,0,4,0,9,10,4,4,3,1,3,3,8,8,5,1
4,1040,4,0,4,0,9,10,4,4,3,1,3,3,8,8,0,1
4,1040,4,0,4,0,9,10,4,4,3,1,3,3,8,8,0,1
4,1040,4,0,4,0,9,10,4,4,3,1,3,3,8,8,0,1
4,1040,4,0,4,0,9,10,4,4,3,1,3,3,8,8,0,1
4,1040,4,0,4,0,9,10,4,4,3,0,3,3,8,8,0,0
4,1040,4,0,4,0,9,10,4,4,3,0,3,3,8,8,0,0
4,1040,4,0,4,0,9,10,4,4,3,0,3,3,7,8,0,0
5,1041,4,0,3,0,8,10,3,4,2,0,2,3,7,8,0,0
5,1041,4,0,3,0,8,10,3,4,2,0,2,3,7,8,0,0
5,1041,4,0,3,0,8,10,3,4,2,0,2,3,7,8,0,0
5,1041,4,0,3,0,8,10,3,4,2,0,2,3,7,8,0,0
5,1041,4,0,3,0,8,10,3,4,2,0,2,3,7,8,0,0
5,1041,4,0,3,0,8,10,3,4,2,0,2,3,7,8,0,0
5,1041,4,0,3,0,8,10,3,4,2,0,3,3,10,8,0,0
5,1041,4,0,3,0,8,10,3,4,2,0,3,3,10,8,0,0
5,1041,4,0,3,0,8,10,3,4,2,0,3,3,10,8,0,0
5,1041,4,0,3,0,8,10,3,4,2,0,3,3,10,8,0,0
5,1041,4,0,3,0,8,9,3,4,2,0,3,3,10,8,0,0
5,1041,4,0,3,0,8,9,3,4,2,0,3,3,10,8,0,0
5,1041,4,0,3,0,8,9,3,4,2,0,3,3,10,8,0,0
5,1041,4,0,3,0,8,9,3,4,2,0,3,3,10,8,0,0
5,1041,4,0,3,0,8,9,3,4,2,0,3,3,10,8,0,0
5,1041,4,0,3,0,8,9,3,4,2,0,2,3,8,8,0,0
5,1041,4,0,3,0,8,9,3,4,2,0,2,3,8,8,0,0
5,1041,4,0,3,0,8,9,3,4,2,0,2,3,8,8,0,0
5,1041,4,0,3,0,8,9,3,4,2,0,2,3,8,7,0,0
5,1041,4,0,3,0,8,9,3,4,2,0,2,3,8,7,0,0
5,1041,4,0,3,0,8,9,3,4,2,0,2,3,8,7,0,0
5,1041,4,0,3,0,8,9,3,4,2,0,2,3,8,7,0,0
5,1041,4,0,3,0,8,9,3,4,2,0,2,3,8,7,0,0
5,1041,4,0,3,0,8,9,3,4,2,0,2,3,7,7,0,0
6,1042,4,0,3,0,8,9,3,4,2,0,2,3,4,7,0,0
6,1042,4,0,3,0,8,9,3,4,2,0,2,3,4,7,0,0
6,1042,4,0,3,0,8,9,3,4,2,0,2,3,4,7,0,0
6,1042,4,0,3,0,8,9,3,4,2,0,2,3,4,7,0,0
6,1042,4,0,3,0,8,9,3,4,2,0,2,3,4,7,0,0
6,1042,4,0,3,0,8,9,3,4,2,0,2,3,4,7,0,0
6,1042,4,0,3,0,8,9,3,4,2,0,3,3,4,7,0,0
6,1042,4,0,3,0,8,7,3,4,2,0,3,3,5,6,0,0
6,1042,4,0,3,0,8,7,3,4,2,0,3,3,5,6,0,0
6,1042,4,0,3,0,8,7,3,4,2,0,3,3,5,6,0,0
6,1042,4,0,3,0,8,7,3,4,2,0,3,2,5,6,0,0
6,1042,4,0,3,0,8,7,3,4,2,0,3,2,5,6,0,0
6,1042,4,0,3,0,8,7,3,4,2,0,3,2,5,6,0,0
6,1042,4,0,3,0,8,7,3,4,2,0,3,2,5,6,0,0
6,1042,4,0,3,0,8,7,3,4,2,0,3,2,5,6,0,0
6,1042,4,0,3,0,8,7,3,4,2,0,2,2,4,6,0,0
6,1042,4,0,3,0,8,7,3,4,2,0,2,2,4,6,0,0
6,1042,4,0,3,0,8,7,3,4,2,0,2,2,4,6,0,0
6,1042,4,0,3,0,8,7,3,4,2,0,2,2,4,6,0,0
6,1042,4,0,3,0,8,7,3,4,2,0,2,2,4,6,0,0
6,1042,4,0,3,0,8,7,3,4,2,0,2,2,4,6,0,0
6,1042,4,0,3,0,8,7,3,4,2,0,2,2,4,6,0,0
6,1042,4,0,3,0,8,7,3,4,2,0,2,2,4,6,0,0
6,1042,4,0,3,0,8,7,3,4,2,0,2,2,4,6,0,0
7,1043,4,0,4,0,9,7,4,4,3,0,3,2,7,6,0,0
7,1043,4,0,4,0,9,7,4,4,3,0,3,2,7,6,0,0
7,1043,4,0,4,0,9,7,4,4,3,0,3,2,7,6,0,0
7,1043,4,0,4,0,9,7,4,4,3,0,3,2,7,6,0,0
7,1043,4,0,4,0,9,7,4,4,3,0,3,2,7,6,0,0
7,1043,4,0,4,0,9,7,4,4,3,0,3,2,7,6,0,0
7,1043,4,0,4,0,9,7,4,4,3,0,3,2,8,6,8,0
7,1043,4,0,4,0,10,8,4,4,3,3,4,3,8,7,8,1
7,1043,4,0,4,0,10,8,4,4,3,3,4,2,8,8,8,1
7,1043,4,0,4,0,10,9,4,4,3,3,4,2,8,8,9,1
7,1043,4,0,4,0,10,10,4,4,3,3,4,2,8,8,9,1
7,1043,4,0,4,0,10,10,4,4,3,3,4,2,8,8,9,1
7,1043,4,0,4,0,10,10,4,4,3,3,4,2,8,8,9,1
7,1043,4,0,4,0,10,8,4,4,3,3,4,2,8,8,5,1
7,1043,4,0,4,0,10,8,4,3,3,3,4,2,8,8,5,1
7,1043,4,0,4,0,10,8,4,3,3,3,4,2,8,8,5,0
7,1043,4,0,4,0,9,8,4,3,3,3,3,2,8,8,5,0
7,1043,4,0,4,0,9,8,4,3,3,3,3,2,8,8,0,0
7,1043,4,0,4,0,9,8,4,3,3,3,3,2,8,8,0,0
7,1043,4,0,4,0,9,8,4,3,3,3,3,2,8,8,0,0
7,1043,4,0,4,0,9,8,4,3,3,3,3,2,8,8,0,0
7,1043,4,0,4,0,9,8,4,3,3,2,3,2,8,8,0,0
7,1043,4,0,4,0,9,8,4,3,3,2,3,2,8,8,0,0
7,1043,4,0,4,0,9,8,4,3,3,2,3,2,7,8,0,0
8,1044,4,0,4,0,9,8,4,3,3,2,3,2,4,8,0,0
8,1044,4,0,4,0,9,8,4,3,3,2,3,2,4,8,0,0
8,1044,4,0,4,0,9,8,4,3,3,2,3,2,4,8,0,0
8,1044,4,0,4,0,9,8,4,3,3,2,3,2,4,8,0,0
8,1044,4,0,4,0,9,8,4,3,3,2,3,2,4,8,0,0
8,1044,4,0,4,0,9,8,4,3,3,2,3,2,4,8,0,0
8,1044,4,0,4,0,9,8,4,3,3,2,3,2,4,8,8,0
8,1044,4,0,4,0,10,9,4,4,3,3,4,3,5,8,8,2
8,1044,4,0,4,0,10,9,4,4,3,3,4,3,5,8,8,3
8,1044,4,0,4,0,10,10,4,4,3,3,4,3,5,8,9,3
8,1044,4,0,4,0,10,10,4,4,3,3,4,3,5,8,9,3
8,1044,4,0,4,0,10,10,4,4,3,3,4,3,5,8,9,3
8,1044,4,0,4,0,10,10,4,4,3,3,4,3,5,8,9,3
8,1044,4,0,4,0,10,9,4,4,3,3,4,3,5,8,5,3
8,1044,4,0,4,0,10,8,4,4,3,3,4,3,5,8,5,3
8,1044,4,0,4,0,10,8,4,4,3,3,4,3,4,8,5,3
8,1044,4,0,4,0,9,8,4,4,3,3,3,3,4,8,5,3
8,1044,4,0,4,0,9,8,4,4,3,3,3,2,4,7,0,3
8,1044,4,0,4,0,9,8,4,4,3,3,3,2,4,7,0,3
8,1044,4,0,4,0,9,8,4,4,3,3,3,2,4,7,0,3
8,1044,4,0,4,0,9,8,4,4,3,3,3,2,4,7,0,3
8,1044,4,0,4,0,9,8,4,4,3,3,3,2,4,7,0,3
8,1044,4,0,4,0,9,8,4,4,3,3,3,2,4,7,0,3
8,1044,4,0,4,0,9,8,4,4,3,3,3,2,4,7,0,3
9,1045,4,0,4,0,9,8,4,4,3,3,3,2,7,7,0,3
9,1045,4,0,4,0,9,8,4,4,3,3,3,2,7,7,0,3
9,1045,4,0,4,0,9,8,4,4,3,3,3,2,7,7,0,3
9,1045,4,0,4,0,9,8,4,4,3,3,3,2,7,7,0,3
9,1045,4,0,4,0,9,8,4,4,3,3,3,2,7,7,0,3
9,1045,4,0,4,0,9,8,4,4,3,3,3,2,7,7,0,3
9,1045,4,0,4,0,9,8,4,4,3,3,3,2,10,8,8,3
9,1045,4,0,4,0,10,10,4,3,3,3,4,3,10,9,8,2
9,1045,4,0,4,0,10,10,4,3,3,3,4,3,10,10,8,3
9,1045,4,0,4,0,10,10,4,4,3,3,4,3,10,10,9,3
9,1045,4,0,4,0,10,10,4,4,3,3,4,3,10,10,9,4
9,1045,4,0,4,0,10,10,4,4,3,3,4,3,10,10,9,4
9,1045,4,0,4,0,10,10,4,4,3,3,4,3,10,9,9,3
9,1045,4,0,4,0,10,10,4,4,3,3,4,3,10,10,5,2
9,1045,4,0,4,0,10,10,4,4,3,3,4,3,10,10,5,1
9,1045,4,0,4,0,10,10,4,4,3,3,4,3,8,10,5,1
9,1045,4,0,4,0,9,10,4,4,3,3,3,2,8,9,5,1
9,1045,4,0,4,0,9,10,4,4,3,3,3,2,8,9,0,0
9,1045,4,0,4,0,9,10,4,4,3,3,3,2,8,9,0,0
9,1045,4,0,4,0,9,10,4,4,3,3,3,2,8,9,0,0
9,1045,4,0,4,0,9,10,4,3,3,3,3,2,8,9,0,0
9,1045,4,0,4,0,9,10,4,3,3,3,3,2,8,9,0,0
9,1045,4,0,4,0,9,10,4,3,3,3,3,2,8,9,0,0
9,1045,4,0,4,0,9,10,4,3,3,3,3,2,7,9,0,0
10,1046,4,0,4,0,9,10,4,3,3,3,3,2,7,9,0,0
10,1046,4,0,4,0,9,10,4,3,3,3,3,2,7,9,0,0
10,1046,4,0,4,0,9,10,4,3,3,3,3,2,7,9,0,0
10,1046,4,0,4,0,9,10,4,3,3,3,3,2,7,9,0,0
10,1046,4,0,4,0,9,10,4,3,3,3,3,2,7,9,0,0
10,1046,4,0,4,0,9,10,4,3,3,3,3,2,7,9,0,0
10,1046,4,0,4,0,9,10,4,3,3,3,3,2,8,9,8,0
10,1046,4,0,4,0,10,10,4,3,3,2,4,3,8,8,8,0
10,1046,4,0,4,0,10,10,4,3,3,2,4,3,8,8,8,0
10,1046,4,0,4,0,10,10,4,3,3,2,4,3,8,8,9,0
10,1046,4,0,4,0,10,10,4,3,3,2,4,3,8,8,9,0
10,1046,4,0,4,0,10,10,4,3,3,2,4,3,8,8,9,0
10,1046,4,0,4,0,10,10,4,3,3,2,4,3,8,8,9,0
10,1046,4,0,4,0,10,10,4,3,3,2,4,3,8,8,5,0
10,1046,4,0,4,0,10,10,4,3,3,2,4,3,8,8,5,0
10,1046,4,0,4,0,10,10,4,3,3,2,4,3,8,8,5,0
10,1046,4,0,4,0,9,10,4,3,3,2,3,3,8,8,5,0
10,1046,4,0,4,0,9,10,4,3,3,2,3,3,8,8,0,0
10,1046,4,0,4,0,9,10,4,3,3,2,3,3,8,8,0,0
10,1046,4,0,4,0,9,10,4,3,3,2,3,3,8,8,0,0
10,1046,4,0,4,0,9,10,4,3,3,2,3,3,8,8,0,0
10,1046,4,0,4,0,9,10,4,3,3,2,3,3,8,8,0,0
10,1046,4,0,4,0,9,10,4,3,3,2,3,3,8,8,0,0
10,1046,4,0,4,0,9,10,4,3,3,2,3,3,7,8,0,0
11,1047,4,0,4,0,9,10,4,3,3,2,3,3,7,8,0,0
11,1047,4,0,4,0,9,10,4,3,3,2,3,3,7,8,0,0
11,1047,4,0,4,0,9,10,4,3,3,2,3,3,7,8,0,0
11,1047,4,0,4,0,9,10,4,3,3,2,3,3,7,8,0,0
11,1047,4,0,4,0,9,10,4,3,3,2,3,3,7,8,0,0
11,1047,4,0,4,0,9,10,4,3,3,2,3,3,7,8,0,0
11,1047,4,0,4,0,9,10,4,3,3,2,3,3,8,8,8,0
11,1047,4,0,4,0,10,10,4,4,3,3,4,4,8,8,8,0
11,1047,4,0,4,0,10,10,4,4,3,3,4,4,8,8,8,1
11,1047,4,0,4,0,10,10,4,4,3,3,4,4,8,8,9,1
11,1047,4,0,4,0,10,10,4,4,3,3,4,4,8,9,9,1
11,1047,4,0,4,0,10,10,4,4,3,3,4,4,8,9,9,1
11,1047,4,0,4,0,10,10,4,4,3,3,4,4,8,8,9,0
11,1047,4,0,4,0,10,10,4,4,3,3,4,4,8,8,5,0
11,1047,4,0,4,0,10,10,4,4,3,3,4,4,8,8,5,0
11,1047,4,0,4,0,10,10,4,3,3,3,4,4,8,8,5,0
11,1047,4,0,4,0,9,10,4,3,3,3,3,4,8,8,5,0
11,1047,4,0,4,0,9,10,4,3,3,3,3,4,8,8,0,0
11,1047,4,0,4,0,9,10,4,3,3,3,3,4,8,8,0,0
11,1047,4,0,4,0,9,10,4,3,3,3,3,4,8,8,0,0
11,1047,4,0,4,0,9,9,4,3,3,2,3,4,8,7,0,0
11,1047,4,0,4,0,9,9,4,3,3,2,3,4,8,7,0,0
11,1047,4,0,4,0,9,9,4,3,3,2,3,3,8,7,0,0
11,1047,4,0,4,0,9,9,4,3,3,2,3,3,7,7,0,0
12,1048,4,0,3,0,8,9,3,3,2,2,2,3,7,7,0,0
12,1048,4,0,3,0,8,9,3,3,2,2,2,3,7,7,0,0
12,1048,4,0,3,0,8,9,3,3,2,2,2,3,7,7,0,0
12,1048,4,0,3,0,8,9,3,3,2,2,2,3,7,7,0,0
12,1048,4,0,3,0,8,9,3,3,2,2,2,3,7,7,0,0
12,1048,4,0,3,0,8,9,3,3,2,2,2,3,7,7,0,0
12,1048,4,0,3,0,8,9,3,3,2,2,3,3,10,7,0,0
12,1048,4,0,3,0,8,9,3,3,2,1,3,2,10,7,0,0
12,1048,4,0,3,0,8,9,3,3,2,1,3,2,10,7,0,0
12,1048,4,0,3,0,8,9,3,3,2,1,3,2,10,7,0,0
12,1048,4,0,3,0,8,9,3,3,2,1,3,1,10,7,0,0
12,1048,4,0,3,0,8,9,3,3,2,1,3,1,10,7,0,0
12,1048,4,0,3,0,8,9,3,3,2,1,3,1,10,7,0,0
12,1048,4,0,3,0,8,9,3,3,2,1,3,1,10,7,0,0
12,1048,4,0,3,0,8,9,3,3,2,1,3,1,10,7,0,0
12,1048,4,0,3,0,8,9,3,3,2,1,2,1,8,7,0,0
12,1048,4,0,3,0,8,9,3,3,2,1,2,1,8,6,0,0
12,1048,4,0,3,0,8,9,3,3,2,1,2,1,8,6,0,0
12,1048,4,0,3,0,8,9,3,3,2,1,2,1,8,6,0,0
12,1048,4,0,3,0,8,9,3,3,2,1,2,1,8,6,0,0
12,1048,4,0,3,0,8,9,3,3,2,1,2,1,8,6,0,0
12,1048,4,0,3,0,8,9,3,3,2,1,2,1,8,6,0,0
12,1048,4,0,3,0,8,9,3,3,2,1,2,1,8,6,0,0
12,1048,4,0,3,0,8,9,3,3,2,1,2,1,7,6,0,0
13,1049,4,0,3,0,8,9,3,3,2,1,2,1,4,6,0,0
13,1049,4,0,3,0,8,9,3,3,2,1,2,1,4,6,0,0
13,1049,4,0,3,0,8,9,3,3,2,1,2,1,4,6,0,0
13,1049,4,0,3,0,8,9,3,3,2,1,2,1,4,6,0,0
13,1049,4,0,3,0,8,9,3,3,2,1,2,1,4,6,0,0
13,1049,4,0,3,0,8,9,3,3,2,1,2,1,4,6,0,0
13,1049,4,0,3,0,8,9,3,3,2,1,3,1,4,6,0,0
13,1049,4,0,3,0,8,9,3,3,2,1,3,1,5,6,0,0
13,1049,4,0,3,0,8,9,3,3,2,1,3,1,5,6,0,0
13,1049,4,0,3,0,8,9,3,3,2,1,3,1,5,6,0,0
13,1049,4,0,3,0,8,9,3,3,2,1,3,1,5,6,0,0
13,1049,4,0,3,0,8,9,3,3,2,1,3,1,5,6,0,0
13,1049,4,0,3,0,8,9,3,3,2,1,3,1,5,6,0,0
13,1049,4,0,3,0,8,9,3,3,2,1,3,1,5,6,0,0
13,1049,4,0,3,0,8,9,3,3,2,1,3,1,5,6,0,0
13,1049,4,0,3,0,8,9,3,3,2,1,2,1,4,6,0,0
13,1049,4,0,3,0,8,9,3,3,2,1,2,1,4,6,0,0
13,1049,4,0,3,0,8,9,3,3,2,1,2,1,4,6,0,0
13,1049,4,0,3,0,8,9,3,3,2,1,2,1,4,6,0,0
13,1049,4,0,3,0,8,9,3,3,2,1,2,1,4,6,0,0
13,1049,4,0,3,0,8,9,3,3,2,1,2,1,4,6,0,0
13,1049,4,0,3,0,8,9,3,3,2,1,2,1,4,6,0,0
13,1049,4,0,3,0,8,9,3,3,2,1,2,1,4,6,0,0
13,1049,4,0,3,0,8,9,3,3,2,1,2,1,4,6,0,0
14,1050,4,0,4,0,9,9,4,3,3,1,3,1,7,6,0,0
14,1050,4,0,4,0,9,9,4,3,3,1,3,1,7,6,0,0
14,1050,4,0,4,0,9,9,4,3,3,1,3,1,7,6,0,0
14,1050,4,0,4,0,9,9,4,3,3,1,3,1,7,6,0,0
14,1050,4,0,4,0,9,9,4,3,3,1,3,1,7,6,0,0
14,1050,4,0,4,0,9,9,4,3,3,1,3,1,7,6,0,0
14,1050,4,0,4,0,9,9,4,3,3,1,3,1,8,6,8,0
14,1050,4,0,4,0,10,9,4,4,3,2,4,2,8,8,8,2
14,1050,4,0,4,0,10,10,4,4,3,2,4,2,8,8,8,2
14,1050,4,0,4,0,10,10,4,4,3,3,4,2,8,8,9,2
14,1050,4,0,4,0,10,10,4,4,3,3,4,2,8,8,9,2
14,1050,4,0,4,0,10,10,4,4,3,3,4,2,8,8,9,2
14,1050,4,0,4,0,10,10,4,4,3,3,4,2,8,8,9,2
14,1050,4,0,4,0,10,10,4,4,3,2,4,2,8,8,5,2
14,1050,4,0,4,0,10,10,4,4,3,2,4,2,8,8,5,2
14,1050,4,0,4,0,10,10,4,4,3,2,4,2,8,8,5,2
14,1050,4,0,4,0,9,10,4,4,3,2,3,2,8,8,5,2
14,1050,4,0,4,0,9,10,4,4,3,2,3,2,8,8,0,1
14,1050,4,0,4,0,9,10,4,4,3,2,3,2,8,8,0,1
14,1050,4,0,4,0,9,10,4,4,3,2,3,2,8,8,0,0
14,1050,4,0,4,0,9,10,4,4,3,2,3,2,8,8,0,0
14,1050,4,0,4,0,9,10,4,4,3,2,3,2,8,8,0,0
14,1050,4,0,4,0,9,10,4,4,3,2,3,2,8,8,0,0
14,1050,4,0,4,0,9,10,4,4,3,2,3,2,7,8,0,0
15,1051,4,0,4,0,9,10,4,4,3,2,3,2,4,8,0,0
15,1051,4,0,4,0,9,10,4,4,3,2,3,2,4,8,0,0
15,1051,4,0,4,0,9,10,4,4,3,2,3,2,4,8,0,0
15,1051,4,0,4,0,9,10,4,4,3,2,3,2,4,8,0,0
15,1051,4,0,4,0,9,10,4,4,3,2,3,2,4,8,0,0
15,1051,4,0,4,0,9,10,4,4,3,2,3,2,4,8,0,0
15,1051,4,0,4,0,9,10,4,4,3,2,3,2,4,8,8,0
15,1051,4,0,4,0,10,9,4,4,3,3,4,3,5,7,8,2
15,1051,4,0,4,0,10,10,4,4,3,3,4,3,5,7,8,3
15,1051,4,0,4,0,10,10,4,4,3,3,4,3,5,7,9,4
15,1051,4,0,4,0,10,10,4,4,3,3,4,3,5,7,9,4
15,1051,4,0,4,0,10,10,4,4,3,3,4,3,5,7,9,4
15,1051,4,0,4,0,10,9,4,4,3,3,4,3,5,7,9,4
15,1051,4,0,4,0,10,9,4,4,3,3,4,3,5,7,5,4
15,1051,4,0,4,0,10,9,4,4,3,3,4,3,5,7,5,4
15,1051,4,0,4,0,10,9,4,4,3,3,4,3,4,7,5,3
15,1051,4,0,4,0,9,9,4,3,3,2,3,3,4,7,5,3
15,1051,4,0,4,0,9,9,4,3,3,2,3,3,4,7,0,3
15,1051,4,0,4,0,9,9,4,3,3,2,3,3,4,7,0,3
15,1051,4,0,4,0,9,9,4,3,3,2,3,3,4,7,0,2
15,1051,4,0,4,0,9,9,4,3,3,2,3,3,4,7,0,2
15,1051,4,0,4,0,9,9,4,3,3,2,3,3,4,7,0,2
15,1051,4,0,4,0,9,9,4,3,3,2,3,3,4,7,0,2
15,1051,4,0,4,0,9,9,4,3,3,2,3,3,4,7,0,2
16,1052,4,0,4,0,9,9,4,3,3,2,3,3,7,7,0,2
16,1052,4,0,4,0,9,9,4,3,3,2,3,3,7,7,0,2
16,1052,4,0,4,0,9,9,4,3,3,2,3,3,7,7,0,2
16,1052,4,0,4,0,9,9,4,3,3,2,3,3,7,7,0,2
16,1052,4,0,4,0,9,9,4,3,3,2,3,3,7,7,0,2
16,1052,4,0,4,0,9,9,4,3,3,2,3,3,7,7,0,2
16,1052,4,0,4,0,9,9,4,3,3,2,3,3,10,8,8,2
16,1052,4,0,4,0,10,10,4,3,3,1,4,4,10,10,8,2
16,1052,4,0,4,0,10,10,4,3,3,1,4,4,10,10,8,2
16,1052,4,0,4,0,10,10,4,4,3,1,4,4,10,10,9,2
16,1052,4,0,4,0,10,10,4,4,3,1,4,4,10,11,9,2
16,1052,4,0,4,0,10,10,4,4,3,2,4,4,10,11,9,2
16,1052,4,0,4,0,10,10,4,4,3,2,4,4,10,11,9,2
16,1052,4,0,4,0,10,10,4,3,3,2,4,4,10,11,5,2
16,1052,4,0,4,0,10,10,4,2,3,1,4,4,10,11,5,2
16,1052,4,0,4,0,10,10,4,2,3,1,4,4,8,11,5,2
16,1052,4,0,4,0,9,10,4,2,3,1,3,4,8,11,5,2
16,1052,4,0,4,0,9,10,4,2,3,1,3,4,8,10,0,1
16,1052,4,0,4,0,9,10,4,2,3,1,3,4,8,9,0,1
16,1052,4,0,4,0,9,10,4,2,3,1,3,4,8,9,0,1
16,1052,4,0,4,0,9,10,4,2,3,1,3,4,8,9,0,1
16,1052,4,0,4,0,9,10,4,2,3,1,3,4,8,8,0,1
16,1052,4,0,4,0,9,10,4,2,3,1,3,4,8,8,0,1
16,1052,4,0,4,0,9,10,4,2,3,1,3,4,7,8,0,1
17,1053,4,0,4,0,9,10,4,2,3,1,3,4,7,8,0,1
17,1053,4,0,4,0,9,10,4,2,3,1,3,4,7,8,0,1
17,1053,4,0,4,0,9,10,4,2,3,1,3,4,7,8,0,1
17,1053,4,0,4,0,9,10,4,2,3,1,3,4,7,8,0,1
17,1053,4,0,4,0,9,10,4,2,3,1,3,4,7,8,0,1
17,1053,4,0,4,0,9,10,4,2,3,1,3,4,7,8,0,1
17,1053,4,0,4,0,9,10,4,2,3,1,3,4,8,8,8,1
17,1053,4,0,4,0,10,10,4,3,3,1,4,4,8,8,8,1
17,1053,4,0,4,0,10,10,4,3,3,1,4,4,8,8,8,1
17,1053,4,0,4,0,10,10,4,3,3,1,4,4,8,8,9,1
17,1053,4,0,4,0,10,10,4,3,3,1,4,4,8,8,9,1
17,1053,4,0,4,0,10,10,4,3,3,1,4,4,8,8,9,1
17,1053,4,0,4,0,10,10,4,3,3,1,4,4,8,8,9,1
17,1053,4,0,4,0,10,10,4,3,3,1,4,4,8,7,5,0
17,1053,4,0,4,0,10,10,4,3,3,1,4,4,8,7,5,0
17,1053,4,0,4,0,10,10,4,3,3,1,4,4,8,7,5,0
17,1053,4,0,4,0,9,10,4,3,3,1,3,4,8,7,5,0
17,1053,4,0,4,0,9,10,4,3,3,1,3,4,8,7,0,0
17,1053,4,0,4,0,9,10,4,3,3,1,3,4,8,7,0,0
17,1053,4,0,4,0,9,10,4,3,3,1,3,4,8,7,0,0
17,1053,4,0,4,0,9,10,4,3,3,1,3,4,8,7,0,0
17,1053,4,0,4,0,9,10,4,3,3,1,3,4,8,7,0,0
17,1053,4,0,4,0,9,10,4,3,3,1,3,4,8,7,0,0
17,1053,4,0,4,0,9,10,4,3,3,1,3,4,7,7,0,0
18,1054,4,0,4,0,9,10,4,3,3,1,3,4,7,7,0,0
18,1054,4,0,4,0,9,10,4,3,3,1,3,4,7,7,0,0
18,1054,4,0,4,0,9,10,4,3,3,1,3,4,7,7,0,0
18,1054,4,0,4,0,9,10,4,3,3,1,3,4,7,7,0,0
18,1054,4,0,4,0,9,10,4,3,3,1,3,4,7,7,0,0
18,1054,4,0,4,0,9,10,4,3,3,1,3,4,7,7,0,0
18,1054,4,0,4,0,9,10,4,3,3,1,3,4,8,7,8,0
18,1054,4,0,4,0,10,10,4,1,3,2,4,4,8,7,8,1
18,1054,4,0,4,0,10,10,4,2,3,3,4,3,8,8,8,1
18,1054,4,0,4,0,10,10,4,3,3,3,4,3,8,8,9,2
18,1054,4,0,4,0,10,10,4,4,3,3,4,3,8,8,9,2
18,1054,4,0,4,0,10,10,4,4,3,3,4,3,8,8,9,2
18,1054,4,0,4,0,10,10,4,4,3,3,4,3,8,8,9,2
18,1054,4,0,4,0,10,10,4,4,3,3,4,3,8,8,5,2
18,1054,4,0,4,0,10,10,4,3,3,3,4,3,8,8,5,1
18,1054,4,0,4,0,10,10,4,3,3,3,4,2,8,8,5,1
18,1054,4,0,4,0,9,10,4,3,3,3,3,2,8,8,5,1
18,1054,4,0,4,0,9,10,4,3,3,3,3,2,8,8,0,1
18,1054,4,0,4,0,9,10,4,3,3,3,3,2,8,8,0,1
18,1054,4,0,4,0,9,10,4,3,3,3,3,2,8,8,0,1
18,1054,4,0,4,0,9,10,4,3,3,3,3,2,8,8,0,1
18,1054,4,0,4,0,9,10,4,3,3,3,3,2,8,8,0,1
18,1054,4,0,4,0,9,9,4,3,3,3,3,2,8,7,0,1
18,1054,4,0,4,0,9,9,4,3,3,3,3,2,7,7,0,1
19,1055,4,0,3,0,8,9,3,3,2,3,2,2,7,7,0,1
19,1055,4,0,3,0,8,9,3,3,2,3,2,2,7,7,0,1
19,1055,4,0,3,0,8,9,3,3,2,3,2,2,7,7,0,1
19,1055,4,0,3,0,8,9,3,3,2,3,2,2,7,7,0,1
19,1055,4,0,3,0,8,9,3,3,2,3,2,2,7,7,0,1
19,1055,4,0,3,0,8,9,3,3,2,3,2,2,7,7,0,1
19,1055,4,0,3,0,8,9,3,3,2,3,3,2,10,7,0,1
19,1055,4,0,3,0,8,8,3,1,2,3,3,2,10,6,0,0
19,1055,4,0,3,0,8,8,3,1,2,3,3,2,10,6,0,0
19,1055,4,0,3,0,8,8,3,1,2,3,3,2,10,6,0,0
19,1055,4,0,3,0,8,8,3,1,2,3,3,2,10,6,0,0
19,1055,4,0,3,0,8,8,3,1,2,3,3,1,10,6,0,0
19,1055,4,0,3,0,8,8,3,1,2,3,3,1,10,6,0,0
19,1055,4,0,3,0,8,8,3,1,2,3,3,1,10,6,0,0
19,1055,4,0,3,0,8,8,3,1,2,3,3,1,10,6,0,0
19,1055,4,0,3,0,8,8,3,1,2,3,2,0,8,6,0,0
19,1055,4,0,3,0,8,8,3,1,2,3,2,0,8,6,0,0
19,1055,4,0,3,0,8,8,3,1,2,3,2,0,8,6,0,0
19,1055,4,0,3,0,8,8,3,1,2,3,2,0,8,6,0,0
19,1055,4,0,3,0,8,8,3,1,2,3,2,0,8,6,0,0
19,1055,4,0,3,0,8,8,3,1,2,3,2,0,8,6,0,0
19,1055,4,0,3,0,8,8,3,1,2,3,2,0,8,6,0,0
19,1055,4,0,3,0,8,8,3,1,2,3,2,0,8,6,0,0
19,1055,4,0,3,0,8,8,3,1,2,3,2,0,7,6,0,0
20,1056,4,0,3,0,8,8,3,1,2,3,2,0,4,6,0,0
20,1056,4,0,3,0,8,8,3,1,2,3,2,0,4,6,0,0
20,1056,4,0,3,0,8,8,3,1,2,3,2,0,4,6,0,0
20,1056,4,0,3,0,8,8,3,1,2,3,2,0,4,6,0,0
20,1056,4,0,3,0,8,8,3,1,2,3,2,0,4,6,0,0
20,1056,4,0,3,0,8,8,3,1,2,3,2,0,4,6,0,0
20,1056,4,0,3,0,8,8,3,1,2,3,3,0,4,6,0,0
20,1056,4,0,3,0,8,8,3,1,2,3,3,0,5,6,0,0
20,1056,4,0,3,0,8,8,3,1,2,3,3,0,5,6,0,0
20,1056,4,0,3,0,8,8,3,1,2,3,3,0,5,6,0,0
20,1056,4,0,3,0,8,8,3,1,2,3,3,0,5,6,0,0
20,1056,4,0,3,0,8,8,3,1,2,3,3,0,5,6,0,0
20,1056,4,0,3,0,8,8,3,1,2,2,3,0,5,6,0,0
20,1056,4,0,3,0,8,8,3,1,2,1,3,0,5,6,0,0
20,1056,4,0,3,0,8,8,3,1,2,1,3,0,5,6,0,0
20,1056,4,0,3,0,8,8,3,1,2,1,2,0,4,6,0,0
20,1056,4,0,3,0,8,8,3,1,2,1,2,0,4,6,0,0
20,1056,4,0,3,0,8,8,3,1,2,1,2,0,4,6,0,0
20,1056,4,0,3,0,8,8,3,1,2,1,2,0,4,6,0,0
20,1056,4,0,3,0,8,8,3,1,2,1,2,0,4,6,0,0
20,1056,4,0,3,0,8,8,3,1,2,1,2,0,4,5,0,0
20,1056,4,0,3,0,8,8,3,1,2,1,2,0,4,5,0,0
20,1056,4,0,3,0,8,8,3,1,2,1,2,0,4,5,0,0
20,1056,4,0,3,0,8,8,3,1,2,1,2,0,4,5,0,0
21,1057,4,0,4,0,9,8,4,1,3,1,3,0,7,5,0,0
21,1057,4,0,4,0,9,8,4,1,3,1,3,0,7,5,0,0
21,1057,4,0,4,0,9,8,4,1,3,1,3,0,7,5,0,0
21,1057,4,0,4,0,9,8,4,1,3,1,3,0,7,5,0,0
21,1057,4,0,4,0,9,8,4,1,3,1,3,0,7,5,0,0
21,1057,4,0,4,0,9,8,4,1,3,1,3,0,7,5,0,0
21,1057,4,0,4,0,9,8,4,1,3,1,3,0,8,5,8,0
21,1057,4,0,4,0,10,9,4,3,3,2,4,1,8,8,8,1
21,1057,4,0,4,0,10,10,4,4,3,3,4,1,8,8,8,1
21,1057,4,0,4,0,10,10,4,3,3,3,4,1,8,8,9,1
21,1057,4,0,4,0,10,10,4,3,3,3,4,1,8,8,9,1
21,1057,4,0,4,0,10,10,4,4,3,3,4,1,8,8,9,1
21,1057,4,0,4,0,10,10,4,4,3,3,4,1,8,8,9,1
21,1057,4,0,4,0,10,10,4,4,3,3,4,1,8,8,5,1
21,1057,4,0,4,0,10,10,4,3,3,3,4,1,8,8,5,1
21,1057,4,0,4,0,10,10,4,3,3,3,4,1,8,8,5,1
21,1057,4,0,4,0,9,10,4,3,3,3,3,1,8,8,5,1
21,1057,4,0,4,0,9,10,4,3,3,3,3,1,8,8,0,1
21,1057,4,0,4,0,9,10,4,3,3,3,3,1,8,8,0,0
21,1057,4,0,4,0,9,10,4,3,3,3,3,1,8,8,0,0
21,1057,4,0,4,0,9,10,4,3,3,3,3,1,8,8,0,0
21,1057,4,0,4,0,9,10,4,3,3,3,3,1,8,8,0,0
21,1057,4,0,4,0,9,10,4,3,3,3,3,1,8,8,0,0
21,1057,4,0,4,0,9,10,4,3,3,3,3,1,7,8,0,0
22,1058,4,0,4,0,9,10,4,3,3,3,3,1,4,8,0,0
22,1058,4,0,4,0,9,10,4,3,3,3,3,1,4,8,0,0
22,1058,4,0,4,0,9,10,4,3,3,3,3,1,4,8,0,0
22,1058,4,0,4,0,9,10,4,3,3,3,3,1,4,8,0,0
22,1058,4,0,4,0,9,10,4,3,3,3,3,1,4,8,0,0
22,1058,4,0,4,0,9,10,4,3,3,3,3,1,4,8,0,0
22,1058,4,0,4,0,9,10,4,3,3,3,3,1,4,8,8,0
22,1058,4,0,4,0,10,10,4,4,3,2,4,2,5,7,8,5
22,1058,4,0,4,0,10,10,4,4,3,3,4,2,5,7,8,6
22,1058,4,0,4,0,10,10,4,4,3,3,4,2,5,7,9,7
22,1058,4,0,4,0,10,10,4,4,3,3,4,2,5,8,9,8
22,1058,4,0,4,0,10,9,4,4,3,3,4,1,5,8,9,8
22,1058,4,0,4,0,10,10,4,3,3,3,4,1,5,8,9,8
22,1058,4,0,4,0,10,10,4,3,3,3,4,1,5,8,5,8
22,1058,4,0,4,0,10,10,4,3,3,3,4,1,5,8,5,8
22,1058,4,0,4,0,10,10,4,3,3,3,4,1,4,8,5,6
22,1058,4,0,4,0,9,10,4,3,3,3,3,1,4,8,5,6
22,1058,4,0,4,0,9,10,4,3,3,3,3,1,4,7,0,5
22,1058,4,0,4,0,9,10,4,3,3,3,3,1,4,7,0,5
22,1058,4,0,4,0,9,10,4,3,3,3,3,1,4,7,0,5
22,1058,4,0,4,0,9,10,4,3,3,3,3,1,4,7,0,5
22,1058,4,0,4,0,9,10,4,3,3,3,3,1,4,7,0,5
22,1058,4,0,4,0,9,10,4,3,3,3,3,1,4,7,0,4
22,1058,4,0,4,0,9,10,4,3,3,3,3,1,4,7,0,4
23,1059,4,0,4,0,9,10,4,3,3,3,3,1,7,7,0,4
23,1059,4,0,4,0,9,10,4,3,3,3,3,1,7,7,0,4
23,1059,4,0,4,0,9,10,4,3,3,3,3,1,7,7,0,4
23,1059,4,0,4,0,9,10,4,3,3,3,3,1,7,7,0,4
23,1059,4,0,4,0,9,10,4,3,3,3,3,1,7,7,0,4
23,1059,4,0,4,0,9,10,4,3,3,3,3,1,7,7,0,4
23,1059,4,0,4,0,9,10,4,3,3,3,3,1,10,10,8,4
23,1059,4,0,4,0,10,9,4,3,3,2,4,2,10,10,8,4
23,1059,4,0,4,0,10,10,4,3,3,2,4,2,10,10,8,4
23,1059,4,0,4,0,10,10,4,4,3,2,4,2,10,10,9,3
23,1059,4,0,4,0,10,10,4,4,3,3,4,2,10,9,9,2
23,1059,4,0,4,0,10,10,4,3,3,3,4,2,10,9,9,2
23,1059,4,0,4,0,10,10,4,2,3,3,4,2,10,10,9,2
23,1059,4,0,4,0,10,10,4,2,3,3,4,2,10,9,5,1
23,1059,4,0,4,0,10,10,4,2,3,3,4,2,10,8,5,0
23,1059,4,0,4,0,10,10,4,2,3,3,4,2,8,8,5,0
23,1059,4,0,4,0,9,10,4,2,3,3,3,2,8,8,5,0
23,1059,4,0,4,0,9,10,4,1,3,3,3,2,8,8,0,0
23,1059,4,0,4,0,9,10,4,1,3,3,3,2,8,8,0,0
23,1059,4,0,4,0,9,10,4,1,3,3,3,2,8,8,0,0
23,1059,4,0,4,0,9,10,4,1,3,2,3,2,8,8,0,0
23,1059,4,0,4,0,9,10,4,1,3,2,3,2,8,8,0,0
23,1059,4,0,4,0,9,9,4,1,3,2,3,2,8,8,0,0
23,1059,4,0,4,0,9,9,4,1,3,2,3,2,7,8,0,0
24,1060,4,0,4,0,9,9,4,1,3,2,3,2,7,8,0,0
24,1060,4,0,4,0,9,9,4,1,3,2,3,2,7,8,0,0
24,1060,4,0,4,0,9,9,4,1,3,2,3,2,7,8,0,0
24,1060,4,0,4,0,9,9,4,1,3,2,3,2,7,8,0,0
24,1060,4,0,4,0,9,9,4,1,3,2,3,2,7,8,0,0
24,1060,4,0,4,0,9,9,4,1,3,2,3,2,7,8,0,0
24,1060,4,0,4,0,9,9,4,1,3,2,3,2,8,8,8,0
24,1060,4,0,4,0,10,10,4,2,3,2,4,3,8,8,8,0
24,1060,4,0,4,0,10,10,4,2,3,2,4,3,8,8,8,0
24,1060,4,0,4,0,10,10,4,1,3,2,4,3,8,8,9,0
24,1060,4,0,4,0,10,10,4,1,3,2,4,3,8,8,9,0
24,1060,4,0,4,0,10,10,4,1,3,2,4,3,8,8,9,0
24,1060,4,0,4,0,10,10,4,1,3,2,4,3,8,8,9,0
24,1060,4,0,4,0,10,10,4,1,3,2,4,3,8,8,5,0
24,1060,4,0,4,0,10,10,4,1,3,2,4,3,8,8,5,0
24,1060,4,0,4,0,10,10,4,1,3,2,4,3,8,8,5,0
24,1060,4,0,4,0,9,10,4,1,3,2,3,3,8,8,5,0
24,1060,4,0,4,0,9,10,4,1,3,2,3,3,8,8,0,0
24,1060,4,0,4,0,9,10,4,1,3,2,3,3,8,8,0,0
24,1060,4,0,4,0,9,10,4,1,3,2,3,3,8,8,0,0
24,1060,4,0,4,0,9,10,4,1,3,2,3,3,8,8,0,0
24,1060,4,0,4,0,9,10,4,1,3,2,3,3,8,8,0,0
24,1060,4,0,4,0,9,10,4,1,3,2,3,3,8,8,0,0
24,1060,4,0,4,0,9,10,4,1,3,2,3,3,7,8,0,0
25,1061,4,0,4,0,9,10,4,1,3,2,3,3,7,8,0,0
25,1061,4,0,4,0,9,10,4,1,3,2,3,3,7,8,0,0
25,1061,4,0,4,0,9,10,4,1,3,2,3,3,7,8,0,0
25,1061,4,0,4,0,9,10,4,1,3,2,3,3,7,8,0,0
25,1061,4,0,4,0,9,10,4,1,3,2,3,3,7,8,0,0
25,1061,4,0,4,0,9,10,4,1,3,2,3,3,7,8,0,0
25,1061,4,0,4,0,9,10,4,1,3,2,3,3,8,8,8,0
25,1061,4,0,4,0,10,10,4,0,3,3,4,4,8,8,8,1
25,1061,4,0,4,0,10,10,4,2,3,3,4,4,8,8,8,1
25,1061,4,0,4,0,10,10,4,3,3,2,4,4,8,8,9,2
25,1061,4,0,4,0,10,10,4,3,3,3,4,4,8,8,9,3
25,1061,4,0,4,0,10,10,4,4,3,3,4,4,8,8,9,4
25,1061,4,0,4,0,10,10,4,4,3,3,4,4,8,9,9,4
25,1061,4,0,4,0,10,10,4,3,3,3,4,4,8,9,5,4
25,1061,4,0,4,0,10,10,4,2,3,3,4,4,8,9,5,4
25,1061,4,0,4,0,10,10,4,2,3,3,4,4,8,8,5,1
25,1061,4,0,4,0,9,10,4,2,3,3,3,4,8,8,5,1
25,1061,4,0,4,0,9,10,4,2,3,2,3,4,8,8,0,1
25,1061,4,0,4,0,9,10,4,2,3,2,3,4,8,8,0,1
25,1061,4,0,4,0,9,10,4,2,3,2,3,4,8,8,0,1
25,1061,4,0,4,0,9,10,4,2,3,2,3,4,8,8,0,1
25,1061,4,0,4,0,9,10,4,2,3,2,3,4,8,8,0,1
25,1061,4,0,4,0,9,10,4,2,3,2,3,4,8,8,0,0
25,1061,4,0,4,0,9,10,4,2,3,2,3,4,7,8,0,0
26,1062,4,0,3,0,8,10,3,2,2,2,2,4,7,8,0,0
26,1062,4,0,3,0,8,10,3,2,2,2,2,4,7,8,0,0
26,1062,4,0,3,0,8,10,3,2,2,2,2,4,7,8,0,0
26,1062,4,0,3,0,8,10,3,2,2,2,2,4,7,8,0,0
26,1062,4,0,3,0,8,10,3,2,2,2,2,4,7,8,0,0
26,1062,4,0,3,0,8,10,3,2,2,2,2,4,7,8,0,0
26,1062,4,0,3,0,8,10,3,2,2,2,3,4,10,8,0,0
26,1062,4,0,3,0,8,10,3,1,2,2,3,4,10,8,0,0
26,1062,4,0,3,0,8,10,3,1,2,2,3,4,10,8,0,0
26,1062,4,0,3,0,8,10,3,1,2,2,3,3,10,8,0,0
26,1062,4,0,3,0,8,10,3,1,2,2,3,3,10,7,0,0
26,1062,4,0,3,0,8,10,3,1,2,2,3,3,10,7,0,0
26,1062,4,0,3,0,8,10,3,1,2,2,3,3,10,7,0,0
26,1062,4,0,3,0,8,10,3,1,2,2,3,3,10,7,0,0
26,1062,4,0,3,0,8,10,3,1,2,2,3,3,10,7,0,0
26,1062,4,0,3,0,8,10,3,1,2,2,2,3,8,7,0,0
26,1062,4,0,3,0,8,10,3,1,2,2,2,3,8,7,0,0
26,1062,4,0,3,0,8,10,3,1,2,2,2,3,8,7,0,0
26,1062,4,0,3,0,8,10,3,1,2,2,2,3,8,7,0,0
26,1062,4,0,3,0,8,10,3,1,2,2,2,3,8,7,0,0
26,1062,4,0,3,0,8,10,3,1,2,2,2,3,8,7,0,0
26,1062,4,0,3,0,8,10,3,1,2,2,2,3,8,7,0,0
26,1062,4,0,3,0,8,10,3,1,2,2,2,3,8,7,0,0
26,1062,4,0,3,0,8,10,3,1,2,2,2,3,7,7,0,0
27,1063,4,0,3,0,8,10,3,1,2,2,2,3,4,7,0,0
27,1063,4,0,3,0,8,10,3,1,2,2,2,3,4,7,0,0
27,1063,4,0,3,0,8,10,3,1,2,2,2,3,4,7,0,0
27,1063,4,0,3,0,8,10,3,1,2,2,2,3,4,7,0,0
27,1063,4,0,3,0,8,10,3,1,2,2,2,3,4,7,0,0
27,1063,4,0,3,0,8,10,3,1,2,2,2,3,4,7,0,0
27,1063,4,0,3,0,8,10,3,1,2,2,3,3,4,7,0,0
27,1063,4,0,3,0,8,9,3,1,2,2,3,3,5,7,0,0
27,1063,4,0,3,0,8,9,3,1,2,1,3,3,5,7,0,0
27,1063,4,0,3,0,8,9,3,1,2,1,3,3,5,7,0,0
27,1063,4,0,3,0,8,9,3,1,2,1,3,2,5,7,0,0
27,1063,4,0,3,0,8,9,3,1,2,1,3,2,5,7,0,0
27,1063,4,0,3,0,8,9,3,1,2,1,3,2,5,7,0,0
27,1063,4,0,3,0,8,9,3,1,2,1,3,2,5,7,0,0
27,1063,4,0,3,0,8,9,3,1,2,1,3,2,5,7,0,0
27,1063,4,0,3,0,8,9,3,1,2,1,2,2,4,7,0,0
27,1063,4,0,3,0,8,9,3,1,2,1,2,2,4,7,0,0
27,1063,4,0,3,0,8,9,3,1,2,1,2,2,4,7,0,0
27,1063,4,0,3,0,8,9,3,1,2,1,2,2,4,6,0,0
27,1063,4,0,3,0,8,9,3,1,2,1,2,1,4,6,0,0
27,1063,4,0,3,0,8,9,3,1,2,1,2,1,4,6,0,0
27,1063,4,0,3,0,8,9,3,1,2,1,2,1,4,6,0,0
27,1063,4,0,3,0,8,9,3,1,2,1,2,1,4,6,0,0
27,1063,4,0,3,0,8,9,3,1,2,1,2,1,4,6,0,0
0,1064,4,0,4,0,9,9,4,1,3,1,3,1,7,6,0,0
0,1064,4,0,4,0,9,9,4,1,3,1,3,1,7,6,0,0
0,1064,4,0,4,0,9,9,4,1,3,1,3,1,7,6,0,0
0,1064,4,0,4,0,9,9,4,1,3,1,3,1,7,6,0,0
0,1064,4,0,4,0,9,9,4,1,3,1,3,1,7,6,0,0
0,1064,4,0,4,0,9,9,4,1,3,1,3,1,7,6,0,0
0,1064,4,0,4,0,9,9,4,1,3,1,3,1,8,6,8,0
0,1064,4,0,4,0,10,9,4,3,3,1,4,2,8,8,8,2
0,1064,4,0,4,0,10,10,4,4,3,1,4,2,8,8,8,2
0,1064,4,0,4,0,10,10,4,3,3,1,4,1,8,8,9,2
0,1064,4,0,4,0,10,10,4,3,3,1,4,1,8,8,9,2
0,1064,4,0,4,0,10,10,4,4,3,1,4,1,8,8,9,2
0,1064,4,0,4,0,10,10,4,4,3,1,4,1,8,8,9,2
0,1064,4,0,4,0,10,10,4,4,3,1,4,1,8,8,5,2
0,1064,4,0,4,0,10,9,4,3,3,1,4,1,8,8,5,2
0,1064,4,0,4,0,10,9,4,3,3,1,4,1,8,8,5,1
0,1064,4,0,4,0,9,9,4,3,3,1,3,1,8,8,5,1
0,1064,4,0,4,0,9,9,4,3,3,1,3,1,8,8,0,1
0,1064,4,0,4,0,9,9,4,3,3,1,3,0,8,8,0,0
0,1064,4,0,4,0,9,9,4,3,3,1,3,0,8,8,0,0
0,1064,4,0,4,0,9,9,4,3,3,1,3,0,8,8,0,0
0,1064,4,0,4,0,9,9,4,3,3,1,3,0,8,8,0,0
0,1064,4,0,4,0,9,9,4,3,3,1,3,0,8,7,0,0
0,1064,4,0,4,0,9,9,4,3,3,1,3,0,7,7,0,0
1,1065,4,0,4,0,9,9,4,3,3,1,3,0,4,7,0,0
1,1065,4,0,4,0,9,9,4,3,3,1,3,0,4,7,0,0
1,1065,4,0,4,0,9,9,4,3,3,1,3,0,4,7,0,0
1,1065,4,0,4,0,9,9,4,3,3,1,3,0,4,7,0,0
1,1065,4,0,4,0,9,9,4,3,3,1,3,0,4,7,0,0
1,1065,4,0,4,0,9,9,4,3,3,1,3,0,4,7,0,0
1,1065,4,0,4,0,9,9,4,3,3,1,3,0,4,7,8,0
1,1065,4,0,4,0,10,9,4,3,3,3,4,1,5,7,8,1
1,1065,4,0,4,0,10,10,4,4,3,3,4,1,5,7,8,1
1,1065,4,0,4,0,10,10,4,4,3,3,4,1,5,7,9,2
1,1065,4,0,4,0,10,10,4,4,3,3,4,1,5,6,9,2
1,1065,4,0,4,0,10,10,4,4,3,3,4,1,5,6,9,2
1,1065,4,0,4,0,10,10,4,4,3,3,4,1,5,6,9,2
1,1065,4,0,4,0,10,10,4,4,3,3,4,1,5,6,5,2
1,1065,4,0,4,0,10,10,4,4,3,2,4,1,5,6,5,2
1,1065,4,0,4,0,10,10,4,4,3,2,4,1,4,6,5,2
1,1065,4,0,4,0,9,10,4,3,3,2,3,1,4,6,5,1
1,1065,4,0,4,0,9,10,4,3,3,2,3,1,4,6,0,1
1,1065,4,0,4,0,9,10,4,3,3,2,3,1,4,6,0,1
1,1065,4,0,4,0,9,10,4,3,3,2,3,1,4,6,0,0
1,1065,4,0,4,0,9,10,4,3,3,2,3,1,4,6,0,0
1,1065,4,0,4,0,9,10,4,3,3,2,3,1,4,6,0,0
1,1065,4,0,4,0,9,10,4,3,3,1,3,1,4,6,0,0
1,1065,4,0,4,0,9,10,4,3,3,1,3,1,4,6,0,0
2,1066,4,0,4,0,9,10,4,3,3,1,3,1,7,6,0,0
2,1066,4,0,4,0,9,10,4,3,3,1,3,1,7,6,0,0
2,1066,4,0,4,0,9,10,4,3,3,1,3,1,7,6,0,0
2,1066,4,0,4,0,9,10,4,3,3,1,3,1,7,6,0,0
2,1066,4,0,4,0,9,10,4,3,3,1,3,1,7,6,0,0
2,1066,4,0,4,0,9,10,4,3,3,1,3,1,7,6,0,0
2,1066,4,0,4,0,9,10,4,3,3,1,3,1,10,6,8,0
2,1066,4,0,4,0,10,10,4,4,3,1,4,2,10,10,8,1
2,1066,4,0,4,0,10,10,4,4,3,2,4,2,10,10,8,1
2,1066,4,0,4,0,10,10,4,4,3,2,4,2,10,10,9,1
2,1066,4,0,4,0,10,10,4,4,3,3,4,2,10,10,9,1
2,1066,4,0,4,0,10,10,4,4,3,3,4,2,10,10,9,1
2,1066,4,0,4,0,10,10,4,4,3,3,4,1,10,11,9,1
2,1066,4,0,4,0,10,10,4,4,3,3,4,1,10,11,5,1
2,1066,4,0,4,0,10,10,4,4,3,3,4,1,10,11,5,1
2,1066,4,0,4,0,10,10,4,4,3,3,4,1,8,11,5,1
2,1066,4,0,4,0,9,10,4,4,3,3,3,1,8,11,5,1
2,1066,4,0,4,0,9,10,4,4,3,3,3,1,8,10,0,0
2,1066,4,0,4,0,9,10,4,4,3,3,3,1,8,10,0,0
2,1066,4,0,4,0,9,10,4,4,3,3,3,1,8,10,0,0
2,1066,4,0,4,0,9,10,4,4,3,3,3,1,8,10,0,0
2,1066,4,0,4,0,9,10,4,4,3,3,3,1,8,10,0,0
2,1066,4,0,4,0,9,10,4,4,3,3,3,1,8,10,0,0
2,1066,4,0,4,0,9,10,4,4,3,3,3,1,7,10,0,0
3,1067,4,0,4,0,9,10,4,4,3,3,3,1,7,10,0,0
3,1067,4,0,4,0,9,10,4,4,3,3,3,1,7,10,0,0
3,1067,4,0,4,0,9,10,4,4,3,3,3,1,7,10,0,0
3,1067,4,0,4,0,9,10,4,4,3,3,3,1,7,10,0,0
3,1067,4,0,4,0,9,10,4,4,3,3,3,1,7,10,0,0
3,1067,4,0,4,0,9,10,4,4,3,3,3,1,7,10,0,0
3,1067,4,0,4,0,9,10,4,4,3,3,3,1,8,10,8,0
3,1067,4,0,4,0,10,9,4,4,3,3,4,2,8,9,8,0
3,1067,4,0,4,0,10,10,4,4,3,3,4,2,8,9,8,0
3,1067,4,0,4,0,10,10,4,3,3,2,4,2,8,9,9,0
3,1067,4,0,4,0,10,10,4,3,3,2,4,2,8,9,9,0
3,1067,4,0,4,0,10,10,4,3,3,2,4,2,8,9,9,0
3,1067,4,0,4,0,10,10,4,3,3,2,4,2,8,9,9,0
3,1067,4,0,4,0,10,10,4,3,3,2,4,2,8,9,5,0
3,1067,4,0,4,0,10,10,4,3,3,2,4,2,8,8,5,0
3,1067,4,0,4,0,10,10,4,3,3,2,4,2,8,8,5,0
3,1067,4,0,4,0,9,10,4,3,3,2,3,2,8,8,5,0
3,1067,4,0,4,0,9,10,4,3,3,2,3,2,8,8,0,0
3,1067,4,0,4,0,9,10,4,3,3,2,3,2,8,8,0,0
3,1067,4,0,4,0,9,10,4,3,3,2,3,2,8,8,0,0
3,1067,4,0,4,0,9,10,4,3,3,2,3,2,8,8,0,0
3,1067,4,0,4,0,9,10,4,3,3,1,3,2,8,8,0,0
3,1067,4,0,4,0,9,10,4,3,3,1,3,2,8,8,0,0
3,1067,4,0,4,0,9,10,4,3,3,1,3,2,7,8,0,0
4,1068,4,0,4,0,9,10,4,3,3,1,3,2,7,8,0,0
4,1068,4,0,4,0,9,10,4,3,3,1,3,2,7,8,0,0
4,1068,4,0,4,0,9,10,4,3,3,1,3,2,7,8,0,0
4,1068,4,0,4,0,9,10,4,3,3,1,3,2,7,8,0,0
4,1068,4,0,4,0,9,10,4,3,3,1,3,2,7,8,0,0
4,1068,4,0,4,0,9,10,4,3,3,1,3,2,7,8,0,0
4,1068,4,0,4,0,9,10,4,3,3,1,3,2,8,8,8,0
4,1068,4,0,4,0,10,9,4,2,3,1,4,3,8,8,8,1
4,1068,4,0,4,0,10,10,4,2,3,3,4,3,8,8,8,1
4,1068,4,0,4,0,10,10,4,3,3,3,4,3,8,8,9,1
4,1068,4,0,4,0,10,10,4,4,3,1,4,3,8,8,9,1
4,1068,4,0,4,0,10,10,4,3,3,3,4,3,8,8,9,1
4,1068,4,0,4,0,10,10,4,4,3,3,4,3,8,8,9,1
4,1068,4,0,4,0,10,10,4,4,3,3,4,3,8,8,5,1
4,1068,4,0,4,0,10,10,4,3,3,1,4,3,8,8,5,1
4,1068,4,0,4,0,10,10,4,3,3,1,4,3,8,8,5,1
4,1068,4,0,4,0,9,10,4,3,3,1,3,3,8,8,5,1
4,1068,4,0,4,0,9,10,4,3,3,1,3,3,8,8,0,1
4,1068,4,0,4,0,9,10,4,3,3,1,3,3,8,8,0,1
4,1068,4,0,4,0,9,10,4,3,3,1,3,3,8,7,0,1
4,1068,4,0,4,0,9,10,4,3,3,1,3,3,8,7,0,1
4,1068,4,0,4,0,9,10,4,3,3,1,3,3,8,7,0,1
4,1068,4,0,4,0,9,10,4,3,3,1,3,3,8,7,0,1
4,1068,4,0,4,0,9,10,4,3,3,1,3,3,7,7,0,1
5,1069,4,0,3,0,8,10,3,3,2,1,2,3,7,7,0,1
5,1069,4,0,3,0,8,10,3,3,2,1,2,3,7,7,0,1
5,1069,4,0,3,0,8,10,3,3,2,1,2,3,7,7,0,1
5,1069,4,0,3,0,8,10,3,3,2,1,2,3,7,7,0,1
5,1069,4,0,3,0,8,10,3,3,2,1,2,3,7,7,0,1
5,1069,4,0,3,0,8,10,3,3,2,1,2,3,7,7,0,1
5,1069,4,0,3,0,8,10,3,3,2,1,3,3,10,7,0,1
5,1069,4,0,3,0,8,9,3,3,2,1,3,3,10,6,0,1
5,1069,4,0,3,0,8,9,3,3,2,1,3,3,10,6,0,1
5,1069,4,0,3,0,8,9,3,3,2,1,3,3,10,6,0,1
5,1069,4,0,3,0,8,9,3,3,2,1,3,3,10,6,0,1
5,1069,4,0,3,0,8,9,3,3,2,1,3,3,10,6,0,1
5,1069,4,0,3,0,8,9,3,3,2,1,3,3,10,6,0,1
5,1069,4,0,3,0,8,9,3,3,2,1,3,3,10,6,0,1
5,1069,4,0,3,0,8,9,3,3,2,1,3,3,10,6,0,1
5,1069,4,0,3,0,8,9,3,3,2,1,2,3,8,6,0,1
5,1069,4,0,3,0,8,9,3,3,2,1,2,3,8,6,0,1
5,1069,4,0,3,0,8,9,3,3,2,1,2,3,8,6,0,1
5,1069,4,0,3,0,8,9,3,3,2,1,2,3,8,6,0,0
5,1069,4,0,3,0,8,9,3,3,2,1,2,3,8,6,0,0
5,1069,4,0,3,0,8,9,3,3,2,1,2,3,8,6,0,0
5,1069,4,0,3,0,8,9,3,3,2,1,2,3,8,6,0,0
5,1069,4,0,3,0,8,9,3,3,2,1,2,3,8,6,0,0
5,1069,4,0,3,0,8,9,3,3,2,1,2,3,7,6,0,0
6,1070,4,0,3,0,8,9,3,3,2,1,2,3,4,6,0,0
6,1070,4,0,3,0,8,9,3,3,2,1,2,3,4,6,0,0
6,1070,4,0,3,0,8,9,3,3,2,1,2,3,4,6,0,0
6,1070,4,0,3,0,8,9,3,3,2,1,2,3,4,6,0,0
6,1070,4,0,3,0,8,9,3,3,2,1,2,3,4,6,0,0
6,1070,4,0,3,0,8,9,3,3,2,1,2,3,4,6,0,0
6,1070,4,0,3,0,8,9,3,3,2,1,3,3,4,6,0,0
6,1070,4,0,3,0,8,9,3,3,2,0,3,3,5,6,0,0
6,1070,4,0,3,0,8,9,3,3,2,0,3,3,5,6,0,0
6,1070,4,0,3,0,8,9,3,3,2,0,3,3,5,6,0,0
6,1070,4,0,3,0,8,9,3,3,2,0,3,3,5,6,0,0
6,1070,4,0,3,0,8,9,3,3,2,0,3,3,5,6,0,0
6,1070,4,0,3,0,8,9,3,3,2,0,3,3,5,6,0,0
6,1070,4,0,3,0,8,9,3,3,2,0,3,3,5,6,0,0
6,1070,4,0,3,0,8,9,3,3,2,0,3,3,5,5,0,0
6,1070,4,0,3,0,8,9,3,3,2,0,2,2,4,5,0,0
6,1070,4,0,3,0,8,9,3,3,2,0,2,2,4,5,0,0
6,1070,4,0,3,0,8,9,3,3,2,0,2,2,4,5,0,0
6,1070,4,0,3,0,8,9,3,3,2,0,2,2,4,5,0,0
6,1070,4,0,3,0,8,9,3,3,2,0,2,2,4,5,0,0
6,1070,4,0,3,0,8,9,3,3,2,0,2,2,4,5,0,0
6,1070,4,0,3,0,8,9,3,3,2,0,2,2,4,5,0,0
6,1070,4,0,3,0,8,9,3,3,2,0,2,1,4,5,0,0
6,1070,4,0,3,0,8,9,3,3,2,0,2,1,4,5,0,0
7,1071,4,0,4,0,9,9,4,3,3,0,3,1,7,5,0,0
7,1071,4,0,4,0,9,9,4,3,3,0,3,1,7,5,0,0
7,1071,4,0,4,0,9,9,4,3,3,0,3,1,7,5,0,0
7,1071,4,0,4,0,9,9,4,3,3,0,3,1,7,5,0,0
7,1071,4,0,4,0,9,9,4,3,3,0,3,1,7,5,0,0
7,1071,4,0,4,0,9,9,4,3,3,0,3,1,7,5,0,0
7,1071,4,0,4,0,9,9,4,3,3,0,3,1,8,5,8,0
7,1071,4,0,4,0,10,9,4,3,3,2,4,2,8,8,8,1
7,1071,4,0,4,0,10,10,4,3,3,3,4,2,8,8,8,1
7,1071,4,0,4,0,10,10,4,4,3,3,4,2,8,8,9,1
7,1071,4,0,4,0,10,10,4,4,3,3,4,2,8,8,9,1
7,1071,4,0,4,0,10,10,4,4,3,3,4,2,8,8,9,1
7,1071,4,0,4,0,10,10,4,4,3,3,4,2,8,8,9,1
7,1071,4,0,4,0,10,10,4,4,3,3,4,2,8,8,5,1
7,1071,4,0,4,0,10,10,4,4,3,3,4,2,8,8,5,1
7,1071,4,0,4,0,10,10,4,4,3,3,4,2,8,9,5,1
7,1071,4,0,4,0,9,10,4,4,3,3,3,2,8,9,5,1
7,1071,4,0,4,0,9,10,4,4,3,3,3,2,8,9,0,1
7,1071,4,0,4,0,9,10,4,4,3,3,3,2,8,8,0,0
7,1071,4,0,4,0,9,10,4,4,3,3,3,2,8,8,0,0
7,1071,4,0,4,0,9,10,4,3,3,3,3,2,8,8,0,0
7,1071,4,0,4,0,9,10,4,3,3,3,3,2,8,8,0,0
7,1071,4,0,4,0,9,10,4,3,3,3,3,2,8,8,0,0
7,1071,4,0,4,0,9,10,4,3,3,3,3,2,7,8,0,0
8,1072,4,0,4,0,9,10,4,3,3,3,3,2,4,8,0,0
8,1072,4,0,4,0,9,10,4,3,3,3,3,2,4,8,0,0
8,1072,4,0,4,0,9,10,4,3,3,3,3,2,4,8,0,0
8,1072,4,0,4,0,9,10,4,3,3,3,3,2,4,8,0,0
8,1072,4,0,4,0,9,10,4,3,3,3,3,2,4,8,0,0
8,1072,4,0,4,0,9,10,4,3,3,3,3,2,4,8,0,0
8,1072,4,0,4,0,9,10,4,3,3,3,3,2,4,8,8,0
8,1072,4,0,4,0,10,9,4,4,3,1,4,3,5,8,8,2
8,1072,4,0,4,0,10,9,4,4,3,3,4,3,5,8,8,3
8,1072,4,0,4,0,10,10,4,4,3,3,4,3,5,8,9,3
8,1072,4,0,4,0,10,10,4,4,3,3,4,3,5,8,9,3
8,1072,4,0,4,0,10,10,4,4,3,3,4,3,5,8,9,3
8,1072,4,0,4,0,10,10,4,4,3,3,4,3,5,8,9,3
8,1072,4,0,4,0,10,10,4,4,3,3,4,3,5,8,5,3
8,1072,4,0,4,0,10,10,4,4,3,3,4,3,5,8,5,3
8,1072,4,0,4,0,10,10,4,4,3,3,4,3,4,8,5,3
8,1072,4,0,4,0,9,10,4,4,3,3,3,3,4,8,5,3
8,1072,4,0,4,0,9,9,4,4,3,3,3,3,4,8,0,3
8,1072,4,0,4,0,9,9,4,4,3,3,3,3,4,7,0,3
8,1072,4,0,4,0,9,9,4,4,3,3,3,2,4,7,0,3
8,1072,4,0,4,0,9,9,4,4,3,3,3,2,4,7,0,3
8,1072,4,0,4,0,9,9,4,4,3,3,3,2,4,7,0,3
8,1072,4,0,4,0,9,9,4,4,3,3,3,2,4,7,0,3
8,1072,4,0,4,0,9,9,4,4,3,3,3,2,4,7,0,3
9,1073,4,0,4,0,9,9,4,4,3,3,3,2,7,7,0,3
9,1073,4,0,4,0,9,9,4,4,3,3,3,2,7,7,0,3
9,1073,4,0,4,0,9,9,4,4,3,3,3,2,7,7,0,3
9,1073,4,0,4,0,9,9,4,4,3,3,3,2,7,7,0,3
9,1073,4,0,4,0,9,9,4,4,3,3,3,2,7,7,0,3
9,1073,4,0,4,0,9,9,4,4,3,3,3,2,7,7,0,3
9,1073,4,0,4,0,9,9,4,4,3,3,3,2,10,9,8,3
9,1073,4,0,4,0,10,10,4,4,3,2,4,3,10,9,8,2
9,1073,4,0,4,0,10,10,4,4,3,2,4,3,10,10,8,3
9,1073,4,0,4,0,10,10,4,4,3,3,4,3,10,11,9,3
9,1073,4,0,4,0,10,10,4,4,3,3,4,3,10,10,9,3
9,1073,4,0,4,0,10,10,4,4,3,3,4,3,10,10,9,3
9,1073,4,0,4,0,10,10,4,4,3,3,4,3,10,9,9,2
9,1073,4,0,4,0,10,10,4,4,3,3,4,3,10,9,5,2
9,1073,4,0,4,0,10,10,4,4,3,3,4,3,10,8,5,2
9,1073,4,0,4,0,10,10,4,3,3,3,4,3,8,8,5,2
9,1073,4,0,4,0,9,10,4,3,3,3,3,3,8,8,5,2
9,1073,4,0,4,0,9,10,4,3,3,3,3,3,8,8,0,2
9,1073,4,0,4,0,9,10,4,3,3,3,3,3,8,8,0,2
9,1073,4,0,4,0,9,10,4,3,3,3,3,3,8,8,0,2
9,1073,4,0,4,0,9,10,4,3,3,3,3,3,8,8,0,1
9,1073,4,0,4,0,9,10,4,3,3,3,3,3,8,8,0,1
9,1073,4,0,4,0,9,10,4,3,3,3,3,3,8,8,0,1
9,1073,4,0,4,0,9,10,4,3,3,3,3,3,7,8,0,1
10,1074,4,0,4,0,9,10,4,3,3,3,3,3,7,8,0,1
10,1074,4,0,4,0,9,10,4,3,3,3,3,3,7,8,0,1
10,1074,4,0,4,0,9,10,4,3,3,3,3,3,7,8,0,1
10,1074,4,0,4,0,9,10,4,3,3,3,3,3,7,8,0,1
10,1074,4,0,4,0,9,10,4,3,3,3,3,3,7,8,0,1
10,1074,4,0,4,0,9,10,4,3,3,3,3,3,7,8,0,1
10,1074,4,0,4,0,9,10,4,3,3,3,3,3,8,8,8,1
10,1074,4,0,4,0,10,10,4,3,3,2,4,4,8,8,8,0
10,1074,4,0,4,0,10,10,4,3,3,2,4,4,8,8,8,0
10,1074,4,0,4,0,10,10,4,3,3,2,4,4,8,8,9,0
10,1074,4,0,4,0,10,10,4,3,3,2,4,4,8,8,9,0
10,1074,4,0,4,0,10,10,4,2,3,1,4,4,8,8,9,0
10,1074,4,0,4,0,10,10,4,2,3,1,4,4,8,8,9,0
10,1074,4,0,4,0,10,10,4,2,3,1,4,4,8,8,5,0
10,1074,4,0,4,0,10,10,4,2,3,1,4,3,8,8,5,0
10,1074,4,0,4,0,10,10,4,2,3,1,4,3,8,8,5,0
10,1074,4,0,4,0,9,10,4,2,3,1,3,3,8,8,5,0
10,1074,4,0,4,0,9,10,4,2,3,1,3,3,8,8,0,0
10,1074,4,0,4,0,9,10,4,2,3,1,3,3,8,8,0,0
10,1074,4,0,4,0,9,10,4,2,3,1,3,3,8,8,0,0
10,1074,4,0,4,0,9,10,4,2,3,1,3,3,8,8,0,0
10,1074,4,0,4,0,9,10,4,2,3,1,3,3,8,8,0,0
10,1074,4,0,4,0,9,10,4,2,3,1,3,3,8,8,0,0
10,1074,4,0,4,0,9,10,4,2,3,1,3,3,7,8,0,0
11,1075,4,0,4,0,9,10,4,2,3,1,3,3,7,8,0,0
11,1075,4,0,4,0,9,10,4,2,3,1,3,3,7,8,0,0
11,1075,4,0,4,0,9,10,4,2,3,1,3,3,7,8,0,0
11,1075,4,0,4,0,9,10,4,2,3,1,3,3,7,8,0,0
11,1075,4,0,4,0,9,10,4,2,3,1,3,3,7,8,0,0
11,1075,4,0,4,0,9,10,4,2,3,1,3,3,7,8,0,0
11,1075,4,0,4,0,9,10,4,2,3,1,3,3,8,8,8,0
11,1075,4,0,4,0,10,9,4,2,3,3,4,3,8,8,8,0
11,1075,4,0,4,0,10,10,4,3,3,3,4,2,8,8,8,1
11,1075,4,0,4,0,10,10,4,4,3,3,4,2,8,8,9,1
11,1075,4,0,4,0,10,10,4,4,3,3,4,2,8,8,9,1
11,1075,4,0,4,0,10,10,4,4,3,3,4,2,8,8,9,1
11,1075,4,0,4,0,10,10,4,4,3,2,4,2,8,9,9,1
11,1075,4,0,4,0,10,10,4,4,3,2,4,2,8,9,5,1
11,1075,4,0,4,0,10,10,4,4,3,2,4,2,8,9,5,1
11,1075,4,0,4,0,10,10,4,4,3,2,4,2,8,8,5,1
11,1075,4,0,4,0,9,10,4,4,3,2,3,2,8,7,5,0
11,1075,4,0,4,0,9,10,4,4,3,2,3,2,8,7,0,0
11,1075,4,0,4,0,9,10,4,4,3,2,3,2,8,7,0,0
11,1075,4,0,4,0,9,10,4,4,3,2,3,2,8,7,0,0
11,1075,4,0,4,0,9,10,4,4,3,1,3,2,8,7,0,0
11,1075,4,0,4,0,9,9,4,4,3,1,3,2,8,6,0,0
11,1075,4,0,4,0,9,9,4,4,3,1,3,2,8,6,0,0
11,1075,4,0,4,0,9,9,4,4,3,1,3,2,7,6,0,0
12,1076,4,0,3,0,8,9,3,4,2,1,2,2,7,6,0,0
12,1076,4,0,3,0,8,9,3,4,2,1,2,2,7,6,0,0
12,1076,4,0,3,0,8,9,3,4,2,1,2,2,7,6,0,0
12,1076,4,0,3,0,8,9,3,4,2,1,2,2,7,6,0,0
12,1076,4,0,3,0,8,9,3,4,2,1,2,2,7,6,0,0
12,1076,4,0,3,0,8,9,3,4,2,1,2,2,7,6,0,0
12,1076,4,0,3,0,8,9,3,4,2,1,3,2,10,6,0,0
12,1076,4,0,3,0,8,9,3,4,2,1,3,2,10,5,0,0
12,1076,4,0,3,0,8,9,3,3,2,1,3,2,10,5,0,0
12,1076,4,0,3,0,8,9,3,3,2,1,3,2,10,5,0,0
12,1076,4,0,3,0,8,9,3,3,2,1,3,2,10,5,0,0
12,1076,4,0,3,0,8,9,3,3,2,1,3,2,10,5,0,0
12,1076,4,0,3,0,8,9,3,3,2,1,3,2,10,5,0,0
12,1076,4,0,3,0,8,9,3,2,2,1,3,2,10,5,0,0
12,1076,4,0,3,0,8,9,3,2,2,1,3,2,10,5,0,0
12,1076,4,0,3,0,8,9,3,2,2,1,2,2,8,5,0,0
12,1076,4,0,3,0,8,9,3,2,2,1,2,2,8,5,0,0
12,1076,4,0,3,0,8,9,3,2,2,1,2,2,8,5,0,0
12,1076,4,0,3,0,8,9,3,2,2,1,2,2,8,5,0,0
12,1076,4,0,3,0,8,9,3,2,2,1,2,2,8,5,0,0
12,1076,4,0,3,0,8,9,3,2,2,1,2,2,8,5,0,0
12,1076,4,0,3,0,8,9,3,2,2,1,2,2,8,5,0,0
12,1076,4,0,3,0,8,9,3,2,2,1,2,2,8,5,0,0
12,1076,4,0,3,0,8,9,3,2,2,1,2,2,7,5,0,0
13,1077,4,0,3,0,8,9,3,2,2,1,2,2,4,5,0,0
13,1077,4,0,3,0,8,9,3,2,2,1,2,2,4,5,0,0
13,1077,4,0,3,0,8,9,3,2,2,1,2,2,4,5,0,0
13,1077,4,0,3,0,8,9,3,2,2,1,2,2,4,5,0,0
13,1077,4,0,3,0,8,9,3,2,2,1,2,2,4,5,0,0
13,1077,4,0,3,0,8,9,3,2,2,1,2,2,4,5,0,0
13,1077,4,0,3,0,8,9,3,2,2,1,3,2,4,5,0,0
13,1077,4,0,3,0,8,9,3,2,2,1,3,2,5,5,0,0
13,1077,4,0,3,0,8,9,3,2,2,1,3,2,5,5,0,0
13,1077,4,0,3,0,8,9,3,2,2,1,3,2,5,5,0,0
13,1077,4,0,3,0,8,9,3,2,2,1,3,2,5,5,0,0
13,1077,4,0,3,0,8,9,3,2,2,1,3,2,5,5,0,0
13,1077,4,0,3,0,8,9,3,2,2,1,3,2,5,5,0,0
13,1077,4,0,3,0,8,9,3,2,2,1,3,2,5,5,0,0
13,1077,4,0,3,0,8,9,3,2,2,1,3,2,5,5,0,0
13,1077,4,0,3,0,8,9,3,2,2,1,2,2,4,5,0,0
13,1077,4,0,3,0,8,9,3,2,2,1,2,2,4,5,0,0
13,1077,4,0,3,0,8,9,3,2,2,1,2,2,4,5,0,0
13,1077,4,0,3,0,8,9,3,2,2,1,2,2,4,5,0,0
13,1077,4,0,3,0,8,9,3,2,2,1,2,2,4,5,0,0
13,1077,4,0,3,0,8,9,3,2,2,1,2,2,4,5,0,0
13,1077,4,0,3,0,8,9,3,2,2,1,2,2,4,5,0,0
13,1077,4,0,3,0,8,9,3,2,2,1,2,2,4,5,0,0
13,1077,4,0,3,0,8,9,3,2,2,1,2,2,4,5,0,0
14,1078,4,0,4,0,9,9,4,2,3,1,3,2,7,5,0,0
14,1078,4,0,4,0,9,9,4,2,3,1,3,2,7,5,0,0
14,1078,4,0,4,0,9,9,4,2,3,1,3,2,7,5,0,0
14,1078,4,0,4,0,9,9,4,2,3,1,3,2,7,5,0,0
14,1078,4,0,4,0,9,9,4,2,3,1,3,2,7,5,0,0
14,1078,4,0,4,0,9,9,4,2,3,1,3,2,7,5,0,0
14,1078,4,0,4,0,9,9,4,2,3,1,3,2,8,5,8,0
14,1078,4,0,4,0,10,9,4,4,3,1,4,3,8,8,8,2
14,1078,4,0,4,0,10,10,4,4,3,1,4,3,8,8,8,2
14,1078,4,0,4,0,10,10,4,4,3,2,4,3,8,8,9,2
14,1078,4,0,4,0,10,10,4,4,3,2,4,3,8,8,9,2
14,1078,4,0,4,0,10,10,4,4,3,2,4,3,8,7,9,2
14,1078,4,0,4,0,10,10,4,4,3,2,4,3,8,7,9,2
14,1078,4,0,4,0,10,10,4,4,3,1,4,3,8,7,5,2
14,1078,4,0,4,0,10,10,4,4,3,1,4,3,8,7,5,2
14,1078,4,0,4,0,10,10,4,4,3,1,4,3,8,8,5,2
14,1078,4,0,4,0,9,10,4,4,3,1,3,2,8,8,5,2
14,1078,4,0,4,0,9,10,4,4,3,1,3,2,8,7,0,1
14,1078,4,0,4,0,9,10,4,4,3,1,3,2,8,7,0,1
14,1078,4,0,4,0,9,10,4,4,3,1,3,2,8,7,0,1
14,1078,4,0,4,0,9,10,4,4,3,1,3,2,8,7,0,0
14,1078,4,0,4,0,9,10,4,4,3,1,3,2,8,7,0,0
14,1078,4,0,4,0,9,10,4,4,3,1,3,2,8,7,0,0
14,1078,4,0,4,0,9,10,4,4,3,1,3,2,7,7,0,0
15,1079,4,0,4,0,9,10,4,4,3,1,3,2,4,7,0,0
15,1079,4,0,4,0,9,10,4,4,3,1,3,2,4,7,0,0
15,1079,4,0,4,0,9,10,4,4,3,1,3,2,4,7,0,0
15,1079,4,0,4,0,9,10,4,4,3,1,3,2,4,7,0,0
15,1079,4,0,4,0,9,10,4,4,3,1,3,2,4,7,0,0
15,1079,4,0,4,0,9,10,4,4,3,1,3,2,4,7,0,0
15,1079,4,0,4,0,9,10,4,4,3,1,3,2,4,7,8,0
15,1079,4,0,4,0,10,8,4,4,3,3,4,3,5,7,8,2
15,1079,4,0,4,0,10,9,4,4,3,3,4,3,5,7,8,3
15,1079,4,0,4,0,10,10,4,4,3,3,4,3,5,7,9,4
15,1079,4,0,4,0,10,10,4,4,3,2,4,3,5,6,9,4
15,1079,4,0,4,0,10,10,4,4,3,2,4,3,5,6,9,4
15,1079,4,0,4,0,10,10,4,4,3,3,4,3,5,6,9,4
15,1079,4,0,4,0,10,9,4,4,3,3,4,3,5,6,5,4
15,1079,4,0,4,0,10,9,4,4,3,3,4,3,5,6,5,4
15,1079,4,0,4,0,10,9,4,3,3,2,4,3,4,6,5,3
15,1079,4,0,4,0,9,9,4,3,3,2,3,3,4,6,5,3
15,1079,4,0,4,0,9,9,4,3,3,1,3,3,4,6,0,3
15,1079,4,0,4,0,9,8,4,3,3,1,3,3,4,6,0,2
15,1079,4,0,4,0,9,8,4,3,3,1,3,3,4,6,0,2
15,1079,4,0,4,0,9,8,4,3,3,1,3,3,4,6,0,2
15,1079,4,0,4,0,9,8,4,3,3,1,3,3,4,6,0,2
15,1079,4,0,4,0,9,7,4,3,3,1,3,3,4,6,0,2
15,1079,4,0,4,0,9,7,4,3,3,1,3,3,4,6,0,2
16,1080,4,0,4,0,9,7,4,3,3,1,3,3,7,7,0,2
16,1080,4,0,4,0,9,7,4,3,3,1,3,3,7,7,0,2
16,1080,4,0,4,0,9,7,4,3,3,1,3,3,7,7,0,2
16,1080,4,0,4,0,9,7,4,3,3,1,3,3,7,7,0,2
16,1080,4,0,4,0,9,7,4,3,3,1,3,3,7,7,0,2
16,1080,4,0,4,0,9,7,4,3,3,1,3,3,7,7,0,2
16,1080,4,0,4,0,9,7,4,3,3,1,3,3,10,7,8,2
16,1080,4,0,4,0,10,9,4,4,3,1,4,4,10,9,8,1
16,1080,4,0,4,0,10,10,4,4,3,1,4,4,10,10,8,1
16,1080,4,0,4,0,10,10,4,4,3,2,4,4,10,10,9,2
16,1080,4,0,4,0,10,10,4,4,3,2,4,4,10,10,9,2
16,1080,4,0,4,0,10,10,4,4,3,3,4,4,10,10,9,2
16,1080,4,0,4,0,10,10,4,4,3,3,4,4,10,11,9,2
16,1080,4,0,4,0,10,10,4,4,3,3,4,4,10,11,5,2
16,1080,4,0,4,0,10,10,4,4,3,1,4,4,10,10,5,1
16,1080,4,0,4,0,10,10,4,4,3,1,4,4,8,10,5,1
16,1080,4,0,4,0,9,10,4,4,3,1,3,3,8,10,5,1
16,1080,4,0,4,0,9,10,4,4,3,1,3,3,8,9,0,1
16,1080,4,0,4,0,9,10,4,4,3,1,3,3,8,9,0,1
16,1080,4,0,4,0,9,9,4,4,3,1,3,3,8,9,0,1
16,1080,4,0,4,0,9,9,4,4,3,1,3,3,8,9,0,1
16,1080,4,0,4,0,9,9,4,4,3,1,3,3,8,9,0,1
16,1080,4,0,4,0,9,9,4,4,3,1,3,3,8,9,0,1
16,1080,4,0,4,0,9,9,4,4,3,1,3,3,7,9,0,1
17,1081,4,0,4,0,9,9,4,4,3,1,3,3,7,9,0,1
17,1081,4,0,4,0,9,9,4,4,3,1,3,3,7,9,0,1
17,1081,4,0,4,0,9,9,4,4,3,1,3,3,7,9,0,1
17,1081,4,0,4,0,9,9,4,4,3,1,3,3,7,9,0,1
17,1081,4,0,4,0,9,9,4,4,3,1,3,3,7,9,0,1
17,1081,4,0,4,0,9,9,4,4,3,1,3,3,7,9,0,1
17,1081,4,0,4,0,9,9,4,4,3,1,3,3,8,9,8,1
17,1081,4,0,4,0,10,9,4,3,3,2,4,4,8,9,8,0
17,1081,4,0,4,0,10,10,4,3,3,2,4,4,8,9,8,0
17,1081,4,0,4,0,10,10,4,3,3,1,4,4,8,9,9,0
17,1081,4,0,4,0,10,10,4,3,3,1,4,4,8,9,9,0
17,1081,4,0,4,0,10,10,4,3,3,1,4,4,8,9,9,0
17,1081,4,0,4,0,10,10,4,3,3,1,4,4,8,9,9,0
17,1081,4,0,4,0,10,10,4,3,3,1,4,4,8,9,5,0
17,1081,4,0,4,0,10,10,4,3,3,1,4,4,8,9,5,0
17,1081,4,0,4,0,10,10,4,3,3,1,4,4,8,9,5,0
17,1081,4,0,4,0,9,9,4,3,3,1,3,4,8,9,5,0
17,1081,4,0,4,0,9,8,4,3,3,1,3,4,8,9,0,0
17,1081,4,0,4,0,9,8,4,3,3,1,3,4,8,9,0,0
17,1081,4,0,4,0,9,8,4,3,3,1,3,4,8,8,0,0
17,1081,4,0,4,0,9,8,4,3,3,1,3,4,8,8,0,0
17,1081,4,0,4,0,9,8,4,3,3,1,3,4,8,8,0,0
17,1081,4,0,4,0,9,8,4,3,3,1,3,4,8,8,0,0
17,1081,4,0,4,0,9,8,4,3,3,1,3,4,7,8,0,0
18,1082,4,0,4,0,9,8,4,3,3,1,3,4,7,8,0,0
18,1082,4,0,4,0,9,8,4,3,3,1,3,4,7,8,0,0
18,1082,4,0,4,0,9,8,4,3,3,1,3,4,7,8,0,0
18,1082,4,0,4,0,9,8,4,3,3,1,3,4,7,8,0,0
18,1082,4,0,4,0,9,8,4,3,3,1,3,4,7,8,0,0
18,1082,4,0,4,0,9,8,4,3,3,1,3,4,7,8,0,0
18,1082,4,0,4,0,9,8,4,3,3,1,3,4,8,8,8,0
18,1082,4,0,4,0,10,7,4,3,3,2,4,4,8,8,8,1
18,1082,4,0,4,0,10,10,4,4,3,3,4,4,8,8,8,1
18,1082,4,0,4,0,10,10,4,4,3,3,4,4,8,8,9,2
18,1082,4,0,4,0,10,10,4,4,3,3,4,4,8,8,9,2
18,1082,4,0,4,0,10,10,4,4,3,3,4,4,8,8,9,2
18,1082,4,0,4,0,10,10,4,4,3,2,4,4,8,8,9,2
18,1082,4,0,4,0,10,10,4,4,3,2,4,4,8,8,5,2
18,1082,4,0,4,0,10,10,4,4,3,3,4,4,8,8,5,2
18,1082,4,0,4,0,10,9,4,4,3,3,4,4,8,7,5,2
18,1082,4,0,4,0,9,9,4,4,3,3,3,4,8,7,5,2
18,1082,4,0,4,0,9,8,4,4,3,3,3,4,8,7,0,2
18,1082,4,0,4,0,9,8,4,4,3,3,3,4,8,7,0,2
18,1082,4,0,4,0,9,7,4,4,3,3,3,4,8,7,0,2
18,1082,4,0,4,0,9,6,4,4,3,3,3,4,8,7,0,1
18,1082,4,0,4,0,9,6,4,4,3,3,3,4,8,7,0,1
18,1082,4,0,4,0,9,6,4,3,3,2,3,4,8,7,0,1
18,1082,4,0,4,0,9,6,4,3,3,2,3,4,7,7,0,1
19,1083,4,0,3,0,8,6,3,3,2,2,2,4,7,7,0,1
19,1083,4,0,3,0,8,6,3,3,2,2,2,4,7,7,0,1
19,1083,4,0,3,0,8,6,3,3,2,2,2,4,7,7,0,1
19,1083,4,0,3,0,8,6,3,3,2,2,2,4,7,7,0,1
19,1083,4,0,3,0,8,6,3,3,2,2,2,4,7,7,0,1
19,1083,4,0,3,0,8,6,3,3,2,2,2,4,7,7,0,1
19,1083,4,0,3,0,8,6,3,3,2,2,3,4,10,7,0,1
19,1083,4,0,3,0,8,5,3,3,2,2,3,3,10,7,0,0
19,1083,4,0,3,0,8,5,3,3,2,2,3,3,10,6,0,0
19,1083,4,0,3,0,8,5,3,3,2,2,3,2,10,6,0,0
19,1083,4,0,3,0,8,5,3,3,2,2,3,2,10,6,0,0
19,1083,4,0,3,0,8,5,3,3,2,2,3,2,10,6,0,0
19,1083,4,0,3,0,8,5,3,3,2,2,3,2,10,6,0,0
19,1083,4,0,3,0,8,5,3,3,2,2,3,2,10,6,0,0
19,1083,4,0,3,0,8,5,3,3,2,2,3,2,10,6,0,0
19,1083,4,0,3,0,8,5,3,3,2,2,2,2,8,6,0,0
19,1083,4,0,3,0,8,5,3,3,2,2,2,2,8,6,0,0
19,1083,4,0,3,0,8,5,3,3,2,2,2,2,8,5,0,0
19,1083,4,0,3,0,8,5,3,3,2,2,2,2,8,5,0,0
19,1083,4,0,3,0,8,5,3,3,2,2,2,2,8,5,0,0
19,1083,4,0,3,0,8,5,3,3,2,2,2,2,8,5,0,0
19,1083,4,0,3,0,8,5,3,3,2,2,2,2,8,5,0,0
19,1083,4,0,3,0,8,5,3,3,2,2,2,2,8,5,0,0
19,1083,4,0,3,0,8,5,3,3,2,2,2,2,7,5,0,0
20,1084,4,0,3,0,8,5,3,3,2,2,2,2,4,5,0,0
20,1084,4,0,3,0,8,5,3,3,2,2,2,2,4,5,0,0
20,1084,4,0,3,0,8,5,3,3,2,2,2,2,4,5,0,0
20,1084,4,0,3,0,8,5,3,3,2,2,2,2,4,5,0,0
20,1084,4,0,3,0,8,5,3,3,2,2,2,2,4,5,0,0
20,1084,4,0,3,0,8,5,3,3,2,2,2,2,4,5,0,0
20,1084,4,0,3,0,8,5,3,3,2,2,3,2,4,5,0,0
20,1084,4,0,3,0,8,5,3,3,2,1,3,1,5,5,0,0
20,1084,4,0,3,0,8,5,3,3,2,1,3,1,5,5,0,0
20,1084,4,0,3,0,8,5,3,3,2,1,3,1,5,5,0,0
20,1084,4,0,3,0,8,5,3,2,2,1,3,1,5,5,0,0
20,1084,4,0,3,0,8,5,3,2,2,1,3,1,5,5,0,0
20,1084,4,0,3,0,8,5,3,2,2,1,3,1,5,5,0,0
20,1084,4,0,3,0,8,5,3,2,2,1,3,1,5,5,0,0
20,1084,4,0,3,0,8,5,3,2,2,1,3,1,5,5,0,0
20,1084,4,0,3,0,8,5,3,2,2,1,2,0,4,5,0,0
20,1084,4,0,3,0,8,5,3,2,2,1,2,0,4,4,0,0
20,1084,4,0,3,0,8,5,3,2,2,1,2,0,4,4,0,0
20,1084,4,0,3,0,8,5,3,2,2,1,2,0,4,4,0,0
20,1084,4,0,3,0,8,5,3,2,2,1,2,0,4,4,0,0
20,1084,4,0,3,0,8,5,3,2,2,1,2,0,4,4,0,0
20,1084,4,0,3,0,8,5,3,2,2,1,2,0,4,4,0,0
20,1084,4,0,3,0,8,5,3,2,2,1,2,0,4,4,0,0
20,1084,4,0,3,0,8,5,3,2,2,1,2,0,4,4,0,0
21,1085,4,0,4,0,9,5,4,2,3,1,3,0,7,4,0,0
21,1085,4,0,4,0,9,5,4,2,3,1,3,0,7,4,0,0
21,1085,4,0,4,0,9,5,4,2,3,1,3,0,7,4,0,0
21,1085,4,0,4,0,9,5,4,2,3,1,3,0,7,4,0,0
21,1085,4,0,4,0,9,5,4,2,3,1,3,0,7,4,0,0
21,1085,4,0,4,0,9,5,4,2,3,1,3,0,7,4,0,0
21,1085,4,0,4,0,9,5,4,2,3,1,3,0,8,4,8,0
21,1085,4,0,4,0,10,8,4,4,3,2,4,1,8,5,8,1
21,1085,4,0,4,0,10,9,4,4,3,3,4,1,8,5,8,1
21,1085,4,0,4,0,10,10,4,3,3,3,4,1,8,6,9,1
21,1085,4,0,4,0,10,10,4,4,3,2,4,1,8,6,9,1
21,1085,4,0,4,0,10,9,4,4,3,3,4,1,8,6,9,1
21,1085,4,0,4,0,10,9,4,4,3,3,4,1,8,6,9,1
21,1085,4,0,4,0,10,8,4,4,3,3,4,1,8,5,5,1
21,1085,4,0,4,0,10,8,4,4,3,3,4,1,8,5,5,1
21,1085,4,0,4,0,10,8,4,4,3,3,4,1,8,5,5,0
21,1085,4,0,4,0,9,8,4,4,3,3,3,1,8,5,5,0
21,1085,4,0,4,0,9,8,4,4,3,3,3,1,8,5,0,0
21,1085,4,0,4,0,9,8,4,4,3,3,3,1,8,5,0,0
21,1085,4,0,4,0,9,8,4,4,3,3,3,1,8,5,0,0
21,1085,4,0,4,0,9,8,4,4,3,3,3,1,8,5,0,0
21,1085,4,0,4,0,9,8,4,4,3,3,3,1,8,5,0,0
21,1085,4,0,4,0,9,7,4,4,3,3,3,1,8,5,0,0
21,1085,4,0,4,0,9,7,4,4,3,3,3,1,7,5,0,0
22,1086,4,0,4,0,9,7,4,4,3,3,3,1,4,5,0,0
22,1086,4,0,4,0,9,7,4,4,3,3,3,1,4,5,0,0
22,1086,4,0,4,0,9,7,4,4,3,3,3,1,4,5,0,0
22,1086,4,0,4,0,9,7,4,4,3,3,3,1,4,5,0,0
22,1086,4,0,4,0,9,7,4,4,3,3,3,1,4,5,0,0
22,1086,4,0,4,0,9,7,4,4,3,3,3,1,4,5,0,0
22,1086,4,0,4,0,9,7,4,4,3,3,3,1,4,5,8,0
22,1086,4,0,4,0,10,9,4,4,3,2,4,2,5,5,8,5
22,1086,4,0,4,0,10,10,4,4,3,3,4,2,5,6,8,6
22,1086,4,0,4,0,10,10,4,4,3,3,4,2,5,7,9,7
22,1086,4,0,4,0,10,10,4,4,3,3,4,2,5,7,9,8
22,1086,4,0,4,0,10,10,4,4,3,3,4,2,5,7,9,8
22,1086,4,0,4,0,10,10,4,4,3,3,4,2,5,6,9,7
22,1086,4,0,4,0,10,10,4,4,3,3,4,2,5,6,5,7
22,1086,4,0,4,0,10,10,4,4,3,3,4,2,5,6,5,7
22,1086,4,0,4,0,10,10,4,4,3,3,4,2,4,6,5,6
22,1086,4,0,4,0,9,9,4,4,3,2,3,2,4,6,5,5
22,1086,4,0,4,0,9,9,4,4,3,2,3,2,4,5,0,4
22,1086,4,0,4,0,9,9,4,4,3,2,3,2,4,5,0,4
22,1086,4,0,4,0,9,9,4,4,3,2,3,2,4,5,0,4
22,1086,4,0,4,0,9,9,4,4,3,2,3,2,4,5,0,3
22,1086,4,0,4,0,9,9,4,4,3,2,3,2,4,5,0,3
22,1086,4,0,4,0,9,9,4,4,3,2,3,2,4,5,0,3
22,1086,4,0,4,0,9,9,4,4,3,2,3,2,4,5,0,3
23,1087,4,0,4,0,9,9,4,4,3,2,3,2,7,6,0,3
23,1087,4,0,4,0,9,9,4,4,3,2,3,2,7,6,0,3
23,1087,4,0,4,0,9,9,4,4,3,2,3,2,7,6,0,3
23,1087,4,0,4,0,9,9,4,4,3,2,3,2,7,6,0,3
23,1087,4,0,4,0,9,9,4,4,3,2,3,2,7,6,0,3
23,1087,4,0,4,0,9,9,4,4,3,2,3,2,7,6,0,3
23,1087,4,0,4,0,9,9,4,4,3,2,3,2,10,6,8,3
23,1087,4,0,4,0,10,10,4,3,3,3,4,3,10,10,8,0
23,1087,4,0,4,0,10,10,4,3,3,3,4,3,10,10,8,0
23,1087,4,0,4,0,10,10,4,4,3,3,4,3,10,10,9,0
23,1087,4,0,4,0,10,10,4,4,3,3,4,3,10,10,9,0
23,1087,4,0,4,0,10,10,4,4,3,2,4,3,10,10,9,0
23,1087,4,0,4,0,10,10,4,4,3,2,4,3,10,10,9,0
23,1087,4,0,4,0,10,10,4,4,3,2,4,3,10,10,5,0
23,1087,4,0,4,0,10,10,4,4,3,2,4,3,10,10,5,0
23,1087,4,0,4,0,10,10,4,4,3,2,4,3,8,10,5,0
23,1087,4,0,4,0,9,10,4,4,3,2,3,3,8,10,5,0
23,1087,4,0,4,0,9,10,4,4,3,2,3,3,8,10,0,0
23,1087,4,0,4,0,9,10,4,4,3,2,3,3,8,10,0,0
23,1087,4,0,4,0,9,10,4,4,3,2,3,3,8,9,0,0
23,1087,4,0,4,0,9,9,4,4,3,2,3,3,8,8,0,0
23,1087,4,0,4,0,9,9,4,4,3,2,3,3,8,8,0,0
23,1087,4,0,4,0,9,8,4,4,3,2,3,3,8,8,0,0
23,1087,4,0,4,0,9,8,4,4,3,2,3,3,7,8,0,0
24,1088,4,0,4,0,9,8,4,4,3,2,3,3,7,8,0,0
24,1088,4,0,4,0,9,8,4,4,3,2,3,3,7,8,0,0
24,1088,4,0,4,0,9,8,4,4,3,2,3,3,7,8,0,0
24,1088,4,0,4,0,9,8,4,4,3,2,3,3,7,8,0,0
24,1088,4,0,4,0,9,8,4,4,3,2,3,3,7,8,0,0
24,1088,4,0,4,0,9,8,4,4,3,2,3,3,7,8,0,0
24,1088,4,0,4,0,9,8,4,4,3,2,3,3,8,8,8,0
24,1088,4,0,4,0,10,10,4,4,3,3,4,4,8,7,8,0
24,1088,4,0,4,0,10,10,4,4,3,3,4,4,8,8,8,0
24,1088,4,0,4,0,10,10,4,4,3,3,4,4,8,8,9,0
24,1088,4,0,4,0,10,10,4,4,3,2,4,4,8,8,9,0
24,1088,4,0,4,0,10,10,4,4,3,2,4,4,8,8,9,0
24,1088,4,0,4,0,10,10,4,4,3,2,4,4,8,8,9,0
24,1088,4,0,4,0,10,10,4,4,3,2,4,4,8,8,5,0
24,1088,4,0,4,0,10,10,4,4,3,2,4,4,8,8,5,0
24,1088,4,0,4,0,10,9,4,4,3,2,4,4,8,8,5,0
24,1088,4,0,4,0,9,9,4,4,3,2,3,4,8,8,5,0
24,1088,4,0,4,0,9,9,4,4,3,2,3,4,8,8,0,0
24,1088,4,0,4,0,9,9,4,4,3,2,3,4,8,8,0,0
24,1088,4,0,4,0,9,9,4,4,3,2,3,4,8,8,0,0
24,1088,4,0,4,0,9,9,4,4,3,2,3,4,8,8,0,0
24,1088,4,0,4,0,9,9,4,4,3,2,3,4,8,7,0,0
24,1088,4,0,4,0,9,9,4,4,3,2,3,4,8,7,0,0
24,1088,4,0,4,0,9,9,4,4,3,2,3,4,7,7,0,0
25,1089,4,0,4,0,9,9,4,4,3,2,3,4,7,7,0,0
25,1089,4,0,4,0,9,9,4,4,3,2,3,4,7,7,0,0
25,1089,4,0,4,0,9,9,4,4,3,2,3,4,7,7,0,0
25,1089,4,0,4,0,9,9,4,4,3,2,3,4,7,7,0,0
25,1089,4,0,4,0,9,9,4,4,3,2,3,4,7,7,0,0
25,1089,4,0,4,0,9,9,4,4,3,2,3,4,7,7,0,0
25,1089,4,0,4,0,9,9,4,4,3,2,3,4,8,7,8,0
25,1089,4,0,4,0,10,9,4,4,3,3,4,4,8,8,8,1
25,1089,4,0,4,0,10,10,4,4,3,3,4,4,8,8,8,1
25,1089,4,0,4,0,10,10,4,4,3,2,4,4,8,8,9,2
25,1089,4,0,4,0,10,9,4,4,3,3,4,4,8,8,9,3
25,1089,4,0,4,0,10,10,4,4,3,3,4,3,8,8,9,4
25,1089,4,0,4,0,10,10,4,4,3,3,4,3,8,9,9,4
25,1089,4,0,4,0,10,10,4,4,3,3,4,3,8,9,5,4
25,1089,4,0,4,0,10,10,4,4,3,3,4,3,8,9,5,4
25,1089,4,0,4,0,10,10,4,4,3,3,4,3,8,8,5,1
25,1089,4,0,4,0,9,10,4,4,3,3,3,3,8,8,5,1
25,1089,4,0,4,0,9,10,4,4,3,3,3,3,8,8,0,1
25,1089,4,0,4,0,9,10,4,4,3,3,3,3,8,8,0,1
25,1089,4,0,4,0,9,10,4,4,3,3,3,3,8,8,0,1
25,1089,4,0,4,0,9,10,4,4,3,3,3,3,8,8,0,1
25,1089,4,0,4,0,9,10,4,4,3,3,3,3,8,8,0,0
25,1089,4,0,4,0,9,10,4,4,3,3,3,3,8,8,0,0
25,1089,4,0,4,0,9,10,4,4,3,3,3,3,7,8,0,0
26,1090,4,0,3,0,8,10,3,4,2,3,2,3,7,8,0,0
26,1090,4,0,3,0,8,10,3,4,2,3,2,3,7,8,0,0
26,1090,4,0,3,0,8,10,3,4,2,3,2,3,7,8,0,0
26,1090,4,0,3,0,8,10,3,4,2,3,2,3,7,8,0,0
26,1090,4,0,3,0,8,10,3,4,2,3,2,3,7,8,0,0
26,1090,4,0,3,0,8,10,3,4,2,3,2,3,7,8,0,0
26,1090,4,0,3,0,8,10,3,4,2,3,3,3,10,8,0,0
26,1090,4,0,3,0,8,10,3,3,2,2,3,3,10,7,0,0
26,1090,4,0,3,0,8,10,3,3,2,2,3,3,10,7,0,0
26,1090,4,0,3,0,8,10,3,3,2,2,3,3,10,7,0,0
26,1090,4,0,3,0,8,10,3,3,2,2,3,3,10,7,0,0
26,1090,4,0,3,0,8,10,3,3,2,2,3,3,10,7,0,0
26,1090,4,0,3,0,8,10,3,3,2,2,3,3,10,7,0,0
26,1090,4,0,3,0,8,10,3,3,2,2,3,3,10,7,0,0
26,1090,4,0,3,0,8,10,3,3,2,2,3,3,10,7,0,0
26,1090,4,0,3,0,8,10,3,3,2,2,2,3,8,7,0,0
26,1090,4,0,3,0,8,10,3,3,2,2,2,3,8,7,0,0
26,1090,4,0,3,0,8,10,3,3,2,2,2,3,8,7,0,0
26,1090,4,0,3,0,8,9,3,3,2,2,2,3,8,7,0,0
26,1090,4,0,3,0,8,9,3,3,2,2,2,2,8,7,0,0
26,1090,4,0,3,0,8,9,3,3,2,2,2,2,8,7,0,0
26,1090,4,0,3,0,8,9,3,3,2,2,2,2,8,7,0,0
26,1090,4,0,3,0,8,9,3,3,2,2,2,2,8,7,0,0
26,1090,4,0,3,0,8,9,3,3,2,2,2,2,7,7,0,0
27,1091,4,0,3,0,8,9,3,3,2,2,2,2,4,7,0,0
27,1091,4,0,3,0,8,9,3,3,2,2,2,2,4,7,0,0
27,1091,4,0,3,0,8,9,3,3,2,2,2,2,4,7,0,0
27,1091,4,0,3,0,8,9,3,3,2,2,2,2,4,7,0,0
27,1091,4,0,3,0,8,9,3,3,2,2,2,2,4,7,0,0
27,1091,4,0,3,0,8,9,3,3,2,2,2,2,4,7,0,0
27,1091,4,0,3,0,8,9,3,3,2,2,3,2,4,7,0,0
27,1091,4,0,3,0,8,9,3,3,2,2,3,2,5,7,0,0
27,1091,4,0,3,0,8,9,3,3,2,2,3,2,5,7,0,0
27,1091,4,0,3,0,8,9,3,3,2,2,3,2,5,7,0,0
27,1091,4,0,3,0,8,9,3,3,2,2,3,2,5,7,0,0
27,1091,4,0,3,0,8,9,3,3,2,2,3,2,5,7,0,0
27,1091,4,0,3,0,8,9,3,3,2,2,3,2,5,7,0,0
27,1091,4,0,3,0,8,9,3,3,2,2,3,2,5,7,0,0
27,1091,4,0,3,0,8,9,3,3,2,2,3,2,5,7,0,0
27,1091,4,0,3,0,8,9,3,3,2,2,2,2,4,7,0,0
27,1091,4,0,3,0,8,9,3,3,2,2,2,2,4,7,0,0
27,1091,4,0,3,0,8,9,3,3,2,2,2,2,4,7,0,0
27,1091,4,0,3,0,8,9,3,3,2,2,2,2,4,7,0,0
27,1091,4,0,3,0,8,9,3,3,2,2,2,2,4,7,0,0
27,1091,4,0,3,0,8,9,3,3,2,2,2,2,4,7,0,0
27,1091,4,0,3,0,8,9,3,3,2,2,2,1,4,7,0,0
27,1091,4,0,3,0,8,9,3,3,2,1,2,1,4,6,0,0
27,1091,4,0,3,0,8,9,3,3,2,1,2,1,4,6,0,0
0,1092,4,0,4,0,9,9,4,3,3,1,3,1,7,6,0,0
0,1092,4,0,4,0,9,9,4,3,3,1,3,1,7,6,0,0
0,1092,4,0,4,0,9,9,4,3,3,1,3,1,7,6,0,0
0,1092,4,0,4,0,9,9,4,3,3,1,3,1,7,6,0,0
0,1092,4,0,4,0,9,9,4,3,3,1,3,1,7,6,0,0
0,1092,4,0,4,0,9,9,4,3,3,1,3,1,7,6,0,0
0,1092,4,0,4,0,9,9,4,3,3,1,3,1,8,6,8,0
0,1092,4,0,4,0,10,10,4,4,3,2,4,2,8,8,8,2
0,1092,4,0,4,0,10,10,4,4,3,3,4,2,8,8,8,2
0,1092,4,0,4,0,10,10,4,3,3,3,4,2,8,8,9,2
0,1092,4,0,4,0,10,10,4,3,3,3,4,2,8,8,9,2
0,1092,4,0,4,0,10,10,4,4,3,3,4,2,8,8,9,2
0,1092,4,0,4,0,10,10,4,4,3,3,4,2,8,8,9,2
0,1092,4,0,4,0,10,10,4,4,3,3,4,2,8,8,5,2
0,1092,4,0,4,0,10,10,4,3,3,3,4,2,8,8,5,2
0,1092,4,0,4,0,10,10,4,3,3,3,4,2,8,8,5,2
0,1092,4,0,4,0,9,10,4,3,3,3,3,2,8,8,5,1
0,1092,4,0,4,0,9,10,4,3,3,3,3,2,8,8,0,1
0,1092,4,0,4,0,9,10,4,3,3,3,3,2,8,8,0,1
0,1092,4,0,4,0,9,10,4,3,3,3,3,2,8,8,0,0
0,1092,4,0,4,0,9,10,4,3,3,3,3,2,8,8,0,0
0,1092,4,0,4,0,9,10,4,3,3,3,3,1,8,8,0,0
0,1092,4,0,4,0,9,10,4,3,3,3,3,1,8,8,0,0
0,1092,4,0,4,0,9,10,4,3,3,3,3,1,7,8,0,0
1,1093,4,0,4,0,9,10,4,3,3,3,3,1,4,8,0,0
1,1093,4,0,4,0,9,10,4,3,3,3,3,1,4,8,0,0
1,1093,4,0,4,0,9,10,4,3,3,3,3,1,4,8,0,0
1,1093,4,0,4,0,9,10,4,3,3,3,3,1,4,8,0,0
1,1093,4,0,4,0,9,10,4,3,3,3,3,1,4,8,0,0
1,1093,4,0,4,0,9,10,4,3,3,3,3,1,4,8,0,0
1,1093,4,0,4,0,9,10,4,3,3,3,3,1,4,8,8,0
1,1093,4,0,4,0,10,10,4,4,3,3,4,2,5,7,8,1
1,1093,4,0,4,0,10,10,4,4,3,3,4,2,5,7,8,1
1,1093,4,0,4,0,10,10,4,4,3,3,4,2,5,7,9,2
1,1093,4,0,4,0,10,10,4,4,3,3,4,2,5,7,9,2
1,1093,4,0,4,0,10,10,4,4,3,3,4,2,5,7,9,2
1,1093,4,0,4,0,10,10,4,4,3,3,4,2,5,7,9,2
1,1093,4,0,4,0,10,10,4,4,3,3,4,2,5,7,5,2
1,1093,4,0,4,0,10,10,4,3,3,3,4,0,5,7,5,2
1,1093,4,0,4,0,10,10,4,3,3,3,4,0,4,7,5,2
1,1093,4,0,4,0,9,10,4,3,3,3,3,0,4,7,5,2
1,1093,4,0,4,0,9,10,4,3,3,3,3,0,4,7,0,2
1,1093,4,0,4,0,9,10,4,3,3,3,3,0,4,7,0,2
1,1093,4,0,4,0,9,10,4,3,3,3,3,0,4,7,0,2
1,1093,4,0,4,0,9,10,4,3,3,3,3,0,4,7,0,2
1,1093,4,0,4,0,9,10,4,3,3,3,3,0,4,7,0,2
1,1093,4,0,4,0,9,9,4,3,3,3,3,0,4,7,0,2
1,1093,4,0,4,0,9,9,4,3,3,3,3,0,4,7,0,2
2,1094,4,0,4,0,9,9,4,3,3,3,3,0,7,7,0,2
2,1094,4,0,4,0,9,9,4,3,3,3,3,0,7,7,0,2
2,1094,4,0,4,0,9,9,4,3,3,3,3,0,7,7,0,2
2,1094,4,0,4,0,9,9,4,3,3,3,3,0,7,7,0,2
2,1094,4,0,4,0,9,9,4,3,3,3,3,0,7,7,0,2
2,1094,4,0,4,0,9,9,4,3,3,3,3,0,7,7,0,2
2,1094,4,0,4,0,9,9,4,3,3,3,3,0,10,9,8,2
2,1094,4,0,4,0,10,10,4,3,3,3,4,1,10,10,8,3
2,1094,4,0,4,0,10,10,4,4,3,3,4,1,10,10,8,3
2,1094,4,0,4,0,10,10,4,4,3,3,4,1,10,10,9,2
2,1094,4,0,4,0,10,10,4,4,3,3,4,1,10,10,9,1
2,1094,4,0,4,0,10,10,4,4,3,3,4,1,10,11,9,1
2,1094,4,0,4,0,10,10,4,4,3,3,4,1,10,10,9,0
2,1094,4,0,4,0,10,10,4,4,3,3,4,1,10,10,5,0
2,1094,4,0,4,0,10,10,4,4,3,3,4,1,10,10,5,0
2,1094,4,0,4,0,10,10,4,4,3,3,4,1,8,10,5,0
2,1094,4,0,4,0,9,10,4,4,3,3,3,1,8,10,5,0
2,1094,4,0,4,0,9,10,4,4,3,3,3,1,8,10,0,0
2,1094,4,0,4,0,9,10,4,4,3,3,3,1,8,10,0,0
2,1094,4,0,4,0,9,10,4,4,3,3,3,1,8,10,0,0
2,1094,4,0,4,0,9,10,4,4,3,3,3,1,8,10,0,0
2,1094,4,0,4,0,9,10,4,4,3,3,3,1,8,10,0,0
2,1094,4,0,4,0,9,10,4,4,3,3,3,1,8,10,0,0
2,1094,4,0,4,0,9,10,4,4,3,3,3,1,7,10,0,0
3,1095,4,0,4,0,9,10,4,4,3,3,3,1,7,10,0,0
3,1095,4,0,4,0,9,10,4,4,3,3,3,1,7,10,0,0
3,1095,4,0,4,0,9,10,4,4,3,3,3,1,7,10,0,0
3,1095,4,0,4,0,9,10,4,4,3,3,3,1,7,10,0,0
3,1095,4,0,4,0,9,10,4,4,3,3,3,1,7,10,0,0
3,1095,4,0,4,0,9,10,4,4,3,3,3,1,7,10,0,0
3,1095,4,0,4,0,9,10,4,4,3,3,3,1,8,10,8,0
3,1095,4,0,4,0,10,9,4,4,3,3,4,2,8,8,8,0
3,1095,4,0,4,0,10,10,4,4,3,3,4,2,8,8,8,0
3,1095,4,0,4,0,10,10,4,4,3,3,4,2,8,8,9,0
3,1095,4,0,4,0,10,10,4,4,3,3,4,1,8,8,9,0
3,1095,4,0,4,0,10,10,4,4,3,3,4,1,8,8,9,0
3,1095,4,0,4,0,10,10,4,4,3,3,4,1,8,8,9,0
3,1095,4,0,4,0,10,10,4,4,3,3,4,1,8,7,5,0
3,1095,4,0,4,0,10,10,4,4,3,3,4,1,8,7,5,0
3,1095,4,0,4,0,10,10,4,4,3,3,4,1,8,7,5,0
3,1095,4,0,4,0,9,10,4,4,3,3,3,1,8,7,5,0
3,1095,4,0,4,0,9,10,4,4,3,3,3,1,8,7,0,0
3,1095,4,0,4,0,9,10,4,4,3,3,3,1,8,7,0,0
3,1095,4,0,4,0,9,10,4,4,3,3,3,1,8,7,0,0
3,1095,4,0,4,0,9,10,4,4,3,3,3,1,8,7,0,0
3,1095,4,0,4,0,9,9,4,4,3,3,3,1,8,6,0,0
3,1095,4,0,4,0,9,9,4,4,3,3,3,1,8,6,0,0
3,1095,4,0,4,0,9,9,4,4,3,3,3,1,7,6,0,0
4,1096,4,0,4,0,9,9,4,4,3,3,3,1,7,6,0,0
4,1096,4,0,4,0,9,9,4,4,3,3,3,1,7,6,0,0
4,1096,4,0,4,0,9,9,4,4,3,3,3,1,7,6,0,0
4,1096,4,0,4,0,9,9,4,4,3,3,3,1,7,6,0,0
4,1096,4,0,4,0,9,9,4,4,3,3,3,1,7,6,0,0
4,1096,4,0,4,0,9,9,4,4,3,3,3,1,7,6,0,0
4,1096,4,0,4,0,9,9,4,4,3,3,3,1,8,6,8,0
4,1096,4,0,4,0,10,9,4,4,3,3,4,2,8,8,8,1
4,1096,4,0,4,0,10,10,4,4,3,3,4,2,8,8,8,1
4,1096,4,0,4,0,10,10,4,4,3,3,4,2,8,8,9,1
4,1096,4,0,4,0,10,10,4,4,3,3,4,2,8,8,9,1
4,1096,4,0,4,0,10,10,4,4,3,3,4,2,8,8,9,1
4,1096,4,0,4,0,10,10,4,4,3,3,4,2,8,8,9,1
4,1096,4,0,4,0,10,10,4,4,3,3,4,2,8,8,5,1
4,1096,4,0,4,0,10,10,4,4,3,3,4,2,8,8,5,1
4,1096,4,0,4,0,10,10,4,4,3,3,4,2,8,8,5,1
4,1096,4,0,4,0,9,10,4,4,3,3,3,2,8,8,5,1
4,1096,4,0,4,0,9,10,4,4,3,3,3,2,8,8,0,1
4,1096,4,0,4,0,9,10,4,4,3,3,3,2,8,8,0,1
4,1096,4,0,4,0,9,10,4,4,3,3,3,2,8,8,0,1
4,1096,4,0,4,0,9,10,4,4,3,3,3,2,8,8,0,1
4,1096,4,0,4,0,9,9,4,4,3,3,3,2,8,8,0,1
4,1096,4,0,4,0,9,9,4,4,3,3,3,2,8,8,0,1
4,1096,4,0,4,0,9,9,4,4,3,3,3,2,7,8,0,1
5,1097,4,0,3,0,8,9,3,4,2,3,2,2,7,8,0,1
5,1097,4,0,3,0,8,9,3,4,2,3,2,2,7,8,0,1
5,1097,4,0,3,0,8,9,3,4,2,3,2,2,7,8,0,1
5,1097,4,0,3,0,8,9,3,4,2,3,2,2,7,8,0,1
5,1097,4,0,3,0,8,9,3,4,2,3,2,2,7,8,0,1
5,1097,4,0,3,0,8,9,3,4,2,3,2,2,7,8,0,1
5,1097,4,0,3,0,8,9,3,4,2,3,3,2,10,8,0,1
5,1097,4,0,3,0,8,7,3,4,2,3,3,1,10,7,0,0
5,1097,4,0,3,0,8,7,3,3,2,3,3,1,10,7,0,0
5,1097,4,0,3,0,8,7,3,2,2,3,3,1,10,7,0,0
5,1097,4,0,3,0,8,7,3,2,2,3,3,1,10,7,0,0
5,1097,4,0,3,0,8,7,3,2,2,3,3,1,10,7,0,0
5,1097,4,0,3,0,8,7,3,2,2,3,3,1,10,7,0,0
5,1097,4,0,3,0,8,7,3,2,2,2,3,1,10,7,0,0
5,1097,4,0,3,0,8,7,3,2,2,2,3,1,10,6,0,0
5,1097,4,0,3,0,8,7,3,2,2,2,2,1,8,6,0,0
5,1097,4,0,3,0,8,7,3,2,2,2,2,1,8,6,0,0
5,1097,4,0,3,0,8,7,3,2,2,2,2,1,8,6,0,0
5,1097,4,0,3,0,8,7,3,2,2,2,2,1,8,6,0,0
5,1097,4,0,3,0,8,7,3,2,2,2,2,1,8,6,0,0
5,1097,4,0,3,0,8,7,3,2,2,2,2,1,8,6,0,0
5,1097,4,0,3,0,8,7,3,2,2,2,2,1,8,6,0,0
5,1097,4,0,3,0,8,7,3,2,2,2,2,1,8,6,0,0
5,1097,4,0,3,0,8,7,3,2,2,2,2,1,7,6,0,0
6,1098,4,0,3,0,8,7,3,2,2,2,2,1,4,6,0,0
6,1098,4,0,3,0,8,7,3,2,2,2,2,1,4,6,0,0
6,1098,4,0,3,0,8,7,3,2,2,2,2,1,4,6,0,0
6,1098,4,0,3,0,8,7,3,2,2,2,2,1,4,6,0,0
6,1098,4,0,3,0,8,7,3,2,2,2,2,1,4,6,0,0
6,1098,4,0,3,0,8,7,3,2,2,2,2,1,4,6,0,0
6,1098,4,0,3,0,8,7,3,2,2,2,3,1,4,6,0,0
6,1098,4,0,3,0,8,7,3,2,2,2,3,1,5,6,0,0
6,1098,4,0,3,0,8,7,3,2,2,2,3,1,5,6,0,0
6,1098,4,0,3,0,8,7,3,2,2,2,3,1,5,6,0,0
6,1098,4,0,3,0,8,7,3,2,2,2,3,1,5,6,0,0
6,1098,4,0,3,0,8,7,3,2,2,2,3,1,5,6,0,0
6,1098,4,0,3,0,8,7,3,2,2,2,3,1,5,6,0,0
6,1098,4,0,3,0,8,7,3,2,2,2,3,1,5,6,0,0
6,1098,4,0,3,0,8,7,3,2,2,2,3,1,5,6,0,0
6,1098,4,0,3,0,8,7,3,2,2,2,2,1,4,6,0,0
6,1098,4,0,3,0,8,7,3,2,2,2,2,1,4,6,0,0
6,1098,4,0,3,0,8,7,3,2,2,2,2,1,4,6,0,0
6,1098,4,0,3,0,8,7,3,2,2,2,2,1,4,6,0,0
6,1098,4,0,3,0,8,7,3,2,2,2,2,1,4,6,0,0
6,1098,4,0,3,0,8,7,3,2,2,1,2,1,4,6,0,0
6,1098,4,0,3,0,8,7,3,2,2,1,2,1,4,6,0,0
6,1098,4,0,3,0,8,7,3,2,2,1,2,1,4,6,0,0
6,1098,4,0,3,0,8,7,3,2,2,1,2,1,4,6,0,0
7,1099,4,0,4,0,9,7,4,2,3,1,3,1,7,6,0,0
7,1099,4,0,4,0,9,7,4,2,3,1,3,1,7,6,0,0
7,1099,4,0,4,0,9,7,4,2,3,1,3,1,7,6,0,0
7,1099,4,0,4,0,9,7,4,2,3,1,3,1,7,6,0,0
7,1099,4,0,4,0,9,7,4,2,3,1,3,1,7,6,0,0
7,1099,4,0,4,0,9,7,4,2,3,1,3,1,7,6,0,0
7,1099,4,0,4,0,9,7,4,2,3,1,3,1,8,6,8,0
7,1099,4,0,4,0,10,9,4,4,3,2,4,2,8,8,8,1
7,1099,4,0,4,0,10,10,4,4,3,3,4,2,8,8,8,1
7,1099,4,0,4,0,10,10,4,4,3,3,4,2,8,8,9,1
7,1099,4,0,4,0,10,10,4,4,3,3,4,2,8,8,9,1
7,1099,4,0,4,0,10,10,4,4,3,2,4,2,8,8,9,1
7,1099,4,0,4,0,10,10,4,4,3,2,4,2,8,9,9,1
7,1099,4,0,4,0,10,10,4,4,3,2,4,2,8,9,5,1
7,1099,4,0,4,0,10,10,4,4,3,2,4,2,8,9,5,1
7,1099,4,0,4,0,10,10,4,4,3,2,4,2,8,9,5,1
7,1099,4,0,4,0,9,10,4,4,3,2,3,2,8,9,5,1
7,1099,4,0,4,0,9,10,4,4,3,2,3,2,8,9,0,1
7,1099,4,0,4,0,9,10,4,4,3,2,3,2,8,8,0,0
7,1099,4,0,4,0,9,10,4,4,3,2,3,2,8,8,0,0
7,1099,4,0,4,0,9,10,4,4,3,2,3,2,8,8,0,0
7,1099,4,0,4,0,9,10,4,4,3,2,3,2,8,8,0,0
7,1099,4,0,4,0,9,10,4,4,3,2,3,2,8,8,0,0
7,1099,4,0,4,0,9,10,4,4,3,2,3,2,7,8,0,0
8,1100,4,0,4,0,9,10,4,4,3,2,3,2,4,8,0,0
8,1100,4,0,4,0,9,10,4,4,3,2,3,2,4,8,0,0
8,1100,4,0,4,0,9,10,4,4,3,2,3,2,4,8,0,0
8,1100,4,0,4,0,9,10,4,4,3,2,3,2,4,8,0,0
8,1100,4,0,4,0,9,10,4,4,3,2,3,2,4,8,0,0
8,1100,4,0,4,0,9,10,4,4,3,2,3,2,4,8,0,0
8,1100,4,0,4,0,9,10,4,4,3,2,3,2,4,8,8,0
8,1100,4,0,4,0,10,10,4,4,3,3,4,3,5,8,8,2
8,1100,4,0,4,0,10,10,4,4,3,3,4,2,5,8,8,3
8,1100,4,0,4,0,10,10,4,4,3,3,4,2,5,8,9,3
8,1100,4,0,4,0,10,10,4,4,3,3,4,2,5,7,9,3
8,1100,4,0,4,0,10,10,4,4,3,3,4,2,5,7,9,3
8,1100,4,0,4,0,10,10,4,4,3,3,4,2,5,7,9,3
8,1100,4,0,4,0,10,10,4,4,3,3,4,2,5,7,5,3
8,1100,4,0,4,0,10,9,4,4,3,3,4,2,5,7,5,3
8,1100,4,0,4,0,10,9,4,4,3,3,4,2,4,7,5,3
8,1100,4,0,4,0,9,9,4,4,3,3,3,2,4,7,5,3
8,1100,4,0,4,0,9,9,4,4,3,3,3,2,4,7,0,3
8,1100,4,0,4,0,9,9,4,4,3,3,3,2,4,7,0,3
8,1100,4,0,4,0,9,9,4,4,3,3,3,2,4,7,0,2
8,1100,4,0,4,0,9,9,4,4,3,3,3,2,4,7,0,2
8,1100,4,0,4,0,9,9,4,4,3,3,3,2,4,7,0,2
8,1100,4,0,4,0,9,8,4,4,3,3,3,2,4,6,0,2
8,1100,4,0,4,0,9,8,4,4,3,3,3,2,4,6,0,2
9,1101,4,0,4,0,9,8,4,4,3,3,3,2,7,7,0,2
9,1101,4,0,4,0,9,8,4,4,3,3,3,2,7,7,0,2
9,1101,4,0,4,0,9,8,4,4,3,3,3,2,7,7,0,2
9,1101,4,0,4,0,9,8,4,4,3,3,3,2,7,7,0,2
9,1101,4,0,4,0,9,8,4,4,3,3,3,2,7,7,0,2
9,1101,4,0,4,0,9,8,4,4,3,3,3,2,7,7,0,2
9,1101,4,0,4,0,9,8,4,4,3,3,3,2,10,7,8,2
9,1101,4,0,4,0,10,9,4,4,3,3,4,3,10,10,8,1
9,1101,4,0,4,0,10,10,4,4,3,3,4,3,10,10,8,2
9,1101,4,0,4,0,10,10,4,4,3,3,4,3,10,10,9,2
9,1101,4,0,4,0,10,10,4,4,3,3,4,3,10,10,9,3
9,1101,4,0,4,0,10,10,4,4,3,3,4,3,10,10,9,3
9,1101,4,0,4,0,10,10,4,4,3,3,4,3,10,10,9,3
9,1101,4,0,4,0,10,10,4,4,3,3,4,3,10,10,5,3
9,1101,4,0,4,0,10,10,4,4,3,3,4,3,10,10,5,3
9,1101,4,0,4,0,10,10,4,4,3,3,4,3,8,10,5,3
9,1101,4,0,4,0,9,10,4,4,3,3,3,3,8,10,5,3
9,1101,4,0,4,0,9,8,4,3,3,2,3,3,8,9,0,2
9,1101,4,0,4,0,9,8,4,2,3,2,3,3,8,9,0,2
9,1101,4,0,4,0,9,8,4,2,3,2,3,3,8,9,0,1
9,1101,4,0,4,0,9,8,4,2,3,2,3,3,8,9,0,1
9,1101,4,0,4,0,9,8,4,2,3,2,3,3,8,9,0,1
9,1101,4,0,4,0,9,8,4,2,3,2,3,3,8,9,0,1
9,1101,4,0,4,0,9,8,4,2,3,2,3,3,7,9,0,1
10,1102,4,0,4,0,9,8,4,2,3,2,3,3,7,9,0,1
10,1102,4,0,4,0,9,8,4,2,3,2,3,3,7,9,0,1
10,1102,4,0,4,0,9,8,4,2,3,2,3,3,7,9,0,1
10,1102,4,0,4,0,9,8,4,2,3,2,3,3,7,9,0,1
10,1102,4,0,4,0,9,8,4,2,3,2,3,3,7,9,0,1
10,1102,4,0,4,0,9,8,4,2,3,2,3,3,7,9,0,1
10,1102,4,0,4,0,9,8,4,2,3,2,3,3,8,9,8,1
10,1102,4,0,4,0,10,9,4,3,3,2,4,3,8,8,8,0
10,1102,4,0,4,0,10,10,4,3,3,2,4,3,8,8,8,0
10,1102,4,0,4,0,10,10,4,3,3,2,4,3,8,8,9,0
10,1102,4,0,4,0,10,10,4,3,3,2,4,3,8,8,9,0
10,1102,4,0,4,0,10,10,4,3,3,2,4,3,8,8,9,0
10,1102,4,0,4,0,10,10,4,3,3,2,4,3,8,7,9,0
10,1102,4,0,4,0,10,10,4,3,3,2,4,3,8,7,5,0
10,1102,4,0,4,0,10,10,4,3,3,2,4,3,8,7,5,0
10,1102,4,0,4,0,10,10,4,3,3,2,4,3,8,7,5,0
10,1102,4,0,4,0,9,9,4,3,3,2,3,3,8,7,5,0
10,1102,4,0,4,0,9,9,4,3,3,2,3,3,8,7,0,0
10,1102,4,0,4,0,9,9,4,3,3,2,3,3,8,7,0,0
10,1102,4,0,4,0,9,9,4,3,3,2,3,3,8,7,0,0
10,1102,4,0,4,0,9,9,4,3,3,2,3,3,8,7,0,0
10,1102,4,0,4,0,9,9,4,3,3,2,3,3,8,7,0,0
10,1102,4,0,4,0,9,9,4,3,3,2,3,3,8,7,0,0
10,1102,4,0,4,0,9,9,4,3,3,2,3,3,7,7,0,0
11,1103,4,0,4,0,9,9,4,3,3,2,3,3,7,7,0,0
11,1103,4,0,4,0,9,9,4,3,3,2,3,3,7,7,0,0
11,1103,4,0,4,0,9,9,4,3,3,2,3,3,7,7,0,0
11,1103,4,0,4,0,9,9,4,3,3,2,3,3,7,7,0,0
11,1103,4,0,4,0,9,9,4,3,3,2,3,3,7,7,0,0
11,1103,4,0,4,0,9,9,4,3,3,2,3,3,7,7,0,0
11,1103,4,0,4,0,9,9,4,3,3,2,3,3,8,7,8,0
11,1103,4,0,4,0,10,9,4,4,3,3,4,4,8,8,8,0
11,1103,4,0,4,0,10,10,4,4,3,3,4,4,8,8,8,1
11,1103,4,0,4,0,10,10,4,4,3,3,4,4,8,8,9,1
11,1103,4,0,4,0,10,10,4,4,3,3,4,4,8,8,9,1
11,1103,4,0,4,0,10,10,4,4,3,3,4,4,8,9,9,1
11,1103,4,0,4,0,10,10,4,4,3,3,4,4,8,9,9,1
11,1103,4,0,4,0,10,10,4,4,3,3,4,4,8,9,5,1
11,1103,4,0,4,0,10,10,4,4,3,3,4,4,8,9,5,1
11,1103,4,0,4,0,10,9,4,4,3,3,4,4,8,7,5,0
11,1103,4,0,4,0,9,9,4,4,3,3,3,4,8,7,5,0
11,1103,4,0,4,0,9,9,4,4,3,2,3,4,8,7,0,0
11,1103,4,0,4,0,9,9,4,4,3,2,3,4,8,7,0,0
11,1103,4,0,4,0,9,9,4,4,3,2,3,4,8,7,0,0
11,1103,4,0,4,0,9,9,4,4,3,2,3,4,8,7,0,0
11,1103,4,0,4,0,9,9,4,4,3,2,3,4,8,7,0,0
11,1103,4,0,4,0,9,9,4,4,3,2,3,4,8,7,0,0
11,1103,4,0,4,0,9,9,4,4,3,2,3,4,7,7,0,0
12,1104,4,0,3,0,8,9,3,4,2,2,2,4,7,7,0,0
12,1104,4,0,3,0,8,9,3,4,2,2,2,4,7,7,0,0
12,1104,4,0,3,0,8,9,3,4,2,2,2,4,7,7,0,0
12,1104,4,0,3,0,8,9,3,4,2,2,2,4,7,7,0,0
12,1104,4,0,3,0,8,9,3,4,2,2,2,4,7,7,0,0
12,1104,4,0,3,0,8,9,3,4,2,2,2,4,7,7,0,0
12,1104,4,0,3,0,8,9,3,4,2,2,3,4,10,7,0,0
12,1104,4,0,3,0,8,9,3,3,2,2,3,4,10,7,0,0
12,1104,4,0,3,0,8,8,3,3,2,2,3,4,10,6,0,0
12,1104,4,0,3,0,8,8,3,3,2,2,3,4,10,6,0,0
12,1104,4,0,3,0,8,8,3,3,2,2,3,4,10,6,0,0
12,1104,4,0,3,0,8,8,3,3,2,2,3,4,10,6,0,0
12,1104,4,0,3,0,8,8,3,3,2,2,3,4,10,6,0,0
12,1104,4,0,3,0,8,8,3,3,2,2,3,4,10,6,0,0
12,1104,4,0,3,0,8,8,3,3,2,2,3,4,10,6,0,0
12,1104,4,0,3,0,8,8,3,3,2,2,2,4,8,6,0,0
12,1104,4,0,3,0,8,8,3,3,2,2,2,4,8,6,0,0
12,1104,4,0,3,0,8,7,3,3,2,2,2,4,8,6,0,0
12,1104,4,0,3,0,8,7,3,3,2,2,2,4,8,6,0,0
12,1104,4,0,3,0,8,7,3,3,2,2,2,4,8,6,0,0
12,1104,4,0,3,0,8,7,3,3,2,2,2,4,8,6,0,0
12,1104,4,0,3,0,8,7,3,3,2,2,2,3,8,6,0,0
12,1104,4,0,3,0,8,7,3,3,2,2,2,3,8,6,0,0
12,1104,4,0,3,0,8,7,3,3,2,2,2,3,7,6,0,0
13,1105,4,0,3,0,8,7,3,3,2,2,2,3,4,6,0,0
13,1105,4,0,3,0,8,7,3,3,2,2,2,3,4,6,0,0
13,1105,4,0,3,0,8,7,3,3,2,2,2,3,4,6,0,0
13,1105,4,0,3,0,8,7,3,3,2,2,2,3,4,6,0,0
13,1105,4,0,3,0,8,7,3,3,2,2,2,3,4,6,0,0
13,1105,4,0,3,0,8,7,3,3,2,2,2,3,4,6,0,0
13,1105,4,0,3,0,8,7,3,3,2,2,3,3,4,6,0,0
13,1105,4,0,3,0,8,7,3,3,2,2,3,2,5,6,0,0
13,1105,4,0,3,0,8,7,3,3,2,2,3,2,5,6,0,0
13,1105,4,0,3,0,8,7,3,3,2,2,3,2,5,6,0,0
13,1105,4,0,3,0,8,7,3,3,2,2,3,2,5,6,0,0
13,1105,4,0,3,0,8,7,3,3,2,2,3,2,5,6,0,0
13,1105,4,0,3,0,8,7,3,3,2,2,3,2,5,6,0,0
13,1105,4,0,3,0,8,7,3,3,2,2,3,2,5,6,0,0
13,1105,4,0,3,0,8,7,3,3,2,2,3,2,5,6,0,0
13,1105,4,0,3,0,8,7,3,3,2,2,2,2,4,6,0,0
13,1105,4,0,3,0,8,7,3,3,2,2,2,2,4,6,0,0
13,1105,4,0,3,0,8,7,3,3,2,2,2,2,4,6,0,0
13,1105,4,0,3,0,8,7,3,3,2,2,2,2,4,6,0,0
13,1105,4,0,3,0,8,7,3,3,2,2,2,2,4,6,0,0
13,1105,4,0,3,0,8,7,3,3,2,2,2,2,4,6,0,0
13,1105,4,0,3,0,8,7,3,3,2,2,2,2,4,6,0,0
13,1105,4,0,3,0,8,7,3,3,2,2,2,2,4,6,0,0
13,1105,4,0,3,0,8,7,3,3,2,2,2,2,4,6,0,0
14,1106,4,0,4,0,9,7,4,3,3,2,3,2,7,6,0,0
14,1106,4,0,4,0,9,7,4,3,3,2,3,2,7,6,0,0
14,1106,4,0,4,0,9,7,4,3,3,2,3,2,7,6,0,0
14,1106,4,0,4,0,9,7,4,3,3,2,3,2,7,6,0,0
14,1106,4,0,4,0,9,7,4,3,3,2,3,2,7,6,0,0
14,1106,4,0,4,0,9,7,4,3,3,2,3,2,7,6,0,0
14,1106,4,0,4,0,9,7,4,3,3,2,3,2,8,6,8,0
14,1106,4,0,4,0,10,7,4,4,3,2,4,3,8,8,8,2
14,1106,4,0,4,0,10,8,4,4,3,2,4,3,8,8,8,2
14,1106,4,0,4,0,10,10,4,4,3,3,4,3,8,8,9,2
14,1106,4,0,4,0,10,10,4,4,3,3,4,3,8,8,9,2
14,1106,4,0,4,0,10,10,4,4,3,3,4,3,8,8,9,2
14,1106,4,0,4,0,10,10,4,4,3,3,4,3,8,8,9,2
14,1106,4,0,4,0,10,7,4,4,3,2,4,3,8,8,5,2
14,1106,4,0,4,0,10,7,4,4,3,2,4,3,8,8,5,2
14,1106,4,0,4,0,10,7,4,4,3,2,4,3,8,8,5,2
14,1106,4,0,4,0,9,7,4,4,3,2,3,3,8,8,5,2
14,1106,4,0,4,0,9,7,4,4,3,2,3,3,8,8,0,2
14,1106,4,0,4,0,9,7,4,4,3,2,3,3,8,8,0,0
14,1106,4,0,4,0,9,7,4,4,3,2,3,3,8,8,0,0
14,1106,4,0,4,0,9,7,4,4,3,2,3,3,8,8,0,0
14,1106,4,0,4,0,9,7,4,4,3,2,3,3,8,8,0,0
14,1106,4,0,4,0,9,7,4,4,3,2,3,3,8,8,0,0
14,1106,4,0,4,0,9,7,4,4,3,2,3,3,7,8,0,0
15,1107,4,0,4,0,9,7,4,4,3,2,3,3,4,8,0,0
15,1107,4,0,4,0,9,7,4,4,3,2,3,3,4,8,0,0
15,1107,4,0,4,0,9,7,4,4,3,2,3,3,4,8,0,0
15,1107,4,0,4,0,9,7,4,4,3,2,3,3,4,8,0,0
15,1107,4,0,4,0,9,7,4,4,3,2,3,3,4,8,0,0
15,1107,4,0,4,0,9,7,4,4,3,2,3,3,4,8,0,0
15,1107,4,0,4,0,9,7,4,4,3,2,3,3,4,8,8,0
15,1107,4,0,4,0,10,7,4,4,3,3,4,4,5,7,8,2
15,1107,4,0,4,0,10,8,4,4,3,3,4,4,5,7,8,3
15,1107,4,0,4,0,10,10,4,4,3,3,4,4,5,7,9,4
15,1107,4,0,4,0,10,10,4,4,3,3,4,4,5,7,9,4
15,1107,4,0,4,0,10,10,4,4,3,3,4,4,5,7,9,4
15,1107,4,0,4,0,10,10,4,4,3,3,4,4,5,7,9,4
15,1107,4,0,4,0,10,10,4,4,3,3,4,4,5,7,5,4
15,1107,4,0,4,0,10,10,4,4,3,3,4,4,5,7,5,4
15,1107,4,0,4,0,10,10,4,4,3,3,4,4,4,7,5,3
15,1107,4,0,4,0,9,10,4,4,3,3,3,4,4,7,5,3
15,1107,4,0,4,0,9,10,4,4,3,3,3,4,4,7,0,3
15,1107,4,0,4,0,9,10,4,4,3,2,3,3,4,7,0,3
15,1107,4,0,4,0,9,10,4,4,3,2,3,3,4,7,0,3
15,1107,4,0,4,0,9,9,4,4,3,2,3,3,4,6,0,3
15,1107,4,0,4,0,9,8,4,4,3,1,3,3,4,6,0,3
15,1107,4,0,4,0,9,8,4,4,3,1,3,3,4,6,0,3
15,1107,4,0,4,0,9,8,4,4,3,1,3,3,4,6,0,3
16,1108,4,0,4,0,9,8,4,4,3,1,3,3,7,7,0,3
16,1108,4,0,4,0,9,8,4,4,3,1,3,3,7,7,0,3
16,1108,4,0,4,0,9,8,4,4,3,1,3,3,7,7,0,3
16,1108,4,0,4,0,9,8,4,4,3,1,3,3,7,7,0,3
16,1108,4,0,4,0,9,8,4,4,3,1,3,3,7,7,0,3
16,1108,4,0,4,0,9,8,4,4,3,1,3,3,7,7,0,3
16,1108,4,0,4,0,9,8,4,4,3,1,3,3,10,7,8,3
16,1108,4,0,4,0,10,7,4,4,3,2,4,4,10,10,8,1
16,1108,4,0,4,0,10,10,4,4,3,2,4,4,10,10,8,1
16,1108,4,0,4,0,10,10,4,4,3,3,4,4,10,11,9,2
16,1108,4,0,4,0,10,10,4,4,3,3,4,4,10,11,9,2
16,1108,4,0,4,0,10,10,4,4,3,3,4,4,10,11,9,2
16,1108,4,0,4,0,10,10,4,4,3,3,4,4,10,11,9,2
16,1108,4,0,4,0,10,10,4,4,3,3,4,4,10,11,5,2
16,1108,4,0,4,0,10,10,4,4,3,2,4,4,10,10,5,1
16,1108,4,0,4,0,10,10,4,4,3,2,4,4,8,10,5,1
16,1108,4,0,4,0,9,10,4,4,3,2,3,4,8,10,5,1
16,1108,4,0,4,0,9,10,4,4,3,2,3,4,8,10,0,1
16,1108,4,0,4,0,9,10,4,4,3,2,3,4,8,10,0,1
16,1108,4,0,4,0,9,10,4,4,3,2,3,4,8,10,0,1
16,1108,4,0,4,0,9,10,4,4,3,2,3,4,8,10,0,1
16,1108,4,0,4,0,9,10,4,4,3,2,3,4,8,9,0,1
16,1108,4,0,4,0,9,10,4,4,3,2,3,4,8,9,0,1
16,1108,4,0,4,0,9,10,4,4,3,2,3,4,7,9,0,1
17,1109,4,0,4,0,9,10,4,4,3,2,3,4,7,9,0,1
17,1109,4,0,4,0,9,10,4,4,3,2,3,4,7,9,0,1
17,1109,4,0,4,0,9,10,4,4,3,2,3,4,7,9,0,1
17,1109,4,0,4,0,9,10,4,4,3,2,3,4,7,9,0,1
17,1109,4,0,4,0,9,10,4,4,3,2,3,4,7,9,0,1
17,1109,4,0,4,0,9,10,4,4,3,2,3,4,7,9,0,1
17,1109,4,0,4,0,9,10,4,4,3,2,3,4,8,9,8,1
17,1109,4,0,4,0,10,8,4,4,3,3,4,3,8,9,8,1
17,1109,4,0,4,0,10,10,4,4,3,3,4,3,8,9,8,1
17,1109,4,0,4,0,10,10,4,4,3,3,4,3,8,9,9,1
17,1109,4,0,4,0,10,10,4,4,3,2,4,3,8,9,9,1
17,1109,4,0,4,0,10,10,4,4,3,2,4,3,8,9,9,1
17,1109,4,0,4,0,10,10,4,4,3,2,4,3,8,9,9,1
17,1109,4,0,4,0,10,10,4,4,3,2,4,3,8,9,5,1
17,1109,4,0,4,0,10,10,4,4,3,2,4,3,8,9,5,1
17,1109,4,0,4,0,10,10,4,4,3,2,4,3,8,9,5,1
17,1109,4,0,4,0,9,10,4,4,3,2,3,3,8,9,5,1
17,1109,4,0,4,0,9,10,4,4,3,2,3,3,8,9,0,1
17,1109,4,0,4,0,9,9,4,4,3,2,3,3,8,9,0,1
17,1109,4,0,4,0,9,9,4,4,3,2,3,3,8,9,0,1
17,1109,4,0,4,0,9,9,4,4,3,2,3,3,8,9,0,1
17,1109,4,0,4,0,9,8,4,4,3,2,3,3,8,9,0,1
17,1109,4,0,4,0,9,8,4,4,3,2,3,3,8,8,0,1
17,1109,4,0,4,0,9,8,4,4,3,2,3,3,7,8,0,1
18,1110,4,0,4,0,9,8,4,4,3,2,3,3,7,8,0,1
18,1110,4,0,4,0,9,8,4,4,3,2,3,3,7,8,0,1
18,1110,4,0,4,0,9,8,4,4,3,2,3,3,7,8,0,1
18,1110,4,0,4,0,9,8,4,4,3,2,3,3,7,8,0,1
18,1110,4,0,4,0,9,8,4,4,3,2,3,3,7,8,0,1
18,1110,4,0,4,0,9,8,4,4,3,2,3,3,7,8,0,1
18,1110,4,0,4,0,9,8,4,4,3,2,3,3,8,8,8,1
18,1110,4,0,4,0,10,7,4,4,3,3,4,4,8,8,8,2
18,1110,4,0,4,0,10,10,4,4,3,3,4,4,8,8,8,2
18,1110,4,0,4,0,10,10,4,4,3,2,4,4,8,8,9,3
18,1110,4,0,4,0,10,10,4,4,3,3,4,4,8,8,9,3
18,1110,4,0,4,0,10,10,4,4,3,3,4,4,8,8,9,3
18,1110,4,0,4,0,10,10,4,4,3,2,4,4,8,8,9,3
18,1110,4,0,4,0,10,10,4,4,3,2,4,4,8,7,5,2
18,1110,4,0,4,0,10,10,4,4,3,2,4,4,8,7,5,2
18,1110,4,0,4,0,10,9,4,4,3,2,4,4,8,7,5,2
18,1110,4,0,4,0,9,9,4,4,3,2,3,4,8,7,5,2
18,1110,4,0,4,0,9,9,4,4,3,1,3,4,8,7,0,2
18,1110,4,0,4,0,9,9,4,4,3,1,3,4,8,7,0,2
18,1110,4,0,4,0,9,9,4,4,3,1,3,4,8,7,0,2
18,1110,4,0,4,0,9,9,4,4,3,1,3,4,8,7,0,2
18,1110,4,0,4,0,9,9,4,4,3,1,3,4,8,7,0,2
18,1110,4,0,4,0,9,9,4,4,3,1,3,4,8,7,0,1
18,1110,4,0,4,0,9,9,4,4,3,1,3,4,7,7,0,1
19,1111,4,0,3,0,8,9,3,4,2,1,2,4,7,7,0,1
19,1111,4,0,3,0,8,9,3,4,2,1,2,4,7,7,0,1
19,1111,4,0,3,0,8,9,3,4,2,1,2,4,7,7,0,1
19,1111,4,0,3,0,8,9,3,4,2,1,2,4,7,7,0,1
19,1111,4,0,3,0,8,9,3,4,2,1,2,4,7,7,0,1
19,1111,4,0,3,0,8,9,3,4,2,1,2,4,7,7,0,1
19,1111,4,0,3,0,8,9,3,4,2,1,3,4,10,7,0,1
19,1111,4,0,3,0,8,7,3,4,2,1,3,3,10,7,0,0
19,1111,4,0,3,0,8,7,3,4,2,1,3,3,10,7,0,0
19,1111,4,0,3,0,8,7,3,4,2,1,3,3,10,7,0,0
19,1111,4,0,3,0,8,7,3,4,2,1,3,3,10,7,0,0
19,1111,4,0,3,0,8,7,3,4,2,1,3,3,10,7,0,0
19,1111,4,0,3,0,8,7,3,4,2,1,3,3,10,7,0,0
19,1111,4,0,3,0,8,7,3,4,2,1,3,3,10,6,0,0
19,1111,4,0,3,0,8,7,3,4,2,1,3,3,10,6,0,0
19,1111,4,0,3,0,8,7,3,4,2,1,2,3,8,6,0,0
19,1111,4,0,3,0,8,7,3,4,2,1,2,3,8,6,0,0
19,1111,4,0,3,0,8,7,3,4,2,1,2,3,8,6,0,0
19,1111,4,0,3,0,8,7,3,4,2,1,2,3,8,6,0,0
19,1111,4,0,3,0,8,7,3,4,2,1,2,3,8,6,0,0
19,1111,4,0,3,0,8,7,3,4,2,1,2,3,8,6,0,0
19,1111,4,0,3,0,8,7,3,4,2,1,2,3,8,6,0,0
19,1111,4,0,3,0,8,7,3,4,2,1,2,2,8,6,0,0
19,1111,4,0,3,0,8,7,3,4,2,1,2,2,7,6,0,0
20,1112,4,0,3,0,8,7,3,4,2,1,2,2,4,6,0,0
20,1112,4,0,3,0,8,7,3,4,2,1,2,2,4,6,0,0
20,1112,4,0,3,0,8,7,3,4,2,1,2,2,4,6,0,0
20,1112,4,0,3,0,8,7,3,4,2,1,2,2,4,6,0,0
20,1112,4,0,3,0,8,7,3,4,2,1,2,2,4,6,0,0
20,1112,4,0,3,0,8,7,3,4,2,1,2,2,4,6,0,0
20,1112,4,0,3,0,8,7,3,4,2,1,3,2,4,6,0,0
20,1112,4,0,3,0,8,7,3,4,2,1,3,2,5,6,0,0
20,1112,4,0,3,0,8,7,3,4,2,1,3,2,5,6,0,0
20,1112,4,0,3,0,8,7,3,4,2,1,3,2,5,6,0,0
20,1112,4,0,3,0,8,7,3,4,2,1,3,2,5,6,0,0
20,1112,4,0,3,0,8,7,3,4,2,1,3,2,5,6,0,0
20,1112,4,0,3,0,8,7,3,4,2,1,3,2,5,6,0,0
20,1112,4,0,3,0,8,7,3,4,2,1,3,2,5,6,0,0
20,1112,4,0,3,0,8,7,3,4,2,1,3,2,5,6,0,0
20,1112,4,0,3,0,8,7,3,4,2,1,2,2,4,6,0,0
20,1112,4,0,3,0,8,7,3,4,2,1,2,2,4,6,0,0
20,1112,4,0,3,0,8,7,3,3,2,1,2,2,4,6,0,0
20,1112,4,0,3,0,8,7,3,2,2,1,2,2,4,6,0,0
20,1112,4,0,3,0,8,7,3,2,2,1,2,2,4,6,0,0
20,1112,4,0,3,0,8,7,3,2,2,1,2,1,4,6,0,0
20,1112,4,0,3,0,8,7,3,2,2,1,2,1,4,6,0,0
20,1112,4,0,3,0,8,7,3,2,2,1,2,1,4,6,0,0
20,1112,4,0,3,0,8,7,3,2,2,1,2,1,4,6,0,0
21,1113,4,0,4,0,9,7,4,2,3,1,3,1,7,6,0,0
21,1113,4,0,4,0,9,7,4,2,3,1,3,1,7,6,0,0
21,1113,4,0,4,0,9,7,4,2,3,1,3,1,7,6,0,0
21,1113,4,0,4,0,9,7,4,2,3,1,3,1,7,6,0,0
21,1113,4,0,4,0,9,7,4,2,3,1,3,1,7,6,0,0
21,1113,4,0,4,0,9,7,4,2,3,1,3,1,7,6,0,0
21,1113,4,0,4,0,9,7,4,2,3,1,3,1,8,6,8,0
21,1113,4,0,4,0,10,9,4,4,3,2,4,1,8,8,8,1
21,1113,4,0,4,0,10,9,4,4,3,3,4,1,8,7,8,1
21,1113,4,0,4,0,10,10,4,4,3,2,4,1,8,8,9,1
21,1113,4,0,4,0,10,10,4,4,3,3,4,1,8,8,9,1
21,1113,4,0,4,0,10,10,4,4,3,3,4,1,8,8,9,1
21,1113,4,0,4,0,10,10,4,4,3,3,4,1,8,8,9,1
21,1113,4,0,4,0,10,9,4,4,3,3,4,1,8,7,5,1
21,1113,4,0,4,0,10,9,4,4,3,3,4,1,8,7,5,1
21,1113,4,0,4,0,10,9,4,4,3,3,4,1,8,8,5,1
21,1113,4,0,4,0,9,9,4,4,3,3,3,1,8,8,5,1
21,1113,4,0,4,0,9,9,4,4,3,3,3,1,8,8,0,1
21,1113,4,0,4,0,9,8,4,4,3,3,3,1,8,7,0,0
21,1113,4,0,4,0,9,8,4,4,3,2,3,1,8,7,0,0
21,1113,4,0,4,0,9,8,4,3,3,2,3,1,8,7,0,0
21,1113,4,0,4,0,9,8,4,3,3,2,3,1,8,7,0,0
21,1113,4,0,4,0,9,8,4,3,3,2,3,1,8,7,0,0
21,1113,4,0,4,0,9,8,4,3,3,2,3,1,7,7,0,0
22,1114,4,0,4,0,9,8,4,3,3,2,3,1,4,7,0,0
22,1114,4,0,4,0,9,8,4,3,3,2,3,1,4,7,0,0
22,1114,4,0,4,0,9,8,4,3,3,2,3,1,4,7,0,0
22,1114,4,0,4,0,9,8,4,3,3,2,3,1,4,7,0,0
22,1114,4,0,4,0,9,8,4,3,3,2,3,1,4,7,0,0
22,1114,4,0,4,0,9,8,4,3,3,2,3,1,4,7,0,0
22,1114,4,0,4,0,9,8,4,3,3,2,3,1,4,7,8,0
22,1114,4,0,4,0,10,9,4,4,3,3,4,2,5,7,8,5
22,1114,4,0,4,0,10,10,4,4,3,3,4,2,5,7,8,6
22,1114,4,0,4,0,10,10,4,4,3,2,4,2,5,7,9,7
22,1114,4,0,4,0,10,10,4,4,3,2,4,2,5,7,9,8
22,1114,4,0,4,0,10,10,4,4,3,2,4,2,5,7,9,8
22,1114,4,0,4,0,10,10,4,4,3,2,4,2,5,7,9,8
22,1114,4,0,4,0,10,10,4,4,3,2,4,2,5,7,5,8
22,1114,4,0,4,0,10,10,4,4,3,3,4,2,5,7,5,8
22,1114,4,0,4,0,10,10,4,4,3,3,4,2,4,7,5,6
22,1114,4,0,4,0,9,10,4,4,3,3,3,2,4,7,5,6
22,1114,4,0,4,0,9,10,4,4,3,3,3,2,4,7,0,6
22,1114,4,0,4,0,9,10,4,4,3,3,3,2,4,7,0,6
22,1114,4,0,4,0,9,10,4,4,3,3,3,2,4,7,0,6
22,1114,4,0,4,0,9,10,4,4,3,3,3,2,4,7,0,6
22,1114,4,0,4,0,9,10,4,4,3,3,3,2,4,7,0,6
22,1114,4,0,4,0,9,10,4,4,3,3,3,2,4,7,0,5
22,1114,4,0,4,0,9,10,4,4,3,3,3,2,4,7,0,5
23,1115,4,0,4,0,9,10,4,4,3,3,3,2,7,7,0,5
23,1115,4,0,4,0,9,10,4,4,3,3,3,2,7,7,0,5
23,1115,4,0,4,0,9,10,4,4,3,3,3,2,7,7,0,5
23,1115,4,0,4,0,9,10,4,4,3,3,3,2,7,7,0,5
23,1115,4,0,4,0,9,10,4,4,3,3,3,2,7,8,0,5
23,1115,4,0,4,0,9,10,4,4,3,3,3,2,7,8,0,5
23,1115,4,0,4,0,9,10,4,4,3,3,3,2,10,10,8,5
23,1115,4,0,4,0,10,9,4,3,3,3,4,3,10,10,8,5
23,1115,4,0,4,0,10,10,4,3,3,3,4,3,10,10,8,5
23,1115,4,0,4,0,10,10,4,4,3,3,4,3,10,10,9,5
23,1115,4,0,4,0,10,10,4,4,3,3,4,3,10,10,9,5
23,1115,4,0,4,0,10,10,4,4,3,3,4,3,10,10,9,5
23,1115,4,0,4,0,10,10,4,4,3,3,4,3,10,9,9,3
23,1115,4,0,4,0,10,10,4,4,3,3,4,3,10,7,5,1
23,1115,4,0,4,0,10,10,4,4,3,3,4,3,10,6,5,0
23,1115,4,0,4,0,10,10,4,4,3,3,4,3,8,6,5,0
23,1115,4,0,4,0,9,10,4,3,3,2,3,3,8,6,5,0
23,1115,4,0,4,0,9,10,4,3,3,2,3,3,8,6,0,0
23,1115,4,0,4,0,9,10,4,3,3,2,3,3,8,6,0,0
23,1115,4,0,4,0,9,10,4,3,3,2,3,3,8,6,0,0
23,1115,4,0,4,0,9,10,4,3,3,2,3,3,8,6,0,0
23,1115,4,0,4,0,9,10,4,3,3,2,3,3,8,6,0,0
23,1115,4,0,4,0,9,10,4,3,3,2,3,3,8,6,0,0
23,1115,4,0,4,0,9,10,4,3,3,2,3,3,7,6,0,0
24,1116,4,0,4,0,9,10,4,3,3,2,3,3,7,6,0,0
24,1116,4,0,4,0,9,10,4,3,3,2,3,3,7,6,0,0
24,1116,4,0,4,0,9,10,4,3,3,2,3,3,7,6,0,0
24,1116,4,0,4,0,9,10,4,3,3,2,3,3,7,6,0,0
24,1116,4,0,4,0,9,10,4,3,3,2,3,3,7,6,0,0
24,1116,4,0,4,0,9,10,4,3,3,2,3,3,7,6,0,0
24,1116,4,0,4,0,9,10,4,3,3,2,3,3,8,6,8,0
24,1116,4,0,4,0,10,10,4,4,3,2,4,3,8,8,8,0
24,1116,4,0,4,0,10,10,4,4,3,2,4,3,8,8,8,0
24,1116,4,0,4,0,10,10,4,4,3,2,4,3,8,8,9,0
24,1116,4,0,4,0,10,10,4,4,3,2,4,3,8,8,9,0
24,1116,4,0,4,0,10,10,4,4,3,2,4,3,8,8,9,0
24,1116,4,0,4,0,10,10,4,4,3,2,4,3,8,8,9,0
24,1116,4,0,4,0,10,10,4,4,3,2,4,3,8,8,5,0
24,1116,4,0,4,0,10,9,4,4,3,2,4,3,8,8,5,0
24,1116,4,0,4,0,10,9,4,4,3,2,4,3,8,8,5,0
24,1116,4,0,4,0,9,9,4,4,3,2,3,3,8,8,5,0
24,1116,4,0,4,0,9,9,4,4,3,2,3,3,8,8,0,0
24,1116,4,0,4,0,9,9,4,4,3,2,3,3,8,8,0,0
24,1116,4,0,4,0,9,9,4,4,3,2,3,3,8,8,0,0
24,1116,4,0,4,0,9,8,4,4,3,2,3,3,8,8,0,0
24,1116,4,0,4,0,9,7,4,4,3,2,3,3,8,8,0,0
24,1116,4,0,4,0,9,7,4,4,3,2,3,3,8,8,0,0
24,1116,4,0,4,0,9,7,4,4,3,2,3,3,7,8,0,0
25,1117,4,0,4,0,9,7,4,4,3,2,3,3,7,8,0,0
25,1117,4,0,4,0,9,7,4,4,3,2,3,3,7,8,0,0
25,1117,4,0,4,0,9,7,4,4,3,2,3,3,7,8,0,0
25,1117,4,0,4,0,9,7,4,4,3,2,3,3,7,8,0,0
25,1117,4,0,4,0,9,7,4,4,3,2,3,3,7,8,0,0
25,1117,4,0,4,0,9,7,4,4,3,2,3,3,7,8,0,0
25,1117,4,0,4,0,9,7,4,4,3,2,3,3,8,8,8,0
25,1117,4,0,4,0,10,8,4,4,3,2,4,4,8,8,8,1
25,1117,4,0,4,0,10,10,4,4,3,3,4,4,8,8,8,1
25,1117,4,0,4,0,10,10,4,4,3,3,4,4,8,8,9,2
25,1117,4,0,4,0,10,10,4,4,3,3,4,4,8,8,9,3
25,1117,4,0,4,0,10,10,4,4,3,3,4,4,8,8,9,4
25,1117,4,0,4,0,10,10,4,4,3,3,4,4,8,8,9,3
25,1117,4,0,4,0,10,10,4,4,3,2,4,4,8,8,5,3
25,1117,4,0,4,0,10,10,4,4,3,3,4,4,8,8,5,3
25,1117,4,0,4,0,10,10,4,4,3,2,4,4,8,8,5,1
25,1117,4,0,4,0,9,10,4,4,3,2,3,4,8,8,5,1
25,1117,4,0,4,0,9,10,4,4,3,2,3,4,8,8,0,1
25,1117,4,0,4,0,9,10,4,4,3,2,3,4,8,8,0,1
25,1117,4,0,4,0,9,10,4,4,3,2,3,4,8,8,0,1
25,1117,4,0,4,0,9,10,4,3,3,1,3,4,8,8,0,1
25,1117,4,0,4,0,9,10,4,3,3,1,3,4,8,8,0,1
25,1117,4,0,4,0,9,10,4,2,3,1,3,4,8,8,0,1
25,1117,4,0,4,0,9,10,4,2,3,1,3,4,7,8,0,1
26,1118,4,0,3,0,8,10,3,2,2,1,2,4,7,8,0,1
26,1118,4,0,3,0,8,10,3,2,2,1,2,4,7,8,0,1
26,1118,4,0,3,0,8,10,3,2,2,1,2,4,7,8,0,1
26,1118,4,0,3,0,8,10,3,2,2,1,2,4,7,8,0,1
26,1118,4,0,3,0,8,10,3,2,2,1,2,4,7,8,0,1
26,1118,4,0,3,0,8,10,3,2,2,1,2,4,7,8,0,1
26,1118,4,0,3,0,8,10,3,2,2,1,3,4,10,8,0,1
26,1118,4,0,3,0,8,9,3,2,2,1,3,3,10,7,0,0
26,1118,4,0,3,0,8,9,3,2,2,1,3,3,10,7,0,0
26,1118,4,0,3,0,8,9,3,2,2,1,3,3,10,7,0,0
26,1118,4,0,3,0,8,9,3,2,2,1,3,3,10,7,0,0
26,1118,4,0,3,0,8,9,3,2,2,1,3,3,10,7,0,0
26,1118,4,0,3,0,8,8,3,2,2,1,3,3,10,7,0,0
26,1118,4,0,3,0,8,8,3,2,2,1,3,3,10,7,0,0
26,1118,4,0,3,0,8,8,3,2,2,1,3,3,10,7,0,0
26,1118,4,0,3,0,8,8,3,2,2,1,2,3,8,7,0,0
26,1118,4,0,3,0,8,8,3,2,2,1,2,3,8,7,0,0
26,1118,4,0,3,0,8,8,3,2,2,1,2,3,8,7,0,0
26,1118,4,0,3,0,8,8,3,2,2,1,2,3,8,7,0,0
26,1118,4,0,3,0,8,8,3,2,2,1,2,3,8,7,0,0
26,1118,4,0,3,0,8,8,3,2,2,1,2,3,8,7,0,0
26,1118,4,0,3,0,8,8,3,2,2,1,2,3,8,7,0,0
26,1118,4,0,3,0,8,8,3,2,2,1,2,3,8,7,0,0
26,1118,4,0,3,0,8,8,3,2,2,1,2,3,7,7,0,0
27,1119,4,0,3,0,8,8,3,2,2,1,2,3,4,7,0,0
27,1119,4,0,3,0,8,8,3,2,2,1,2,3,4,7,0,0
27,1119,4,0,3,0,8,8,3,2,2,1,2,3,4,7,0,0
27,1119,4,0,3,0,8,8,3,2,2,1,2,3,4,7,0,0
27,1119,4,0,3,0,8,8,3,2,2,1,2,3,4,7,0,0
27,1119,4,0,3,0,8,8,3,2,2,1,2,3,4,7,0,0
27,1119,4,0,3,0,8,8,3,2,2,1,3,3,4,7,0,0
27,1119,4,0,3,0,8,7,3,2,2,1,3,2,5,7,0,0
27,1119,4,0,3,0,8,7,3,2,2,1,3,2,5,7,0,0
27,1119,4,0,3,0,8,7,3,2,2,1,3,2,5,7,0,0
27,1119,4,0,3,0,8,7,3,2,2,1,3,2,5,7,0,0
27,1119,4,0,3,0,8,7,3,2,2,1,3,2,5,7,0,0
27,1119,4,0,3,0,8,7,3,2,2,1,3,2,5,7,0,0
27,1119,4,0,3,0,8,7,3,2,2,1,3,2,5,7,0,0
27,1119,4,0,3,0,8,7,3,2,2,1,3,2,5,7,0,0
27,1119,4,0,3,0,8,7,3,2,2,1,2,2,4,7,0,0
27,1119,4,0,3,0,8,7,3,2,2,1,2,2,4,7,0,0
27,1119,4,0,3,0,8,7,3,2,2,1,2,2,4,7,0,0
27,1119,4,0,3,0,8,7,3,2,2,1,2,2,4,7,0,0
27,1119,4,0,3,0,8,7,3,2,2,1,2,2,4,7,0,0
27,1119,4,0,3,0,8,7,3,2,2,1,2,2,4,7,0,0
27,1119,4,0,3,0,8,7,3,2,2,1,2,2,4,7,0,0
27,1119,4,0,3,0,8,7,3,2,2,1,2,2,4,7,0,0
27,1119,4,0,3,0,8,7,3,2,2,1,2,2,4,7,0,0
0,1120,4,0,4,0,9,7,4,2,3,1,3,2,7,7,0,0
0,1120,4,0,4,0,9,7,4,2,3,1,3,2,7,7,0,0
0,1120,4,0,4,0,9,7,4,2,3,1,3,2,7,7,0,0
0,1120,4,0,4,0,9,7,4,2,3,1,3,2,7,7,0,0
0,1120,4,0,4,0,9,7,4,2,3,1,3,2,7,7,0,0
0,1120,4,0,4,0,9,7,4,2,3,1,3,2,7,7,0,0
0,1120,4,0,4,0,9,7,4,2,3,1,3,2,8,7,8,0
0,1120,4,0,4,0,10,9,4,4,3,1,4,3,8,8,8,2
0,1120,4,0,4,0,10,10,4,4,3,2,4,3,8,8,8,2
0,1120,4,0,4,0,10,10,4,4,3,2,4,3,8,8,9,2
0,1120,4,0,4,0,10,10,4,4,3,2,4,3,8,8,9,2
0,1120,4,0,4,0,10,10,4,4,3,3,4,3,8,8,9,2
0,1120,4,0,4,0,10,10,4,4,3,3,4,3,8,8,9,2
0,1120,4,0,4,0,10,10,4,4,3,3,4,3,8,8,5,2
0,1120,4,0,4,0,10,9,4,4,3,2,4,3,8,8,5,2
0,1120,4,0,4,0,10,9,4,4,3,2,4,3,8,8,5,1
0,1120,4,0,4,0,9,9,4,4,3,2,3,3,8,8,5,1
0,1120,4,0,4,0,9,9,4,4,3,2,3,3,8,9,0,1
0,1120,4,0,4,0,9,9,4,4,3,2,3,3,8,8,0,0
0,1120,4,0,4,0,9,9,4,4,3,2,3,2,8,8,0,0
0,1120,4,0,4,0,9,9,4,3,3,2,3,1,8,8,0,0
0,1120,4,0,4,0,9,9,4,3,3,2,3,1,8,8,0,0
0,1120,4,0,4,0,9,9,4,3,3,2,3,1,8,8,0,0
0,1120,4,0,4,0,9,9,4,3,3,2,3,1,7,8,0,0
1,1121,4,0,4,0,9,9,4,3,3,2,3,1,4,8,0,0
1,1121,4,0,4,0,9,9,4,3,3,2,3,1,4,8,0,0
1,1121,4,0,4,0,9,9,4,3,3,2,3,1,4,8,0,0
1,1121,4,0,4,0,9,9,4,3,3,2,3,1,4,8,0,0
1,1121,4,0,4,0,9,9,4,3,3,2,3,1,4,8,0,0
1,1121,4,0,4,0,9,9,4,3,3,2,3,1,4,8,0,0
1,1121,4,0,4,0,9,9,4,3,3,2,3,1,4,8,8,0
1,1121,4,0,4,0,10,9,4,4,3,2,4,2,5,8,8,1
1,1121,4,0,4,0,10,10,4,4,3,3,4,2,5,8,8,1
1,1121,4,0,4,0,10,10,4,4,3,3,4,2,5,8,9,2
1,1121,4,0,4,0,10,10,4,4,3,3,4,2,5,8,9,2
1,1121,4,0,4,0,10,10,4,4,3,3,4,2,5,8,9,2
1,1121,4,0,4,0,10,10,4,4,3,3,4,2,5,8,9,2
1,1121,4,0,4,0,10,10,4,4,3,3,4,2,5,8,5,2
1,1121,4,0,4,0,10,10,4,4,3,3,4,2,5,8,5,2
1,1121,4,0,4,0,10,10,4,4,3,3,4,2,4,8,5,2
1,1121,4,0,4,0,9,10,4,4,3,3,3,2,4,8,5,2
1,1121,4,0,4,0,9,10,4,4,3,3,3,2,4,7,0,2
1,1121,4,0,4,0,9,10,4,4,3,2,3,2,4,7,0,2
1,1121,4,0,4,0,9,10,4,4,3,2,3,2,4,7,0,2
1,1121,4,0,4,0,9,9,4,4,3,1,3,1,4,7,0,2
1,1121,4,0,4,0,9,8,4,4,3,1,3,1,4,7,0,2
1,1121,4,0,4,0,9,8,4,4,3,1,3,1,4,7,0,2
1,1121,4,0,4,0,9,8,4,4,3,1,3,1,4,7,0,2
2,1122,4,0,4,0,9,8,4,4,3,1,3,1,7,7,0,2
2,1122,4,0,4,0,9,8,4,4,3,1,3,1,7,7,0,2
2,1122,4,0,4,0,9,8,4,4,3,1,3,1,7,7,0,2
2,1122,4,0,4,0,9,8,4,4,3,1,3,1,7,7,0,2
2,1122,4,0,4,0,9,8,4,4,3,1,3,1,7,7,0,2
2,1122,4,0,4,0,9,8,4,4,3,1,3,1,7,7,0,2
2,1122,4,0,4,0,9,8,4,4,3,1,3,1,10,9,8,2
2,1122,4,0,4,0,10,10,4,4,3,1,4,2,10,9,8,2
2,1122,4,0,4,0,10,10,4,4,3,2,4,2,10,10,8,2
2,1122,4,0,4,0,10,10,4,4,3,2,4,2,10,10,9,2
2,1122,4,0,4,0,10,10,4,4,3,3,4,2,10,11,9,2
2,1122,4,0,4,0,10,10,4,4,3,3,4,2,10,10,9,1
2,1122,4,0,4,0,10,10,4,4,3,3,4,2,10,10,9,1
2,1122,4,0,4,0,10,10,4,4,3,3,4,2,10,10,5,1
2,1122,4,0,4,0,10,10,4,4,3,3,4,2,10,10,5,1
2,1122,4,0,4,0,10,9,4,4,3,3,4,2,8,9,5,0
2,1122,4,0,4,0,9,9,4,4,3,3,3,2,8,9,5,0
2,1122,4,0,4,0,9,8,4,4,3,3,3,2,8,9,0,0
2,1122,4,0,4,0,9,7,4,4,3,3,3,2,8,9,0,0
2,1122,4,0,4,0,9,7,4,4,3,3,3,2,8,9,0,0
2,1122,4,0,4,0,9,7,4,4,3,3,3,2,8,9,0,0
2,1122,4,0,4,0,9,7,4,4,3,3,3,2,8,9,0,0
2,1122,4,0,4,0,9,7,4,4,3,3,3,2,8,8,0,0
2,1122,4,0,4,0,9,7,4,4,3,3,3,2,7,8,0,0
3,1123,4,0,4,0,9,7,4,4,3,3,3,2,7,8,0,0
3,1123,4,0,4,0,9,7,4,4,3,3,3,2,7,8,0,0
3,1123,4,0,4,0,9,7,4,4,3,3,3,2,7,8,0,0
3,1123,4,0,4,0,9,7,4,4,3,3,3,2,7,8,0,0
3,1123,4,0,4,0,9,7,4,4,3,3,3,2,7,8,0,0
3,1123,4,0,4,0,9,7,4,4,3,3,3,2,7,8,0,0
3,1123,4,0,4,0,9,7,4,4,3,3,3,2,8,8,8,0
3,1123,4,0,4,0,10,8,4,4,3,3,4,3,8,8,8,0
3,1123,4,0,4,0,10,9,4,4,3,3,4,3,8,8,8,0
3,1123,4,0,4,0,10,10,4,4,3,2,4,3,8,8,9,0
3,1123,4,0,4,0,10,10,4,4,3,2,4,3,8,8,9,0
3,1123,4,0,4,0,10,10,4,4,3,2,4,3,8,8,9,0
3,1123,4,0,4,0,10,10,4,4,3,2,4,3,8,8,9,0
3,1123,4,0,4,0,10,10,4,4,3,2,4,3,8,8,5,0
3,1123,4,0,4,0,10,10,4,4,3,2,4,3,8,8,5,0
3,1123,4,0,4,0,10,10,4,4,3,2,4,3,8,8,5,0
3,1123,4,0,4,0,9,10,4,4,3,2,3,3,8,8,5,0
3,1123,4,0,4,0,9,10,4,4,3,2,3,3,8,8,0,0
3,1123,4,0,4,0,9,10,4,4,3,2,3,3,8,8,0,0
3,1123,4,0,4,0,9,10,4,4,3,2,3,3,8,8,0,0
3,1123,4,0,4,0,9,10,4,4,3,2,3,3,8,8,0,0
3,1123,4,0,4,0,9,10,4,4,3,2,3,3,8,8,0,0
3,1123,4,0,4,0,9,10,4,4,3,2,3,3,8,8,0,0
3,1123,4,0,4,0,9,10,4,4,3,2,3,3,7,8,0,0
4,1124,4,0,4,0,9,10,4,4,3,2,3,3,7,8,0,0
4,1124,4,0,4,0,9,10,4,4,3,2,3,3,7,8,0,0
4,1124,4,0,4,0,9,10,4,4,3,2,3,3,7,8,0,0
4,1124,4,0,4,0,9,10,4,4,3,2,3,3,7,8,0,0
4,1124,4,0,4,0,9,10,4,4,3,2,3,3,7,8,0,0
4,1124,4,0,4,0,9,10,4,4,3,2,3,3,7,8,0,0
4,1124,4,0,4,0,9,10,4,4,3,2,3,3,8,8,8,0
4,1124,4,0,4,0,10,10,4,4,3,3,4,4,8,8,8,1
4,1124,4,0,4,0,10,10,4,4,3,3,4,4,8,8,8,1
4,1124,4,0,4,0,10,10,4,4,3,3,4,4,8,8,9,1
4,1124,4,0,4,0,10,10,4,4,3,3,4,4,8,8,9,1
4,1124,4,0,4,0,10,9,4,4,3,3,4,4,8,8,9,1
4,1124,4,0,4,0,10,10,4,4,3,3,4,4,8,8,9,1
4,1124,4,0,4,0,10,10,4,4,3,3,4,4,8,8,5,1
4,1124,4,0,4,0,10,10,4,4,3,2,4,4,8,8,5,1
4,1124,4,0,4,0,10,10,4,4,3,2,4,4,8,8,5,1
4,1124,4,0,4,0,9,10,4,4,3,2,3,4,8,8,5,1
4,1124,4,0,4,0,9,9,4,4,3,2,3,4,8,8,0,1
4,1124,4,0,4,0,9,9,4,4,3,2,3,4,8,8,0,1
4,1124,4,0,4,0,9,9,4,4,3,2,3,4,8,8,0,1
4,1124,4,0,4,0,9,9,4,4,3,2,3,4,8,8,0,1
4,1124,4,0,4,0,9,9,4,4,3,2,3,4,8,8,0,1
4,1124,4,0,4,0,9,9,4,4,3,2,3,4,8,8,0,1
4,1124,4,0,4,0,9,9,4,4,3,2,3,4,7,8,0,1
5,1125,4,0,3,0,8,9,3,4,2,2,2,4,7,8,0,1
5,1125,4,0,3,0,8,9,3,4,2,2,2,4,7,8,0,1
5,1125,4,0,3,0,8,9,3,4,2,2,2,4,7,8,0,1
5,1125,4,0,3,0,8,9,3,4,2,2,2,4,7,8,0,1
5,1125,4,0,3,0,8,9,3,4,2,2,2,4,7,8,0,1
5,1125,4,0,3,0,8,9,3,4,2,2,2,4,7,8,0,1
5,1125,4,0,3,0,8,9,3,4,2,2,3,4,10,8,0,1
5,1125,4,0,3,0,8,9,3,4,2,2,3,4,10,7,0,0
5,1125,4,0,3,0,8,8,3,4,2,2,3,4,10,7,0,0
5,1125,4,0,3,0,8,8,3,4,2,2,3,4,10,7,0,0
5,1125,4,0,3,0,8,8,3,4,2,2,3,3,10,7,0,0
5,1125,4,0,3,0,8,8,3,4,2,2,3,3,10,7,0,0
5,1125,4,0,3,0,8,8,3,4,2,2,3,3,10,7,0,0
5,1125,4,0,3,0,8,8,3,4,2,2,3,3,10,7,0,0
5,1125,4,0,3,0,8,6,3,4,2,2,3,3,10,6,0,0
5,1125,4,0,3,0,8,6,3,4,2,2,2,3,8,6,0,0
5,1125,4,0,3,0,8,6,3,4,2,2,2,3,8,6,0,0
5,1125,4,0,3,0,8,6,3,4,2,2,2,3,8,6,0,0
5,1125,4,0,3,0,8,6,3,4,2,2,2,3,8,6,0,0
5,1125,4,0,3,0,8,6,3,4,2,2,2,3,8,6,0,0
5,1125,4,0,3,0,8,6,3,4,2,2,2,3,8,6,0,0
5,1125,4,0,3,0,8,6,3,4,2,2,2,3,8,6,0,0
5,1125,4,0,3,0,8,6,3,4,2,2,2,3,8,6,0,0
5,1125,4,0,3,0,8,6,3,4,2,2,2,3,7,6,0,0
6,1126,4,0,3,0,8,6,3,4,2,2,2,3,4,6,0,0
6,1126,4,0,3,0,8,6,3,4,2,2,2,3,4,6,0,0
6,1126,4,0,3,0,8,6,3,4,2,2,2,3,4,6,0,0
6,1126,4,0,3,0,8,6,3,4,2,2,2,3,4,6,0,0
6,1126,4,0,3,0,8,6,3,4,2,2,2,3,4,6,0,0
6,1126,4,0,3,0,8,6,3,4,2,2,2,3,4,6,0,0
6,1126,4,0,3,0,8,6,3,4,2,2,3,3,4,6,0,0
6,1126,4,0,3,0,8,6,3,3,2,1,3,3,5,5,0,0
6,1126,4,0,3,0,8,6,3,3,2,1,3,3,5,5,0,0
6,1126,4,0,3,0,8,6,3,3,2,1,3,3,5,5,0,0
6,1126,4,0,3,0,8,6,3,3,2,1,3,3,5,5,0,0
6,1126,4,0,3,0,8,6,3,3,2,1,3,3,5,5,0,0
6,1126,4,0,3,0,8,6,3,3,2,1,3,3,5,5,0,0
6,1126,4,0,3,0,8,6,3,3,2,1,3,3,5,5,0,0
6,1126,4,0,3,0,8,6,3,3,2,1,3,3,5,5,0,0
6,1126,4,0,3,0,8,6,3,3,2,1,2,3,4,5,0,0
6,1126,4,0,3,0,8,6,3,3,2,1,2,3,4,5,0,0
6,1126,4,0,3,0,8,6,3,3,2,1,2,3,4,5,0,0
6,1126,4,0,3,0,8,6,3,3,2,1,2,2,4,5,0,0
6,1126,4,0,3,0,8,6,3,3,2,1,2,2,4,5,0,0
6,1126,4,0,3,0,8,6,3,3,2,1,2,2,4,5,0,0
6,1126,4,0,3,0,8,6,3,3,2,1,2,2,4,5,0,0
6,1126,4,0,3,0,8,6,3,3,2,1,2,2,4,5,0,0
6,1126,4,0,3,0,8,6,3,3,2,1,2,2,4,5,0,0
7,1127,4,0,4,0,9,6,4,3,3,1,3,2,7,5,0,0
7,1127,4,0,4,0,9,6,4,3,3,1,3,2,7,5,0,0
7,1127,4,0,4,0,9,6,4,3,3,1,3,2,7,5,0,0
7,1127,4,0,4,0,9,6,4,3,3,1,3,2,7,5,0,0
7,1127,4,0,4,0,9,6,4,3,3,1,3,2,7,5,0,0
7,1127,4,0,4,0,9,6,4,3,3,1,3,2,7,5,0,0
7,1127,4,0,4,0,9,6,4,3,3,1,3,2,8,5,8,0
7,1127,4,0,4,0,10,9,4,4,3,3,4,3,8,6,8,1
7,1127,4,0,4,0,10,9,4,4,3,3,4,3,8,7,8,1
7,1127,4,0,4,0,10,9,4,4,3,3,4,3,8,8,9,1
7,1127,4,0,4,0,10,10,4,4,3,3,4,3,8,8,9,1
7,1127,4,0,4,0,10,10,4,4,3,3,4,3,8,8,9,1
7,1127,4,0,4,0,10,10,4,4,3,3,4,3,8,8,9,1
7,1127,4,0,4,0,10,9,4,4,3,3,4,3,8,8,5,1
7,1127,4,0,4,0,10,9,4,4,3,2,4,3,8,8,5,1
7,1127,4,0,4,0,10,9,4,4,3,2,4,3,8,8,5,1
7,1127,4,0,4,0,9,9,4,4,3,2,3,3,8,8,5,1
7,1127,4,0,4,0,9,9,4,4,3,2,3,3,8,8,0,1
7,1127,4,0,4,0,9,9,4,4,3,2,3,3,8,8,0,1
7,1127,4,0,4,0,9,9,4,4,3,2,3,3,8,8,0,0
7,1127,4,0,4,0,9,9,4,3,3,2,3,3,8,8,0,0
7,1127,4,0,4,0,9,9,4,3,3,2,3,3,8,8,0,0
7,1127,4,0,4,0,9,9,4,3,3,2,3,3,8,8,0,0
7,1127,4,0,4,0,9,9,4,3,3,2,3,3,7,8,0,0
8,1128,4,0,4,0,9,9,4,3,3,2,3,3,4,8,0,0
8,1128,4,0,4,0,9,9,4,3,3,2,3,3,4,8,0,0
8,1128,4,0,4,0,9,9,4,3,3,2,3,3,4,8,0,0
8,1128,4,0,4,0,9,9,4,3,3,2,3,3,4,8,0,0
8,1128,4,0,4,0,9,9,4,3,3,2,3,3,4,8,0,0
8,1128,4,0,4,0,9,9,4,3,3,2,3,3,4,8,0,0
8,1128,4,0,4,0,9,9,4,3,3,2,3,3,4,8,8,0
8,1128,4,0,4,0,10,9,4,4,3,3,4,3,5,7,8,2
8,1128,4,0,4,0,10,9,4,4,3,3,4,3,5,7,8,3
8,1128,4,0,4,0,10,10,4,4,3,3,4,3,5,7,9,3
8,1128,4,0,4,0,10,10,4,4,3,3,4,3,5,7,9,3
8,1128,4,0,4,0,10,10,4,4,3,3,4,3,5,7,9,3
8,1128,4,0,4,0,10,10,4,4,3,3,4,3,5,7,9,3
8,1128,4,0,4,0,10,10,4,4,3,3,4,3,5,7,5,3
8,1128,4,0,4,0,10,10,4,4,3,3,4,3,5,7,5,3
8,1128,4,0,4,0,10,10,4,4,3,1,4,3,4,7,5,3
8,1128,4,0,4,0,9,10,4,4,3,1,3,3,4,6,5,3
8,1128,4,0,4,0,9,10,4,4,3,1,3,3,4,6,0,3
8,1128,4,0,4,0,9,9,4,3,3,1,3,3,4,6,0,3
8,1128,4,0,4,0,9,9,4,3,3,1,3,3,4,6,0,3
8,1128,4,0,4,0,9,9,4,3,3,1,3,3,4,6,0,3
8,1128,4,0,4,0,9,9,4,3,3,1,3,3,4,6,0,3
8,1128,4,0,4,0,9,8,4,3,3,1,3,3,4,6,0,3
8,1128,4,0,4,0,9,8,4,3,3,1,3,3,4,6,0,3
9,1129,4,0,4,0,9,8,4,3,3,1,3,3,7,7,0,3
9,1129,4,0,4,0,9,8,4,3,3,1,3,3,7,7,0,3
9,1129,4,0,4,0,9,8,4,3,3,1,3,3,7,7,0,3
9,1129,4,0,4,0,9,8,4,3,3,1,3,3,7,7,0,3
9,1129,4,0,4,0,9,8,4,3,3,1,3,3,7,7,0,3
9,1129,4,0,4,0,9,8,4,3,3,1,3,3,7,7,0,3
9,1129,4,0,4,0,9,8,4,3,3,1,3,3,10,8,8,3
9,1129,4,0,4,0,10,10,4,3,3,1,4,4,10,10,8,3
9,1129,4,0,4,0,10,10,4,3,3,1,4,4,10,10,8,4
9,1129,4,0,4,0,10,10,4,4,3,1,4,4,10,11,9,3
9,1129,4,0,4,0,10,10,4,4,3,2,4,4,10,11,9,4
9,1129,4,0,4,0,10,10,4,4,3,2,4,4,10,10,9,3
9,1129,4,0,4,0,10,10,4,4,3,2,4,4,10,10,9,3
9,1129,4,0,4,0,10,10,4,4,3,2,4,4,10,9,5,3
9,1129,4,0,4,0,10,10,4,4,3,2,4,4,10,9,5,2
9,1129,4,0,4,0,10,10,4,4,3,2,4,4,8,8,5,1
9,1129,4,0,4,0,9,10,4,4,3,2,3,4,8,8,5,1
9,1129,4,0,4,0,9,10,4,4,3,2,3,4,8,8,0,1
9,1129,4,0,4,0,9,10,4,4,3,2,3,4,8,8,0,1
9,1129,4,0,4,0,9,10,4,4,3,2,3,4,8,8,0,1
9,1129,4,0,4,0,9,9,4,4,3,2,3,4,8,8,0,0
9,1129,4,0,4,0,9,9,4,4,3,2,3,4,8,8,0,0
9,1129,4,0,4,0,9,9,4,4,3,2,3,4,8,8,0,0
9,1129,4,0,4,0,9,9,4,4,3,2,3,4,7,8,0,0
10,1130,4,0,4,0,9,9,4,4,3,2,3,4,7,8,0,0
10,1130,4,0,4,0,9,9,4,4,3,2,3,4,7,8,0,0
10,1130,4,0,4,0,9,9,4,4,3,2,3,4,7,8,0,0
10,1130,4,0,4,0,9,9,4,4,3,2,3,4,7,8,0,0
10,1130,4,0,4,0,9,9,4,4,3,2,3,4,7,8,0,0
10,1130,4,0,4,0,9,9,4,4,3,2,3,4,7,8,0,0
10,1130,4,0,4,0,9,9,4,4,3,2,3,4,8,8,8,0
10,1130,4,0,4,0,10,10,4,4,3,2,4,4,8,8,8,0
10,1130,4,0,4,0,10,10,4,4,3,2,4,4,8,8,8,0
10,1130,4,0,4,0,10,10,4,4,3,2,4,4,8,8,9,0
10,1130,4,0,4,0,10,10,4,4,3,1,4,4,8,8,9,0
10,1130,4,0,4,0,10,10,4,4,3,1,4,4,8,8,9,0
10,1130,4,0,4,0,10,10,4,4,3,1,4,4,8,8,9,0
10,1130,4,0,4,0,10,10,4,4,3,1,4,4,8,8,5,0
10,1130,4,0,4,0,10,10,4,4,3,1,4,4,8,8,5,0
10,1130,4,0,4,0,10,10,4,4,3,1,4,4,8,8,5,0
10,1130,4,0,4,0,9,10,4,4,3,1,3,4,8,8,5,0
10,1130,4,0,4,0,9,10,4,4,3,1,3,4,8,8,0,0
10,1130,4,0,4,0,9,9,4,4,3,1,3,4,8,8,0,0
10,1130,4,0,4,0,9,9,4,4,3,1,3,4,8,7,0,0
10,1130,4,0,4,0,9,9,4,4,3,1,3,4,8,7,0,0
10,1130,4,0,4,0,9,9,4,4,3,1,3,4,8,7,0,0
10,1130,4,0,4,0,9,9,4,4,3,1,3,4,8,7,0,0
10,1130,4,0,4,0,9,9,4,4,3,1,3,4,7,7,0,0
11,1131,4,0,4,0,9,9,4,4,3,1,3,4,7,7,0,0
11,1131,4,0,4,0,9,9,4,4,3,1,3,4,7,7,0,0
11,1131,4,0,4,0,9,9,4,4,3,1,3,4,7,7,0,0
11,1131,4,0,4,0,9,9,4,4,3,1,3,4,7,7,0,0
11,1131,4,0,4,0,9,9,4,4,3,1,3,4,7,7,0,0
11,1131,4,0,4,0,9,9,4,4,3,1,3,4,7,7,0,0
11,1131,4,0,4,0,9,9,4,4,3,1,3,4,8,7,8,0
11,1131,4,0,4,0,10,9,4,4,3,3,4,4,8,8,8,0
11,1131,4,0,4,0,10,10,4,3,3,3,4,4,8,8,8,1
11,1131,4,0,4,0,10,10,4,4,3,3,4,4,8,8,9,1
11,1131,4,0,4,0,10,10,4,4,3,3,4,4,8,9,9,1
11,1131,4,0,4,0,10,10,4,4,3,3,4,4,8,9,9,1
11,1131,4,0,4,0,10,10,4,4,3,3,4,4,8,8,9,0
11,1131,4,0,4,0,10,10,4,4,3,2,4,4,8,8,5,0
11,1131,4,0,4,0,10,10,4,4,3,2,4,4,8,8,5,0
11,1131,4,0,4,0,10,8,4,4,3,2,4,4,8,7,5,0
11,1131,4,0,4,0,9,8,4,4,3,1,3,4,8,7,5,0
11,1131,4,0,4,0,9,8,4,4,3,1,3,4,8,7,0,0
11,1131,4,0,4,0,9,8,4,4,3,1,3,4,8,7,0,0
11,1131,4,0,4,0,9,8,4,4,3,0,3,4,8,7,0,0
11,1131,4,0,4,0,9,8,4,4,3,0,3,4,8,7,0,0
11,1131,4,0,4,0,9,8,4,4,3,0,3,4,8,7,0,0
11,1131,4,0,4,0,9,7,4,4,3,0,3,3,8,6,0,0
11,1131,4,0,4,0,9,7,4,4,3,0,3,3,7,6,0,0
12,1132,4,0,3,0,8,7,3,4,2,0,2,3,7,6,0,0
12,1132,4,0,3,0,8,7,3,4,2,0,2,3,7,6,0,0
12,1132,4,0,3,0,8,7,3,4,2,0,2,3,7,6,0,0
12,1132,4,0,3,0,8,7,3,4,2,0,2,3,7,6,0,0
12,1132,4,0,3,0,8,7,3,4,2,0,2,3,7,6,0,0
12,1132,4,0,3,0,8,7,3,4,2,0,2,3,7,6,0,0
12,1132,4,0,3,0,8,7,3,4,2,0,3,3,10,6,0,0
12,1132,4,0,3,0,8,6,3,4,2,0,3,3,10,5,0,0
12,1132,4,0,3,0,8,6,3,4,2,0,3,3,10,5,0,0
12,1132,4,0,3,0,8,6,3,4,2,0,3,3,10,5,0,0
12,1132,4,0,3,0,8,6,3,4,2,0,3,3,10,5,0,0
12,1132,4,0,3,0,8,6,3,4,2,0,3,3,10,5,0,0
12,1132,4,0,3,0,8,6,3,4,2,0,3,3,10,5,0,0
12,1132,4,0,3,0,8,6,3,4,2,0,3,2,10,5,0,0
12,1132,4,0,3,0,8,6,3,4,2,0,3,2,10,4,0,0
12,1132,4,0,3,0,8,6,3,4,2,0,2,2,8,4,0,0
12,1132,4,0,3,0,8,6,3,4,2,0,2,2,8,4,0,0
12,1132,4,0,3,0,8,6,3,4,2,0,2,2,8,4,0,0
12,1132,4,0,3,0,8,6,3,4,2,0,2,2,8,4,0,0
12,1132,4,0,3,0,8,6,3,4,2,0,2,2,8,4,0,0
12,1132,4,0,3,0,8,6,3,4,2,0,2,2,8,4,0,0
12,1132,4,0,3,0,8,6,3,4,2,0,2,2,8,4,0,0
12,1132,4,0,3,0,8,6,3,4,2,0,2,1,8,4,0,0
12,1132,4,0,3,0,8,6,3,4,2,0,2,1,7,4,0,0
13,1133,4,0,3,0,8,6,3,4,2,0,2,1,4,4,0,0
13,1133,4,0,3,0,8,6,3,4,2,0,2,1,4,4,0,0
13,1133,4,0,3,0,8,6,3,4,2,0,2,1,4,4,0,0
13,1133,4,0,3,0,8,6,3,4,2,0,2,1,4,4,0,0
13,1133,4,0,3,0,8,6,3,4,2,0,2,1,4,4,0,0
13,1133,4,0,3,0,8,6,3,4,2,0,2,1,4,4,0,0
13,1133,4,0,3,0,8,6,3,4,2,0,3,1,4,4,0,0
13,1133,4,0,3,0,8,6,3,4,2,0,3,0,5,4,0,0
13,1133,4,0,3,0,8,6,3,4,2,0,3,0,5,4,0,0
13,1133,4,0,3,0,8,6,3,4,2,0,3,0,5,4,0,0
13,1133,4,0,3,0,8,6,3,4,2,0,3,0,5,4,0,0
13,1133,4,0,3,0,8,5,3,4,2,0,3,0,5,4,0,0
13,1133,4,0,3,0,8,5,3,4,2,0,3,0,5,4,0,0
13,1133,4,0,3,0,8,5,3,4,2,0,3,0,5,4,0,0
13,1133,4,0,3,0,8,5,3,4,2,0,3,0,5,4,0,0
13,1133,4,0,3,0,8,5,3,3,2,0,2,0,4,4,0,0
13,1133,4,0,3,0,8,5,3,3,2,0,2,0,4,4,0,0
13,1133,4,0,3,0,8,5,3,3,2,0,2,0,4,4,0,0
13,1133,4,0,3,0,8,5,3,3,2,0,2,0,4,4,0,0
13,1133,4,0,3,0,8,5,3,3,2,0,2,0,4,4,0,0
13,1133,4,0,3,0,8,5,3,3,2,0,2,0,4,4,0,0
13,1133,4,0,3,0,8,5,3,3,2,0,2,0,4,4,0,0
13,1133,4,0,3,0,8,5,3,3,2,0,2,0,4,4,0,0
13,1133,4,0,3,0,8,5,3,3,2,0,2,0,4,4,0,0
14,1134,4,0,4,0,9,5,4,3,3,0,3,0,7,4,0,0
14,1134,4,0,4,0,9,5,4,3,3,0,3,0,7,4,0,0
14,1134,4,0,4,0,9,5,4,3,3,0,3,0,7,4,0,0
14,1134,4,0,4,0,9,5,4,3,3,0,3,0,7,4,0,0
14,1134,4,0,4,0,9,5,4,3,3,0,3,0,7,4,0,0
14,1134,4,0,4,0,9,5,4,3,3,0,3,0,7,4,0,0
14,1134,4,0,4,0,9,5,4,3,3,0,3,0,8,4,8,0
14,1134,4,0,4,0,10,8,4,4,3,1,4,1,8,5,8,2
14,1134,4,0,4,0,10,9,4,4,3,1,4,1,8,5,8,2
14,1134,4,0,4,0,10,9,4,4,3,2,4,1,8,8,9,2
14,1134,4,0,4,0,10,9,4,4,3,2,4,1,8,8,9,2
14,1134,4,0,4,0,10,10,4,4,3,2,4,1,8,8,9,2
14,1134,4,0,4,0,10,10,4,4,3,2,4,1,8,8,9,2
14,1134,4,0,4,0,10,9,4,4,3,1,4,1,8,6,5,2
14,1134,4,0,4,0,10,9,4,4,3,1,4,1,8,6,5,2
14,1134,4,0,4,0,10,9,4,4,3,1,4,1,8,6,5,2
14,1134,4,0,4,0,9,9,4,4,3,1,3,1,8,6,5,1
14,1134,4,0,4,0,9,9,4,4,3,1,3,1,8,6,0,1
14,1134,4,0,4,0,9,9,4,4,3,1,3,1,8,6,0,1
14,1134,4,0,4,0,9,9,4,4,3,1,3,1,8,6,0,0
14,1134,4,0,4,0,9,9,4,4,3,1,3,1,8,6,0,0
14,1134,4,0,4,0,9,9,4,4,3,0,3,1,8,6,0,0
14,1134,4,0,4,0,9,9,4,4,3,0,3,1,8,5,0,0
14,1134,4,0,4,0,9,9,4,4,3,0,3,1,7,5,0,0
15,1135,4,0,4,0,9,9,4,4,3,0,3,1,4,5,0,0
15,1135,4,0,4,0,9,9,4,4,3,0,3,1,4,5,0,0
15,1135,4,0,4,0,9,9,4,4,3,0,3,1,4,5,0,0
15,1135,4,0,4,0,9,9,4,4,3,0,3,1,4,5,0,0
15,1135,4,0,4,0,9,9,4,4,3,0,3,1,4,5,0,0
15,1135,4,0,4,0,9,9,4,4,3,0,3,1,4,5,0,0
15,1135,4,0,4,0,9,9,4,4,3,0,3,1,4,5,8,0
15,1135,4,0,4,0,10,8,4,4,3,3,4,2,5,5,8,2
15,1135,4,0,4,0,10,9,4,4,3,3,4,2,5,5,8,3
15,1135,4,0,4,0,10,10,4,4,3,3,4,2,5,5,9,4
15,1135,4,0,4,0,10,10,4,4,3,3,4,2,5,5,9,4
15,1135,4,0,4,0,10,10,4,4,3,3,4,2,5,6,9,4
15,1135,4,0,4,0,10,10,4,4,3,2,4,2,5,6,9,4
15,1135,4,0,4,0,10,10,4,4,3,2,4,2,5,5,5,3
15,1135,4,0,4,0,10,10,4,4,3,2,4,2,5,5,5,3
15,1135,4,0,4,0,10,10,4,4,3,2,4,2,4,5,5,2
15,1135,4,0,4,0,9,10,4,4,3,2,3,2,4,5,5,2
15,1135,4,0,4,0,9,9,4,4,3,2,3,2,4,5,0,2
15,1135,4,0,4,0,9,9,4,4,3,2,3,2,4,5,0,2
15,1135,4,0,4,0,9,9,4,4,3,2,3,2,4,5,0,1
15,1135,4,0,4,0,9,9,4,4,3,2,3,2,4,5,0,1
15,1135,4,0,4,0,9,8,4,4,3,2,3,2,4,5,0,1
15,1135,4,0,4,0,9,8,4,4,3,2,3,2,4,5,0,1
15,1135,4,0,4,0,9,8,4,4,3,2,3,2,4,5,0,1
16,1136,4,0,4,0,9,8,4,4,3,2,3,2,7,5,0,1
16,1136,4,0,4,0,9,8,4,4,3,2,3,2,7,5,0,1
16,1136,4,0,4,0,9,8,4,4,3,2,3,2,7,5,0,1
16,1136,4,0,4,0,9,8,4,4,3,2,3,2,7,5,0,1
16,1136,4,0,4,0,9,8,4,4,3,2,3,2,7,5,0,1
16,1136,4,0,4,0,9,8,4,4,3,2,3,2,7,5,0,1
16,1136,4,0,4,0,9,8,4,4,3,2,3,2,10,5,8,1
16,1136,4,0,4,0,10,8,4,4,3,2,4,3,10,9,8,1
16,1136,4,0,4,0,10,10,4,4,3,2,4,3,10,10,8,1
16,1136,4,0,4,0,10,10,4,4,3,3,4,3,10,10,9,2
16,1136,4,0,4,0,10,10,4,4,3,3,4,3,10,10,9,2
16,1136,4,0,4,0,10,10,4,4,3,3,4,3,10,11,9,2
16,1136,4,0,4,0,10,10,4,4,3,3,4,3,10,11,9,2
16,1136,4,0,4,0,10,10,4,4,3,3,4,3,10,11,5,2
16,1136,4,0,4,0,10,10,4,4,3,2,4,3,10,10,5,1
16,1136,4,0,4,0,10,10,4,4,3,2,4,3,8,10,5,1
16,1136,4,0,4,0,9,10,4,4,3,2,3,3,8,10,5,1
16,1136,4,0,4,0,9,10,4,4,3,2,3,3,8,10,0,1
16,1136,4,0,4,0,9,10,4,4,3,2,3,3,8,10,0,1
16,1136,4,0,4,0,9,10,4,4,3,2,3,3,8,10,0,1
16,1136,4,0,4,0,9,10,4,4,3,2,3,3,8,10,0,0
16,1136,4,0,4,0,9,10,4,4,3,2,3,3,8,10,0,0
16,1136,4,0,4,0,9,10,4,4,3,2,3,3,8,10,0,0
16,1136,4,0,4,0,9,10,4,4,3,2,3,3,7,10,0,0
17,1137,4,0,4,0,9,10,4,4,3,2,3,3,7,10,0,0
17,1137,4,0,4,0,9,10,4,4,3,2,3,3,7,10,0,0
17,1137,4,0,4,0,9,10,4,4,3,2,3,3,7,10,0,0
17,1137,4,0,4,0,9,10,4,4,3,2,3,3,7,10,0,0
17,1137,4,0,4,0,9,10,4,4,3,2,3,3,7,10,0,0
17,1137,4,0,4,0,9,10,4,4,3,2,3,3,7,10,0,0
17,1137,4,0,4,0,9,10,4,4,3,2,3,3,8,10,8,0
17,1137,4,0,4,0,10,8,4,3,3,3,4,3,8,9,8,0
17,1137,4,0,4,0,10,10,4,3,3,3,4,3,8,8,8,0
17,1137,4,0,4,0,10,10,4,3,3,3,4,3,8,8,9,0
17,1137,4,0,4,0,10,10,4,3,3,3,4,3,8,8,9,0
17,1137,4,0,4,0,10,10,4,3,3,3,4,3,8,8,9,0
17,1137,4,0,4,0,10,10,4,3,3,3,4,3,8,8,9,0
17,1137,4,0,4,0,10,10,4,3,3,3,4,3,8,8,5,0
17,1137,4,0,4,0,10,9,4,3,3,3,4,3,8,8,5,0
17,1137,4,0,4,0,10,9,4,3,3,3,4,3,8,8,5,0
17,1137,4,0,4,0,9,9,4,3,3,3,3,2,8,8,5,0
17,1137,4,0,4,0,9,9,4,3,3,3,3,2,8,7,0,0
17,1137,4,0,4,0,9,9,4,3,3,3,3,2,8,7,0,0
17,1137,4,0,4,0,9,9,4,3,3,3,3,2,8,6,0,0
17,1137,4,0,4,0,9,9,4,3,3,2,3,2,8,6,0,0
17,1137,4,0,4,0,9,9,4,3,3,2,3,2,8,6,0,0
17,1137,4,0,4,0,9,9,4,3,3,2,3,2,8,6,0,0
17,1137,4,0,4,0,9,9,4,3,3,2,3,2,7,6,0,0
18,1138,4,0,4,0,9,9,4,3,3,2,3,2,7,6,0,0
18,1138,4,0,4,0,9,9,4,3,3,2,3,2,7,6,0,0
18,1138,4,0,4,0,9,9,4,3,3,2,3,2,7,6,0,0
18,1138,4,0,4,0,9,9,4,3,3,2,3,2,7,6,0,0
18,1138,4,0,4,0,9,9,4,3,3,2,3,2,7,6,0,0
18,1138,4,0,4,0,9,9,4,3,3,2,3,2,7,6,0,0
18,1138,4,0,4,0,9,9,4,3,3,2,3,2,8,6,8,0
18,1138,4,0,4,0,10,6,4,3,3,3,4,3,8,8,8,1
18,1138,4,0,4,0,10,9,4,4,3,3,4,3,8,8,8,1
18,1138,4,0,4,0,10,9,4,4,3,3,4,3,8,8,9,2
18,1138,4,0,4,0,10,10,4,3,3,3,4,3,8,8,9,2
18,1138,4,0,4,0,10,10,4,4,3,3,4,3,8,8,9,2
18,1138,4,0,4,0,10,10,4,4,3,3,4,3,8,9,9,2
18,1138,4,0,4,0,10,10,4,4,3,3,4,3,8,9,5,2
18,1138,4,0,4,0,10,8,4,3,3,3,4,3,8,8,5,1
18,1138,4,0,4,0,10,8,4,3,3,3,4,3,8,8,5,1
18,1138,4,0,4,0,9,7,4,3,3,3,3,3,8,8,5,1
18,1138,4,0,4,0,9,7,4,3,3,3,3,3,8,8,0,1
18,1138,4,0,4,0,9,7,4,3,3,3,3,3,8,8,0,1
18,1138,4,0,4,0,9,7,4,3,3,3,3,3,8,8,0,1
18,1138,4,0,4,0,9,7,4,3,3,3,3,3,8,8,0,1
18,1138,4,0,4,0,9,7,4,3,3,3,3,3,8,8,0,1
18,1138,4,0,4,0,9,7,4,3,3,3,3,3,8,7,0,1
18,1138,4,0,4,0,9,7,4,3,3,3,3,3,7,7,0,1
19,1139,4,0,3,0,8,7,3,3,2,3,2,3,7,7,0,1
19,1139,4,0,3,0,8,7,3,3,2,3,2,3,7,7,0,1
19,1139,4,0,3,0,8,7,3,3,2,3,2,3,7,7,0,1
19,1139,4,0,3,0,8,7,3,3,2,3,2,3,7,7,0,1
19,1139,4,0,3,0,8,7,3,3,2,3,2,3,7,7,0,1
19,1139,4,0,3,0,8,7,3,3,2,3,2,3,7,7,0,1
19,1139,4,0,3,0,8,7,3,3,2,3,3,3,10,7,0,1
19,1139,4,0,3,0,8,7,3,3,2,3,3,3,10,6,0,0
19,1139,4,0,3,0,8,7,3,3,2,3,3,3,10,6,0,0
19,1139,4,0,3,0,8,7,3,3,2,3,3,3,10,6,0,0
19,1139,4,0,3,0,8,7,3,3,2,3,3,3,10,5,0,0
19,1139,4,0,3,0,8,7,3,3,2,3,3,3,10,5,0,0
19,1139,4,0,3,0,8,7,3,3,2,3,3,3,10,5,0,0
19,1139,4,0,3,0,8,7,3,3,2,3,3,3,10,5,0,0
19,1139,4,0,3,0,8,7,3,3,2,3,3,3,10,5,0,0
19,1139,4,0,3,0,8,7,3,3,2,3,2,3,8,5,0,0
19,1139,4,0,3,0,8,7,3,3,2,3,2,3,8,5,0,0
19,1139,4,0,3,0,8,7,3,3,2,3,2,3,8,5,0,0
19,1139,4,0,3,0,8,7,3,3,2,3,2,3,8,5,0,0
19,1139,4,0,3,0,8,7,3,3,2,3,2,3,8,5,0,0
19,1139,4,0,3,0,8,7,3,3,2,3,2,3,8,5,0,0
19,1139,4,0,3,0,8,7,3,3,2,3,2,3,8,4,0,0
19,1139,4,0,3,0,8,7,3,2,2,3,2,3,8,4,0,0
19,1139,4,0,3,0,8,7,3,2,2,3,2,3,7,4,0,0
20,1140,4,0,3,0,8,7,3,2,2,3,2,3,4,4,0,0
20,1140,4,0,3,0,8,7,3,2,2,3,2,3,4,4,0,0
20,1140,4,0,3,0,8,7,3,2,2,3,2,3,4,4,0,0
20,1140,4,0,3,0,8,7,3,2,2,3,2,3,4,4,0,0
20,1140,4,0,3,0,8,7,3,2,2,3,2,3,4,4,0,0
20,1140,4,0,3,0,8,7,3,2,2,3,2,3,4,4,0,0
20,1140,4,0,3,0,8,7,3,2,2,3,3,3,4,4,0,0
20,1140,4,0,3,0,8,7,3,2,2,2,3,2,5,4,0,0
20,1140,4,0,3,0,8,7,3,2,2,2,3,2,5,4,0,0
20,1140,4,0,3,0,8,7,3,2,2,2,3,2,5,4,0,0
20,1140,4,0,3,0,8,7,3,2,2,2,3,2,5,4,0,0
20,1140,4,0,3,0,8,7,3,2,2,2,3,2,5,4,0,0
20,1140,4,0,3,0,8,7,3,2,2,2,3,2,5,4,0,0
20,1140,4,0,3,0,8,6,3,2,2,2,3,2,5,4,0,0
20,1140,4,0,3,0,8,6,3,2,2,2,3,2,5,4,0,0
20,1140,4,0,3,0,8,6,3,2,2,2,2,2,4,4,0,0
20,1140,4,0,3,0,8,6,3,2,2,2,2,2,4,4,0,0
20,1140,4,0,3,0,8,6,3,2,2,2,2,2,4,4,0,0
20,1140,4,0,3,0,8,6,3,2,2,2,2,2,4,4,0,0
20,1140,4,0,3,0,8,6,3,2,2,2,2,2,4,4,0,0
20,1140,4,0,3,0,8,6,3,2,2,2,2,2,4,4,0,0
20,1140,4,0,3,0,8,6,3,2,2,2,2,2,4,4,0,0
20,1140,4,0,3,0,8,6,3,2,2,2,2,2,4,4,0,0
20,1140,4,0,3,0,8,6,3,2,2,2,2,2,4,4,0,0
21,1141,4,0,4,0,9,6,4,2,3,2,3,2,7,4,0,0
21,1141,4,0,4,0,9,6,4,2,3,2,3,2,7,4,0,0
21,1141,4,0,4,0,9,6,4,2,3,2,3,2,7,4,0,0
21,1141,4,0,4,0,9,6,4,2,3,2,3,2,7,4,0,0
21,1141,4,0,4,0,9,6,4,2,3,2,3,2,7,4,0,0
21,1141,4,0,4,0,9,6,4,2,3,2,3,2,7,4,0,0
21,1141,4,0,4,0,9,6,4,2,3,2,3,2,8,4,8,0
21,1141,4,0,4,0,10,9,4,4,3,3,4,3,8,5,8,1
21,1141,4,0,4,0,10,10,4,4,3,3,4,3,8,5,8,1
21,1141,4,0,4,0,10,10,4,4,3,3,4,3,8,7,9,1
21,1141,4,0,4,0,10,10,4,4,3,3,4,3,8,7,9,1
21,1141,4,0,4,0,10,10,4,4,3,3,4,3,8,7,9,1
21,1141,4,0,4,0,10,10,4,4,3,3,4,3,8,7,9,1
21,1141,4,0,4,0,10,10,4,4,3,3,4,3,8,5,5,1
21,1141,4,0,4,0,10,10,4,4,3,3,4,3,8,5,5,1
21,1141,4,0,4,0,10,10,4,4,3,2,4,3,8,5,5,1
21,1141,4,0,4,0,9,10,4,4,3,2,3,3,8,5,5,1
21,1141,4,0,4,0,9,10,4,4,3,2,3,3,8,5,0,1
21,1141,4,0,4,0,9,10,4,4,3,2,3,3,8,5,0,1
21,1141,4,0,4,0,9,10,4,4,3,2,3,3,8,5,0,1
21,1141,4,0,4,0,9,10,4,4,3,2,3,3,8,5,0,0
21,1141,4,0,4,0,9,10,4,4,3,2,3,3,8,5,0,0
21,1141,4,0,4,0,9,10,4,4,3,2,3,3,8,5,0,0
21,1141,4,0,4,0,9,10,4,4,3,2,3,3,7,5,0,0
22,1142,4,0,4,0,9,10,4,4,3,2,3,3,4,5,0,0
22,1142,4,0,4,0,9,10,4,4,3,2,3,3,4,5,0,0
22,1142,4,0,4,0,9,10,4,4,3,2,3,3,4,5,0,0
22,1142,4,0,4,0,9,10,4,4,3,2,3,3,4,5,0,0
22,1142,4,0,4,0,9,10,4,4,3,2,3,3,4,5,0,0
22,1142,4,0,4,0,9,10,4,4,3,2,3,3,4,5,0,0
22,1142,4,0,4,0,9,10,4,4,3,2,3,3,4,5,8,0
22,1142,4,0,4,0,10,9,4,4,3,3,4,4,5,5,8,5
22,1142,4,0,4,0,10,10,4,4,3,3,4,4,5,6,8,6
22,1142,4,0,4,0,10,10,4,4,3,3,4,4,5,7,9,7
22,1142,4,0,4,0,10,10,4,4,3,3,4,4,5,7,9,8
22,1142,4,0,4,0,10,10,4,4,3,3,4,4,5,7,9,8
22,1142,4,0,4,0,10,10,4,4,3,3,4,4,5,7,9,8
22,1142,4,0,4,0,10,10,4,4,3,3,4,4,5,7,5,8
22,1142,4,0,4,0,10,10,4,4,3,3,4,4,5,7,5,8
22,1142,4,0,4,0,10,10,4,4,3,3,4,3,4,6,5,6
22,1142,4,0,4,0,9,10,4,4,3,3,3,3,4,6,5,6
22,1142,4,0,4,0,9,10,4,4,3,3,3,3,4,6,0,6
22,1142,4,0,4,0,9,9,4,4,3,3,3,3,4,5,0,5
22,1142,4,0,4,0,9,9,4,4,3,2,3,3,4,5,0,5
22,1142,4,0,4,0,9,9,4,4,3,2,3,3,4,5,0,5
22,1142,4,0,4,0,9,9,4,4,3,2,3,3,4,5,0,4
22,1142,4,0,4,0,9,9,4,4,3,2,3,3,4,5,0,4
22,1142,4,0,4,0,9,9,4,4,3,2,3,3,4,5,0,4
23,1143,4,0,4,0,9,9,4,4,3,2,3,3,7,7,0,4
23,1143,4,0,4,0,9,9,4,4,3,2,3,3,7,7,0,4
23,1143,4,0,4,0,9,9,4,4,3,2,3,3,7,7,0,4
23,1143,4,0,4,0,9,9,4,4,3,2,3,3,7,7,0,4
23,1143,4,0,4,0,9,9,4,4,3,2,3,3,7,7,0,4
23,1143,4,0,4,0,9,9,4,4,3,2,3,3,7,7,0,4
23,1143,4,0,4,0,9,9,4,4,3,2,3,3,10,8,8,4
23,1143,4,0,4,0,10,10,4,4,3,3,4,3,10,8,8,1
23,1143,4,0,4,0,10,10,4,4,3,3,4,3,10,10,8,1
23,1143,4,0,4,0,10,10,4,4,3,3,4,3,10,10,9,0
23,1143,4,0,4,0,10,10,4,4,3,3,4,3,10,10,9,0
23,1143,4,0,4,0,10,10,4,4,3,3,4,3,10,10,9,0
23,1143,4,0,4,0,10,10,4,4,3,3,4,3,10,10,9,0
23,1143,4,0,4,0,10,10,4,4,3,3,4,3,10,10,5,0
23,1143,4,0,4,0,10,10,4,4,3,3,4,3,10,10,5,0
23,1143,4,0,4,0,10,10,4,4,3,3,4,3,8,10,5,0
23,1143,4,0,4,0,9,9,4,4,3,3,3,3,8,10,5,0
23,1143,4,0,4,0,9,9,4,4,3,3,3,3,8,10,0,0
23,1143,4,0,4,0,9,9,4,4,3,3,3,3,8,10,0,0
23,1143,4,0,4,0,9,9,4,4,3,3,3,3,8,10,0,0
23,1143,4,0,4,0,9,9,4,4,3,3,3,3,8,10,0,0
23,1143,4,0,4,0,9,9,4,4,3,3,3,3,8,10,0,0
23,1143,4,0,4,0,9,8,4,4,3,3,3,3,8,9,0,0
23,1143,4,0,4,0,9,8,4,4,3,3,3,3,7,9,0,0
24,1144,4,0,4,0,9,8,4,4,3,3,3,3,7,9,0,0
24,1144,4,0,4,0,9,8,4,4,3,3,3,3,7,9,0,0
24,1144,4,0,4,0,9,8,4,4,3,3,3,3,7,9,0,0
24,1144,4,0,4,0,9,8,4,4,3,3,3,3,7,9,0,0
24,1144,4,0,4,0,9,8,4,4,3,3,3,3,7,9,0,0
24,1144,4,0,4,0,9,8,4,4,3,3,3,3,7,9,0,0
24,1144,4,0,4,0,9,8,4,4,3,3,3,3,8,9,8,0
24,1144,4,0,4,0,10,10,4,4,3,3,4,4,8,7,8,0
24,1144,4,0,4,0,10,10,4,4,3,3,4,4,8,8,8,0
24,1144,4,0,4,0,10,10,4,4,3,3,4,3,8,8,9,0
24,1144,4,0,4,0,10,10,4,3,3,2,4,3,8,8,9,0
24,1144,4,0,4,0,10,10,4,3,3,2,4,3,8,8,9,0
24,1144,4,0,4,0,10,10,4,3,3,2,4,3,8,8,9,0
24,1144,4,0,4,0,10,10,4,3,3,2,4,2,8,8,5,0
24,1144,4,0,4,0,10,10,4,3,3,2,4,2,8,8,5,0
24,1144,4,0,4,0,10,10,4,3,3,2,4,2,8,7,5,0
24,1144,4,0,4,0,9,10,4,3,3,2,3,2,8,7,5,0
24,1144,4,0,4,0,9,10,4,3,3,2,3,2,8,7,0,0
24,1144,4,0,4,0,9,10,4,3,3,2,3,1,8,7,0,0
24,1144,4,0,4,0,9,10,4,3,3,2,3,1,8,7,0,0
24,1144,4,0,4,0,9,10,4,3,3,2,3,1,8,7,0,0
24,1144,4,0,4,0,9,10,4,2,3,2,3,1,8,7,0,0
24,1144,4,0,4,0,9,10,4,2,3,2,3,1,8,7,0,0
24,1144,4,0,4,0,9,10,4,2,3,2,3,1,7,7,0,0
25,1145,4,0,4,0,9,10,4,2,3,2,3,1,7,7,0,0
25,1145,4,0,4,0,9,10,4,2,3,2,3,1,7,7,0,0
25,1145,4,0,4,0,9,10,4,2,3,2,3,1,7,7,0,0
25,1145,4,0,4,0,9,10,4,2,3,2,3,1,7,7,0,0
25,1145,4,0,4,0,9,10,4,2,3,2,3,1,7,7,0,0
25,1145,4,0,4,0,9,10,4,2,3,2,3,1,7,7,0,0
25,1145,4,0,4,0,9,10,4,2,3,2,3,1,8,7,8,0
25,1145,4,0,4,0,10,10,4,2,3,3,4,2,8,8,8,1
25,1145,4,0,4,0,10,9,4,4,3,3,4,2,8,8,8,1
25,1145,4,0,4,0,10,10,4,4,3,3,4,2,8,8,9,2
25,1145,4,0,4,0,10,10,4,4,3,3,4,2,8,8,9,3
25,1145,4,0,4,0,10,10,4,4,3,3,4,2,8,8,9,4
25,1145,4,0,4,0,10,10,4,4,3,3,4,2,8,8,9,4
25,1145,4,0,4,0,10,10,4,4,3,3,4,2,8,8,5,4
25,1145,4,0,4,0,10,10,4,3,3,3,4,2,8,9,5,4
25,1145,4,0,4,0,10,9,4,3,3,3,4,2,8,9,5,2
25,1145,4,0,4,0,9,9,4,3,3,3,3,2,8,9,5,2
25,1145,4,0,4,0,9,9,4,3,3,3,3,2,8,8,0,1
25,1145,4,0,4,0,9,9,4,2,3,3,3,2,8,8,0,1
25,1145,4,0,4,0,9,9,4,2,3,3,3,2,8,8,0,1
25,1145,4,0,4,0,9,9,4,2,3,3,3,2,8,8,0,1
25,1145,4,0,4,0,9,9,4,2,3,3,3,2,8,7,0,1
25,1145,4,0,4,0,9,9,4,2,3,3,3,2,8,7,0,1
25,1145,4,0,4,0,9,9,4,2,3,3,3,2,7,7,0,1
26,1146,4,0,3,0,8,9,3,2,2,3,2,2,7,7,0,1
26,1146,4,0,3,0,8,9,3,2,2,3,2,2,7,7,0,1
26,1146,4,0,3,0,8,9,3,2,2,3,2,2,7,7,0,1
26,1146,4,0,3,0,8,9,3,2,2,3,2,2,7,7,0,1
26,1146,4,0,3,0,8,9,3,2,2,3,2,2,7,7,0,1
26,1146,4,0,3,0,8,9,3,2,2,3,2,2,7,7,0,1
26,1146,4,0,3,0,8,9,3,2,2,3,3,2,10,7,0,1
26,1146,4,0,3,0,8,9,3,2,2,3,3,2,10,7,0,0
26,1146,4,0,3,0,8,9,3,2,2,3,3,2,10,7,0,0
26,1146,4,0,3,0,8,9,3,2,2,3,3,2,10,7,0,0
26,1146,4,0,3,0,8,9,3,2,2,3,3,2,10,7,0,0
26,1146,4,0,3,0,8,9,3,2,2,3,3,1,10,7,0,0
26,1146,4,0,3,0,8,9,3,2,2,3,3,1,10,7,0,0
26,1146,4,0,3,0,8,9,3,2,2,3,3,1,10,7,0,0
26,1146,4,0,3,0,8,9,3,2,2,3,3,1,10,7,0,0
26,1146,4,0,3,0,8,9,3,2,2,3,2,1,8,7,0,0
26,1146,4,0,3,0,8,9,3,2,2,3,2,1,8,7,0,0
26,1146,4,0,3,0,8,9,3,2,2,3,2,1,8,7,0,0
26,1146,4,0,3,0,8,9,3,2,2,3,2,1,8,7,0,0
26,1146,4,0,3,0,8,9,3,2,2,3,2,1,8,7,0,0
26,1146,4,0,3,0,8,9,3,2,2,3,2,1,8,7,0,0
26,1146,4,0,3,0,8,9,3,2,2,3,2,1,8,7,0,0
26,1146,4,0,3,0,8,9,3,2,2,3,2,1,8,7,0,0
26,1146,4,0,3,0,8,9,3,2,2,3,2,1,7,7,0,0
27,1147,4,0,3,0,8,9,3,2,2,3,2,1,4,7,0,0
27,1147,4,0,3,0,8,9,3,2,2,3,2,1,4,7,0,0
27,1147,4,0,3,0,8,9,3,2,2,3,2,1,4,7,0,0
27,1147,4,0,3,0,8,9,3,2,2,3,2,1,4,7,0,0
27,1147,4,0,3,0,8,9,3,2,2,3,2,1,4,7,0,0
27,1147,4,0,3,0,8,9,3,2,2,3,2,1,4,7,0,0
27,1147,4,0,3,0,8,9,3,2,2,3,3,1,4,7,0,0
27,1147,4,0,3,0,8,9,3,2,2,3,3,1,5,6,0,0
27,1147,4,0,3,0,8,9,3,2,2,3,3,1,5,6,0,0
27,1147,4,0,3,0,8,9,3,2,2,3,3,1,5,6,0,0
27,1147,4,0,3,0,8,9,3,2,2,3,3,1,5,6,0,0
27,1147,4,0,3,0,8,9,3,2,2,3,3,1,5,6,0,0
27,1147,4,0,3,0,8,9,3,2,2,3,3,1,5,6,0,0
27,1147,4,0,3,0,8,9,3,2,2,3,3,1,5,6,0,0
27,1147,4,0,3,0,8,9,3,2,2,3,3,1,5,6,0,0
27,1147,4,0,3,0,8,9,3,2,2,3,2,1,4,6,0,0
27,1147,4,0,3,0,8,9,3,2,2,3,2,1,4,6,0,0
27,1147,4,0,3,0,8,9,3,2,2,3,2,1,4,6,0,0
27,1147,4,0,3,0,8,9,3,2,2,3,2,1,4,6,0,0
27,1147,4,0,3,0,8,9,3,2,2,3,2,1,4,6,0,0
27,1147,4,0,3,0,8,9,3,2,2,3,2,1,4,6,0,0
27,1147,4,0,3,0,8,9,3,2,2,3,2,1,4,6,0,0
27,1147,4,0,3,0,8,9,3,2,2,3,2,1,4,6,0,0
27,1147,4,0,3,0,8,9,3,2,2,3,2,1,4,6,0,0
0,1148,4,0,4,0,9,9,4,2,3,3,3,1,7,6,0,0
0,1148,4,0,4,0,9,9,4,2,3,3,3,1,7,6,0,0
0,1148,4,0,4,0,9,9,4,2,3,3,3,1,7,6,0,0
0,1148,4,0,4,0,9,9,4,2,3,3,3,1,7,6,0,0
0,1148,4,0,4,0,9,9,4,2,3,3,3,1,7,6,0,0
0,1148,4,0,4,0,9,9,4,2,3,3,3,1,7,6,0,0
0,1148,4,0,4,0,9,9,4,2,3,3,3,1,8,6,8,0
0,1148,4,0,4,0,10,9,4,3,3,3,4,2,8,8,8,2
0,1148,4,0,4,0,10,10,4,4,3,3,4,2,8,8,8,2
0,1148,4,0,4,0,10,10,4,4,3,3,4,2,8,8,9,2
0,1148,4,0,4,0,10,10,4,4,3,3,4,2,8,8,9,2
0,1148,4,0,4,0,10,10,4,4,3,3,4,2,8,8,9,2
0,1148,4,0,4,0,10,10,4,4,3,3,4,2,8,8,9,2
0,1148,4,0,4,0,10,10,4,4,3,3,4,2,8,8,5,2
0,1148,4,0,4,0,10,9,4,4,3,3,4,1,8,8,5,1
0,1148,4,0,4,0,10,9,4,4,3,3,4,1,8,8,5,1
0,1148,4,0,4,0,9,9,4,4,3,3,3,1,8,8,5,1
0,1148,4,0,4,0,9,9,4,4,3,3,3,1,8,8,0,1
0,1148,4,0,4,0,9,9,4,4,3,3,3,1,8,8,0,1
0,1148,4,0,4,0,9,9,4,4,3,3,3,1,8,8,0,1
0,1148,4,0,4,0,9,9,4,4,3,3,3,1,8,8,0,1
0,1148,4,0,4,0,9,9,4,4,3,3,3,1,8,8,0,0
0,1148,4,0,4,0,9,9,4,4,3,3,3,1,8,8,0,0
0,1148,4,0,4,0,9,9,4,4,3,3,3,1,7,8,0,0
1,1149,4,0,4,0,9,9,4,4,3,3,3,1,4,8,0,0
1,1149,4,0,4,0,9,9,4,4,3,3,3,1,4,8,0,0
1,1149,4,0,4,0,9,9,4,4,3,3,3,1,4,8,0,0
1,1149,4,0,4,0,9,9,4,4,3,3,3,1,4,8,0,0
1,1149,4,0,4,0,9,9,4,4,3,3,3,1,4,8,0,0
1,1149,4,0,4,0,9,9,4,4,3,3,3,1,4,8,0,0
1,1149,4,0,4,0,9,9,4,4,3,3,3,1,4,8,8,0
1,1149,4,0,4,0,10,9,4,3,3,3,4,2,5,6,8,1
1,1149,4,0,4,0,10,10,4,4,3,3,4,2,5,6,8,1
1,1149,4,0,4,0,10,10,4,3,3,3,4,2,5,6,9,2
1,1149,4,0,4,0,10,10,4,4,3,3,4,2,5,6,9,2
1,1149,4,0,4,0,10,10,4,4,3,3,4,2,5,6,9,2
1,1149,4,0,4,0,10,10,4,4,3,3,4,2,5,6,9,2
1,1149,4,0,4,0,10,10,4,4,3,3,4,2,5,6,5,2
1,1149,4,0,4,0,10,10,4,3,3,3,4,2,5,6,5,2
1,1149,4,0,4,0,10,10,4,3,3,3,4,2,4,6,5,2
1,1149,4,0,4,0,9,10,4,3,3,3,3,1,4,6,5,2
1,1149,4,0,4,0,9,10,4,3,3,3,3,1,4,6,0,2
1,1149,4,0,4,0,9,10,4,3,3,3,3,1,4,6,0,2
1,1149,4,0,4,0,9,10,4,3,3,3,3,1,4,6,0,1
1,1149,4,0,4,0,9,10,4,3,3,3,3,1,4,6,0,1
1,1149,4,0,4,0,9,10,4,3,3,3,3,1,4,6,0,1
1,1149,4,0,4,0,9,10,4,3,3,2,3,1,4,6,0,1
1,1149,4,0,4,0,9,10,4,3,3,2,3,1,4,6,0,1
2,1150,4,0,4,0,9,10,4,3,3,2,3,1,7,7,0,1
2,1150,4,0,4,0,9,10,4,3,3,2,3,1,7,7,0,1
2,1150,4,0,4,0,9,10,4,3,3,2,3,1,7,7,0,1
2,1150,4,0,4,0,9,10,4,3,3,2,3,1,7,7,0,1
2,1150,4,0,4,0,9,10,4,3,3,2,3,1,7,7,0,1
2,1150,4,0,4,0,9,10,4,3,3,2,3,1,7,7,0,1
2,1150,4,0,4,0,9,10,4,3,3,2,3,1,10,7,8,1
2,1150,4,0,4,0,10,10,4,4,3,2,4,2,10,10,8,1
2,1150,4,0,4,0,10,10,4,4,3,3,4,2,10,10,8,1
2,1150,4,0,4,0,10,10,4,4,3,3,4,2,10,10,9,1
2,1150,4,0,4,0,10,10,4,4,3,3,4,2,10,10,9,1
2,1150,4,0,4,0,10,10,4,4,3,3,4,2,10,10,9,1
2,1150,4,0,4,0,10,10,4,4,3,3,4,2,10,10,9,0
2,1150,4,0,4,0,10,9,4,4,3,3,4,2,10,10,5,0
2,1150,4,0,4,0,10,9,4,4,3,3,4,2,10,10,5,0
2,1150,4,0,4,0,10,9,4,4,3,3,4,2,8,10,5,0
2,1150,4,0,4,0,9,9,4,4,3,3,3,2,8,10,5,0
2,1150,4,0,4,0,9,9,4,4,3,3,3,2,8,10,0,0
2,1150,4,0,4,0,9,9,4,3,3,3,3,2,8,10,0,0
2,1150,4,0,4,0,9,9,4,3,3,3,3,2,8,10,0,0
2,1150,4,0,4,0,9,9,4,3,3,3,3,2,8,10,0,0
2,1150,4,0,4,0,9,9,4,3,3,3,3,2,8,10,0,0
2,1150,4,0,4,0,9,9,4,3,3,3,3,2,8,10,0,0
2,1150,4,0,4,0,9,9,4,3,3,3,3,2,7,10,0,0
3,1151,4,0,4,0,9,9,4,3,3,3,3,2,7,10,0,0
3,1151,4,0,4,0,9,9,4,3,3,3,3,2,7,10,0,0
3,1151,4,0,4,0,9,9,4,3,3,3,3,2,7,10,0,0
3,1151,4,0,4,0,9,9,4,3,3,3,3,2,7,10,0,0
3,1151,4,0,4,0,9,9,4,3,3,3,3,2,7,10,0,0
3,1151,4,0,4,0,9,9,4,3,3,3,3,2,7,10,0,0
3,1151,4,0,4,0,9,9,4,3,3,3,3,2,8,10,8,0
3,1151,4,0,4,0,10,9,4,3,3,3,4,3,8,8,8,0
3,1151,4,0,4,0,10,10,4,3,3,3,4,3,8,8,8,0
3,1151,4,0,4,0,10,10,4,3,3,3,4,3,8,8,9,0
3,1151,4,0,4,0,10,10,4,3,3,3,4,3,8,8,9,0
3,1151,4,0,4,0,10,10,4,3,3,3,4,3,8,8,9,0
3,1151,4,0,4,0,10,10,4,3,3,3,4,3,8,8,9,0
3,1151,4,0,4,0,10,10,4,3,3,3,4,3,8,8,5,0
3,1151,4,0,4,0,10,10,4,3,3,3,4,3,8,8,5,0
3,1151,4,0,4,0,10,10,4,3,3,3,4,3,8,8,5,0
3,1151,4,0,4,0,9,10,4,3,3,3,3,3,8,7,5,0
3,1151,4,0,4,0,9,10,4,3,3,3,3,3,8,7,0,0
3,1151,4,0,4,0,9,10,4,3,3,3,3,3,8,7,0,0
3,1151,4,0,4,0,9,9,4,3,3,3,3,3,8,7,0,0
3,1151,4,0,4,0,9,9,4,3,3,3,3,3,8,7,0,0
3,1151,4,0,4,0,9,9,4,3,3,3,3,3,8,7,0,0
3,1151,4,0,4,0,9,9,4,3,3,3,3,3,8,7,0,0
3,1151,4,0,4,0,9,9,4,3,3,3,3,3,7,7,0,0
4,1152,4,0,4,0,9,9,4,3,3,3,3,3,7,7,0,0
4,1152,4,0,4,0,9,9,4,3,3,3,3,3,7,7,0,0
4,1152,4,0,4,0,9,9,4,3,3,3,3,3,7,7,0,0
4,1152,4,0,4,0,9,9,4,3,3,3,3,3,7,7,0,0
4,1152,4,0,4,0,9,9,4,3,3,3,3,3,7,7,0,0
4,1152,4,0,4,0,9,9,4,3,3,3,3,3,7,7,0,0
4,1152,4,0,4,0,9,9,4,3,3,3,3,3,8,7,8,0
4,1152,4,0,4,0,10,8,4,4,3,3,4,4,8,8,8,1
4,1152,4,0,4,0,10,10,4,4,3,3,4,4,8,8,8,1
4,1152,4,0,4,0,10,10,4,4,3,3,4,4,8,8,9,1
4,1152,4,0,4,0,10,10,4,4,3,3,4,4,8,8,9,1
4,1152,4,0,4,0,10,10,4,4,3,3,4,4,8,8,9,1
4,1152,4,0,4,0,10,10,4,4,3,3,4,4,8,8,9,1
4,1152,4,0,4,0,10,10,4,3,3,3,4,4,8,8,5,1
4,1152,4,0,4,0,10,10,4,3,3,3,4,4,8,8,5,1
4,1152,4,0,4,0,10,10,4,3,3,3,4,4,8,8,5,1
4,1152,4,0,4,0,9,10,4,3,3,3,3,4,8,8,5,1
4,1152,4,0,4,0,9,10,4,3,3,3,3,4,8,8,0,1
4,1152,4,0,4,0,9,10,4,3,3,3,3,4,8,8,0,1
4,1152,4,0,4,0,9,10,4,3,3,3,3,4,8,8,0,1
4,1152,4,0,4,0,9,9,4,3,3,3,3,4,8,8,0,1
4,1152,4,0,4,0,9,9,4,3,3,3,3,4,8,8,0,1
4,1152,4,0,4,0,9,9,4,3,3,3,3,4,8,7,0,1
4,1152,4,0,4,0,9,9,4,3,3,3,3,4,7,7,0,1
5,1153,4,0,3,0,8,9,3,3,2,3,2,4,7,7,0,1
5,1153,4,0,3,0,8,9,3,3,2,3,2,4,7,7,0,1
5,1153,4,0,3,0,8,9,3,3,2,3,2,4,7,7,0,1
5,1153,4,0,3,0,8,9,3,3,2,3,2,4,7,7,0,1
5,1153,4,0,3,0,8,9,3,3,2,3,2,4,7,7,0,1
5,1153,4,0,3,0,8,9,3,3,2,3,2,4,7,7,0,1
5,1153,4,0,3,0,8,9,3,3,2,3,3,4,10,7,0,1
5,1153,4,0,3,0,8,9,3,3,2,1,3,4,10,7,0,0
5,1153,4,0,3,0,8,8,3,3,2,1,3,4,10,6,0,0
5,1153,4,0,3,0,8,8,3,3,2,1,3,4,10,6,0,0
5,1153,4,0,3,0,8,8,3,3,2,1,3,4,10,6,0,0
5,1153,4,0,3,0,8,8,3,3,2,1,3,4,10,6,0,0
5,1153,4,0,3,0,8,8,3,3,2,1,3,4,10,6,0,0
5,1153,4,0,3,0,8,8,3,3,2,1,3,4,10,6,0,0
5,1153,4,0,3,0,8,8,3,3,2,1,3,4,10,6,0,0
5,1153,4,0,3,0,8,8,3,3,2,1,2,4,8,6,0,0
5,1153,4,0,3,0,8,8,3,3,2,1,2,4,8,6,0,0
5,1153,4,0,3,0,8,8,3,3,2,1,2,4,8,6,0,0
5,1153,4,0,3,0,8,8,3,3,2,1,2,4,8,6,0,0
5,1153,4,0,3,0,8,8,3,2,2,1,2,4,8,6,0,0
5,1153,4,0,3,0,8,8,3,2,2,1,2,4,8,6,0,0
5,1153,4,0,3,0,8,7,3,2,2,1,2,4,8,6,0,0
5,1153,4,0,3,0,8,7,3,2,2,1,2,4,8,6,0,0
5,1153,4,0,3,0,8,7,3,2,2,1,2,4,7,6,0,0
6,1154,4,0,3,0,8,7,3,2,2,1,2,4,4,6,0,0
6,1154,4,0,3,0,8,7,3,2,2,1,2,4,4,6,0,0
6,1154,4,0,3,0,8,7,3,2,2,1,2,4,4,6,0,0
6,1154,4,0,3,0,8,7,3,2,2,1,2,4,4,6,0,0
6,1154,4,0,3,0,8,7,3,2,2,1,2,4,4,6,0,0
6,1154,4,0,3,0,8,7,3,2,2,1,2,4,4,6,0,0
6,1154,4,0,3,0,8,7,3,2,2,1,3,4,4,6,0,0
6,1154,4,0,3,0,8,7,3,1,2,1,3,4,5,5,0,0
6,1154,4,0,3,0,8,7,3,1,2,1,3,4,5,5,0,0
6,1154,4,0,3,0,8,7,3,1,2,1,3,4,5,5,0,0
6,1154,4,0,3,0,8,7,3,1,2,1,3,4,5,5,0,0
6,1154,4,0,3,0,8,7,3,1,2,1,3,4,5,5,0,0
6,1154,4,0,3,0,8,7,3,1,2,1,3,4,5,5,0,0
6,1154,4,0,3,0,8,7,3,1,2,1,3,4,5,5,0,0
6,1154,4,0,3,0,8,7,3,1,2,1,3,4,5,5,0,0
6,1154,4,0,3,0,8,7,3,1,2,1,2,4,4,5,0,0
6,1154,4,0,3,0,8,7,3,1,2,1,2,4,4,5,0,0
6,1154,4,0,3,0,8,7,3,1,2,1,2,4,4,5,0,0
6,1154,4,0,3,0,8,7,3,1,2,1,2,4,4,5,0,0
6,1154,4,0,3,0,8,7,3,1,2,1,2,4,4,5,0,0
6,1154,4,0,3,0,8,7,3,1,2,1,2,4,4,5,0,0
6,1154,4,0,3,0,8,7,3,1,2,1,2,4,4,5,0,0
6,1154,4,0,3,0,8,7,3,1,2,1,2,4,4,5,0,0
6,1154,4,0,3,0,8,7,3,1,2,1,2,4,4,5,0,0
7,1155,4,0,4,0,9,7,4,1,3,1,3,4,7,5,0,0
7,1155,4,0,4,0,9,7,4,1,3,1,3,4,7,5,0,0
7,1155,4,0,4,0,9,7,4,1,3,1,3,4,7,5,0,0
7,1155,4,0,4,0,9,7,4,1,3,1,3,4,7,5,0,0
7,1155,4,0,4,0,9,7,4,1,3,1,3,4,7,5,0,0
7,1155,4,0,4,0,9,7,4,1,3,1,3,4,7,5,0,0
7,1155,4,0,4,0,9,7,4,1,3,1,3,4,8,5,8,0
7,1155,4,0,4,0,10,8,4,3,3,2,4,4,8,6,8,1
7,1155,4,0,4,0,10,8,4,3,3,3,4,4,8,7,8,1
7,1155,4,0,4,0,10,8,4,4,3,3,4,4,8,8,9,1
7,1155,4,0,4,0,10,9,4,4,3,3,4,4,8,8,9,1
7,1155,4,0,4,0,10,10,4,4,3,3,4,4,8,8,9,1
7,1155,4,0,4,0,10,10,4,4,3,3,4,4,8,8,9,1
7,1155,4,0,4,0,10,8,4,4,3,3,4,4,8,7,5,1
7,1155,4,0,4,0,10,8,4,4,3,2,4,4,8,7,5,1
7,1155,4,0,4,0,10,8,4,4,3,1,4,4,8,7,5,0
7,1155,4,0,4,0,9,8,4,4,3,1,3,4,8,7,5,0
7,1155,4,0,4,0,9,8,4,4,3,1,3,4,8,7,0,0
7,1155,4,0,4,0,9,8,4,4,3,1,3,4,8,7,0,0
7,1155,4,0,4,0,9,8,4,4,3,1,3,4,8,6,0,0
7,1155,4,0,4,0,9,8,4,4,3,1,3,4,8,6,0,0
7,1155,4,0,4,0,9,8,4,4,3,1,3,4,8,6,0,0
7,1155,4,0,4,0,9,8,4,4,3,1,3,4,8,6,0,0
7,1155,4,0,4,0,9,8,4,4,3,1,3,4,7,6,0,0
8,1156,4,0,4,0,9,8,4,4,3,1,3,4,4,6,0,0
8,1156,4,0,4,0,9,8,4,4,3,1,3,4,4,6,0,0
8,1156,4,0,4,0,9,8,4,4,3,1,3,4,4,6,0,0
8,1156,4,0,4,0,9,8,4,4,3,1,3,4,4,6,0,0
8,1156,4,0,4,0,9,8,4,4,3,1,3,4,4,6,0,0
8,1156,4,0,4,0,9,8,4,4,3,1,3,4,4,6,0,0
8,1156,4,0,4,0,9,8,4,4,3,1,3,4,4,6,8,0
8,1156,4,0,4,0,10,9,4,3,3,3,4,4,5,6,8,2
8,1156,4,0,4,0,10,9,4,3,3,3,4,4,5,6,8,3
8,1156,4,0,4,0,10,10,4,4,3,3,4,4,5,6,9,3
8,1156,4,0,4,0,10,10,4,4,3,3,4,4,5,6,9,3
8,1156,4,0,4,0,10,10,4,3,3,3,4,4,5,6,9,3
8,1156,4,0,4,0,10,10,4,4,3,3,4,4,5,6,9,3
8,1156,4,0,4,0,10,10,4,3,3,3,4,4,5,6,5,3
8,1156,4,0,4,0,10,9,4,3,3,3,4,4,5,6,5,3
8,1156,4,0,4,0,10,9,4,3,3,3,4,4,4,6,5,3
8,1156,4,0,4,0,9,9,4,3,3,3,3,4,4,6,5,3
8,1156,4,0,4,0,9,9,4,3,3,3,3,3,4,6,0,3
8,1156,4,0,4,0,9,9,4,3,3,3,3,3,4,6,0,3
8,1156,4,0,4,0,9,9,4,3,3,3,3,3,4,6,0,3
8,1156,4,0,4,0,9,9,4,3,3,3,3,3,4,6,0,3
8,1156,4,0,4,0,9,9,4,3,3,2,3,3,4,6,0,3
8,1156,4,0,4,0,9,9,4,3,3,2,3,3,4,6,0,2
8,1156,4,0,4,0,9,9,4,3,3,2,3,3,4,6,0,2
9,1157,4,0,4,0,9,9,4,3,3,2,3,3,7,6,0,2
9,1157,4,0,4,0,9,9,4,3,3,2,3,3,7,6,0,2
9,1157,4,0,4,0,9,9,4,3,3,2,3,3,7,6,0,2
9,1157,4,0,4,0,9,9,4,3,3,2,3,3,7,6,0,2
9,1157,4,0,4,0,9,9,4,3,3,2,3,3,7,6,0,2
9,1157,4,0,4,0,9,9,4,3,3,2,3,3,7,6,0,2
9,1157,4,0,4,0,9,9,4,3,3,2,3,3,10,6,8,2
9,1157,4,0,4,0,10,8,4,4,3,2,4,4,10,10,8,2
9,1157,4,0,4,0,10,10,4,4,3,2,4,4,10,10,8,2
9,1157,4,0,4,0,10,10,4,4,3,3,4,4,10,10,9,2
9,1157,4,0,4,0,10,10,4,4,3,3,4,4,10,10,9,3
9,1157,4,0,4,0,10,10,4,4,3,3,4,4,10,10,9,3
9,1157,4,0,4,0,10,10,4,4,3,3,4,4,10,10,9,3
9,1157,4,0,4,0,10,10,4,4,3,3,4,4,10,10,5,3
9,1157,4,0,4,0,10,10,4,4,3,3,4,3,10,10,5,2
9,1157,4,0,4,0,10,10,4,4,3,3,4,3,8,10,5,2
9,1157,4,0,4,0,9,10,4,4,3,3,3,3,8,10,5,2
9,1157,4,0,4,0,9,10,4,4,3,3,3,3,8,10,0,2
9,1157,4,0,4,0,9,10,4,4,3,3,3,3,8,10,0,2
9,1157,4,0,4,0,9,10,4,4,3,3,3,3,8,10,0,0
9,1157,4,0,4,0,9,10,4,4,3,3,3,3,8,10,0,0
9,1157,4,0,4,0,9,10,4,4,3,3,3,3,8,10,0,0
9,1157,4,0,4,0,9,10,4,4,3,3,3,3,8,10,0,0
9,1157,4,0,4,0,9,10,4,4,3,3,3,3,7,10,0,0
10,1158,4,0,4,0,9,10,4,4,3,3,3,3,7,10,0,0
10,1158,4,0,4,0,9,10,4,4,3,3,3,3,7,10,0,0
10,1158,4,0,4,0,9,10,4,4,3,3,3,3,7,10,0,0
10,1158,4,0,4,0,9,10,4,4,3,3,3,3,7,10,0,0
10,1158,4,0,4,0,9,10,4,4,3,3,3,3,7,10,0,0
10,1158,4,0,4,0,9,10,4,4,3,3,3,3,7,10,0,0
10,1158,4,0,4,0,9,10,4,4,3,3,3,3,8,10,8,0
10,1158,4,0,4,0,10,10,4,4,3,3,4,4,8,9,8,0
10,1158,4,0,4,0,10,10,4,4,3,3,4,4,8,9,8,0
10,1158,4,0,4,0,10,10,4,4,3,3,4,4,8,9,9,0
10,1158,4,0,4,0,10,10,4,4,3,3,4,4,8,9,9,0
10,1158,4,0,4,0,10,10,4,4,3,2,4,4,8,9,9,0
10,1158,4,0,4,0,10,10,4,4,3,2,4,4,8,9,9,0
10,1158,4,0,4,0,10,10,4,4,3,2,4,4,8,9,5,0
10,1158,4,0,4,0,10,10,4,4,3,2,4,4,8,9,5,0
10,1158,4,0,4,0,10,9,4,4,3,2,4,4,8,9,5,0
10,1158,4,0,4,0,9,9,4,4,3,2,3,4,8,9,5,0
10,1158,4,0,4,0,9,9,4,4,3,2,3,4,8,9,0,0
10,1158,4,0,4,0,9,9,4,4,3,2,3,4,8,8,0,0
10,1158,4,0,4,0,9,9,4,4,3,2,3,4,8,7,0,0
10,1158,4,0,4,0,9,9,4,4,3,2,3,4,8,6,0,0
10,1158,4,0,4,0,9,9,4,4,3,2,3,4,8,6,0,0
10,1158,4,0,4,0,9,9,4,4,3,2,3,4,8,6,0,0
10,1158,4,0,4,0,9,9,4,4,3,2,3,4,7,6,0,0
11,1159,4,0,4,0,9,9,4,4,3,2,3,4,7,6,0,0
11,1159,4,0,4,0,9,9,4,4,3,2,3,4,7,6,0,0
11,1159,4,0,4,0,9,9,4,4,3,2,3,4,7,6,0,0
11,1159,4,0,4,0,9,9,4,4,3,2,3,4,7,6,0,0
11,1159,4,0,4,0,9,9,4,4,3,2,3,4,7,6,0,0
11,1159,4,0,4,0,9,9,4,4,3,2,3,4,7,6,0,0
11,1159,4,0,4,0,9,9,4,4,3,2,3,4,8,6,8,0
11,1159,4,0,4,0,10,9,4,4,3,3,4,4,8,8,8,0
11,1159,4,0,4,0,10,10,4,4,3,3,4,4,8,8,8,1
11,1159,4,0,4,0,10,10,4,4,3,3,4,4,8,8,9,1
11,1159,4,0,4,0,10,10,4,4,3,3,4,3,8,8,9,1
11,1159,4,0,4,0,10,10,4,4,3,3,4,3,8,8,9,1
11,1159,4,0,4,0,10,10,4,4,3,3,4,3,8,8,9,1
11,1159,4,0,4,0,10,10,4,4,3,2,4,3,8,8,5,0
11,1159,4,0,4,0,10,10,4,4,3,2,4,3,8,8,5,0
11,1159,4,0,4,0,10,9,4,4,3,2,4,3,8,8,5,0
11,1159,4,0,4,0,9,9,4,4,3,2,3,3,8,8,5,0
11,1159,4,0,4,0,9,9,4,4,3,2,3,3,8,8,0,0
11,1159,4,0,4,0,9,9,4,4,3,2,3,3,8,7,0,0
11,1159,4,0,4,0,9,9,4,4,3,2,3,3,8,7,0,0
11,1159,4,0,4,0,9,9,4,4,3,2,3,3,8,7,0,0
11,1159,4,0,4,0,9,9,4,4,3,2,3,3,8,7,0,0
11,1159,4,0,4,0,9,9,4,4,3,2,3,3,8,7,0,0
11,1159,4,0,4,0,9,9,4,4,3,2,3,3,7,7,0,0
12,1160,4,0,3,0,8,9,3,4,2,2,2,3,7,7,0,0
12,1160,4,0,3,0,8,9,3,4,2,2,2,3,7,7,0,0
12,1160,4,0,3,0,8,9,3,4,2,2,2,3,7,7,0,0
12,1160,4,0,3,0,8,9,3,4,2,2,2,3,7,7,0,0
12,1160,4,0,3,0,8,9,3,4,2,2,2,3,7,7,0,0
12,1160,4,0,3,0,8,9,3,4,2,2,2,3,7,7,0,0
12,1160,4,0,3,0,8,9,3,4,2,2,3,3,10,7,0,0
12,1160,4,0,3,0,8,9,3,4,2,2,3,3,10,5,0,0
12,1160,4,0,3,0,8,9,3,4,2,2,3,3,10,5,0,0
12,1160,4,0,3,0,8,9,3,4,2,2,3,3,10,5,0,0
12,1160,4,0,3,0,8,9,3,4,2,2,3,3,10,5,0,0
12,1160,4,0,3,0,8,9,3,4,2,2,3,3,10,5,0,0
12,1160,4,0,3,0,8,9,3,4,2,2,3,3,10,5,0,0
12,1160,4,0,3,0,8,9,3,4,2,2,3,3,10,4,0,0
12,1160,4,0,3,0,8,9,3,4,2,2,3,2,10,4,0,0
12,1160,4,0,3,0,8,9,3,4,2,2,2,2,8,4,0,0
12,1160,4,0,3,0,8,9,3,4,2,2,2,2,8,4,0,0
12,1160,4,0,3,0,8,9,3,4,2,2,2,2,8,4,0,0
12,1160,4,0,3,0,8,9,3,4,2,2,2,2,8,4,0,0
12,1160,4,0,3,0,8,9,3,4,2,2,2,2,8,4,0,0
12,1160,4,0,3,0,8,9,3,4,2,2,2,2,8,4,0,0
12,1160,4,0,3,0,8,9,3,4,2,2,2,2,8,4,0,0
12,1160,4,0,3,0,8,9,3,4,2,2,2,2,8,4,0,0
12,1160,4,0,3,0,8,9,3,4,2,2,2,2,7,4,0,0
13,1161,4,0,3,0,8,9,3,4,2,2,2,2,4,4,0,0
13,1161,4,0,3,0,8,9,3,4,2,2,2,2,4,4,0,0
13,1161,4,0,3,0,8,9,3,4,2,2,2,2,4,4,0,0
13,1161,4,0,3,0,8,9,3,4,2,2,2,2,4,4,0,0
13,1161,4,0,3,0,8,9,3,4,2,2,2,2,4,4,0,0
13,1161,4,0,3,0,8,9,3,4,2,2,2,2,4,4,0,0
13,1161,4,0,3,0,8,9,3,4,2,2,3,2,4,4,0,0
13,1161,4,0,3,0,8,9,3,4,2,2,3,2,5,4,0,0
13,1161,4,0,3,0,8,9,3,4,2,2,3,2,5,4,0,0
13,1161,4,0,3,0,8,9,3,4,2,2,3,2,5,4,0,0
13,1161,4,0,3,0,8,9,3,4,2,2,3,2,5,4,0,0
13,1161,4,0,3,0,8,9,3,4,2,2,3,2,5,4,0,0
13,1161,4,0,3,0,8,9,3,4,2,2,3,2,5,4,0,0
13,1161,4,0,3,0,8,9,3,4,2,2,3,2,5,4,0,0
13,1161,4,0,3,0,8,9,3,4,2,2,3,2,5,4,0,0
13,1161,4,0,3,0,8,9,3,3,2,1,2,2,4,4,0,0
13,1161,4,0,3,0,8,9,3,3,2,1,2,2,4,4,0,0
13,1161,4,0,3,0,8,9,3,3,2,1,2,2,4,4,0,0
13,1161,4,0,3,0,8,9,3,3,2,1,2,2,4,4,0,0
13,1161,4,0,3,0,8,9,3,3,2,1,2,2,4,4,0,0
13,1161,4,0,3,0,8,9,3,3,2,1,2,2,4,4,0,0
13,1161,4,0,3,0,8,9,3,3,2,1,2,2,4,4,0,0
13,1161,4,0,3,0,8,9,3,3,2,1,2,2,4,4,0,0
13,1161,4,0,3,0,8,9,3,3,2,1,2,2,4,4,0,0
14,1162,4,0,4,0,9,9,4,3,3,1,3,2,7,4,0,0
14,1162,4,0,4,0,9,9,4,3,3,1,3,2,7,4,0,0
14,1162,4,0,4,0,9,9,4,3,3,1,3,2,7,4,0,0
14,1162,4,0,4,0,9,9,4,3,3,1,3,2,7,4,0,0
14,1162,4,0,4,0,9,9,4,3,3,1,3,2,7,4,0,0
14,1162,4,0,4,0,9,9,4,3,3,1,3,2,7,4,0,0
14,1162,4,0,4,0,9,9,4,3,3,1,3,2,8,4,8,0
14,1162,4,0,4,0,10,7,4,4,3,2,4,3,8,8,8,2
14,1162,4,0,4,0,10,8,4,4,3,2,4,3,8,8,8,2
14,1162,4,0,4,0,10,10,4,4,3,3,4,3,8,8,9,2
14,1162,4,0,4,0,10,10,4,4,3,3,4,3,8,8,9,2
14,1162,4,0,4,0,10,10,4,4,3,3,4,3,8,8,9,2
14,1162,4,0,4,0,10,10,4,4,3,3,4,3,8,8,9,2
14,1162,4,0,4,0,10,10,4,4,3,2,4,3,8,7,5,2
14,1162,4,0,4,0,10,10,4,4,3,2,4,3,8,7,5,2
14,1162,4,0,4,0,10,10,4,4,3,2,4,3,8,7,5,2
14,1162,4,0,4,0,9,10,4,4,3,2,3,3,8,7,5,2
14,1162,4,0,4,0,9,10,4,4,3,2,3,3,8,7,0,2
14,1162,4,0,4,0,9,10,4,4,3,2,3,3,8,7,0,2
14,1162,4,0,4,0,9,10,4,4,3,2,3,3,8,7,0,2
14,1162,4,0,4,0,9,10,4,4,3,2,3,3,8,7,0,1
14,1162,4,0,4,0,9,10,4,4,3,2,3,3,8,6,0,1
14,1162,4,0,4,0,9,10,4,4,3,2,3,3,8,6,0,1
14,1162,4,0,4,0,9,10,4,4,3,2,3,3,7,6,0,1
15,1163,4,0,4,0,9,10,4,4,3,2,3,3,4,6,0,1
15,1163,4,0,4,0,9,10,4,4,3,2,3,3,4,6,0,1
15,1163,4,0,4,0,9,10,4,4,3,2,3,3,4,6,0,1
15,1163,4,0,4,0,9,10,4,4,3,2,3,3,4,6,0,1
15,1163,4,0,4,0,9,10,4,4,3,2,3,3,4,6,0,1
15,1163,4,0,4,0,9,10,4,4,3,2,3,3,4,6,0,1
15,1163,4,0,4,0,9,10,4,4,3,2,3,3,4,6,8,1
15,1163,4,0,4,0,10,8,4,4,3,3,4,4,5,6,8,2
15,1163,4,0,4,0,10,9,4,4,3,3,4,3,5,6,8,3
15,1163,4,0,4,0,10,10,4,4,3,3,4,3,5,6,9,4
15,1163,4,0,4,0,10,10,4,4,3,3,4,3,5,6,9,4
15,1163,4,0,4,0,10,9,4,4,3,3,4,3,5,6,9,4
15,1163,4,0,4,0,10,9,4,4,3,2,4,3,5,6,9,4
15,1163,4,0,4,0,10,9,4,4,3,2,4,3,5,6,5,4
15,1163,4,0,4,0,10,10,4,4,3,2,4,3,5,6,5,4
15,1163,4,0,4,0,10,10,4,4,3,2,4,3,4,6,5,3
15,1163,4,0,4,0,9,10,4,3,3,2,3,3,4,6,5,3
15,1163,4,0,4,0,9,10,4,3,3,2,3,3,4,6,0,3
15,1163,4,0,4,0,9,9,4,3,3,2,3,3,4,6,0,2
15,1163,4,0,4,0,9,8,4,3,3,2,3,3,4,6,0,2
15,1163,4,0,4,0,9,8,4,3,3,2,3,3,4,6,0,2
15,1163,4,0,4,0,9,8,4,3,3,2,3,3,4,6,0,2
15,1163,4,0,4,0,9,8,4,3,3,2,3,3,4,6,0,2
15,1163,4,0,4,0,9,8,4,3,3,2,3,3,4,6,0,2
16,1164,4,0,4,0,9,8,4,3,3,2,3,3,7,7,0,2
16,1164,4,0,4,0,9,8,4,3,3,2,3,3,7,7,0,2
16,1164,4,0,4,0,9,8,4,3,3,2,3,3,7,7,0,2
16,1164,4,0,4,0,9,8,4,3,3,2,3,3,7,7,0,2
16,1164,4,0,4,0,9,8,4,3,3,2,3,3,7,7,0,2
16,1164,4,0,4,0,9,8,4,3,3,2,3,3,7,7,0,2
16,1164,4,0,4,0,9,8,4,3,3,2,3,3,10,7,8,2
16,1164,4,0,4,0,10,9,4,4,3,2,4,4,10,9,8,1
16,1164,4,0,4,0,10,10,4,4,3,2,4,4,10,10,8,1
16,1164,4,0,4,0,10,10,4,4,3,3,4,4,10,11,9,2
16,1164,4,0,4,0,10,10,4,4,3,3,4,4,10,11,9,2
16,1164,4,0,4,0,10,10,4,4,3,3,4,4,10,11,9,2
16,1164,4,0,4,0,10,10,4,4,3,3,4,4,10,11,9,2
16,1164,4,0,4,0,10,10,4,4,3,3,4,4,10,11,5,2
16,1164,4,0,4,0,10,10,4,4,3,2,4,4,10,11,5,2
16,1164,4,0,4,0,10,10,4,4,3,2,4,4,8,11,5,2
16,1164,4,0,4,0,9,10,4,4,3,2,3,4,8,10,5,1
16,1164,4,0,4,0,9,10,4,4,3,2,3,4,8,10,0,1
16,1164,4,0,4,0,9,10,4,4,3,2,3,4,8,10,0,1
16,1164,4,0,4,0,9,10,4,4,3,2,3,4,8,10,0,1
16,1164,4,0,4,0,9,10,4,4,3,2,3,4,8,10,0,0
16,1164,4,0,4,0,9,10,4,4,3,2,3,4,8,10,0,0
16,1164,4,0,4,0,9,10,4,4,3,2,3,4,8,10,0,0
16,1164,4,0,4,0,9,10,4,4,3,2,3,4,7,10,0,0
17,1165,4,0,4,0,9,10,4,4,3,2,3,4,7,10,0,0
17,1165,4,0,4,0,9,10,4,4,3,2,3,4,7,10,0,0
17,1165,4,0,4,0,9,10,4,4,3,2,3,4,7,10,0,0
17,1165,4,0,4,0,9,10,4,4,3,2,3,4,7,10,0,0
17,1165,4,0,4,0,9,10,4,4,3,2,3,4,7,10,0,0
17,1165,4,0,4,0,9,10,4,4,3,2,3,4,7,10,0,0
17,1165,4,0,4,0,9,10,4,4,3,2,3,4,8,10,8,0
17,1165,4,0,4,0,10,10,4,3,3,3,4,4,8,9,8,0
17,1165,4,0,4,0,10,10,4,3,3,3,4,4,8,9,8,0
17,1165,4,0,4,0,10,10,4,3,3,3,4,4,8,9,9,0
17,1165,4,0,4,0,10,10,4,3,3,3,4,4,8,9,9,0
17,1165,4,0,4,0,10,10,4,3,3,3,4,4,8,8,9,0
17,1165,4,0,4,0,10,10,4,3,3,3,4,4,8,8,9,0
17,1165,4,0,4,0,10,9,4,3,3,3,4,4,8,8,5,0
17,1165,4,0,4,0,10,9,4,3,3,3,4,4,8,8,5,0
17,1165,4,0,4,0,10,9,4,3,3,3,4,4,8,8,5,0
17,1165,4,0,4,0,9,9,4,3,3,3,3,4,8,8,5,0
17,1165,4,0,4,0,9,9,4,3,3,3,3,4,8,8,0,0
17,1165,4,0,4,0,9,9,4,3,3,3,3,4,8,8,0,0
17,1165,4,0,4,0,9,9,4,3,3,3,3,4,8,8,0,0
17,1165,4,0,4,0,9,9,4,3,3,3,3,4,8,7,0,0
17,1165,4,0,4,0,9,9,4,3,3,3,3,4,8,7,0,0
17,1165,4,0,4,0,9,9,4,3,3,3,3,4,8,6,0,0
17,1165,4,0,4,0,9,9,4,3,3,3,3,4,7,6,0,0
18,1166,4,0,4,0,9,9,4,3,3,3,3,4,7,6,0,0
18,1166,4,0,4,0,9,9,4,3,3,3,3,4,7,6,0,0
18,1166,4,0,4,0,9,9,4,3,3,3,3,4,7,6,0,0
18,1166,4,0,4,0,9,9,4,3,3,3,3,4,7,6,0,0
18,1166,4,0,4,0,9,9,4,3,3,3,3,4,7,6,0,0
18,1166,4,0,4,0,9,9,4,3,3,3,3,4,7,6,0,0
18,1166,4,0,4,0,9,9,4,3,3,3,3,4,8,6,8,0
18,1166,4,0,4,0,10,9,4,4,3,3,4,4,8,8,8,1
18,1166,4,0,4,0,10,10,4,4,3,3,4,4,8,8,8,1
18,1166,4,0,4,0,10,10,4,4,3,3,4,4,8,8,9,2
18,1166,4,0,4,0,10,10,4,4,3,3,4,4,8,8,9,2
18,1166,4,0,4,0,10,10,4,4,3,3,4,4,8,9,9,2
18,1166,4,0,4,0,10,10,4,3,3,3,4,4,8,8,9,1
18,1166,4,0,4,0,10,9,4,3,3,3,4,4,8,8,5,1
18,1166,4,0,4,0,10,9,4,3,3,3,4,4,8,8,5,1
18,1166,4,0,4,0,10,9,4,3,3,3,4,4,8,8,5,1
18,1166,4,0,4,0,9,9,4,3,3,3,3,4,8,7,5,1
18,1166,4,0,4,0,9,9,4,3,3,3,3,4,8,7,0,1
18,1166,4,0,4,0,9,9,4,3,3,3,3,4,8,7,0,1
18,1166,4,0,4,0,9,9,4,3,3,3,3,4,8,7,0,1
18,1166,4,0,4,0,9,9,4,3,3,3,3,4,8,7,0,1
18,1166,4,0,4,0,9,9,4,3,3,3,3,4,8,7,0,1
18,1166,4,0,4,0,9,9,4,3,3,3,3,4,8,7,0,1
18,1166,4,0,4,0,9,9,4,3,3,3,3,4,7,7,0,1
19,1167,4,0,3,0,8,9,3,3,2,3,2,4,7,7,0,1
19,1167,4,0,3,0,8,9,3,3,2,3,2,4,7,7,0,1
19,1167,4,0,3,0,8,9,3,3,2,3,2,4,7,7,0,1
19,1167,4,0,3,0,8,9,3,3,2,3,2,4,7,7,0,1
19,1167,4,0,3,0,8,9,3,3,2,3,2,4,7,7,0,1
19,1167,4,0,3,0,8,9,3,3,2,3,2,4,7,7,0,1
19,1167,4,0,3,0,8,9,3,3,2,3,3,4,10,7,0,1
19,1167,4,0,3,0,8,8,3,3,2,3,3,4,10,6,0,0
19,1167,4,0,3,0,8,8,3,3,2,3,3,4,10,6,0,0
19,1167,4,0,3,0,8,8,3,3,2,3,3,4,10,6,0,0
19,1167,4,0,3,0,8,8,3,3,2,3,3,4,10,6,0,0
19,1167,4,0,3,0,8,8,3,3,2,3,3,4,10,6,0,0
19,1167,4,0,3,0,8,7,3,3,2,3,3,4,10,6,0,0
19,1167,4,0,3,0,8,7,3,3,2,3,3,4,10,6,0,0
19,1167,4,0,3,0,8,7,3,3,2,3,3,4,10,6,0,0
19,1167,4,0,3,0,8,7,3,3,2,3,2,4,8,6,0,0
19,1167,4,0,3,0,8,7,3,3,2,3,2,4,8,6,0,0
19,1167,4,0,3,0,8,7,3,3,2,3,2,4,8,6,0,0
19,1167,4,0,3,0,8,7,3,3,2,3,2,3,8,6,0,0
19,1167,4,0,3,0,8,7,3,3,2,3,2,3,8,6,0,0
19,1167,4,0,3,0,8,7,3,3,2,3,2,3,8,6,0,0
19,1167,4,0,3,0,8,7,3,3,2,3,2,3,8,6,0,0
19,1167,4,0,3,0,8,7,3,3,2,3,2,3,8,6,0,0
19,1167,4,0,3,0,8,7,3,3,2,3,2,3,7,6,0,0
20,1168,4,0,3,0,8,7,3,3,2,3,2,3,4,6,0,0
20,1168,4,0,3,0,8,7,3,3,2,3,2,3,4,6,0,0
20,1168,4,0,3,0,8,7,3,3,2,3,2,3,4,6,0,0
20,1168,4,0,3,0,8,7,3,3,2,3,2,3,4,6,0,0
20,1168,4,0,3,0,8,7,3,3,2,3,2,3,4,6,0,0
20,1168,4,0,3,0,8,7,3,3,2,3,2,3,4,6,0,0
20,1168,4,0,3,0,8,7,3,3,2,3,3,3,4,6,0,0
20,1168,4,0,3,0,8,7,3,3,2,3,3,2,5,6,0,0
20,1168,4,0,3,0,8,7,3,3,2,3,3,2,5,6,0,0
20,1168,4,0,3,0,8,7,3,3,2,3,3,2,5,6,0,0
20,1168,4,0,3,0,8,7,3,3,2,3,3,2,5,6,0,0
20,1168,4,0,3,0,8,7,3,3,2,3,3,2,5,6,0,0
20,1168,4,0,3,0,8,7,3,3,2,3,3,2,5,6,0,0
20,1168,4,0,3,0,8,7,3,3,2,3,3,2,5,5,0,0
20,1168,4,0,3,0,8,7,3,3,2,3,3,2,5,5,0,0
20,1168,4,0,3,0,8,6,3,3,2,3,2,2,4,5,0,0
20,1168,4,0,3,0,8,6,3,3,2,3,2,2,4,5,0,0
20,1168,4,0,3,0,8,6,3,3,2,3,2,2,4,5,0,0
20,1168,4,0,3,0,8,6,3,3,2,3,2,2,4,5,0,0
20,1168,4,0,3,0,8,6,3,3,2,3,2,1,4,5,0,0
20,1168,4,0,3,0,8,6,3,3,2,3,2,1,4,5,0,0
20,1168,4,0,3,0,8,6,3,3,2,3,2,1,4,5,0,0
20,1168,4,0,3,0,8,6,3,3,2,3,2,1,4,5,0,0
20,1168,4,0,3,0,8,6,3,3,2,3,2,1,4,5,0,0
21,1169,4,0,4,0,9,6,4,3,3,3,3,1,7,5,0,0
21,1169,4,0,4,0,9,6,4,3,3,3,3,1,7,5,0,0
21,1169,4,0,4,0,9,6,4,3,3,3,3,1,7,5,0,0
21,1169,4,0,4,0,9,6,4,3,3,3,3,1,7,5,0,0
21,1169,4,0,4,0,9,6,4,3,3,3,3,1,7,5,0,0
21,1169,4,0,4,0,9,6,4,3,3,3,3,1,7,5,0,0
21,1169,4,0,4,0,9,6,4,3,3,3,3,1,8,5,8,0
21,1169,4,0,4,0,10,8,4,4,3,3,4,2,8,5,8,1
21,1169,4,0,4,0,10,9,4,4,3,3,4,2,8,5,8,1
21,1169,4,0,4,0,10,10,4,4,3,3,4,2,8,6,9,1
21,1169,4,0,4,0,10,10,4,4,3,3,4,2,8,6,9,1
21,1169,4,0,4,0,10,10,4,4,3,3,4,2,8,6,9,1
21,1169,4,0,4,0,10,10,4,4,3,3,4,2,8,6,9,1
21,1169,4,0,4,0,10,9,4,4,3,3,4,2,8,5,5,1
21,1169,4,0,4,0,10,9,4,4,3,3,4,2,8,5,5,1
21,1169,4,0,4,0,10,9,4,4,3,3,4,2,8,5,5,1
21,1169,4,0,4,0,9,9,4,4,3,3,3,2,8,5,5,1
21,1169,4,0,4,0,9,9,4,3,3,3,3,2,8,5,0,0
21,1169,4,0,4,0,9,8,4,3,3,3,3,2,8,4,0,0
21,1169,4,0,4,0,9,8,4,3,3,3,3,2,8,4,0,0
21,1169,4,0,4,0,9,8,4,3,3,3,3,2,8,4,0,0
21,1169,4,0,4,0,9,8,4,3,3,3,3,2,8,4,0,0
21,1169,4,0,4,0,9,8,4,3,3,3,3,2,8,4,0,0
21,1169,4,0,4,0,9,8,4,3,3,3,3,2,7,4,0,0
22,1170,4,0,4,0,9,8,4,3,3,3,3,2,4,4,0,0
22,1170,4,0,4,0,9,8,4,3,3,3,3,2,4,4,0,0
22,1170,4,0,4,0,9,8,4,3,3,3,3,2,4,4,0,0
22,1170,4,0,4,0,9,8,4,3,3,3,3,2,4,4,0,0
22,1170,4,0,4,0,9,8,4,3,3,3,3,2,4,4,0,0
22,1170,4,0,4,0,9,8,4,3,3,3,3,2,4,4,0,0
22,1170,4,0,4,0,9,8,4,3,3,3,3,2,4,4,8,0
22,1170,4,0,4,0,10,10,4,4,3,3,4,3,5,5,8,5
22,1170,4,0,4,0,10,10,4,4,3,3,4,3,5,6,8,6
22,1170,4,0,4,0,10,10,4,4,3,3,4,3,5,7,9,7
22,1170,4,0,4,0,10,10,4,4,3,3,4,3,5,7,9,8
22,1170,4,0,4,0,10,10,4,4,3,3,4,3,5,7,9,8
22,1170,4,0,4,0,10,10,4,4,3,3,4,3,5,6,9,7
22,1170,4,0,4,0,10,10,4,4,3,3,4,3,5,6,5,7
22,1170,4,0,4,0,10,10,4,4,3,3,4,3,5,6,5,7
22,1170,4,0,4,0,10,10,4,4,3,3,4,3,4,5,5,4
22,1170,4,0,4,0,9,10,4,4,3,3,3,3,4,5,5,4
22,1170,4,0,4,0,9,10,4,4,3,3,3,3,4,5,0,4
22,1170,4,0,4,0,9,10,4,4,3,3,3,3,4,5,0,4
22,1170,4,0,4,0,9,10,4,4,3,3,3,3,4,5,0,4
22,1170,4,0,4,0,9,10,4,4,3,3,3,3,4,5,0,4
22,1170,4,0,4,0,9,10,4,4,3,3,3,3,4,5,0,4
22,1170,4,0,4,0,9,10,4,4,3,3,3,3,4,5,0,4
22,1170,4,0,4,0,9,10,4,4,3,3,3,3,4,5,0,4
23,1171,4,0,4,0,9,10,4,4,3,3,3,3,7,7,0,4
23,1171,4,0,4,0,9,10,4,4,3,3,3,3,7,7,0,4
23,1171,4,0,4,0,9,10,4,4,3,3,3,3,7,7,0,4
23,1171,4,0,4,0,9,10,4,4,3,3,3,3,7,7,0,4
23,1171,4,0,4,0,9,10,4,4,3,3,3,3,7,7,0,4
23,1171,4,0,4,0,9,10,4,4,3,3,3,3,7,7,0,4
23,1171,4,0,4,0,9,10,4,4,3,3,3,3,10,8,8,4
23,1171,4,0,4,0,10,10,4,4,3,3,4,3,10,8,8,1
23,1171,4,0,4,0,10,10,4,4,3,3,4,3,10,10,8,1
23,1171,4,0,4,0,10,10,4,4,3,3,4,3,10,10,9,1
23,1171,4,0,4,0,10,10,4,4,3,3,4,3,10,10,9,1
23,1171,4,0,4,0,10,10,4,4,3,3,4,3,10,9,9,0
23,1171,4,0,4,0,10,10,4,4,3,3,4,3,10,10,9,0
23,1171,4,0,4,0,10,10,4,3,3,3,4,3,10,10,5,0
23,1171,4,0,4,0,10,10,4,3,3,3,4,3,10,10,5,0
23,1171,4,0,4,0,10,10,4,3,3,3,4,3,8,10,5,0
23,1171,4,0,4,0,9,10,4,3,3,3,3,3,8,10,5,0
23,1171,4,0,4,0,9,10,4,3,3,3,3,3,8,10,0,0
23,1171,4,0,4,0,9,10,4,3,3,3,3,3,8,10,0,0
23,1171,4,0,4,0,9,10,4,3,3,3,3,3,8,10,0,0
23,1171,4,0,4,0,9,10,4,3,3,3,3,3,8,10,0,0
23,1171,4,0,4,0,9,9,4,3,3,3,3,3,8,9,0,0
23,1171,4,0,4,0,9,9,4,3,3,3,3,3,8,9,0,0
23,1171,4,0,4,0,9,9,4,3,3,3,3,3,7,9,0,0
24,1172,4,0,4,0,9,9,4,3,3,3,3,3,7,9,0,0
24,1172,4,0,4,0,9,9,4,3,3,3,3,3,7,9,0,0
24,1172,4,0,4,0,9,9,4,3,3,3,3,3,7,9,0,0
24,1172,4,0,4,0,9,9,4,3,3,3,3,3,7,9,0,0
24,1172,4,0,4,0,9,9,4,3,3,3,3,3,7,9,0,0
24,1172,4,0,4,0,9,9,4,3,3,3,3,3,7,9,0,0
24,1172,4,0,4,0,9,9,4,3,3,3,3,3,8,9,8,0
24,1172,4,0,4,0,10,9,4,4,3,3,4,2,8,8,8,0
24,1172,4,0,4,0,10,10,4,4,3,3,4,2,8,8,8,0
24,1172,4,0,4,0,10,10,4,4,3,3,4,1,8,8,9,0
24,1172,4,0,4,0,10,10,4,4,3,3,4,1,8,8,9,0
24,1172,4,0,4,0,10,10,4,4,3,3,4,1,8,8,9,0
24,1172,4,0,4,0,10,10,4,4,3,3,4,1,8,8,9,0
24,1172,4,0,4,0,10,10,4,4,3,3,4,1,8,8,5,0
24,1172,4,0,4,0,10,9,4,4,3,3,4,1,8,8,5,0
24,1172,4,0,4,0,10,9,4,4,3,3,4,1,8,8,5,0
24,1172,4,0,4,0,9,9,4,4,3,3,3,1,8,7,5,0
24,1172,4,0,4,0,9,9,4,4,3,3,3,1,8,7,0,0
24,1172,4,0,4,0,9,9,4,4,3,3,3,1,8,7,0,0
24,1172,4,0,4,0,9,9,4,4,3,3,3,1,8,7,0,0
24,1172,4,0,4,0,9,9,4,4,3,3,3,1,8,7,0,0
24,1172,4,0,4,0,9,9,4,4,3,3,3,1,8,7,0,0
24,1172,4,0,4,0,9,8,4,4,3,3,3,1,8,7,0,0
24,1172,4,0,4,0,9,8,4,4,3,3,3,1,7,7,0,0
25,1173,4,0,4,0,9,8,4,4,3,3,3,1,7,7,0,0
25,1173,4,0,4,0,9,8,4,4,3,3,3,1,7,7,0,0
25,1173,4,0,4,0,9,8,4,4,3,3,3,1,7,7,0,0
25,1173,4,0,4,0,9,8,4,4,3,3,3,1,7,7,0,0
25,1173,4,0,4,0,9,8,4,4,3,3,3,1,7,7,0,0
25,1173,4,0,4,0,9,8,4,4,3,3,3,1,7,7,0,0
25,1173,4,0,4,0,9,8,4,4,3,3,3,1,8,7,8,0
25,1173,4,0,4,0,10,8,4,4,3,3,4,2,8,8,8,1
25,1173,4,0,4,0,10,10,4,4,3,3,4,2,8,8,8,1
25,1173,4,0,4,0,10,10,4,3,3,3,4,2,8,8,9,2
25,1173,4,0,4,0,10,10,4,4,3,3,4,2,8,8,9,3
25,1173,4,0,4,0,10,9,4,4,3,3,4,2,8,8,9,4
25,1173,4,0,4,0,10,9,4,4,3,3,4,2,8,8,9,4
25,1173,4,0,4,0,10,9,4,4,3,3,4,2,8,8,5,4
25,1173,4,0,4,0,10,9,4,4,3,3,4,2,8,8,5,4
25,1173,4,0,4,0,10,9,4,3,3,3,4,2,8,8,5,2
25,1173,4,0,4,0,9,9,4,3,3,3,3,2,8,8,5,2
25,1173,4,0,4,0,9,8,4,3,3,3,3,2,8,8,0,1
25,1173,4,0,4,0,9,8,4,3,3,3,3,2,8,8,0,1
25,1173,4,0,4,0,9,7,4,3,3,3,3,2,8,7,0,1
25,1173,4,0,4,0,9,7,4,3,3,3,3,2,8,7,0,1
25,1173,4,0,4,0,9,7,4,3,3,3,3,2,8,7,0,1
25,1173,4,0,4,0,9,7,4,3,3,3,3,2,8,7,0,1
25,1173,4,0,4,0,9,7,4,3,3,3,3,2,7,7,0,1
26,1174,4,0,3,0,8,7,3,3,2,3,2,2,7,7,0,1
26,1174,4,0,3,0,8,7,3,3,2,3,2,2,7,7,0,1
26,1174,4,0,3,0,8,7,3,3,2,3,2,2,7,7,0,1
26,1174,4,0,3,0,8,7,3,3,2,3,2,2,7,7,0,1
26,1174,4,0,3,0,8,7,3,3,2,3,2,2,7,7,0,1
26,1174,4,0,3,0,8,7,3,3,2,3,2,2,7,7,0,1
26,1174,4,0,3,0,8,7,3,3,2,3,3,2,10,7,0,1
26,1174,4,0,3,0,8,6,3,2,2,3,3,2,10,7,0,0
26,1174,4,0,3,0,8,5,3,2,2,3,3,2,10,7,0,0
26,1174,4,0,3,0,8,5,3,2,2,3,3,2,10,7,0,0
26,1174,4,0,3,0,8,5,3,2,2,3,3,2,10,7,0,0
26,1174,4,0,3,0,8,5,3,2,2,3,3,2,10,7,0,0
26,1174,4,0,3,0,8,4,3,2,2,3,3,2,10,6,0,0
26,1174,4,0,3,0,8,4,3,2,2,3,3,2,10,6,0,0
26,1174,4,0,3,0,8,4,3,2,2,3,3,2,10,5,0,0
26,1174,4,0,3,0,8,4,3,2,2,3,2,2,8,5,0,0
26,1174,4,0,3,0,8,4,3,2,2,3,2,2,8,5,0,0
26,1174,4,0,3,0,8,4,3,2,2,3,2,2,8,5,0,0
26,1174,4,0,3,0,8,4,3,2,2,3,2,2,8,5,0,0
26,1174,4,0,3,0,8,4,3,2,2,3,2,2,8,5,0,0
26,1174,4,0,3,0,8,4,3,2,2,3,2,2,8,5,0,0
26,1174,4,0,3,0,8,4,3,2,2,3,2,2,8,5,0,0
26,1174,4,0,3,0,8,4,3,2,2,3,2,2,8,5,0,0
26,1174,4,0,3,0,8,4,3,2,2,3,2,2,7,5,0,0
27,1175,4,0,3,0,8,4,3,2,2,3,2,2,4,5,0,0
27,1175,4,0,3,0,8,4,3,2,2,3,2,2,4,5,0,0
27,1175,4,0,3,0,8,4,3,2,2,3,2,2,4,5,0,0
27,1175,4,0,3,0,8,4,3,2,2,3,2,2,4,5,0,0
27,1175,4,0,3,0,8,4,3,2,2,3,2,2,4,5,0,0
27,1175,4,0,3,0,8,4,3,2,2,3,2,2,4,5,0,0
27,1175,4,0,3,0,8,4,3,2,2,3,3,2,4,5,0,0
27,1175,4,0,3,0,8,4,3,2,2,3,3,2,5,5,0,0
27,1175,4,0,3,0,8,4,3,2,2,3,3,2,5,5,0,0
27,1175,4,0,3,0,8,4,3,2,2,3,3,2,5,5,0,0
27,1175,4,0,3,0,8,4,3,2,2,3,3,2,5,5,0,0
27,1175,4,0,3,0,8,4,3,2,2,3,3,2,5,5,0,0
27,1175,4,0,3,0,8,4,3,2,2,3,3,2,5,5,0,0
27,1175,4,0,3,0,8,4,3,2,2,3,3,2,5,5,0,0
27,1175,4,0,3,0,8,4,3,2,2,3,3,2,5,5,0,0
27,1175,4,0,3,0,8,4,3,2,2,3,2,2,4,5,0,0
27,1175,4,0,3,0,8,4,3,2,2,3,2,2,4,5,0,0
27,1175,4,0,3,0,8,4,3,1,2,2,2,2,4,5,0,0
27,1175,4,0,3,0,8,4,3,1,2,2,2,2,4,5,0,0
27,1175,4,0,3,0,8,4,3,1,2,2,2,1,4,5,0,0
27,1175,4,0,3,0,8,4,3,1,2,2,2,1,4,5,0,0
27,1175,4,0,3,0,8,4,3,1,2,2,2,1,4,5,0,0
27,1175,4,0,3,0,8,4,3,1,2,2,2,1,4,5,0,0
27,1175,4,0,3,0,8,4,3,1,2,2,2,1,4,5,0,0
0,1176,4,0,4,0,9,4,4,1,3,2,3,1,7,5,0,0
0,1176,4,0,4,0,9,4,4,1,3,2,3,1,7,5,0,0
0,1176,4,0,4,0,9,4,4,1,3,2,3,1,7,5,0,0
0,1176,4,0,4,0,9,4,4,1,3,2,3,1,7,5,0,0
0,1176,4,0,4,0,9,4,4,1,3,2,3,1,7,5,0,0
0,1176,4,0,4,0,9,4,4,1,3,2,3,1,7,5,0,0
0,1176,4,0,4,0,9,4,4,1,3,2,3,1,8,5,8,0
0,1176,4,0,4,0,10,6,4,3,3,2,4,2,8,6,8,2
0,1176,4,0,4,0,10,7,4,4,3,2,4,2,8,6,8,2
0,1176,4,0,4,0,10,7,4,4,3,2,4,1,8,8,9,2
0,1176,4,0,4,0,10,8,4,4,3,2,4,1,8,8,9,2
0,1176,4,0,4,0,10,8,4,4,3,3,4,1,8,8,9,2
0,1176,4,0,4,0,10,9,4,4,3,3,4,1,8,8,9,2
0,1176,4,0,4,0,10,10,4,4,3,3,4,1,8,7,5,2
0,1176,4,0,4,0,10,7,4,4,3,2,4,1,8,7,5,1
0,1176,4,0,4,0,10,6,4,4,3,2,4,1,8,7,5,1
0,1176,4,0,4,0,9,6,4,4,3,2,3,1,8,7,5,1
0,1176,4,0,4,0,9,6,4,4,3,2,3,1,8,7,0,1
0,1176,4,0,4,0,9,6,4,4,3,2,3,1,8,7,0,1
0,1176,4,0,4,0,9,6,4,4,3,2,3,1,8,7,0,1
0,1176,4,0,4,0,9,5,4,3,3,2,3,1,8,7,0,0
0,1176,4,0,4,0,9,5,4,3,3,2,3,1,8,7,0,0
0,1176,4,0,4,0,9,5,4,3,3,2,3,1,8,7,0,0
0,1176,4,0,4,0,9,5,4,3,3,2,3,1,7,7,0,0
1,1177,4,0,4,0,9,5,4,3,3,2,3,1,4,7,0,0
1,1177,4,0,4,0,9,5,4,3,3,2,3,1,4,7,0,0
1,1177,4,0,4,0,9,5,4,3,3,2,3,1,4,7,0,0
1,1177,4,0,4,0,9,5,4,3,3,2,3,1,4,7,0,0
1,1177,4,0,4,0,9,5,4,3,3,2,3,1,4,7,0,0
1,1177,4,0,4,0,9,5,4,3,3,2,3,1,4,7,0,0
1,1177,4,0,4,0,9,5,4,3,3,2,3,1,4,7,8,0
1,1177,4,0,4,0,10,9,4,4,3,2,4,2,5,6,8,1
1,1177,4,0,4,0,10,10,4,4,3,3,4,2,5,6,8,1
1,1177,4,0,4,0,10,10,4,4,3,3,4,2,5,6,9,2
1,1177,4,0,4,0,10,10,4,4,3,3,4,2,5,6,9,2
1,1177,4,0,4,0,10,10,4,4,3,3,4,2,5,6,9,2
1,1177,4,0,4,0,10,10,4,4,3,3,4,2,5,6,9,2
1,1177,4,0,4,0,10,10,4,4,3,3,4,2,5,6,5,2
1,1177,4,0,4,0,10,9,4,4,3,3,4,1,5,6,5,2
1,1177,4,0,4,0,10,9,4,4,3,3,4,1,4,6,5,2
1,1177,4,0,4,0,9,9,4,4,3,3,3,1,4,6,5,2
1,1177,4,0,4,0,9,9,4,4,3,2,3,1,4,5,0,2
1,1177,4,0,4,0,9,9,4,4,3,1,3,1,4,5,0,2
1,1177,4,0,4,0,9,9,4,4,3,0,3,1,4,5,0,2
1,1177,4,0,4,0,9,9,4,4,3,0,3,1,4,5,0,2
1,1177,4,0,4,0,9,9,4,4,3,0,3,1,4,5,0,2
1,1177,4,0,4,0,9,9,4,4,3,0,3,0,4,5,0,2
1,1177,4,0,4,0,9,9,4,4,3,0,3,0,4,5,0,2
2,1178,4,0,4,0,9,9,4,4,3,0,3,0,7,7,0,2
2,1178,4,0,4,0,9,9,4,4,3,0,3,0,7,7,0,2
2,1178,4,0,4,0,9,9,4,4,3,0,3,0,7,7,0,2
2,1178,4,0,4,0,9,9,4,4,3,0,3,0,7,7,0,2
2,1178,4,0,4,0,9,9,4,4,3,0,3,0,7,7,0,2
2,1178,4,0,4,0,9,9,4,4,3,0,3,0,7,7,0,2
2,1178,4,0,4,0,9,9,4,4,3,0,3,0,10,7,8,2
2,1178,4,0,4,0,10,9,4,4,3,1,4,1,10,10,8,1
2,1178,4,0,4,0,10,10,4,4,3,2,4,1,10,10,8,1
2,1178,4,0,4,0,10,10,4,4,3,2,4,1,10,10,9,1
2,1178,4,0,4,0,10,10,4,4,3,3,4,1,10,11,9,1
2,1178,4,0,4,0,10,9,4,4,3,3,4,1,10,11,9,1
2,1178,4,0,4,0,10,9,4,4,3,3,4,1,10,10,9,0
2,1178,4,0,4,0,10,9,4,4,3,3,4,1,10,10,5,0
2,1178,4,0,4,0,10,9,4,4,3,3,4,1,10,10,5,0
2,1178,4,0,4,0,10,9,4,4,3,3,4,1,8,10,5,0
2,1178,4,0,4,0,9,9,4,4,3,3,3,1,8,10,5,0
2,1178,4,0,4,0,9,9,4,4,3,3,3,1,8,10,0,0
2,1178,4,0,4,0,9,9,4,4,3,2,3,1,8,10,0,0
2,1178,4,0,4,0,9,9,4,4,3,2,3,1,8,10,0,0
2,1178,4,0,4,0,9,9,4,4,3,2,3,1,8,9,0,0
2,1178,4,0,4,0,9,9,4,4,3,2,3,1,8,9,0,0
2,1178,4,0,4,0,9,9,4,4,3,2,3,1,8,9,0,0
2,1178,4,0,4,0,9,9,4,4,3,2,3,1,7,9,0,0
3,1179,4,0,4,0,9,9,4,4,3,2,3,1,7,9,0,0
3,1179,4,0,4,0,9,9,4,4,3,2,3,1,7,9,0,0
3,1179,4,0,4,0,9,9,4,4,3,2,3,1,7,9,0,0
3,1179,4,0,4,0,9,9,4,4,3,2,3,1,7,9,0,0
3,1179,4,0,4,0,9,9,4,4,3,2,3,1,7,9,0,0
3,1179,4,0,4,0,9,9,4,4,3,2,3,1,7,9,0,0
3,1179,4,0,4,0,9,9,4,4,3,2,3,1,8,9,8,0
3,1179,4,0,4,0,10,10,4,3,3,3,4,2,8,8,8,0
3,1179,4,0,4,0,10,10,4,3,3,3,4,2,8,8,8,0
3,1179,4,0,4,0,10,10,4,3,3,3,4,2,8,8,9,0
3,1179,4,0,4,0,10,10,4,3,3,2,4,2,8,8,9,0
3,1179,4,0,4,0,10,10,4,3,3,2,4,2,8,8,9,0
3,1179,4,0,4,0,10,10,4,3,3,2,4,2,8,8,9,0
3,1179,4,0,4,0,10,10,4,3,3,2,4,2,8,8,5,0
3,1179,4,0,4,0,10,10,4,3,3,2,4,2,8,8,5,0
3,1179,4,0,4,0,10,10,4,3,3,2,4,2,8,8,5,0
3,1179,4,0,4,0,9,10,4,3,3,2,3,2,8,8,5,0
3,1179,4,0,4,0,9,10,4,3,3,2,3,2,8,8,0,0
3,1179,4,0,4,0,9,10,4,2,3,2,3,2,8,8,0,0
3,1179,4,0,4,0,9,10,4,2,3,2,3,2,8,8,0,0
3,1179,4,0,4,0,9,9,4,2,3,2,3,2,8,7,0,0
3,1179,4,0,4,0,9,9,4,2,3,2,3,2,8,6,0,0
3,1179,4,0,4,0,9,9,4,2,3,2,3,2,8,6,0,0
3,1179,4,0,4,0,9,9,4,2,3,2,3,2,7,6,0,0
4,1180,4,0,4,0,9,9,4,2,3,2,3,2,7,6,0,0
4,1180,4,0,4,0,9,9,4,2,3,2,3,2,7,6,0,0
4,1180,4,0,4,0,9,9,4,2,3,2,3,2,7,6,0,0
4,1180,4,0,4,0,9,9,4,2,3,2,3,2,7,6,0,0
4,1180,4,0,4,0,9,9,4,2,3,2,3,2,7,6,0,0
4,1180,4,0,4,0,9,9,4,2,3,2,3,2,7,6,0,0
4,1180,4,0,4,0,9,9,4,2,3,2,3,2,8,6,8,0
4,1180,4,0,4,0,10,8,4,1,3,3,4,2,8,8,8,1
4,1180,4,0,4,0,10,10,4,3,3,3,4,2,8,8,8,1
4,1180,4,0,4,0,10,10,4,4,3,3,4,2,8,8,9,1
4,1180,4,0,4,0,10,10,4,4,3,3,4,2,8,8,9,1
4,1180,4,0,4,0,10,10,4,4,3,3,4,2,8,8,9,1
4,1180,4,0,4,0,10,10,4,4,3,3,4,2,8,8,9,1
4,1180,4,0,4,0,10,10,4,4,3,3,4,2,8,8,5,1
4,1180,4,0,4,0,10,10,4,3,3,3,4,2,8,8,5,1
4,1180,4,0,4,0,10,10,4,3,3,3,4,2,8,8,5,1
4,1180,4,0,4,0,9,10,4,2,3,3,3,2,8,8,5,1
4,1180,4,0,4,0,9,9,4,2,3,3,3,2,8,8,0,1
4,1180,4,0,4,0,9,9,4,2,3,3,3,2,8,8,0,1
4,1180,4,0,4,0,9,9,4,1,3,3,3,2,8,8,0,1
4,1180,4,0,4,0,9,9,4,1,3,3,3,2,8,8,0,1
4,1180,4,0,4,0,9,9,4,1,3,3,3,2,8,8,0,1
4,1180,4,0,4,0,9,9,4,1,3,3,3,2,8,8,0,1
4,1180,4,0,4,0,9,9,4,1,3,3,3,2,7,8,0,1
5,1181,4,0,3,0,8,9,3,1,2,3,2,2,7,8,0,1
5,1181,4,0,3,0,8,9,3,1,2,3,2,2,7,8,0,1
5,1181,4,0,3,0,8,9,3,1,2,3,2,2,7,8,0,1
5,1181,4,0,3,0,8,9,3,1,2,3,2,2,7,8,0,1
5,1181,4,0,3,0,8,9,3,1,2,3,2,2,7,8,0,1
5,1181,4,0,3,0,8,9,3,1,2,3,2,2,7,8,0,1
5,1181,4,0,3,0,8,9,3,1,2,3,3,2,10,8,0,1
5,1181,4,0,3,0,8,8,3,1,2,2,3,2,10,7,0,1
5,1181,4,0,3,0,8,8,3,1,2,2,3,2,10,7,0,0
5,1181,4,0,3,0,8,8,3,1,2,2,3,2,10,7,0,0
5,1181,4,0,3,0,8,8,3,1,2,2,3,2,10,7,0,0
5,1181,4,0,3,0,8,8,3,1,2,2,3,2,10,6,0,0
5,1181,4,0,3,0,8,8,3,1,2,2,3,2,10,6,0,0
5,1181,4,0,3,0,8,8,3,1,2,2,3,2,10,6,0,0
5,1181,4,0,3,0,8,8,3,1,2,2,3,2,10,6,0,0
5,1181,4,0,3,0,8,8,3,1,2,2,2,2,8,6,0,0
5,1181,4,0,3,0,8,8,3,1,2,2,2,2,8,6,0,0
5,1181,4,0,3,0,8,8,3,1,2,2,2,2,8,6,0,0
5,1181,4,0,3,0,8,8,3,1,2,2,2,2,8,6,0,0
5,1181,4,0,3,0,8,8,3,1,2,2,2,2,8,6,0,0
5,1181,4,0,3,0,8,8,3,1,2,2,2,2,8,6,0,0
5,1181,4,0,3,0,8,8,3,1,2,1,2,2,8,6,0,0
5,1181,4,0,3,0,8,8,3,1,2,1,2,2,8,6,0,0
5,1181,4,0,3,0,8,8,3,1,2,1,2,2,7,6,0,0
6,1182,4,0,3,0,8,8,3,1,2,1,2,2,4,6,0,0
6,1182,4,0,3,0,8,8,3,1,2,1,2,2,4,6,0,0
6,1182,4,0,3,0,8,8,3,1,2,1,2,2,4,6,0,0
6,1182,4,0,3,0,8,8,3,1,2,1,2,2,4,6,0,0
6,1182,4,0,3,0,8,8,3,1,2,1,2,2,4,6,0,0
6,1182,4,0,3,0,8,8,3,1,2,1,2,2,4,6,0,0
6,1182,4,0,3,0,8,8,3,1,2,1,3,2,4,6,0,0
6,1182,4,0,3,0,8,8,3,1,2,1,3,2,5,6,0,0
6,1182,4,0,3,0,8,8,3,1,2,1,3,2,5,6,0,0
6,1182,4,0,3,0,8,8,3,1,2,1,3,2,5,6,0,0
6,1182,4,0,3,0,8,8,3,1,2,1,3,2,5,6,0,0
6,1182,4,0,3,0,8,8,3,1,2,1,3,2,5,6,0,0
6,1182,4,0,3,0,8,8,3,1,2,1,3,2,5,6,0,0
6,1182,4,0,3,0,8,8,3,1,2,1,3,2,5,6,0,0
6,1182,4,0,3,0,8,8,3,1,2,1,3,2,5,6,0,0
6,1182,4,0,3,0,8,8,3,1,2,1,2,2,4,6,0,0
6,1182,4,0,3,0,8,8,3,1,2,1,2,2,4,6,0,0
6,1182,4,0,3,0,8,8,3,1,2,1,2,2,4,6,0,0
6,1182,4,0,3,0,8,8,3,1,2,1,2,2,4,6,0,0
6,1182,4,0,3,0,8,6,3,1,2,1,2,2,4,4,0,0
6,1182,4,0,3,0,8,6,3,1,2,1,2,2,4,4,0,0
6,1182,4,0,3,0,8,6,3,1,2,1,2,2,4,4,0,0
6,1182,4,0,3,0,8,6,3,1,2,1,2,2,4,4,0,0
6,1182,4,0,3,0,8,6,3,1,2,1,2,2,4,4,0,0
7,1183,4,0,4,0,9,6,4,1,3,1,3,2,7,4,0,0
7,1183,4,0,4,0,9,6,4,1,3,1,3,2,7,4,0,0
7,1183,4,0,4,0,9,6,4,1,3,1,3,2,7,4,0,0
7,1183,4,0,4,0,9,6,4,1,3,1,3,2,7,4,0,0
7,1183,4,0,4,0,9,6,4,1,3,1,3,2,7,4,0,0
7,1183,4,0,4,0,9,6,4,1,3,1,3,2,7,4,0,0
7,1183,4,0,4,0,9,6,4,1,3,1,3,2,8,4,8,0
7,1183,4,0,4,0,10,7,4,3,3,2,4,2,8,5,8,1
7,1183,4,0,4,0,10,7,4,3,3,3,4,2,8,6,8,1
7,1183,4,0,4,0,10,7,4,4,3,3,4,2,8,7,9,1
7,1183,4,0,4,0,10,8,4,4,3,3,4,2,8,7,9,1
7,1183,4,0,4,0,10,8,4,4,3,2,4,2,8,8,9,1
7,1183,4,0,4,0,10,8,4,4,3,3,4,2,8,8,9,1
7,1183,4,0,4,0,10,7,4,4,3,3,4,2,8,6,5,1
7,1183,4,0,4,0,10,7,4,3,3,3,4,2,8,7,5,1
7,1183,4,0,4,0,10,7,4,3,3,3,4,2,8,7,5,1
7,1183,4,0,4,0,9,7,4,3,3,3,3,2,8,7,5,1
7,1183,4,0,4,0,9,7,4,3,3,2,3,2,8,6,0,0
7,1183,4,0,4,0,9,7,4,3,3,2,3,1,8,6,0,0
7,1183,4,0,4,0,9,7,4,3,3,2,3,1,8,6,0,0
7,1183,4,0,4,0,9,7,4,3,3,2,3,1,8,6,0,0
7,1183,4,0,4,0,9,7,4,3,3,2,3,1,8,6,0,0
7,1183,4,0,4,0,9,7,4,3,3,2,3,1,8,6,0,0
7,1183,4,0,4,0,9,7,4,3,3,2,3,1,7,6,0,0
8,1184,4,0,4,0,9,7,4,3,3,2,3,1,4,6,0,0
8,1184,4,0,4,0,9,7,4,3,3,2,3,1,4,6,0,0
8,1184,4,0,4,0,9,7,4,3,3,2,3,1,4,6,0,0
8,1184,4,0,4,0,9,7,4,3,3,2,3,1,4,6,0,0
8,1184,4,0,4,0,9,7,4,3,3,2,3,1,4,6,0,0
8,1184,4,0,4,0,9,7,4,3,3,2,3,1,4,6,0,0
8,1184,4,0,4,0,9,7,4,3,3,2,3,1,4,6,8,0
8,1184,4,0,4,0,10,9,4,4,3,3,4,2,5,6,8,2
8,1184,4,0,4,0,10,9,4,4,3,3,4,2,5,6,8,3
8,1184,4,0,4,0,10,10,4,4,3,3,4,2,5,6,9,3
8,1184,4,0,4,0,10,10,4,4,3,3,4,2,5,6,9,3
8,1184,4,0,4,0,10,10,4,4,3,3,4,2,5,6,9,3
8,1184,4,0,4,0,10,9,4,4,3,2,4,2,5,6,9,3
8,1184,4,0,4,0,10,9,4,4,3,1,4,2,5,6,5,3
8,1184,4,0,4,0,10,9,4,4,3,1,4,2,5,6,5,3
8,1184,4,0,4,0,10,9,4,3,3,2,4,2,4,6,5,3
8,1184,4,0,4,0,9,9,4,3,3,2,3,2,4,6,5,3
8,1184,4,0,4,0,9,9,4,3,3,2,3,2,4,6,0,3
8,1184,4,0,4,0,9,9,4,3,3,2,3,2,4,6,0,3
8,1184,4,0,4,0,9,9,4,3,3,2,3,2,4,6,0,3
8,1184,4,0,4,0,9,9,4,3,3,2,3,2,4,6,0,2
8,1184,4,0,4,0,9,9,4,3,3,2,3,2,4,6,0,2
8,1184,4,0,4,0,9,8,4,3,3,2,3,2,4,6,0,2
8,1184,4,0,4,0,9,8,4,3,3,2,3,2,4,6,0,2
9,1185,4,0,4,0,9,8,4,3,3,2,3,2,7,7,0,2
9,1185,4,0,4,0,9,8,4,3,3,2,3,2,7,7,0,2
9,1185,4,0,4,0,9,8,4,3,3,2,3,2,7,7,0,2
9,1185,4,0,4,0,9,8,4,3,3,2,3,2,7,7,0,2
9,1185,4,0,4,0,9,8,4,3,3,2,3,2,7,7,0,2
9,1185,4,0,4,0,9,8,4,3,3,2,3,2,7,7,0,2
9,1185,4,0,4,0,9,8,4,3,3,2,3,2,10,8,8,2
9,1185,4,0,4,0,10,9,4,3,3,1,4,3,10,10,8,2
9,1185,4,0,4,0,10,10,4,3,3,1,4,3,10,10,8,3
9,1185,4,0,4,0,10,10,4,4,3,1,4,3,10,11,9,3
9,1185,4,0,4,0,10,9,4,4,3,2,4,3,10,10,9,4
9,1185,4,0,4,0,10,10,4,4,3,2,4,3,10,10,9,4
9,1185,4,0,4,0,10,10,4,4,3,2,4,3,10,10,9,3
9,1185,4,0,4,0,10,10,4,4,3,2,4,3,10,10,5,3
9,1185,4,0,4,0,10,10,4,4,3,2,4,3,10,10,5,2
9,1185,4,0,4,0,10,10,4,3,3,2,4,3,8,9,5,1
9,1185,4,0,4,0,9,10,4,3,3,2,3,3,8,9,5,1
9,1185,4,0,4,0,9,10,4,3,3,2,3,3,8,9,0,1
9,1185,4,0,4,0,9,10,4,3,3,2,3,3,8,9,0,1
9,1185,4,0,4,0,9,10,4,2,3,2,3,3,8,9,0,1
9,1185,4,0,4,0,9,10,4,2,3,2,3,3,8,9,0,1
9,1185,4,0,4,0,9,9,4,2,3,1,3,3,8,8,0,1
9,1185,4,0,4,0,9,9,4,2,3,1,3,3,8,8,0,1
9,1185,4,0,4,0,9,9,4,2,3,1,3,3,7,8,0,1
10,1186,4,0,4,0,9,9,4,2,3,1,3,3,7,8,0,1
10,1186,4,0,4,0,9,9,4,2,3,1,3,3,7,8,0,1
10,1186,4,0,4,0,9,9,4,2,3,1,3,3,7,8,0,1
10,1186,4,0,4,0,9,9,4,2,3,1,3,3,7,8,0,1
10,1186,4,0,4,0,9,9,4,2,3,1,3,3,7,8,0,1
10,1186,4,0,4,0,9,9,4,2,3,1,3,3,7,8,0,1
10,1186,4,0,4,0,9,9,4,2,3,1,3,3,8,8,8,1
10,1186,4,0,4,0,10,10,4,2,3,0,4,4,8,8,8,0
10,1186,4,0,4,0,10,10,4,2,3,0,4,4,8,8,8,0
10,1186,4,0,4,0,10,10,4,2,3,0,4,4,8,8,9,0
10,1186,4,0,4,0,10,10,4,2,3,0,4,4,8,8,9,0
10,1186,4,0,4,0,10,10,4,2,3,0,4,4,8,8,9,0
10,1186,4,0,4,0,10,10,4,2,3,0,4,4,8,7,9,0
10,1186,4,0,4,0,10,10,4,2,3,0,4,4,8,7,5,0
10,1186,4,0,4,0,10,10,4,2,3,0,4,4,8,7,5,0
10,1186,4,0,4,0,10,10,4,2,3,0,4,4,8,7,5,0
10,1186,4,0,4,0,9,10,4,2,3,0,3,4,8,7,5,0
10,1186,4,0,4,0,9,10,4,2,3,0,3,4,8,7,0,0
10,1186,4,0,4,0,9,9,4,2,3,0,3,4,8,7,0,0
10,1186,4,0,4,0,9,8,4,2,3,0,3,4,8,7,0,0
10,1186,4,0,4,0,9,8,4,2,3,0,3,4,8,7,0,0
10,1186,4,0,4,0,9,8,4,2,3,0,3,4,8,7,0,0
10,1186,4,0,4,0,9,8,4,2,3,0,3,4,8,7,0,0
10,1186,4,0,4,0,9,8,4,2,3,0,3,4,7,7,0,0
11,1187,4,0,4,0,9,8,4,2,3,0,3,4,7,7,0,0
11,1187,4,0,4,0,9,8,4,2,3,0,3,4,7,7,0,0
11,1187,4,0,4,0,9,8,4,2,3,0,3,4,7,7,0,0
11,1187,4,0,4,0,9,8,4,2,3,0,3,4,7,7,0,0
11,1187,4,0,4,0,9,8,4,2,3,0,3,4,7,7,0,0
11,1187,4,0,4,0,9,8,4,2,3,0,3,4,7,7,0,0
11,1187,4,0,4,0,9,8,4,2,3,0,3,4,8,7,8,0
11,1187,4,0,4,0,10,9,4,2,3,2,4,3,8,8,8,0
11,1187,4,0,4,0,10,10,4,2,3,3,4,3,8,8,8,1
11,1187,4,0,4,0,10,10,4,4,3,3,4,3,8,8,9,1
11,1187,4,0,4,0,10,10,4,3,3,3,4,3,8,8,9,1
11,1187,4,0,4,0,10,10,4,4,3,3,4,3,8,8,9,1
11,1187,4,0,4,0,10,10,4,4,3,3,4,3,8,8,9,1
11,1187,4,0,4,0,10,10,4,3,3,3,4,3,8,8,5,1
11,1187,4,0,4,0,10,9,4,3,3,3,4,3,8,7,5,1
11,1187,4,0,4,0,10,8,4,3,3,2,4,3,8,7,5,0
11,1187,4,0,4,0,9,8,4,3,3,2,3,3,8,7,5,0
11,1187,4,0,4,0,9,8,4,3,3,1,3,3,8,7,0,0
11,1187,4,0,4,0,9,8,4,3,3,1,3,3,8,7,0,0
11,1187,4,0,4,0,9,8,4,3,3,1,3,3,8,7,0,0
11,1187,4,0,4,0,9,8,4,3,3,1,3,3,8,7,0,0
11,1187,4,0,4,0,9,8,4,3,3,1,3,3,8,7,0,0
11,1187,4,0,4,0,9,8,4,2,3,1,3,3,8,7,0,0
11,1187,4,0,4,0,9,8,4,2,3,1,3,3,7,7,0,0
12,1188,4,0,3,0,8,8,3,2,2,1,2,3,7,7,0,0
12,1188,4,0,3,0,8,8,3,2,2,1,2,3,7,7,0,0
12,1188,4,0,3,0,8,8,3,2,2,1,2,3,7,7,0,0
12,1188,4,0,3,0,8,8,3,2,2,1,2,3,7,7,0,0
12,1188,4,0,3,0,8,8,3,2,2,1,2,3,7,7,0,0
12,1188,4,0,3,0,8,8,3,2,2,1,2,3,7,7,0,0
12,1188,4,0,3,0,8,8,3,2,2,1,3,3,10,7,0,0
12,1188,4,0,3,0,8,6,3,1,2,0,3,3,10,5,0,0
12,1188,4,0,3,0,8,6,3,1,2,0,3,3,10,5,0,0
12,1188,4,0,3,0,8,6,3,1,2,0,3,3,10,5,0,0
12,1188,4,0,3,0,8,6,3,1,2,0,3,3,10,5,0,0
12,1188,4,0,3,0,8,6,3,1,2,0,3,3,10,5,0,0
12,1188,4,0,3,0,8,6,3,1,2,0,3,3,10,5,0,0
12,1188,4,0,3,0,8,6,3,1,2,0,3,3,10,5,0,0
12,1188,4,0,3,0,8,6,3,1,2,0,3,3,10,5,0,0
12,1188,4,0,3,0,8,6,3,1,2,0,2,2,8,5,0,0
12,1188,4,0,3,0,8,6,3,1,2,0,2,2,8,5,0,0
12,1188,4,0,3,0,8,5,3,1,2,0,2,2,8,5,0,0
12,1188,4,0,3,0,8,5,3,1,2,0,2,2,8,4,0,0
12,1188,4,0,3,0,8,5,3,1,2,0,2,2,8,4,0,0
12,1188,4,0,3,0,8,5,3,1,2,0,2,2,8,4,0,0
12,1188,4,0,3,0,8,5,3,1,2,0,2,2,8,4,0,0
12,1188,4,0,3,0,8,5,3,1,2,0,2,2,8,4,0,0
12,1188,4,0,3,0,8,5,3,1,2,0,2,2,7,4,0,0
13,1189,4,0,3,0,8,5,3,1,2,0,2,2,4,4,0,0
13,1189,4,0,3,0,8,5,3,1,2,0,2,2,4,4,0,0
13,1189,4,0,3,0,8,5,3,1,2,0,2,2,4,4,0,0
13,1189,4,0,3,0,8,5,3,1,2,0,2,2,4,4,0,0
13,1189,4,0,3,0,8,5,3,1,2,0,2,2,4,4,0,0
13,1189,4,0,3,0,8,5,3,1,2,0,2,2,4,4,0,0
13,1189,4,0,3,0,8,5,3,1,2,0,3,2,4,4,0,0
13,1189,4,0,3,0,8,5,3,1,2,0,3,2,5,4,0,0
13,1189,4,0,3,0,8,5,3,1,2,0,3,2,5,4,0,0
13,1189,4,0,3,0,8,5,3,1,2,0,3,2,5,4,0,0
13,1189,4,0,3,0,8,5,3,1,2,0,3,2,5,4,0,0
13,1189,4,0,3,0,8,5,3,1,2,0,3,2,5,4,0,0
13,1189,4,0,3,0,8,5,3,1,2,0,3,2,5,4,0,0
13,1189,4,0,3,0,8,5,3,1,2,0,3,2,5,4,0,0
13,1189,4,0,3,0,8,5,3,1,2,0,3,2,5,4,0,0
13,1189,4,0,3,0,8,5,3,1,2,0,2,2,4,4,0,0
13,1189,4,0,3,0,8,5,3,1,2,0,2,2,4,4,0,0
13,1189,4,0,3,0,8,5,3,1,2,0,2,2,4,4,0,0
13,1189,4,0,3,0,8,5,3,1,2,0,2,2,4,4,0,0
13,1189,4,0,3,0,8,5,3,1,2,0,2,2,4,4,0,0
13,1189,4,0,3,0,8,5,3,1,2,0,2,1,4,4,0,0
13,1189,4,0,3,0,8,5,3,1,2,0,2,1,4,4,0,0
13,1189,4,0,3,0,8,5,3,1,2,0,2,1,4,4,0,0
13,1189,4,0,3,0,8,5,3,1,2,0,2,1,4,4,0,0
14,1190,4,0,4,0,9,5,4,1,3,0,3,1,7,4,0,0
14,1190,4,0,4,0,9,5,4,1,3,0,3,1,7,4,0,0
14,1190,4,0,4,0,9,5,4,1,3,0,3,1,7,4,0,0
14,1190,4,0,4,0,9,5,4,1,3,0,3,1,7,4,0,0
14,1190,4,0,4,0,9,5,4,1,3,0,3,1,7,4,0,0
14,1190,4,0,4,0,9,5,4,1,3,0,3,1,7,4,0,0
14,1190,4,0,4,0,9,5,4,1,3,0,3,1,8,4,8,0
14,1190,4,0,4,0,10,8,4,3,3,0,4,2,8,5,8,2
14,1190,4,0,4,0,10,9,4,3,3,0,4,2,8,5,8,2
14,1190,4,0,4,0,10,10,4,4,3,0,4,2,8,8,9,2
14,1190,4,0,4,0,10,10,4,4,3,0,4,2,8,8,9,2
14,1190,4,0,4,0,10,10,4,4,3,0,4,2,8,8,9,2
14,1190,4,0,4,0,10,10,4,4,3,0,4,2,8,8,9,2
14,1190,4,0,4,0,10,10,4,3,3,0,4,2,8,7,5,2
14,1190,4,0,4,0,10,10,4,3,3,0,4,2,8,7,5,2
14,1190,4,0,4,0,10,10,4,3,3,0,4,1,8,7,5,2
14,1190,4,0,4,0,9,10,4,3,3,0,3,1,8,7,5,1
14,1190,4,0,4,0,9,10,4,3,3,0,3,1,8,7,0,0
14,1190,4,0,4,0,9,10,4,3,3,0,3,1,8,7,0,0
14,1190,4,0,4,0,9,10,4,3,3,0,3,1,8,7,0,0
14,1190,4,0,4,0,9,10,4,3,3,0,3,1,8,7,0,0
14,1190,4,0,4,0,9,10,4,3,3,0,3,1,8,6,0,0
14,1190,4,0,4,0,9,10,4,3,3,0,3,1,8,6,0,0
14,1190,4,0,4,0,9,10,4,3,3,0,3,1,7,6,0,0
15,1191,4,0,4,0,9,10,4,3,3,0,3,1,4,6,0,0
15,1191,4,0,4,0,9,10,4,3,3,0,3,1,4,6,0,0
15,1191,4,0,4,0,9,10,4,3,3,0,3,1,4,6,0,0
15,1191,4,0,4,0,9,10,4,3,3,0,3,1,4,6,0,0
15,1191,4,0,4,0,9,10,4,3,3,0,3,1,4,6,0,0
15,1191,4,0,4,0,9,10,4,3,3,0,3,1,4,6,0,0
15,1191,4,0,4,0,9,10,4,3,3,0,3,1,4,6,8,0
15,1191,4,0,4,0,10,8,4,2,3,3,4,2,5,5,8,2
15,1191,4,0,4,0,10,9,4,3,3,3,4,2,5,5,8,3
15,1191,4,0,4,0,10,10,4,4,3,3,4,2,5,5,9,4
15,1191,4,0,4,0,10,10,4,3,3,3,4,2,5,5,9,4
15,1191,4,0,4,0,10,10,4,4,3,3,4,2,5,5,9,4
15,1191,4,0,4,0,10,10,4,4,3,3,4,2,5,6,9,4
15,1191,4,0,4,0,10,10,4,4,3,3,4,2,5,6,5,4
15,1191,4,0,4,0,10,9,4,4,3,3,4,1,5,6,5,3
15,1191,4,0,4,0,10,9,4,4,3,3,4,1,4,6,5,2
15,1191,4,0,4,0,9,7,4,4,3,2,3,1,4,6,5,2
15,1191,4,0,4,0,9,7,4,3,3,2,3,1,4,6,0,2
15,1191,4,0,4,0,9,7,4,3,3,2,3,1,4,5,0,1
15,1191,4,0,4,0,9,7,4,3,3,2,3,1,4,5,0,1
15,1191,4,0,4,0,9,7,4,3,3,2,3,1,4,5,0,1
15,1191,4,0,4,0,9,7,4,3,3,2,3,1,4,4,0,1
15,1191,4,0,4,0,9,7,4,3,3,1,3,1,4,4,0,1
15,1191,4,0,4,0,9,7,4,3,3,1,3,1,4,4,0,1
16,1192,4,0,4,0,9,7,4,3,3,1,3,1,7,4,0,1
16,1192,4,0,4,0,9,7,4,3,3,1,3,1,7,4,0,1
16,1192,4,0,4,0,9,7,4,3,3,1,3,1,7,4,0,1
16,1192,4,0,4,0,9,7,4,3,3,1,3,1,7,4,0,1
16,1192,4,0,4,0,9,7,4,3,3,1,3,1,7,4,0,1
16,1192,4,0,4,0,9,7,4,3,3,1,3,1,7,4,0,1
16,1192,4,0,4,0,9,7,4,3,3,1,3,1,10,4,8,1
16,1192,4,0,4,0,10,8,4,3,3,0,4,2,10,7,8,1
16,1192,4,0,4,0,10,9,4,3,3,0,4,2,10,9,8,1
16,1192,4,0,4,0,10,10,4,4,3,0,4,2,10,11,9,2
16,1192,4,0,4,0,10,10,4,4,3,0,4,2,10,11,9,2
16,1192,4,0,4,0,10,10,4,4,3,1,4,2,10,11,9,2
16,1192,4,0,4,0,10,10,4,4,3,1,4,2,10,11,9,2
16,1192,4,0,4,0,10,9,4,4,3,1,4,2,10,11,5,2
16,1192,4,0,4,0,10,9,4,3,3,0,4,2,10,10,5,1
16,1192,4,0,4,0,10,8,4,3,3,0,4,2,8,10,5,1
16,1192,4,0,4,0,9,8,4,3,3,0,3,2,8,10,5,1
16,1192,4,0,4,0,9,8,4,3,3,0,3,2,8,10,0,1
16,1192,4,0,4,0,9,8,4,3,3,0,3,2,8,9,0,1
16,1192,4,0,4,0,9,8,4,3,3,0,3,2,8,8,0,1
16,1192,4,0,4,0,9,8,4,3,3,0,3,2,8,8,0,1
16,1192,4,0,4,0,9,8,4,3,3,0,3,2,8,8,0,1
16,1192,4,0,4,0,9,8,4,3,3,0,3,2,8,8,0,1
16,1192,4,0,4,0,9,8,4,3,3,0,3,2,7,8,0,1
17,1193,4,0,4,0,9,8,4,3,3,0,3,2,7,8,0,1
17,1193,4,0,4,0,9,8,4,3,3,0,3,2,7,8,0,1
17,1193,4,0,4,0,9,8,4,3,3,0,3,2,7,8,0,1
17,1193,4,0,4,0,9,8,4,3,3,0,3,2,7,8,0,1
17,1193,4,0,4,0,9,8,4,3,3,0,3,2,7,8,0,1
17,1193,4,0,4,0,9,8,4,3,3,0,3,2,7,8,0,1
17,1193,4,0,4,0,9,8,4,3,3,0,3,2,8,8,8,1
17,1193,4,0,4,0,10,10,4,3,3,0,4,2,8,8,8,0
17,1193,4,0,4,0,10,10,4,3,3,0,4,2,8,8,8,0
17,1193,4,0,4,0,10,10,4,3,3,0,4,2,8,8,9,0
17,1193,4,0,4,0,10,10,4,3,3,0,4,2,8,8,9,0
17,1193,4,0,4,0,10,10,4,3,3,0,4,2,8,8,9,0
17,1193,4,0,4,0,10,10,4,3,3,0,4,2,8,8,9,0
17,1193,4,0,4,0,10,10,4,3,3,0,4,2,8,8,5,0
17,1193,4,0,4,0,10,10,4,3,3,0,4,2,8,8,5,0
17,1193,4,0,4,0,10,10,4,3,3,0,4,2,8,8,5,0
17,1193,4,0,4,0,9,10,4,3,3,0,3,2,8,8,5,0
17,1193,4,0,4,0,9,10,4,3,3,0,3,2,8,8,0,0
17,1193,4,0,4,0,9,10,4,3,3,0,3,2,8,8,0,0
17,1193,4,0,4,0,9,10,4,3,3,0,3,2,8,8,0,0
17,1193,4,0,4,0,9,10,4,3,3,0,3,2,8,8,0,0
17,1193,4,0,4,0,9,10,4,3,3,0,3,2,8,8,0,0
17,1193,4,0,4,0,9,10,4,3,3,0,3,2,8,8,0,0
17,1193,4,0,4,0,9,10,4,3,3,0,3,2,7,8,0,0
18,1194,4,0,4,0,9,10,4,3,3,0,3,2,7,8,0,0
18,1194,4,0,4,0,9,10,4,3,3,0,3,2,7,8,0,0
18,1194,4,0,4,0,9,10,4,3,3,0,3,2,7,8,0,0
18,1194,4,0,4,0,9,10,4,3,3,0,3,2,7,8,0,0
18,1194,4,0,4,0,9,10,4,3,3,0,3,2,7,8,0,0
18,1194,4,0,4,0,9,10,4,3,3,0,3,2,7,8,0,0
18,1194,4,0,4,0,9,10,4,3,3,0,3,2,8,8,8,0
18,1194,4,0,4,0,10,10,4,3,3,1,4,3,8,8,8,1
18,1194,4,0,4,0,10,10,4,3,3,3,4,3,8,8,8,1
18,1194,4,0,4,0,10,10,4,4,3,3,4,3,8,8,9,2
18,1194,4,0,4,0,10,10,4,4,3,3,4,3,8,8,9,2
18,1194,4,0,4,0,10,10,4,4,3,2,4,3,8,8,9,2
18,1194,4,0,4,0,10,10,4,3,3,3,4,3,8,8,9,2
18,1194,4,0,4,0,10,10,4,3,3,3,4,3,8,8,5,2
18,1194,4,0,4,0,10,10,4,4,3,1,4,3,8,8,5,2
18,1194,4,0,4,0,10,10,4,4,3,1,4,3,8,8,5,2
18,1194,4,0,4,0,9,10,4,4,3,1,3,3,8,8,5,1
18,1194,4,0,4,0,9,10,4,4,3,1,3,3,8,8,0,1
18,1194,4,0,4,0,9,10,4,4,3,1,3,3,8,8,0,1
18,1194,4,0,4,0,9,10,4,4,3,1,3,3,8,8,0,1
18,1194,4,0,4,0,9,10,4,4,3,1,3,3,8,8,0,1
18,1194,4,0,4,0,9,10,4,4,3,1,3,3,8,8,0,1
18,1194,4,0,4,0,9,10,4,4,3,1,3,3,8,7,0,1
18,1194,4,0,4,0,9,10,4,4,3,1,3,3,7,7,0,1
19,1195,4,0,3,0,8,10,3,4,2,1,2,3,7,7,0,1
19,1195,4,0,3,0,8,10,3,4,2,1,2,3,7,7,0,1
19,1195,4,0,3,0,8,10,3,4,2,1,2,3,7,7,0,1
19,1195,4,0,3,0,8,10,3,4,2,1,2,3,7,7,0,1
19,1195,4,0,3,0,8,10,3,4,2,1,2,3,7,7,0,1
19,1195,4,0,3,0,8,10,3,4,2,1,2,3,7,7,0,1
19,1195,4,0,3,0,8,10,3,4,2,1,3,3,10,7,0,1
19,1195,4,0,3,0,8,8,3,4,2,1,3,3,10,5,0,0
19,1195,4,0,3,0,8,8,3,4,2,1,3,3,10,5,0,0
19,1195,4,0,3,0,8,8,3,4,2,1,3,3,10,5,0,0
19,1195,4,0,3,0,8,8,3,4,2,1,3,3,10,5,0,0
19,1195,4,0,3,0,8,8,3,4,2,1,3,3,10,5,0,0
19,1195,4,0,3,0,8,8,3,4,2,1,3,3,10,5,0,0
19,1195,4,0,3,0,8,8,3,4,2,1,3,3,10,5,0,0
19,1195,4,0,3,0,8,8,3,4,2,1,3,3,10,5,0,0
19,1195,4,0,3,0,8,8,3,4,2,1,2,2,8,5,0,0
19,1195,4,0,3,0,8,8,3,4,2,1,2,2,8,5,0,0
19,1195,4,0,3,0,8,8,3,4,2,1,2,2,8,5,0,0
19,1195,4,0,3,0,8,8,3,4,2,1,2,2,8,5,0,0
19,1195,4,0,3,0,8,8,3,4,2,1,2,2,8,5,0,0
19,1195,4,0,3,0,8,8,3,4,2,1,2,2,8,5,0,0
19,1195,4,0,3,0,8,8,3,4,2,1,2,2,8,5,0,0
19,1195,4,0,3,0,8,8,3,4,2,1,2,2,8,5,0,0
19,1195,4,0,3,0,8,8,3,4,2,1,2,2,7,5,0,0
20,1196,4,0,3,0,8,8,3,4,2,1,2,2,4,5,0,0
20,1196,4,0,3,0,8,8,3,4,2,1,2,2,4,5,0,0
20,1196,4,0,3,0,8,8,3,4,2,1,2,2,4,5,0,0
20,1196,4,0,3,0,8,8,3,4,2,1,2,2,4,5,0,0
20,1196,4,0,3,0,8,8,3,4,2,1,2,2,4,5,0,0
20,1196,4,0,3,0,8,8,3,4,2,1,2,2,4,5,0,0
20,1196,4,0,3,0,8,8,3,4,2,1,3,2,4,5,0,0
20,1196,4,0,3,0,8,8,3,3,2,1,3,0,5,5,0,0
20,1196,4,0,3,0,8,8,3,3,2,1,3,0,5,5,0,0
20,1196,4,0,3,0,8,8,3,3,2,1,3,0,5,5,0,0
20,1196,4,0,3,0,8,8,3,3,2,1,3,0,5,5,0,0
20,1196,4,0,3,0,8,8,3,3,2,1,3,0,5,5,0,0
20,1196,4,0,3,0,8,8,3,3,2,1,3,0,5,5,0,0
20,1196,4,0,3,0,8,8,3,3,2,1,3,0,5,5,0,0
20,1196,4,0,3,0,8,8,3,3,2,1,3,0,5,5,0,0
20,1196,4,0,3,0,8,8,3,2,2,0,2,0,4,5,0,0
20,1196,4,0,3,0,8,8,3,2,2,0,2,0,4,5,0,0
20,1196,4,0,3,0,8,8,3,2,2,0,2,0,4,5,0,0
20,1196,4,0,3,0,8,8,3,2,2,0,2,0,4,5,0,0
20,1196,4,0,3,0,8,8,3,2,2,0,2,0,4,5,0,0
20,1196,4,0,3,0,8,8,3,1,2,0,2,0,4,5,0,0
20,1196,4,0,3,0,8,8,3,1,2,0,2,0,4,5,0,0
20,1196,4,0,3,0,8,8,3,1,2,0,2,0,4,5,0,0
20,1196,4,0,3,0,8,8,3,1,2,0,2,0,4,5,0,0
21,1197,4,0,4,0,9,8,4,1,3,0,3,0,7,5,0,0
21,1197,4,0,4,0,9,8,4,1,3,0,3,0,7,5,0,0
21,1197,4,0,4,0,9,8,4,1,3,0,3,0,7,5,0,0
21,1197,4,0,4,0,9,8,4,1,3,0,3,0,7,5,0,0
21,1197,4,0,4,0,9,8,4,1,3,0,3,0,7,5,0,0
21,1197,4,0,4,0,9,8,4,1,3,0,3,0,7,5,0,0
21,1197,4,0,4,0,9,8,4,1,3,0,3,0,8,5,8,0
21,1197,4,0,4,0,10,9,4,3,3,1,4,1,8,8,8,1
21,1197,4,0,4,0,10,10,4,4,3,2,4,1,8,8,8,1
21,1197,4,0,4,0,10,10,4,4,3,3,4,1,8,8,9,1
21,1197,4,0,4,0,10,10,4,4,3,2,4,1,8,8,9,1
21,1197,4,0,4,0,10,10,4,4,3,2,4,1,8,8,9,1
21,1197,4,0,4,0,10,10,4,4,3,3,4,1,8,8,9,1
21,1197,4,0,4,0,10,10,4,4,3,2,4,1,8,8,5,1
21,1197,4,0,4,0,10,10,4,4,3,1,4,1,8,8,5,1
21,1197,4,0,4,0,10,10,4,4,3,1,4,1,8,9,5,1
21,1197,4,0,4,0,9,10,4,4,3,1,3,1,8,8,5,0
21,1197,4,0,4,0,9,10,4,4,3,1,3,1,8,8,0,0
21,1197,4,0,4,0,9,10,4,4,3,1,3,1,8,8,0,0
21,1197,4,0,4,0,9,10,4,4,3,1,3,1,8,8,0,0
21,1197,4,0,4,0,9,10,4,4,3,1,3,1,8,8,0,0
21,1197,4,0,4,0,9,10,4,4,3,1,3,1,8,8,0,0
21,1197,4,0,4,0,9,10,4,4,3,1,3,1,8,8,0,0
21,1197,4,0,4,0,9,10,4,4,3,1,3,1,7,8,0,0
22,1198,4,0,4,0,9,10,4,4,3,1,3,1,4,8,0,0
22,1198,4,0,4,0,9,10,4,4,3,1,3,1,4,8,0,0
22,1198,4,0,4,0,9,10,4,4,3,1,3,1,4,8,0,0
22,1198,4,0,4,0,9,10,4,4,3,1,3,1,4,8,0,0
22,1198,4,0,4,0,9,10,4,4,3,1,3,1,4,8,0,0
22,1198,4,0,4,0,9,10,4,4,3,1,3,1,4,8,0,0
22,1198,4,0,4,0,9,10,4,4,3,1,3,1,4,8,8,0
22,1198,4,0,4,0,10,9,4,4,3,3,4,2,5,8,8,5
22,1198,4,0,4,0,10,10,4,4,3,3,4,2,5,8,8,6
22,1198,4,0,4,0,10,10,4,4,3,3,4,2,5,8,9,7
22,1198,4,0,4,0,10,10,4,4,3,3,4,2,5,7,9,8
22,1198,4,0,4,0,10,10,4,4,3,3,4,2,5,7,9,8
22,1198,4,0,4,0,10,10,4,4,3,3,4,2,5,7,9,8
22,1198,4,0,4,0,10,10,4,4,3,3,4,2,5,7,5,8
22,1198,4,0,4,0,10,10,4,4,3,3,4,2,5,7,5,8
22,1198,4,0,4,0,10,10,4,4,3,3,4,2,4,7,5,6
22,1198,4,0,4,0,9,10,4,4,3,3,3,2,4,7,5,6
22,1198,4,0,4,0,9,10,4,4,3,3,3,2,4,7,0,6
22,1198,4,0,4,0,9,10,4,4,3,3,3,2,4,7,0,6
22,1198,4,0,4,0,9,10,4,4,3,3,3,2,4,7,0,5
22,1198,4,0,4,0,9,10,4,3,3,3,3,2,4,7,0,5
22,1198,4,0,4,0,9,10,4,3,3,3,3,2,4,6,0,3
22,1198,4,0,4,0,9,10,4,3,3,2,3,2,4,6,0,3
22,1198,4,0,4,0,9,10,4,3,3,2,3,2,4,6,0,3
23,1199,4,0,4,0,9,10,4,3,3,2,3,2,7,7,0,3
23,1199,4,0,4,0,9,10,4,3,3,2,3,2,7,7,0,3
23,1199,4,0,4,0,9,10,4,3,3,2,3,2,7,7,0,3
23,1199,4,0,4,0,9,10,4,3,3,2,3,2,7,7,0,3
23,1199,4,0,4,0,9,10,4,3,3,2,3,2,7,7,0,3
23,1199,4,0,4,0,9,10,4,3,3,2,3,2,7,7,0,3
23,1199,4,0,4,0,9,10,4,3,3,2,3,2,10,9,8,3
23,1199,4,0,4,0,10,10,4,3,3,2,4,3,10,8,8,1
23,1199,4,0,4,0,10,10,4,2,3,2,4,3,10,10,8,1
23,1199,4,0,4,0,10,10,4,3,3,2,4,3,10,10,9,0
23,1199,4,0,4,0,10,10,4,4,3,2,4,3,10,10,9,0
23,1199,4,0,4,0,10,10,4,4,3,2,4,3,10,10,9,0
23,1199,4,0,4,0,10,10,4,4,3,2,4,3,10,10,9,0
23,1199,4,0,4,0,10,10,4,3,3,2,4,3,10,10,5,0
23,1199,4,0,4,0,10,10,4,3,3,2,4,3,10,10,5,0
23,1199,4,0,4,0,10,10,4,3,3,2,4,3,8,10,5,0
23,1199,4,0,4,0,9,10,4,3,3,2,3,3,8,10,5,0
23,1199,4,0,4,0,9,10,4,3,3,2,3,3,8,10,0,0
23,1199,4,0,4,0,9,10,4,3,3,2,3,3,8,10,0,0
23,1199,4,0,4,0,9,10,4,3,3,2,3,3,8,9,0,0
23,1199,4,0,4,0,9,10,4,3,3,2,3,3,8,9,0,0
23,1199,4,0,4,0,9,10,4,3,3,2,3,3,8,9,0,0
23,1199,4,0,4,0,9,10,4,3,3,2,3,3,8,9,0,0
23,1199,4,0,4,0,9,10,4,3,3,2,3,3,7,9,0,0
24,1200,4,0,4,0,9,10,4,3,3,2,3,3,7,9,0,0
24,1200,4,0,4,0,9,10,4,3,3,2,3,3,7,9,0,0
24,1200,4,0,4,0,9,10,4,3,3,2,3,3,7,9,0,0
24,1200,4,0,4,0,9,10,4,3,3,2,3,3,7,9,0,0
24,1200,4,0,4,0,9,10,4,3,3,2,3,3,7,9,0,0
24,1200,4,0,4,0,9,10,4,3,3,2,3,3,7,9,0,0
24,1200,4,0,4,0,9,10,4,3,3,2,3,3,8,9,8,0
24,1200,4,0,4,0,10,10,4,4,3,2,4,4,8,8,8,0
24,1200,4,0,4,0,10,10,4,4,3,2,4,4,8,8,8,0
24,1200,4,0,4,0,10,10,4,4,3,2,4,4,8,8,9,0
24,1200,4,0,4,0,10,10,4,4,3,2,4,4,8,8,9,0
24,1200,4,0,4,0,10,10,4,4,3,2,4,4,8,8,9,0
24,1200,4,0,4,0,10,10,4,4,3,2,4,4,8,8,9,0
24,1200,4,0,4,0,10,10,4,4,3,2,4,4,8,7,5,0
24,1200,4,0,4,0,10,10,4,4,3,2,4,4,8,7,5,0
24,1200,4,0,4,0,10,10,4,4,3,2,4,4,8,7,5,0
24,1200,4,0,4,0,9,10,4,4,3,2,3,4,8,7,5,0
24,1200,4,0,4,0,9,10,4,4,3,2,3,4,8,7,0,0
24,1200,4,0,4,0,9,9,4,4,3,2,3,4,8,7,0,0
24,1200,4,0,4,0,9,9,4,4,3,2,3,4,8,7,0,0
24,1200,4,0,4,0,9,9,4,4,3,2,3,4,8,7,0,0
24,1200,4,0,4,0,9,9,4,4,3,2,3,4,8,7,0,0
24,1200,4,0,4,0,9,9,4,4,3,2,3,4,8,7,0,0
24,1200,4,0,4,0,9,9,4,4,3,2,3,4,7,7,0,0
25,1201,4,0,4,0,9,9,4,4,3,2,3,4,7,7,0,0
25,1201,4,0,4,0,9,9,4,4,3,2,3,4,7,7,0,0
25,1201,4,0,4,0,9,9,4,4,3,2,3,4,7,7,0,0
25,1201,4,0,4,0,9,9,4,4,3,2,3,4,7,7,0,0
25,1201,4,0,4,0,9,9,4,4,3,2,3,4,7,7,0,0
25,1201,4,0,4,0,9,9,4,4,3,2,3,4,7,7,0,0
25,1201,4,0,4,0,9,9,4,4,3,2,3,4,8,7,8,0
25,1201,4,0,4,0,10,8,4,3,3,3,4,4,8,8,8,1
25,1201,4,0,4,0,10,10,4,4,3,3,4,4,8,8,8,1
25,1201,4,0,4,0,10,10,4,4,3,2,4,4,8,8,9,2
25,1201,4,0,4,0,10,10,4,3,3,3,4,4,8,8,9,3
25,1201,4,0,4,0,10,10,4,4,3,3,4,4,8,8,9,4
25,1201,4,0,4,0,10,10,4,4,3,3,4,4,8,9,9,4
25,1201,4,0,4,0,10,10,4,4,3,3,4,4,8,9,5,4
25,1201,4,0,4,0,10,10,4,4,3,3,4,4,8,9,5,4
25,1201,4,0,4,0,10,10,4,4,3,3,4,4,8,8,5,1
25,1201,4,0,4,0,9,8,4,4,3,3,3,3,8,7,5,1
25,1201,4,0,4,0,9,8,4,4,3,3,3,3,8,7,0,1
25,1201,4,0,4,0,9,8,4,4,3,3,3,3,8,7,0,1
25,1201,4,0,4,0,9,8,4,4,3,3,3,3,8,7,0,1
25,1201,4,0,4,0,9,8,4,4,3,3,3,3,8,7,0,1
25,1201,4,0,4,0,9,7,4,3,3,3,3,3,8,6,0,1
25,1201,4,0,4,0,9,7,4,3,3,3,3,3,8,6,0,1
25,1201,4,0,4,0,9,7,4,3,3,3,3,3,7,6,0,1
26,1202,4,0,3,0,8,7,3,3,2,3,2,3,7,6,0,1
26,1202,4,0,3,0,8,7,3,3,2,3,2,3,7,6,0,1
26,1202,4,0,3,0,8,7,3,3,2,3,2,3,7,6,0,1
26,1202,4,0,3,0,8,7,3,3,2,3,2,3,7,6,0,1
26,1202,4,0,3,0,8,7,3,3,2,3,2,3,7,6,0,1
26,1202,4,0,3,0,8,7,3,3,2,3,2,3,7,6,0,1
26,1202,4,0,3,0,8,7,3,3,2,3,3,3,10,6,0,1
26,1202,4,0,3,0,8,6,3,2,2,3,3,3,10,5,0,0
26,1202,4,0,3,0,8,6,3,1,2,3,3,3,10,5,0,0
26,1202,4,0,3,0,8,6,3,1,2,2,3,3,10,5,0,0
26,1202,4,0,3,0,8,6,3,1,2,2,3,3,10,5,0,0
26,1202,4,0,3,0,8,6,3,1,2,2,3,3,10,5,0,0
26,1202,4,0,3,0,8,6,3,1,2,2,3,3,10,5,0,0
26,1202,4,0,3,0,8,6,3,1,2,2,3,3,10,5,0,0
26,1202,4,0,3,0,8,6,3,1,2,2,3,3,10,5,0,0
26,1202,4,0,3,0,8,6,3,1,2,2,2,3,8,5,0,0
26,1202,4,0,3,0,8,6,3,1,2,2,2,3,8,5,0,0
26,1202,4,0,3,0,8,6,3,1,2,2,2,3,8,5,0,0
26,1202,4,0,3,0,8,6,3,1,2,2,2,3,8,5,0,0
26,1202,4,0,3,0,8,6,3,1,2,2,2,3,8,5,0,0
26,1202,4,0,3,0,8,6,3,1,2,2,2,3,8,5,0,0
26,1202,4,0,3,0,8,6,3,1,2,2,2,3,8,5,0,0
26,1202,4,0,3,0,8,6,3,1,2,2,2,3,8,5,0,0
26,1202,4,0,3,0,8,6,3,1,2,2,2,3,7,5,0,0
27,1203,4,0,3,0,8,6,3,1,2,2,2,3,4,5,0,0
27,1203,4,0,3,0,8,6,3,1,2,2,2,3,4,5,0,0
27,1203,4,0,3,0,8,6,3,1,2,2,2,3,4,5,0,0
27,1203,4,0,3,0,8,6,3,1,2,2,2,3,4,5,0,0
27,1203,4,0,3,0,8,6,3,1,2,2,2,3,4,5,0,0
27,1203,4,0,3,0,8,6,3,1,2,2,2,3,4,5,0,0
27,1203,4,0,3,0,8,6,3,1,2,2,3,3,4,5,0,0
27,1203,4,0,3,0,8,6,3,1,2,2,3,3,5,5,0,0
27,1203,4,0,3,0,8,6,3,1,2,2,3,3,5,5,0,0
27,1203,4,0,3,0,8,6,3,1,2,2,3,2,5,5,0,0
27,1203,4,0,3,0,8,6,3,1,2,2,3,2,5,5,0,0
27,1203,4,0,3,0,8,6,3,1,2,2,3,2,5,5,0,0
27,1203,4,0,3,0,8,6,3,1,2,2,3,2,5,5,0,0
27,1203,4,0,3,0,8,6,3,1,2,2,3,2,5,5,0,0
27,1203,4,0,3,0,8,6,3,1,2,2,3,2,5,5,0,0
27,1203,4,0,3,0,8,6,3,1,2,2,2,2,4,5,0,0
27,1203,4,0,3,0,8,6,3,1,2,2,2,2,4,5,0,0
27,1203,4,0,3,0,8,6,3,1,2,2,2,2,4,5,0,0
27,1203,4,0,3,0,8,6,3,1,2,2,2,2,4,5,0,0
27,1203,4,0,3,0,8,6,3,1,2,2,2,2,4,5,0,0
27,1203,4,0,3,0,8,6,3,0,2,2,2,2,4,5,0,0
27,1203,4,0,3,0,8,6,3,0,2,2,2,2,4,5,0,0
27,1203,4,0,3,0,8,6,3,0,2,2,2,2,4,5,0,0
27,1203,4,0,3,0,8,6,3,0,2,2,2,2,4,5,0,0
0,1204,4,0,4,0,9,6,4,0,3,2,3,2,7,5,0,0
0,1204,4,0,4,0,9,6,4,0,3,2,3,2,7,5,0,0
0,1204,4,0,4,0,9,6,4,0,3,2,3,2,7,5,0,0
0,1204,4,0,4,0,9,6,4,0,3,2,3,2,7,5,0,0
0,1204,4,0,4,0,9,6,4,0,3,2,3,2,7,5,0,0
0,1204,4,0,4,0,9,6,4,0,3,2,3,2,7,5,0,0
0,1204,4,0,4,0,9,6,4,0,3,2,3,2,8,5,8,0
0,1204,4,0,4,0,10,8,4,2,3,2,4,2,8,6,8,2
0,1204,4,0,4,0,10,9,4,3,3,2,4,2,8,6,8,2
0,1204,4,0,4,0,10,9,4,2,3,2,4,2,8,8,9,2
0,1204,4,0,4,0,10,10,4,2,3,2,4,2,8,8,9,2
0,1204,4,0,4,0,10,10,4,3,3,2,4,2,8,8,9,2
0,1204,4,0,4,0,10,10,4,3,3,2,4,2,8,8,9,2
0,1204,4,0,4,0,10,10,4,3,3,2,4,2,8,6,5,2
0,1204,4,0,4,0,10,9,4,2,3,2,4,2,8,7,5,2
0,1204,4,0,4,0,10,8,4,2,3,2,4,2,8,6,5,2
0,1204,4,0,4,0,9,8,4,2,3,2,3,2,8,6,5,2
0,1204,4,0,4,0,9,8,4,2,3,2,3,2,8,6,0,2
0,1204,4,0,4,0,9,7,4,2,3,2,3,2,8,6,0,2
0,1204,4,0,4,0,9,7,4,2,3,2,3,1,8,6,0,2
0,1204,4,0,4,0,9,7,4,2,3,2,3,1,8,6,0,1
0,1204,4,0,4,0,9,7,4,2,3,2,3,1,8,5,0,1
0,1204,4,0,4,0,9,6,4,2,3,2,3,1,8,5,0,0
0,1204,4,0,4,0,9,6,4,2,3,2,3,1,7,5,0,0
1,1205,4,0,4,0,9,6,4,2,3,2,3,1,4,5,0,0
1,1205,4,0,4,0,9,6,4,2,3,2,3,1,4,5,0,0
1,1205,4,0,4,0,9,6,4,2,3,2,3,1,4,5,0,0
1,1205,4,0,4,0,9,6,4,2,3,2,3,1,4,5,0,0
1,1205,4,0,4,0,9,6,4,2,3,2,3,1,4,5,0,0
1,1205,4,0,4,0,9,6,4,2,3,2,3,1,4,5,0,0
1,1205,4,0,4,0,9,6,4,2,3,2,3,1,4,5,8,0
1,1205,4,0,4,0,10,9,4,2,3,3,4,2,5,5,8,1
1,1205,4,0,4,0,10,10,4,4,3,3,4,2,5,5,8,1
1,1205,4,0,4,0,10,10,4,4,3,2,4,2,5,5,9,2
1,1205,4,0,4,0,10,10,4,4,3,3,4,2,5,5,9,2
1,1205,4,0,4,0,10,10,4,4,3,2,4,2,5,5,9,2
1,1205,4,0,4,0,10,10,4,4,3,3,4,2,5,4,9,2
1,1205,4,0,4,0,10,10,4,4,3,3,4,2,5,4,5,2
1,1205,4,0,4,0,10,10,4,4,3,3,4,2,5,4,5,2
1,1205,4,0,4,0,10,10,4,4,3,3,4,2,4,4,5,2
1,1205,4,0,4,0,9,10,4,4,3,3,3,1,4,4,5,2
1,1205,4,0,4,0,9,10,4,3,3,2,3,1,4,4,0,2
1,1205,4,0,4,0,9,10,4,3,3,2,3,1,4,4,0,2
1,1205,4,0,4,0,9,10,4,3,3,2,3,1,4,4,0,2
1,1205,4,0,4,0,9,10,4,3,3,2,3,1,4,4,0,2
1,1205,4,0,4,0,9,10,4,3,3,2,3,1,4,4,0,1
1,1205,4,0,4,0,9,9,4,3,3,2,3,1,4,4,0,1
1,1205,4,0,4,0,9,9,4,3,3,2,3,1,4,4,0,1
2,1206,4,0,4,0,9,9,4,3,3,2,3,1,7,4,0,1
2,1206,4,0,4,0,9,9,4,3,3,2,3,1,7,4,0,1
2,1206,4,0,4,0,9,9,4,3,3,2,3,1,7,4,0,1
2,1206,4,0,4,0,9,9,4,3,3,2,3,1,7,4,0,1
2,1206,4,0,4,0,9,9,4,3,3,2,3,1,7,4,0,1
2,1206,4,0,4,0,9,9,4,3,3,2,3,1,7,4,0,1
2,1206,4,0,4,0,9,9,4,3,3,2,3,1,10,4,8,1
2,1206,4,0,4,0,10,7,4,3,3,2,4,1,10,10,8,1
2,1206,4,0,4,0,10,10,4,4,3,2,4,1,10,10,8,1
2,1206,4,0,4,0,10,10,4,4,3,2,4,1,10,10,9,1
2,1206,4,0,4,0,10,10,4,4,3,3,4,1,10,10,9,1
2,1206,4,0,4,0,10,10,4,4,3,3,4,1,10,10,9,1
2,1206,4,0,4,0,10,10,4,4,3,3,4,1,10,9,9,1
2,1206,4,0,4,0,10,10,4,4,3,3,4,1,10,10,5,0
2,1206,4,0,4,0,10,9,4,4,3,3,4,1,10,9,5,0
2,1206,4,0,4,0,10,8,4,3,3,3,4,1,8,8,5,0
2,1206,4,0,4,0,9,8,4,3,3,3,3,1,8,8,5,0
2,1206,4,0,4,0,9,8,4,3,3,3,3,1,8,8,0,0
2,1206,4,0,4,0,9,8,4,3,3,3,3,1,8,8,0,0
2,1206,4,0,4,0,9,7,4,3,3,3,3,1,8,8,0,0
2,1206,4,0,4,0,9,7,4,3,3,3,3,1,8,8,0,0
2,1206,4,0,4,0,9,7,4,2,3,3,3,1,8,8,0,0
2,1206,4,0,4,0,9,7,4,2,3,3,3,1,8,8,0,0
2,1206,4,0,4,0,9,7,4,2,3,3,3,1,7,8,0,0
3,1207,4,0,4,0,9,7,4,2,3,3,3,1,7,8,0,0
3,1207,4,0,4,0,9,7,4,2,3,3,3,1,7,8,0,0
3,1207,4,0,4,0,9,7,4,2,3,3,3,1,7,8,0,0
3,1207,4,0,4,0,9,7,4,2,3,3,3,1,7,8,0,0
3,1207,4,0,4,0,9,7,4,2,3,3,3,1,7,8,0,0
3,1207,4,0,4,0,9,7,4,2,3,3,3,1,7,8,0,0
3,1207,4,0,4,0,9,7,4,2,3,3,3,1,8,8,8,0
3,1207,4,0,4,0,10,10,4,3,3,3,4,2,8,7,8,0
3,1207,4,0,4,0,10,10,4,3,3,3,4,2,8,8,8,0
3,1207,4,0,4,0,10,10,4,3,3,3,4,2,8,8,9,0
3,1207,4,0,4,0,10,10,4,3,3,3,4,2,8,7,9,0
3,1207,4,0,4,0,10,10,4,3,3,3,4,2,8,7,9,0
3,1207,4,0,4,0,10,10,4,3,3,3,4,2,8,8,9,0
3,1207,4,0,4,0,10,10,4,3,3,3,4,2,8,8,5,0
3,1207,4,0,4,0,10,10,4,3,3,3,4,2,8,8,5,0
3,1207,4,0,4,0,10,10,4,3,3,3,4,2,8,8,5,0
3,1207,4,0,4,0,9,10,4,3,3,3,3,2,8,7,5,0
3,1207,4,0,4,0,9,10,4,3,3,3,3,2,8,7,0,0
3,1207,4,0,4,0,9,10,4,3,3,3,3,2,8,7,0,0
3,1207,4,0,4,0,9,9,4,2,3,3,3,2,8,6,0,0
3,1207,4,0,4,0,9,9,4,1,3,3,3,2,8,6,0,0
3,1207,4,0,4,0,9,9,4,1,3,3,3,2,8,6,0,0
3,1207,4,0,4,0,9,9,4,1,3,3,3,2,8,6,0,0
3,1207,4,0,4,0,9,9,4,1,3,3,3,2,7,6,0,0
4,1208,4,0,4,0,9,9,4,1,3,3,3,2,7,6,0,0
4,1208,4,0,4,0,9,9,4,1,3,3,3,2,7,6,0,0
4,1208,4,0,4,0,9,9,4,1,3,3,3,2,7,6,0,0
4,1208,4,0,4,0,9,9,4,1,3,3,3,2,7,6,0,0
4,1208,4,0,4,0,9,9,4,1,3,3,3,2,7,6,0,0
4,1208,4,0,4,0,9,9,4,1,3,3,3,2,7,6,0,0
4,1208,4,0,4,0,9,9,4,1,3,3,3,2,8,6,8,0
4,1208,4,0,4,0,10,10,4,2,3,2,4,3,8,8,8,1
4,1208,4,0,4,0,10,10,4,3,3,3,4,3,8,8,8,1
4,1208,4,0,4,0,10,9,4,4,3,3,4,3,8,8,9,1
4,1208,4,0,4,0,10,10,4,4,3,3,4,3,8,8,9,1
4,1208,4,0,4,0,10,10,4,4,3,3,4,3,8,7,9,1
4,1208,4,0,4,0,10,10,4,4,3,3,4,3,8,8,9,1
4,1208,4,0,4,0,10,10,4,4,3,3,4,3,8,8,5,1
4,1208,4,0,4,0,10,10,4,3,3,3,4,3,8,7,5,1
4,1208,4,0,4,0,10,9,4,3,3,3,4,3,8,7,5,1
4,1208,4,0,4,0,9,9,4,3,3,3,3,3,8,7,5,1
4,1208,4,0,4,0,9,7,4,3,3,3,3,3,8,6,0,1
4,1208,4,0,4,0,9,7,4,3,3,3,3,3,8,6,0,1
4,1208,4,0,4,0,9,7,4,2,3,3,3,3,8,6,0,1
4,1208,4,0,4,0,9,7,4,2,3,3,3,3,8,6,0,1
4,1208,4,0,4,0,9,7,4,2,3,3,3,3,8,6,0,1
4,1208,4,0,4,0,9,7,4,2,3,3,3,3,8,5,0,1
4,1208,4,0,4,0,9,7,4,2,3,3,3,3,7,5,0,1
5,1209,4,0,3,0,8,7,3,2,2,3,2,3,7,5,0,1
5,1209,4,0,3,0,8,7,3,2,2,3,2,3,7,5,0,1
5,1209,4,0,3,0,8,7,3,2,2,3,2,3,7,5,0,1
5,1209,4,0,3,0,8,7,3,2,2,3,2,3,7,5,0,1
5,1209,4,0,3,0,8,7,3,2,2,3,2,3,7,5,0,1
5,1209,4,0,3,0,8,7,3,2,2,3,2,3,7,5,0,1
5,1209,4,0,3,0,8,7,3,2,2,3,3,3,10,5,0,1
5,1209,4,0,3,0,8,7,3,2,2,3,3,3,10,5,0,1
5,1209,4,0,3,0,8,7,3,2,2,3,3,3,10,5,0,1
5,1209,4,0,3,0,8,7,3,2,2,3,3,3,10,5,0,1
5,1209,4,0,3,0,8,7,3,2,2,3,3,3,10,5,0,1
5,1209,4,0,3,0,8,7,3,2,2,3,3,3,10,5,0,1
5,1209,4,0,3,0,8,6,3,2,2,3,3,3,10,4,0,1
5,1209,4,0,3,0,8,6,3,2,2,3,3,3,10,4,0,1
5,1209,4,0,3,0,8,6,3,2,2,3,3,3,10,4,0,1
5,1209,4,0,3,0,8,6,3,2,2,3,2,3,8,4,0,1
5,1209,4,0,3,0,8,6,3,2,2,3,2,3,8,4,0,1
5,1209,4,0,3,0,8,6,3,2,2,3,2,3,8,4,0,1
5,1209,4,0,3,0,8,6,3,2,2,3,2,3,8,4,0,1
5,1209,4,0,3,0,8,6,3,2,2,3,2,3,8,4,0,0
5,1209,4,0,3,0,8,6,3,2,2,3,2,3,8,4,0,0
5,1209,4,0,3,0,8,6,3,2,2,3,2,3,8,4,0,0
5,1209,4,0,3,0,8,6,3,2,2,3,2,3,8,4,0,0
5,1209,4,0,3,0,8,6,3,2,2,3,2,3,7,4,0,0
6,1210,4,0,3,0,8,6,3,2,2,3,2,3,4,4,0,0
6,1210,4,0,3,0,8,6,3,2,2,3,2,3,4,4,0,0
6,1210,4,0,3,0,8,6,3,2,2,3,2,3,4,4,0,0
6,1210,4,0,3,0,8,6,3,2,2,3,2,3,4,4,0,0
6,1210,4,0,3,0,8,6,3,2,2,3,2,3,4,4,0,0
6,1210,4,0,3,0,8,6,3,2,2,3,2,3,4,4,0,0
6,1210,4,0,3,0,8,6,3,2,2,3,3,3,4,4,0,0
6,1210,4,0,3,0,8,5,3,2,2,3,3,2,5,4,0,0
6,1210,4,0,3,0,8,5,3,2,2,3,3,2,5,4,0,0
6,1210,4,0,3,0,8,5,3,2,2,3,3,2,5,4,0,0
6,1210,4,0,3,0,8,5,3,2,2,3,3,2,5,4,0,0
6,1210,4,0,3,0,8,5,3,2,2,3,3,2,5,4,0,0
6,1210,4,0,3,0,8,5,3,2,2,3,3,2,5,4,0,0
6,1210,4,0,3,0,8,5,3,2,2,3,3,2,5,4,0,0
6,1210,4,0,3,0,8,5,3,2,2,3,3,2,5,4,0,0
6,1210,4,0,3,0,8,5,3,2,2,3,2,2,4,4,0,0
6,1210,4,0,3,0,8,5,3,2,2,3,2,2,4,4,0,0
6,1210,4,0,3,0,8,5,3,2,2,3,2,2,4,4,0,0
6,1210,4,0,3,0,8,5,3,2,2,3,2,2,4,4,0,0
6,1210,4,0,3,0,8,5,3,2,2,3,2,2,4,4,0,0
6,1210,4,0,3,0,8,5,3,2,2,3,2,2,4,4,0,0
6,1210,4,0,3,0,8,5,3,2,2,3,2,2,4,4,0,0
6,1210,4,0,3,0,8,5,3,2,2,3,2,2,4,4,0,0
6,1210,4,0,3,0,8,5,3,2,2,3,2,2,4,4,0,0
7,1211,4,0,4,0,9,5,4,2,3,3,3,2,7,4,0,0
7,1211,4,0,4,0,9,5,4,2,3,3,3,2,7,4,0,0
7,1211,4,0,4,0,9,5,4,2,3,3,3,2,7,4,0,0
7,1211,4,0,4,0,9,5,4,2,3,3,3,2,7,4,0,0
7,1211,4,0,4,0,9,5,4,2,3,3,3,2,7,4,0,0
7,1211,4,0,4,0,9,5,4,2,3,3,3,2,7,4,0,0
7,1211,4,0,4,0,9,5,4,2,3,3,3,2,8,4,8,0
7,1211,4,0,4,0,10,8,4,3,3,3,4,2,8,5,8,1
7,1211,4,0,4,0,10,8,4,4,3,3,4,2,8,6,8,1
7,1211,4,0,4,0,10,8,4,4,3,3,4,2,8,7,9,1
7,1211,4,0,4,0,10,9,4,4,3,3,4,2,8,7,9,1
7,1211,4,0,4,0,10,9,4,4,3,3,4,2,8,8,9,1
7,1211,4,0,4,0,10,9,4,4,3,3,4,2,8,8,9,1
7,1211,4,0,4,0,10,8,4,4,3,3,4,2,8,7,5,1
7,1211,4,0,4,0,10,8,4,4,3,3,4,2,8,7,5,1
7,1211,4,0,4,0,10,8,4,4,3,3,4,2,8,7,5,1
7,1211,4,0,4,0,9,8,4,4,3,3,3,2,8,7,5,1
7,1211,4,0,4,0,9,8,4,4,3,3,3,2,8,7,0,1
7,1211,4,0,4,0,9,8,4,4,3,3,3,2,8,7,0,1
7,1211,4,0,4,0,9,8,4,4,3,3,3,2,8,7,0,1
7,1211,4,0,4,0,9,8,4,4,3,3,3,2,8,7,0,1
7,1211,4,0,4,0,9,8,4,4,3,2,3,2,8,7,0,1
7,1211,4,0,4,0,9,8,4,4,3,2,3,2,8,7,0,1
7,1211,4,0,4,0,9,8,4,4,3,2,3,2,7,7,0,1
8,1212,4,0,4,0,9,8,4,4,3,2,3,2,4,7,0,1
8,1212,4,0,4,0,9,8,4,4,3,2,3,2,4,7,0,1
8,1212,4,0,4,0,9,8,4,4,3,2,3,2,4,7,0,1
8,1212,4,0,4,0,9,8,4,4,3,2,3,2,4,7,0,1
8,1212,4,0,4,0,9,8,4,4,3,2,3,2,4,7,0,1
8,1212,4,0,4,0,9,8,4,4,3,2,3,2,4,7,0,1
8,1212,4,0,4,0,9,8,4,4,3,2,3,2,4,7,8,1
8,1212,4,0,4,0,10,9,4,4,3,3,4,3,5,7,8,2
8,1212,4,0,4,0,10,9,4,4,3,3,4,3,5,7,8,3
8,1212,4,0,4,0,10,10,4,4,3,3,4,3,5,7,9,3
8,1212,4,0,4,0,10,10,4,4,3,3,4,3,5,7,9,3
8,1212,4,0,4,0,10,10,4,4,3,3,4,3,5,6,9,3
8,1212,4,0,4,0,10,10,4,4,3,3,4,3,5,6,9,3
8,1212,4,0,4,0,10,10,4,4,3,3,4,3,5,6,5,3
8,1212,4,0,4,0,10,10,4,3,3,3,4,3,5,6,5,3
8,1212,4,0,4,0,10,10,4,3,3,3,4,3,4,6,5,3
8,1212,4,0,4,0,9,10,4,3,3,3,3,3,4,6,5,3
8,1212,4,0,4,0,9,10,4,3,3,2,3,3,4,6,0,3
8,1212,4,0,4,0,9,10,4,3,3,2,3,3,4,5,0,3
8,1212,4,0,4,0,9,9,4,3,3,2,3,3,4,5,0,2
8,1212,4,0,4,0,9,9,4,3,3,2,3,3,4,5,0,2
8,1212,4,0,4,0,9,9,4,3,3,2,3,3,4,5,0,2
8,1212,4,0,4,0,9,9,4,3,3,2,3,3,4,5,0,2
8,1212,4,0,4,0,9,9,4,3,3,2,3,3,4,5,0,2
9,1213,4,0,4,0,9,9,4,3,3,2,3,3,7,5,0,2
9,1213,4,0,4,0,9,9,4,3,3,2,3,3,7,5,0,2
9,1213,4,0,4,0,9,9,4,3,3,2,3,3,7,5,0,2
9,1213,4,0,4,0,9,9,4,3,3,2,3,3,7,5,0,2
9,1213,4,0,4,0,9,9,4,3,3,2,3,3,7,5,0,2
9,1213,4,0,4,0,9,9,4,3,3,2,3,3,7,5,0,2
9,1213,4,0,4,0,9,9,4,3,3,2,3,3,10,5,8,2
9,1213,4,0,4,0,10,8,4,4,3,1,4,4,10,10,8,1
9,1213,4,0,4,0,10,10,4,4,3,1,4,4,10,10,8,2
9,1213,4,0,4,0,10,10,4,3,3,2,4,4,10,10,9,2
9,1213,4,0,4,0,10,9,4,4,3,2,4,4,10,10,9,3
9,1213,4,0,4,0,10,10,4,4,3,2,4,4,10,10,9,3
9,1213,4,0,4,0,10,10,4,4,3,2,4,4,10,10,9,3
9,1213,4,0,4,0,10,10,4,4,3,2,4,3,10,10,5,3
9,1213,4,0,4,0,10,9,4,4,3,2,4,2,10,11,5,3
9,1213,4,0,4,0,10,9,4,4,3,2,4,2,8,10,5,3
9,1213,4,0,4,0,9,9,4,4,3,2,3,2,8,10,5,3
9,1213,4,0,4,0,9,9,4,4,3,2,3,2,8,10,0,3
9,1213,4,0,4,0,9,9,4,4,3,2,3,2,8,9,0,2
9,1213,4,0,4,0,9,9,4,4,3,2,3,2,8,9,0,2
9,1213,4,0,4,0,9,9,4,4,3,2,3,2,8,9,0,2
9,1213,4,0,4,0,9,9,4,4,3,2,3,2,8,9,0,2
9,1213,4,0,4,0,9,9,4,4,3,2,3,2,8,9,0,2
9,1213,4,0,4,0,9,9,4,4,3,2,3,2,7,9,0,2
10,1214,4,0,4,0,9,9,4,4,3,2,3,2,7,9,0,2
10,1214,4,0,4,0,9,9,4,4,3,2,3,2,7,9,0,2
10,1214,4,0,4,0,9,9,4,4,3,2,3,2,7,9,0,2
10,1214,4,0,4,0,9,9,4,4,3,2,3,2,7,9,0,2
10,1214,4,0,4,0,9,9,4,4,3,2,3,2,7,9,0,2
10,1214,4,0,4,0,9,9,4,4,3,2,3,2,7,9,0,2
10,1214,4,0,4,0,9,9,4,4,3,2,3,2,8,9,8,2
10,1214,4,0,4,0,10,9,4,4,3,3,4,3,8,8,8,0
10,1214,4,0,4,0,10,10,4,4,3,3,4,3,8,8,8,0
10,1214,4,0,4,0,10,10,4,4,3,3,4,3,8,8,9,0
10,1214,4,0,4,0,10,10,4,4,3,2,4,3,8,8,9,0
10,1214,4,0,4,0,10,10,4,4,3,2,4,3,8,8,9,0
10,1214,4,0,4,0,10,10,4,4,3,2,4,3,8,7,9,0
10,1214,4,0,4,0,10,10,4,4,3,2,4,3,8,7,5,0
10,1214,4,0,4,0,10,10,4,4,3,2,4,3,8,7,5,0
10,1214,4,0,4,0,10,10,4,4,3,2,4,3,8,7,5,0
10,1214,4,0,4,0,9,10,4,3,3,2,3,3,8,7,5,0
10,1214,4,0,4,0,9,10,4,3,3,2,3,3,8,7,0,0
10,1214,4,0,4,0,9,10,4,3,3,2,3,3,8,7,0,0
10,1214,4,0,4,0,9,10,4,3,3,2,3,3,8,7,0,0
10,1214,4,0,4,0,9,10,4,3,3,2,3,3,8,7,0,0
10,1214,4,0,4,0,9,10,4,3,3,2,3,3,8,6,0,0
10,1214,4,0,4,0,9,10,4,3,3,2,3,3,8,6,0,0
10,1214,4,0,4,0,9,10,4,3,3,2,3,3,7,6,0,0
11,1215,4,0,4,0,9,10,4,3,3,2,3,3,7,6,0,0
11,1215,4,0,4,0,9,10,4,3,3,2,3,3,7,6,0,0
11,1215,4,0,4,0,9,10,4,3,3,2,3,3,7,6,0,0
11,1215,4,0,4,0,9,10,4,3,3,2,3,3,7,6,0,0
11,1215,4,0,4,0,9,10,4,3,3,2,3,3,7,6,0,0
11,1215,4,0,4,0,9,10,4,3,3,2,3,3,7,6,0,0
11,1215,4,0,4,0,9,10,4,3,3,2,3,3,8,6,8,0
11,1215,4,0,4,0,10,10,4,3,3,3,4,4,8,8,8,0
11,1215,4,0,4,0,10,10,4,4,3,3,4,4,8,8,8,1
11,1215,4,0,4,0,10,10,4,4,3,3,4,4,8,8,9,1
11,1215,4,0,4,0,10,10,4,4,3,3,4,4,8,8,9,1
11,1215,4,0,4,0,10,10,4,4,3,3,4,4,8,8,9,0
11,1215,4,0,4,0,10,10,4,4,3,3,4,4,8,7,9,0
11,1215,4,0,4,0,10,10,4,4,3,3,4,4,8,7,5,0
11,1215,4,0,4,0,10,10,4,4,3,3,4,4,8,7,5,0
11,1215,4,0,4,0,10,10,4,4,3,3,4,4,8,7,5,0
11,1215,4,0,4,0,9,10,4,3,3,3,3,4,8,7,5,0
11,1215,4,0,4,0,9,10,4,2,3,2,3,4,8,6,0,0
11,1215,4,0,4,0,9,10,4,2,3,2,3,4,8,6,0,0
11,1215,4,0,4,0,9,10,4,2,3,2,3,4,8,6,0,0
11,1215,4,0,4,0,9,10,4,2,3,2,3,4,8,5,0,0
11,1215,4,0,4,0,9,10,4,1,3,2,3,4,8,5,0,0
11,1215,4,0,4,0,9,10,4,1,3,1,3,4,8,5,0,0
11,1215,4,0,4,0,9,10,4,1,3,1,3,4,7,5,0,0
12,1216,4,0,3,0,8,10,3,1,2,1,2,4,7,5,0,0
12,1216,4,0,3,0,8,10,3,1,2,1,2,4,7,5,0,0
12,1216,4,0,3,0,8,10,3,1,2,1,2,4,7,5,0,0
12,1216,4,0,3,0,8,10,3,1,2,1,2,4,7,5,0,0
12,1216,4,0,3,0,8,10,3,1,2,1,2,4,7,5,0,0
12,1216,4,0,3,0,8,10,3,1,2,1,2,4,7,5,0,0
12,1216,4,0,3,0,8,10,3,1,2,1,3,4,10,5,0,0
12,1216,4,0,3,0,8,9,3,1,2,1,3,4,10,4,0,0
12,1216,4,0,3,0,8,9,3,1,2,1,3,2,10,4,0,0
12,1216,4,0,3,0,8,9,3,1,2,1,3,2,10,4,0,0
12,1216,4,0,3,0,8,9,3,1,2,1,3,2,10,4,0,0
12,1216,4,0,3,0,8,9,3,1,2,1,3,2,10,4,0,0
12,1216,4,0,3,0,8,9,3,1,2,1,3,2,10,4,0,0
12,1216,4,0,3,0,8,9,3,1,2,1,3,2,10,4,0,0
12,1216,4,0,3,0,8,9,3,1,2,1,3,2,10,4,0,0
12,1216,4,0,3,0,8,9,3,1,2,1,2,2,8,4,0,0
12,1216,4,0,3,0,8,9,3,1,2,1,2,2,8,4,0,0
12,1216,4,0,3,0,8,9,3,1,2,1,2,1,8,4,0,0
12,1216,4,0,3,0,8,9,3,1,2,1,2,1,8,4,0,0
12,1216,4,0,3,0,8,9,3,1,2,1,2,1,8,4,0,0
12,1216,4,0,3,0,8,9,3,1,2,1,2,1,8,4,0,0
12,1216,4,0,3,0,8,9,3,1,2,1,2,1,8,4,0,0
12,1216,4,0,3,0,8,9,3,1,2,1,2,1,8,4,0,0
12,1216,4,0,3,0,8,9,3,1,2,1,2,1,7,4,0,0
13,1217,4,0,3,0,8,9,3,1,2,1,2,1,4,4,0,0
13,1217,4,0,3,0,8,9,3,1,2,1,2,1,4,4,0,0
13,1217,4,0,3,0,8,9,3,1,2,1,2,1,4,4,0,0
13,1217,4,0,3,0,8,9,3,1,2,1,2,1,4,4,0,0
13,1217,4,0,3,0,8,9,3,1,2,1,2,1,4,4,0,0
13,1217,4,0,3,0,8,9,3,1,2,1,2,1,4,4,0,0
13,1217,4,0,3,0,8,9,3,1,2,1,3,1,4,4,0,0
13,1217,4,0,3,0,8,9,3,1,2,1,3,1,5,4,0,0
13,1217,4,0,3,0,8,9,3,1,2,1,3,1,5,4,0,0
13,1217,4,0,3,0,8,9,3,1,2,1,3,1,5,4,0,0
13,1217,4,0,3,0,8,9,3,1,2,1,3,1,5,4,0,0
13,1217,4,0,3,0,8,9,3,1,2,1,3,1,5,4,0,0
13,1217,4,0,3,0,8,9,3,1,2,1,3,1,5,4,0,0
13,1217,4,0,3,0,8,9,3,1,2,1,3,1,5,4,0,0
13,1217,4,0,3,0,8,9,3,1,2,1,3,1,5,4,0,0
13,1217,4,0,3,0,8,8,3,1,2,1,2,1,4,4,0,0
13,1217,4,0,3,0,8,8,3,1,2,1,2,1,4,4,0,0
13,1217,4,0,3,0,8,8,3,1,2,1,2,1,4,4,0,0
13,1217,4,0,3,0,8,8,3,1,2,1,2,1,4,4,0,0
13,1217,4,0,3,0,8,8,3,1,2,1,2,1,4,4,0,0
13,1217,4,0,3,0,8,8,3,1,2,1,2,1,4,4,0,0
13,1217,4,0,3,0,8,8,3,1,2,1,2,1,4,4,0,0
13,1217,4,0,3,0,8,8,3,1,2,1,2,1,4,4,0,0
13,1217,4,0,3,0,8,8,3,1,2,1,2,1,4,4,0,0
14,1218,4,0,4,0,9,8,4,1,3,1,3,1,7,4,0,0
14,1218,4,0,4,0,9,8,4,1,3,1,3,1,7,4,0,0
14,1218,4,0,4,0,9,8,4,1,3,1,3,1,7,4,0,0
14,1218,4,0,4,0,9,8,4,1,3,1,3,1,7,4,0,0
14,1218,4,0,4,0,9,8,4,1,3,1,3,1,7,4,0,0
14,1218,4,0,4,0,9,8,4,1,3,1,3,1,7,4,0,0
14,1218,4,0,4,0,9,8,4,1,3,1,3,1,8,4,8,0
14,1218,4,0,4,0,10,9,4,3,3,1,4,1,8,7,8,2
14,1218,4,0,4,0,10,10,4,3,3,1,4,1,8,7,8,2
14,1218,4,0,4,0,10,10,4,4,3,1,4,1,8,8,9,2
14,1218,4,0,4,0,10,10,4,4,3,1,4,1,8,8,9,2
14,1218,4,0,4,0,10,10,4,4,3,1,4,1,8,8,9,2
14,1218,4,0,4,0,10,10,4,4,3,1,4,1,8,8,9,2
14,1218,4,0,4,0,10,10,4,3,3,1,4,1,8,7,5,2
14,1218,4,0,4,0,10,9,4,3,3,1,4,1,8,7,5,1
14,1218,4,0,4,0,10,9,4,3,3,1,4,1,8,7,5,1
14,1218,4,0,4,0,9,9,4,3,3,1,3,1,8,7,5,1
14,1218,4,0,4,0,9,9,4,3,3,1,3,1,8,7,0,1
14,1218,4,0,4,0,9,9,4,3,3,1,3,1,8,7,0,1
14,1218,4,0,4,0,9,9,4,3,3,1,3,1,8,7,0,0
14,1218,4,0,4,0,9,9,4,3,3,1,3,1,8,7,0,0
14,1218,4,0,4,0,9,9,4,3,3,1,3,1,8,7,0,0
14,1218,4,0,4,0,9,9,4,3,3,1,3,1,8,7,0,0
14,1218,4,0,4,0,9,9,4,3,3,1,3,1,7,7,0,0
15,1219,4,0,4,0,9,9,4,3,3,1,3,1,4,7,0,0
15,1219,4,0,4,0,9,9,4,3,3,1,3,1,4,7,0,0
15,1219,4,0,4,0,9,9,4,3,3,1,3,1,4,7,0,0
15,1219,4,0,4,0,9,9,4,3,3,1,3,1,4,7,0,0
15,1219,4,0,4,0,9,9,4,3,3,1,3,1,4,7,0,0
15,1219,4,0,4,0,9,9,4,3,3,1,3,1,4,7,0,0
15,1219,4,0,4,0,9,9,4,3,3,1,3,1,4,7,8,0
15,1219,4,0,4,0,10,8,4,4,3,3,4,2,5,7,8,2
15,1219,4,0,4,0,10,9,4,4,3,3,4,2,5,7,8,3
15,1219,4,0,4,0,10,10,4,4,3,2,4,2,5,7,9,4
15,1219,4,0,4,0,10,10,4,4,3,3,4,2,5,7,9,4
15,1219,4,0,4,0,10,10,4,4,3,3,4,2,5,7,9,4
15,1219,4,0,4,0,10,10,4,4,3,3,4,2,5,6,9,4
15,1219,4,0,4,0,10,10,4,4,3,3,4,2,5,6,5,4
15,1219,4,0,4,0,10,10,4,4,3,3,4,2,5,6,5,4
15,1219,4,0,4,0,10,9,4,4,3,3,4,2,4,6,5,3
15,1219,4,0,4,0,9,9,4,4,3,2,3,2,4,6,5,3
15,1219,4,0,4,0,9,9,4,4,3,2,3,2,4,6,0,3
15,1219,4,0,4,0,9,9,4,4,3,2,3,2,4,6,0,3
15,1219,4,0,4,0,9,9,4,4,3,1,3,2,4,6,0,3
15,1219,4,0,4,0,9,9,4,4,3,1,3,2,4,6,0,2
15,1219,4,0,4,0,9,9,4,4,3,1,3,2,4,6,0,2
15,1219,4,0,4,0,9,9,4,4,3,1,3,2,4,6,0,1
15,1219,4,0,4,0,9,9,4,4,3,1,3,2,4,6,0,1
16,1220,4,0,4,0,9,9,4,4,3,1,3,2,7,7,0,1
16,1220,4,0,4,0,9,9,4,4,3,1,3,2,7,7,0,1
16,1220,4,0,4,0,9,9,4,4,3,1,3,2,7,7,0,1
16,1220,4,0,4,0,9,9,4,4,3,1,3,2,7,7,0,1
16,1220,4,0,4,0,9,9,4,4,3,1,3,2,7,7,0,1
16,1220,4,0,4,0,9,9,4,4,3,1,3,2,7,7,0,1
16,1220,4,0,4,0,9,9,4,4,3,1,3,2,10,7,8,1
16,1220,4,0,4,0,10,10,4,3,3,2,4,3,10,10,8,1
16,1220,4,0,4,0,10,10,4,3,3,2,4,3,10,10,8,1
16,1220,4,0,4,0,10,10,4,4,3,2,4,3,10,9,9,2
16,1220,4,0,4,0,10,10,4,4,3,2,4,3,10,10,9,2
16,1220,4,0,4,0,10,10,4,4,3,3,4,3,10,10,9,2
16,1220,4,0,4,0,10,10,4,4,3,3,4,3,10,10,9,2
16,1220,4,0,4,0,10,10,4,4,3,3,4,3,10,10,5,2
16,1220,4,0,4,0,10,10,4,3,3,2,4,3,10,10,5,2
16,1220,4,0,4,0,10,10,4,3,3,2,4,3,8,10,5,2
16,1220,4,0,4,0,9,10,4,3,3,2,3,3,8,9,5,0
16,1220,4,0,4,0,9,10,4,3,3,2,3,3,8,9,0,0
16,1220,4,0,4,0,9,10,4,3,3,2,3,3,8,9,0,0
16,1220,4,0,4,0,9,10,4,3,3,2,3,3,8,9,0,0
16,1220,4,0,4,0,9,10,4,3,3,2,3,3,8,9,0,0
16,1220,4,0,4,0,9,10,4,3,3,2,3,3,8,9,0,0
16,1220,4,0,4,0,9,10,4,3,3,2,3,3,8,8,0,0
16,1220,4,0,4,0,9,10,4,3,3,2,3,3,7,8,0,0
17,1221,4,0,4,0,9,10,4,3,3,2,3,3,7,8,0,0
17,1221,4,0,4,0,9,10,4,3,3,2,3,3,7,8,0,0
17,1221,4,0,4,0,9,10,4,3,3,2,3,3,7,8,0,0
17,1221,4,0,4,0,9,10,4,3,3,2,3,3,7,8,0,0
17,1221,4,0,4,0,9,10,4,3,3,2,3,3,7,8,0,0
17,1221,4,0,4,0,9,10,4,3,3,2,3,3,7,8,0,0
17,1221,4,0,4,0,9,10,4,3,3,2,3,3,8,8,8,0
17,1221,4,0,4,0,10,9,4,4,3,2,4,4,8,8,8,0
17,1221,4,0,4,0,10,10,4,4,3,2,4,4,8,8,8,0
17,1221,4,0,4,0,10,10,4,4,3,2,4,4,8,8,9,0
17,1221,4,0,4,0,10,10,4,4,3,2,4,4,8,8,9,0
17,1221,4,0,4,0,10,10,4,4,3,2,4,4,8,8,9,0
17,1221,4,0,4,0,10,10,4,4,3,2,4,4,8,8,9,0
17,1221,4,0,4,0,10,10,4,4,3,2,4,4,8,8,5,0
17,1221,4,0,4,0,10,9,4,4,3,2,4,4,8,8,5,0
17,1221,4,0,4,0,10,9,4,4,3,2,4,4,8,8,5,0
17,1221,4,0,4,0,9,9,4,4,3,2,3,4,8,7,5,0
17,1221,4,0,4,0,9,9,4,4,3,2,3,4,8,7,0,0
17,1221,4,0,4,0,9,9,4,4,3,2,3,4,8,7,0,0
17,1221,4,0,4,0,9,9,4,4,3,2,3,4,8,7,0,0
17,1221,4,0,4,0,9,9,4,4,3,2,3,4,8,7,0,0
17,1221,4,0,4,0,9,9,4,4,3,2,3,4,8,7,0,0
17,1221,4,0,4,0,9,9,4,4,3,2,3,4,8,7,0,0
17,1221,4,0,4,0,9,9,4,4,3,2,3,4,7,7,0,0
18,1222,4,0,4,0,9,9,4,4,3,2,3,4,7,7,0,0
18,1222,4,0,4,0,9,9,4,4,3,2,3,4,7,7,0,0
18,1222,4,0,4,0,9,9,4,4,3,2,3,4,7,7,0,0
18,1222,4,0,4,0,9,9,4,4,3,2,3,4,7,7,0,0
18,1222,4,0,4,0,9,9,4,4,3,2,3,4,7,7,0,0
18,1222,4,0,4,0,9,9,4,4,3,2,3,4,7,7,0,0
18,1222,4,0,4,0,9,9,4,4,3,2,3,4,8,7,8,0
18,1222,4,0,4,0,10,9,4,4,3,3,4,3,8,8,8,1
18,1222,4,0,4,0,10,10,4,4,3,3,4,3,8,8,8,1
18,1222,4,0,4,0,10,10,4,4,3,3,4,3,8,8,9,2
18,1222,4,0,4,0,10,10,4,4,3,3,4,3,8,8,9,2
18,1222,4,0,4,0,10,10,4,4,3,3,4,3,8,9,9,2
18,1222,4,0,4,0,10,10,4,4,3,3,4,3,8,9,9,2
18,1222,4,0,4,0,10,10,4,4,3,3,4,3,8,9,5,2
18,1222,4,0,4,0,10,10,4,4,3,3,4,3,8,8,5,1
18,1222,4,0,4,0,10,9,4,4,3,3,4,2,8,7,5,1
18,1222,4,0,4,0,9,9,4,4,3,3,3,2,8,7,5,1
18,1222,4,0,4,0,9,9,4,4,3,3,3,2,8,7,0,1
18,1222,4,0,4,0,9,9,4,4,3,2,3,2,8,7,0,1
18,1222,4,0,4,0,9,7,4,4,3,2,3,2,8,6,0,1
18,1222,4,0,4,0,9,7,4,4,3,2,3,2,8,6,0,1
18,1222,4,0,4,0,9,7,4,4,3,2,3,2,8,6,0,1
18,1222,4,0,4,0,9,6,4,4,3,2,3,2,8,6,0,1
18,1222,4,0,4,0,9,6,4,4,3,2,3,2,7,6,0,1
19,1223,4,0,3,0,8,6,3,4,2,2,2,2,7,6,0,1
19,1223,4,0,3,0,8,6,3,4,2,2,2,2,7,6,0,1
19,1223,4,0,3,0,8,6,3,4,2,2,2,2,7,6,0,1
19,1223,4,0,3,0,8,6,3,4,2,2,2,2,7,6,0,1
19,1223,4,0,3,0,8,6,3,4,2,2,2,2,7,6,0,1
19,1223,4,0,3,0,8,6,3,4,2,2,2,2,7,6,0,1
19,1223,4,0,3,0,8,6,3,4,2,2,3,2,10,6,0,1
19,1223,4,0,3,0,8,6,3,4,2,2,3,2,10,6,0,0
19,1223,4,0,3,0,8,6,3,4,2,2,3,2,10,6,0,0
19,1223,4,0,3,0,8,6,3,4,2,2,3,2,10,6,0,0
19,1223,4,0,3,0,8,6,3,4,2,2,3,2,10,6,0,0
19,1223,4,0,3,0,8,6,3,4,2,2,3,2,10,6,0,0
19,1223,4,0,3,0,8,6,3,4,2,2,3,2,10,6,0,0
19,1223,4,0,3,0,8,6,3,4,2,2,3,2,10,6,0,0
19,1223,4,0,3,0,8,6,3,4,2,2,3,2,10,6,0,0
19,1223,4,0,3,0,8,6,3,4,2,2,2,2,8,6,0,0
19,1223,4,0,3,0,8,6,3,4,2,2,2,2,8,5,0,0
19,1223,4,0,3,0,8,6,3,4,2,2,2,2,8,5,0,0
19,1223,4,0,3,0,8,6,3,4,2,2,2,2,8,5,0,0
19,1223,4,0,3,0,8,6,3,4,2,2,2,2,8,5,0,0
19,1223,4,0,3,0,8,6,3,4,2,2,2,2,8,5,0,0
19,1223,4,0,3,0,8,6,3,4,2,2,2,2,8,5,0,0
19,1223,4,0,3,0,8,6,3,3,2,2,2,2,8,5,0,0
19,1223,4,0,3,0,8,6,3,3,2,2,2,2,7,5,0,0
20,1224,4,0,3,0,8,6,3,3,2,2,2,2,4,5,0,0
20,1224,4,0,3,0,8,6,3,3,2,2,2,2,4,5,0,0
20,1224,4,0,3,0,8,6,3,3,2,2,2,2,4,5,0,0
20,1224,4,0,3,0,8,6,3,3,2,2,2,2,4,5,0,0
20,1224,4,0,3,0,8,6,3,3,2,2,2,2,4,5,0,0
20,1224,4,0,3,0,8,6,3,3,2,2,2,2,4,5,0,0
20,1224,4,0,3,0,8,6,3,3,2,2,3,2,4,5,0,0
20,1224,4,0,3,0,8,4,3,3,2,2,3,1,5,4,0,0
20,1224,4,0,3,0,8,4,3,3,2,2,3,1,5,4,0,0
20,1224,4,0,3,0,8,4,3,3,2,2,3,1,5,4,0,0
20,1224,4,0,3,0,8,4,3,3,2,2,3,1,5,4,0,0
20,1224,4,0,3,0,8,4,3,3,2,2,3,1,5,4,0,0
20,1224,4,0,3,0,8,4,3,3,2,2,3,1,5,4,0,0
20,1224,4,0,3,0,8,4,3,3,2,2,3,1,5,4,0,0
20,1224,4,0,3,0,8,4,3,3,2,2,3,1,5,4,0,0
20,1224,4,0,3,0,8,4,3,3,2,2,2,1,4,4,0,0
20,1224,4,0,3,0,8,4,3,3,2,2,2,1,4,4,0,0
20,1224,4,0,3,0,8,4,3,3,2,2,2,1,4,4,0,0
20,1224,4,0,3,0,8,4,3,3,2,2,2,1,4,4,0,0
20,1224,4,0,3,0,8,4,3,3,2,2,2,1,4,4,0,0
20,1224,4,0,3,0,8,4,3,3,2,2,2,1,4,4,0,0
20,1224,4,0,3,0,8,4,3,3,2,2,2,0,4,4,0,0
20,1224,4,0,3,0,8,4,3,3,2,2,2,0,4,4,0,0
20,1224,4,0,3,0,8,4,3,3,2,2,2,0,4,4,0,0
21,1225,4,0,4,0,9,4,4,3,3,2,3,0,7,4,0,0
21,1225,4,0,4,0,9,4,4,3,3,2,3,0,7,4,0,0
21,1225,4,0,4,0,9,4,4,3,3,2,3,0,7,4,0,0
21,1225,4,0,4,0,9,4,4,3,3,2,3,0,7,4,0,0
21,1225,4,0,4,0,9,4,4,3,3,2,3,0,7,4,0,0
21,1225,4,0,4,0,9,4,4,3,3,2,3,0,7,4,0,0
21,1225,4,0,4,0,9,4,4,3,3,2,3,0,8,4,8,0
21,1225,4,0,4,0,10,7,4,4,3,2,4,1,8,4,8,1
21,1225,4,0,4,0,10,8,4,4,3,3,4,1,8,4,8,1
21,1225,4,0,4,0,10,9,4,4,3,3,4,1,8,5,9,1
21,1225,4,0,4,0,10,9,4,4,3,3,4,1,8,5,9,1
21,1225,4,0,4,0,10,9,4,4,3,3,4,1,8,5,9,1
21,1225,4,0,4,0,10,9,4,4,3,3,4,1,8,5,9,1
21,1225,4,0,4,0,10,8,4,4,3,3,4,1,8,4,5,1
21,1225,4,0,4,0,10,8,4,4,3,3,4,1,8,4,5,1
21,1225,4,0,4,0,10,8,4,4,3,3,4,1,8,4,5,1
21,1225,4,0,4,0,9,8,4,4,3,3,3,1,8,4,5,0
21,1225,4,0,4,0,9,8,4,4,3,3,3,1,8,4,0,0
21,1225,4,0,4,0,9,8,4,4,3,3,3,1,8,4,0,0
21,1225,4,0,4,0,9,8,4,4,3,3,3,1,8,4,0,0
21,1225,4,0,4,0,9,8,4,4,3,3,3,1,8,4,0,0
21,1225,4,0,4,0,9,8,4,4,3,3,3,1,8,4,0,0
21,1225,4,0,4,0,9,8,4,4,3,3,3,1,8,4,0,0
21,1225,4,0,4,0,9,8,4,4,3,3,3,1,7,4,0,0
22,1226,4,0,4,0,9,8,4,4,3,3,3,1,4,4,0,0
22,1226,4,0,4,0,9,8,4,4,3,3,3,1,4,4,0,0
22,1226,4,0,4,0,9,8,4,4,3,3,3,1,4,4,0,0
22,1226,4,0,4,0,9,8,4,4,3,3,3,1,4,4,0,0
22,1226,4,0,4,0,9,8,4,4,3,3,3,1,4,4,0,0
22,1226,4,0,4,0,9,8,4,4,3,3,3,1,4,4,0,0
22,1226,4,0,4,0,9,8,4,4,3,3,3,1,4,4,8,0
22,1226,4,0,4,0,10,9,4,4,3,3,4,2,5,5,8,5
22,1226,4,0,4,0,10,10,4,4,3,3,4,2,5,5,8,6
22,1226,4,0,4,0,10,10,4,4,3,3,4,2,5,6,9,7
22,1226,4,0,4,0,10,10,4,4,3,3,4,2,5,7,9,8
22,1226,4,0,4,0,10,10,4,4,3,3,4,2,5,7,9,8
22,1226,4,0,4,0,10,10,4,4,3,3,4,2,5,7,9,8
22,1226,4,0,4,0,10,10,4,4,3,3,4,2,5,7,5,8
22,1226,4,0,4,0,10,10,4,4,3,3,4,2,5,7,5,8
22,1226,4,0,4,0,10,10,4,4,3,3,4,2,4,6,5,4
22,1226,4,0,4,0,9,10,4,4,3,3,3,2,4,5,5,3
22,1226,4,0,4,0,9,10,4,4,3,3,3,2,4,5,0,3
22,1226,4,0,4,0,9,10,4,4,3,3,3,2,4,5,0,3
22,1226,4,0,4,0,9,10,4,4,3,3,3,2,4,5,0,3
22,1226,4,0,4,0,9,9,4,4,3,3,3,2,4,5,0,3
22,1226,4,0,4,0,9,9,4,4,3,3,3,2,4,5,0,2
22,1226,4,0,4,0,9,9,4,4,3,3,3,2,4,5,0,2
22,1226,4,0,4,0,9,9,4,4,3,3,3,2,4,5,0,2
23,1227,4,0,4,0,9,9,4,4,3,3,3,2,7,7,0,2
23,1227,4,0,4,0,9,9,4,4,3,3,3,2,7,7,0,2
23,1227,4,0,4,0,9,9,4,4,3,3,3,2,7,7,0,2
23,1227,4,0,4,0,9,9,4,4,3,3,3,2,7,7,0,2
23,1227,4,0,4,0,9,9,4,4,3,3,3,2,7,7,0,2
23,1227,4,0,4,0,9,9,4,4,3,3,3,2,7,7,0,2
23,1227,4,0,4,0,9,9,4,4,3,3,3,2,10,7,8,2
23,1227,4,0,4,0,10,10,4,4,3,3,4,3,10,9,8,0
23,1227,4,0,4,0,10,10,4,4,3,3,4,3,10,10,8,0
23,1227,4,0,4,0,10,10,4,4,3,3,4,3,10,10,9,0
23,1227,4,0,4,0,10,10,4,4,3,3,4,3,10,10,9,0
23,1227,4,0,4,0,10,10,4,4,3,3,4,3,10,10,9,0
23,1227,4,0,4,0,10,10,4,4,3,3,4,3,10,10,9,0
23,1227,4,0,4,0,10,8,4,4,3,3,4,3,10,10,5,0
23,1227,4,0,4,0,10,8,4,4,3,3,4,3,10,10,5,0
23,1227,4,0,4,0,10,8,4,4,3,3,4,3,8,10,5,0
23,1227,4,0,4,0,9,8,4,4,3,3,3,3,8,10,5,0
23,1227,4,0,4,0,9,8,4,4,3,3,3,3,8,10,0,0
23,1227,4,0,4,0,9,8,4,4,3,3,3,3,8,10,0,0
23,1227,4,0,4,0,9,8,4,4,3,3,3,3,8,10,0,0
23,1227,4,0,4,0,9,8,4,4,3,3,3,3,8,10,0,0
23,1227,4,0,4,0,9,8,4,4,3,3,3,3,8,9,0,0
23,1227,4,0,4,0,9,8,4,4,3,3,3,3,8,9,0,0
23,1227,4,0,4,0,9,8,4,4,3,3,3,3,7,9,0,0
24,1228,4,0,4,0,9,8,4,4,3,3,3,3,7,9,0,0
24,1228,4,0,4,0,9,8,4,4,3,3,3,3,7,9,0,0
24,1228,4,0,4,0,9,8,4,4,3,3,3,3,7,9,0,0
24,1228,4,0,4,0,9,8,4,4,3,3,3,3,7,9,0,0
24,1228,4,0,4,0,9,8,4,4,3,3,3,3,7,9,0,0
24,1228,4,0,4,0,9,8,4,4,3,3,3,3,7,9,0,0
24,1228,4,0,4,0,9,8,4,4,3,3,3,3,8,9,8,0
24,1228,4,0,4,0,10,10,4,4,3,2,4,4,8,7,8,0
24,1228,4,0,4,0,10,10,4,4,3,2,4,4,8,8,8,0
24,1228,4,0,4,0,10,10,4,4,3,2,4,4,8,8,9,0
24,1228,4,0,4,0,10,10,4,4,3,2,4,4,8,8,9,0
24,1228,4,0,4,0,10,10,4,4,3,2,4,4,8,8,9,0
24,1228,4,0,4,0,10,10,4,4,3,2,4,4,8,8,9,0
24,1228,4,0,4,0,10,10,4,4,3,2,4,4,8,8,5,0
24,1228,4,0,4,0,10,10,4,4,3,2,4,4,8,8,5,0
24,1228,4,0,4,0,10,9,4,4,3,2,4,4,8,8,5,0
24,1228,4,0,4,0,9,9,4,4,3,2,3,4,8,8,5,0
24,1228,4,0,4,0,9,9,4,4,3,2,3,4,8,8,0,0
24,1228,4,0,4,0,9,9,4,4,3,2,3,4,8,8,0,0
24,1228,4,0,4,0,9,9,4,4,3,2,3,4,8,8,0,0
24,1228,4,0,4,0,9,9,4,4,3,2,3,4,8,8,0,0
24,1228,4,0,4,0,9,9,4,4,3,2,3,4,8,7,0,0
24,1228,4,0,4,0,9,9,4,4,3,2,3,4,8,7,0,0
24,1228,4,0,4,0,9,9,4,4,3,2,3,4,7,7,0,0
25,1229,4,0,4,0,9,9,4,4,3,2,3,4,7,7,0,0
25,1229,4,0,4,0,9,9,4,4,3,2,3,4,7,7,0,0
25,1229,4,0,4,0,9,9,4,4,3,2,3,4,7,7,0,0
25,1229,4,0,4,0,9,9,4,4,3,2,3,4,7,7,0,0
25,1229,4,0,4,0,9,9,4,4,3,2,3,4,7,7,0,0
25,1229,4,0,4,0,9,9,4,4,3,2,3,4,7,7,0,0
25,1229,4,0,4,0,9,9,4,4,3,2,3,4,8,7,8,0
25,1229,4,0,4,0,10,9,4,4,3,3,4,4,8,8,8,1
25,1229,4,0,4,0,10,10,4,4,3,3,4,4,8,8,8,1
25,1229,4,0,4,0,10,10,4,4,3,3,4,4,8,8,9,2
25,1229,4,0,4,0,10,10,4,4,3,3,4,4,8,8,9,3
25,1229,4,0,4,0,10,10,4,4,3,3,4,4,8,8,9,4
25,1229,4,0,4,0,10,10,4,4,3,3,4,4,8,8,9,4
25,1229,4,0,4,0,10,10,4,4,3,3,4,4,8,8,5,4
25,1229,4,0,4,0,10,10,4,4,3,3,4,4,8,8,5,4
25,1229,4,0,4,0,10,10,4,4,3,3,4,4,8,8,5,2
25,1229,4,0,4,0,9,10,4,4,3,3,3,4,8,8,5,2
25,1229,4,0,4,0,9,10,4,4,3,3,3,4,8,8,0,2
25,1229,4,0,4,0,9,10,4,4,3,3,3,4,8,7,0,1
25,1229,4,0,4,0,9,10,4,4,3,3,3,4,8,7,0,0
25,1229,4,0,4,0,9,10,4,4,3,3,3,4,8,7,0,0
25,1229,4,0,4,0,9,9,4,4,3,2,3,4,8,6,0,0
25,1229,4,0,4,0,9,9,4,4,3,2,3,4,8,6,0,0
25,1229,4,0,4,0,9,9,4,4,3,2,3,4,7,6,0,0
26,1230,4,0,3,0,8,9,3,4,2,2,2,4,7,6,0,0
26,1230,4,0,3,0,8,9,3,4,2,2,2,4,7,6,0,0
26,1230,4,0,3,0,8,9,3,4,2,2,2,4,7,6,0,0
26,1230,4,0,3,0,8,9,3,4,2,2,2,4,7,6,0,0
26,1230,4,0,3,0,8,9,3,4,2,2,2,4,7,6,0,0
26,1230,4,0,3,0,8,9,3,4,2,2,2,4,7,6,0,0
26,1230,4,0,3,0,8,9,3,4,2,2,3,4,10,6,0,0
26,1230,4,0,3,0,8,8,3,4,2,2,3,3,10,6,0,0
26,1230,4,0,3,0,8,8,3,4,2,2,3,3,10,6,0,0
26,1230,4,0,3,0,8,7,3,4,2,2,3,3,10,6,0,0
26,1230,4,0,3,0,8,7,3,4,2,2,3,3,10,6,0,0
26,1230,4,0,3,0,8,7,3,4,2,2,3,3,10,6,0,0
26,1230,4,0,3,0,8,7,3,4,2,2,3,3,10,6,0,0
26,1230,4,0,3,0,8,6,3,4,2,2,3,3,10,5,0,0
26,1230,4,0,3,0,8,6,3,4,2,2,3,3,10,4,0,0
26,1230,4,0,3,0,8,6,3,4,2,2,2,3,8,4,0,0
26,1230,4,0,3,0,8,6,3,4,2,2,2,3,8,4,0,0
26,1230,4,0,3,0,8,5,3,4,2,2,2,2,8,4,0,0
26,1230,4,0,3,0,8,5,3,4,2,2,2,2,8,4,0,0
26,1230,4,0,3,0,8,5,3,4,2,2,2,2,8,4,0,0
26,1230,4,0,3,0,8,5,3,4,2,2,2,2,8,4,0,0
26,1230,4,0,3,0,8,5,3,4,2,2,2,2,8,4,0,0
26,1230,4,0,3,0,8,5,3,4,2,2,2,2,8,4,0,0
26,1230,4,0,3,0,8,5,3,4,2,2,2,2,7,4,0,0
27,1231,4,0,3,0,8,5,3,4,2,2,2,2,4,4,0,0
27,1231,4,0,3,0,8,5,3,4,2,2,2,2,4,4,0,0
27,1231,4,0,3,0,8,5,3,4,2,2,2,2,4,4,0,0
27,1231,4,0,3,0,8,5,3,4,2,2,2,2,4,4,0,0
27,1231,4,0,3,0,8,5,3,4,2,2,2,2,4,4,0,0
27,1231,4,0,3,0,8,5,3,4,2,2,2,2,4,4,0,0
27,1231,4,0,3,0,8,5,3,4,2,2,3,2,4,4,0,0
27,1231,4,0,3,0,8,5,3,4,2,2,3,2,5,4,0,0
27,1231,4,0,3,0,8,5,3,4,2,2,3,2,5,4,0,0
27,1231,4,0,3,0,8,5,3,4,2,2,3,2,5,4,0,0
27,1231,4,0,3,0,8,5,3,4,2,2,3,1,5,4,0,0
27,1231,4,0,3,0,8,5,3,4,2,2,3,1,5,4,0,0
27,1231,4,0,3,0,8,5,3,4,2,2,3,1,5,4,0,0
27,1231,4,0,3,0,8,5,3,4,2,2,3,1,5,4,0,0
27,1231,4,0,3,0,8,5,3,4,2,2,3,1,5,4,0,0
27,1231,4,0,3,0,8,5,3,4,2,2,2,1,4,4,0,0
27,1231,4,0,3,0,8,5,3,4,2,2,2,0,4,4,0,0
27,1231,4,0,3,0,8,5,3,4,2,2,2,0,4,4,0,0
27,1231,4,0,3,0,8,5,3,4,2,2,2,0,4,4,0,0
27,1231,4,0,3,0,8,5,3,4,2,2,2,0,4,4,0,0
27,1231,4,0,3,0,8,5,3,4,2,2,2,0,4,4,0,0
27,1231,4,0,3,0,8,5,3,4,2,2,2,0,4,4,0,0
27,1231,4,0,3,0,8,5,3,4,2,2,2,0,4,4,0,0
27,1231,4,0,3,0,8,5,3,4,2,2,2,0,4,4,0,0
0,1232,4,0,4,0,9,5,4,4,3,2,3,0,7,4,0,0
0,1232,4,0,4,0,9,5,4,4,3,2,3,0,7,4,0,0
0,1232,4,0,4,0,9,5,4,4,3,2,3,0,7,4,0,0
0,1232,4,0,4,0,9,5,4,4,3,2,3,0,7,4,0,0
0,1232,4,0,4,0,9,5,4,4,3,2,3,0,7,4,0,0
0,1232,4,0,4,0,9,5,4,4,3,2,3,0,7,4,0,0
0,1232,4,0,4,0,9,5,4,4,3,2,3,0,8,4,8,0
0,1232,4,0,4,0,10,8,4,4,3,3,4,1,8,5,8,2
0,1232,4,0,4,0,10,9,4,4,3,3,4,1,8,5,8,2
0,1232,4,0,4,0,10,9,4,4,3,3,4,1,8,7,9,2
0,1232,4,0,4,0,10,10,4,4,3,3,4,1,8,7,9,2
0,1232,4,0,4,0,10,10,4,4,3,2,4,1,8,7,9,2
0,1232,4,0,4,0,10,10,4,4,3,2,4,1,8,8,9,2
0,1232,4,0,4,0,10,10,4,4,3,2,4,1,8,6,5,2
0,1232,4,0,4,0,10,8,4,4,3,2,4,1,8,6,5,2
0,1232,4,0,4,0,10,8,4,4,3,2,4,1,8,5,5,1
0,1232,4,0,4,0,9,8,4,4,3,2,3,1,8,5,5,1
0,1232,4,0,4,0,9,8,4,4,3,2,3,1,8,5,0,0
0,1232,4,0,4,0,9,8,4,4,3,2,3,0,8,5,0,0
0,1232,4,0,4,0,9,8,4,4,3,2,3,0,8,5,0,0
0,1232,4,0,4,0,9,8,4,4,3,2,3,0,8,5,0,0
0,1232,4,0,4,0,9,8,4,4,3,2,3,0,8,5,0,0
0,1232,4,0,4,0,9,7,4,3,3,1,3,0,8,4,0,0
0,1232,4,0,4,0,9,7,4,3,3,1,3,0,7,4,0,0
1,1233,4,0,4,0,9,7,4,3,3,1,3,0,4,4,0,0
1,1233,4,0,4,0,9,7,4,3,3,1,3,0,4,4,0,0
1,1233,4,0,4,0,9,7,4,3,3,1,3,0,4,4,0,0
1,1233,4,0,4,0,9,7,4,3,3,1,3,0,4,4,0,0
1,1233,4,0,4,0,9,7,4,3,3,1,3,0,4,4,0,0
1,1233,4,0,4,0,9,7,4,3,3,1,3,0,4,4,0,0
1,1233,4,0,4,0,9,7,4,3,3,1,3,0,4,4,8,0
1,1233,4,0,4,0,10,10,4,3,3,3,4,1,5,5,8,1
1,1233,4,0,4,0,10,10,4,4,3,3,4,1,5,5,8,1
1,1233,4,0,4,0,10,10,4,4,3,2,4,1,5,5,9,2
1,1233,4,0,4,0,10,9,4,4,3,3,4,1,5,6,9,2
1,1233,4,0,4,0,10,10,4,4,3,3,4,1,5,6,9,2
1,1233,4,0,4,0,10,10,4,4,3,3,4,1,5,5,9,1
1,1233,4,0,4,0,10,10,4,4,3,3,4,1,5,5,5,1
1,1233,4,0,4,0,10,10,4,4,3,3,4,1,5,5,5,1
1,1233,4,0,4,0,10,9,4,4,3,3,4,1,4,5,5,1
1,1233,4,0,4,0,9,9,4,4,3,3,3,1,4,5,5,1
1,1233,4,0,4,0,9,9,4,4,3,3,3,1,4,5,0,1
1,1233,4,0,4,0,9,9,4,3,3,2,3,1,4,5,0,1
1,1233,4,0,4,0,9,8,4,3,3,2,3,1,4,5,0,1
1,1233,4,0,4,0,9,7,4,3,3,2,3,1,4,5,0,0
1,1233,4,0,4,0,9,7,4,3,3,2,3,1,4,5,0,0
1,1233,4,0,4,0,9,7,4,3,3,2,3,1,4,5,0,0
1,1233,4,0,4,0,9,7,4,3,3,2,3,1,4,5,0,0
2,1234,4,0,4,0,9,7,4,3,3,2,3,1,7,5,0,0
2,1234,4,0,4,0,9,7,4,3,3,2,3,1,7,5,0,0
2,1234,4,0,4,0,9,7,4,3,3,2,3,1,7,5,0,0
2,1234,4,0,4,0,9,7,4,3,3,2,3,1,7,5,0,0
2,1234,4,0,4,0,9,7,4,3,3,2,3,1,7,5,0,0
2,1234,4,0,4,0,9,7,4,3,3,2,3,1,7,5,0,0
2,1234,4,0,4,0,9,7,4,3,3,2,3,1,10,5,8,0
2,1234,4,0,4,0,10,9,4,4,3,2,4,2,10,9,8,1
2,1234,4,0,4,0,10,10,4,4,3,3,4,2,10,10,8,1
2,1234,4,0,4,0,10,10,4,4,3,3,4,2,10,10,9,1
2,1234,4,0,4,0,10,10,4,4,3,3,4,2,10,10,9,1
2,1234,4,0,4,0,10,10,4,4,3,3,4,2,10,10,9,1
2,1234,4,0,4,0,10,10,4,4,3,3,4,2,10,10,9,1
2,1234,4,0,4,0,10,10,4,4,3,3,4,2,10,10,5,0
2,1234,4,0,4,0,10,10,4,4,3,2,4,2,10,10,5,0
2,1234,4,0,4,0,10,10,4,4,3,2,4,2,8,10,5,0
2,1234,4,0,4,0,9,10,4,4,3,2,3,2,8,9,5,0
2,1234,4,0,4,0,9,10,4,4,3,2,3,2,8,9,0,0
2,1234,4,0,4,0,9,10,4,4,3,2,3,2,8,9,0,0
2,1234,4,0,4,0,9,10,4,4,3,2,3,2,8,9,0,0
2,1234,4,0,4,0,9,10,4,4,3,2,3,2,8,9,0,0
2,1234,4,0,4,0,9,9,4,4,3,2,3,2,8,9,0,0
2,1234,4,0,4,0,9,9,4,4,3,2,3,2,8,9,0,0
2,1234,4,0,4,0,9,9,4,4,3,2,3,2,7,9,0,0
3,1235,4,0,4,0,9,9,4,4,3,2,3,2,7,9,0,0
3,1235,4,0,4,0,9,9,4,4,3,2,3,2,7,9,0,0
3,1235,4,0,4,0,9,9,4,4,3,2,3,2,7,9,0,0
3,1235,4,0,4,0,9,9,4,4,3,2,3,2,7,9,0,0
3,1235,4,0,4,0,9,9,4,4,3,2,3,2,7,9,0,0
3,1235,4,0,4,0,9,9,4,4,3,2,3,2,7,9,0,0
3,1235,4,0,4,0,9,9,4,4,3,2,3,2,8,9,8,0
3,1235,4,0,4,0,10,10,4,4,3,3,4,3,8,8,8,0
3,1235,4,0,4,0,10,10,4,4,3,3,4,3,8,8,8,0
3,1235,4,0,4,0,10,10,4,4,3,3,4,3,8,8,9,0
3,1235,4,0,4,0,10,10,4,4,3,3,4,3,8,8,9,0
3,1235,4,0,4,0,10,10,4,4,3,3,4,3,8,8,9,0
3,1235,4,0,4,0,10,10,4,4,3,3,4,3,8,8,9,0
3,1235,4,0,4,0,10,10,4,4,3,3,4,3,8,8,5,0
3,1235,4,0,4,0,10,9,4,4,3,2,4,3,8,8,5,0
3,1235,4,0,4,0,10,9,4,4,3,2,4,3,8,8,5,0
3,1235,4,0,4,0,9,9,4,4,3,2,3,3,8,8,5,0
3,1235,4,0,4,0,9,9,4,4,3,2,3,3,8,8,0,0
3,1235,4,0,4,0,9,9,4,4,3,2,3,3,8,8,0,0
3,1235,4,0,4,0,9,9,4,4,3,2,3,3,8,8,0,0
3,1235,4,0,4,0,9,9,4,4,3,2,3,3,8,8,0,0
3,1235,4,0,4,0,9,9,4,4,3,2,3,3,8,8,0,0
3,1235,4,0,4,0,9,9,4,4,3,2,3,3,8,8,0,0
3,1235,4,0,4,0,9,9,4,4,3,2,3,3,7,8,0,0
4,1236,4,0,4,0,9,9,4,4,3,2,3,3,7,8,0,0
4,1236,4,0,4,0,9,9,4,4,3,2,3,3,7,8,0,0
4,1236,4,0,4,0,9,9,4,4,3,2,3,3,7,8,0,0
4,1236,4,0,4,0,9,9,4,4,3,2,3,3,7,8,0,0
4,1236,4,0,4,0,9,9,4,4,3,2,3,3,7,8,0,0
4,1236,4,0,4,0,9,9,4,4,3,2,3,3,7,8,0,0
4,1236,4,0,4,0,9,9,4,4,3,2,3,3,8,8,8,0
4,1236,4,0,4,0,10,9,4,4,3,3,4,3,8,8,8,1
4,1236,4,0,4,0,10,10,4,4,3,3,4,3,8,8,8,1
4,1236,4,0,4,0,10,10,4,4,3,3,4,3,8,8,9,1
4,1236,4,0,4,0,10,10,4,4,3,2,4,3,8,8,9,1
4,1236,4,0,4,0,10,10,4,4,3,3,4,3,8,8,9,1
4,1236,4,0,4,0,10,10,4,4,3,3,4,3,8,8,9,1
4,1236,4,0,4,0,10,10,4,3,3,3,4,3,8,8,5,1
4,1236,4,0,4,0,10,10,4,4,3,3,4,3,8,8,5,1
4,1236,4,0,4,0,10,10,4,4,3,3,4,3,8,8,5,1
4,1236,4,0,4,0,9,10,4,4,3,3,3,3,8,8,5,1
4,1236,4,0,4,0,9,10,4,4,3,3,3,3,8,8,0,1
4,1236,4,0,4,0,9,10,4,4,3,3,3,3,8,8,0,1
4,1236,4,0,4,0,9,10,4,4,3,3,3,3,8,8,0,1
4,1236,4,0,4,0,9,10,4,4,3,3,3,3,8,8,0,1
4,1236,4,0,4,0,9,10,4,4,3,3,3,3,8,8,0,1
4,1236,4,0,4,0,9,10,4,4,3,3,3,3,8,8,0,1
4,1236,4,0,4,0,9,10,4,4,3,3,3,3,7,8,0,1
5,1237,4,0,3,0,8,10,3,4,2,3,2,3,7,8,0,1
5,1237,4,0,3,0,8,10,3,4,2,3,2,3,7,8,0,1
5,1237,4,0,3,0,8,10,3,4,2,3,2,3,7,8,0,1
5,1237,4,0,3,0,8,10,3,4,2,3,2,3,7,8,0,1
5,1237,4,0,3,0,8,10,3,4,2,3,2,3,7,8,0,1
5,1237,4,0,3,0,8,10,3,4,2,3,2,3,7,8,0,1
5,1237,4,0,3,0,8,10,3,4,2,3,3,3,10,8,0,1
5,1237,4,0,3,0,8,9,3,4,2,3,3,2,10,7,0,0
5,1237,4,0,3,0,8,9,3,4,2,3,3,2,10,7,0,0
5,1237,4,0,3,0,8,9,3,4,2,3,3,2,10,7,0,0
5,1237,4,0,3,0,8,7,3,4,2,3,3,2,10,6,0,0
5,1237,4,0,3,0,8,7,3,4,2,3,3,2,10,6,0,0
5,1237,4,0,3,0,8,7,3,4,2,3,3,2,10,6,0,0
5,1237,4,0,3,0,8,7,3,4,2,3,3,2,10,6,0,0
5,1237,4,0,3,0,8,7,3,4,2,3,3,2,10,6,0,0
5,1237,4,0,3,0,8,7,3,4,2,3,2,2,8,6,0,0
5,1237,4,0,3,0,8,7,3,4,2,3,2,2,8,6,0,0
5,1237,4,0,3,0,8,7,3,4,2,3,2,2,8,6,0,0
5,1237,4,0,3,0,8,7,3,4,2,3,2,2,8,6,0,0
5,1237,4,0,3,0,8,7,3,4,2,3,2,2,8,6,0,0
5,1237,4,0,3,0,8,7,3,4,2,3,2,2,8,6,0,0
5,1237,4,0,3,0,8,7,3,4,2,3,2,2,8,6,0,0
5,1237,4,0,3,0,8,7,3,4,2,3,2,2,8,6,0,0
5,1237,4,0,3,0,8,7,3,4,2,3,2,2,7,6,0,0
6,1238,4,0,3,0,8,7,3,4,2,3,2,2,4,6,0,0
6,1238,4,0,3,0,8,7,3,4,2,3,2,2,4,6,0,0
6,1238,4,0,3,0,8,7,3,4,2,3,2,2,4,6,0,0
6,1238,4,0,3,0,8,7,3,4,2,3,2,2,4,6,0,0
6,1238,4,0,3,0,8,7,3,4,2,3,2,2,4,6,0,0
6,1238,4,0,3,0,8,7,3,4,2,3,2,2,4,6,0,0
6,1238,4,0,3,0,8,7,3,4,2,3,3,2,4,6,0,0
6,1238,4,0,3,0,8,6,3,4,2,3,3,2,5,6,0,0
6,1238,4,0,3,0,8,6,3,4,2,3,3,2,5,6,0,0
6,1238,4,0,3,0,8,6,3,4,2,3,3,2,5,6,0,0
6,1238,4,0,3,0,8,6,3,4,2,3,3,2,5,5,0,0
6,1238,4,0,3,0,8,6,3,4,2,3,3,2,5,5,0,0
6,1238,4,0,3,0,8,6,3,4,2,3,3,1,5,5,0,0
6,1238,4,0,3,0,8,6,3,4,2,3,3,1,5,4,0,0
6,1238,4,0,3,0,8,6,3,4,2,3,3,1,5,4,0,0
6,1238,4,0,3,0,8,6,3,4,2,3,2,1,4,4,0,0
6,1238,4,0,3,0,8,6,3,4,2,3,2,1,4,4,0,0
6,1238,4,0,3,0,8,6,3,4,2,3,2,1,4,4,0,0
6,1238,4,0,3,0,8,6,3,4,2,3,2,1,4,4,0,0
6,1238,4,0,3,0,8,6,3,4,2,3,2,1,4,4,0,0
6,1238,4,0,3,0,8,6,3,4,2,3,2,1,4,4,0,0
6,1238,4,0,3,0,8,6,3,4,2,3,2,1,4,4,0,0
6,1238,4,0,3,0,8,6,3,4,2,3,2,1,4,4,0,0
6,1238,4,0,3,0,8,6,3,4,2,3,2,1,4,4,0,0
7,1239,4,0,4,0,9,6,4,4,3,3,3,1,7,4,0,0
7,1239,4,0,4,0,9,6,4,4,3,3,3,1,7,4,0,0
7,1239,4,0,4,0,9,6,4,4,3,3,3,1,7,4,0,0
7,1239,4,0,4,0,9,6,4,4,3,3,3,1,7,4,0,0
7,1239,4,0,4,0,9,6,4,4,3,3,3,1,7,4,0,0
7,1239,4,0,4,0,9,6,4,4,3,3,3,1,7,4,0,0
7,1239,4,0,4,0,9,6,4,4,3,3,3,1,8,4,8,0
7,1239,4,0,4,0,10,9,4,4,3,3,4,2,8,5,8,1
7,1239,4,0,4,0,10,9,4,4,3,3,4,2,8,6,8,1
7,1239,4,0,4,0,10,9,4,4,3,3,4,2,8,7,9,1
7,1239,4,0,4,0,10,10,4,4,3,3,4,2,8,7,9,1
7,1239,4,0,4,0,10,10,4,3,3,3,4,2,8,8,9,1
7,1239,4,0,4,0,10,10,4,4,3,3,4,2,8,8,9,1
7,1239,4,0,4,0,10,9,4,4,3,3,4,2,8,7,5,1
7,1239,4,0,4,0,10,9,4,4,3,3,4,2,8,7,5,1
7,1239,4,0,4,0,10,9,4,3,3,3,4,2,8,7,5,1
7,1239,4,0,4,0,9,9,4,3,3,3,3,2,8,7,5,1
7,1239,4,0,4,0,9,9,4,3,3,3,3,2,8,7,0,1
7,1239,4,0,4,0,9,9,4,3,3,3,3,2,8,7,0,1
7,1239,4,0,4,0,9,9,4,3,3,3,3,2,8,7,0,1
7,1239,4,0,4,0,9,9,4,3,3,3,3,2,8,7,0,0
7,1239,4,0,4,0,9,9,4,3,3,3,3,2,8,7,0,0
7,1239,4,0,4,0,9,9,4,3,3,3,3,2,8,6,0,0
7,1239,4,0,4,0,9,9,4,3,3,3,3,2,7,6,0,0
8,1240,4,0,4,0,9,9,4,3,3,3,3,2,4,6,0,0
8,1240,4,0,4,0,9,9,4,3,3,3,3,2,4,6,0,0
8,1240,4,0,4,0,9,9,4,3,3,3,3,2,4,6,0,0
8,1240,4,0,4,0,9,9,4,3,3,3,3,2,4,6,0,0
8,1240,4,0,4,0,9,9,4,3,3,3,3,2,4,6,0,0
8,1240,4,0,4,0,9,9,4,3,3,3,3,2,4,6,0,0
8,1240,4,0,4,0,9,9,4,3,3,3,3,2,4,6,8,0
8,1240,4,0,4,0,10,8,4,4,3,3,4,3,5,6,8,2
8,1240,4,0,4,0,10,8,4,4,3,3,4,3,5,6,8,3
8,1240,4,0,4,0,10,10,4,3,3,3,4,3,5,6,9,3
8,1240,4,0,4,0,10,10,4,4,3,3,4,3,5,6,9,3
8,1240,4,0,4,0,10,10,4,4,3,3,4,3,5,6,9,3
8,1240,4,0,4,0,10,10,4,4,3,3,4,3,5,6,9,3
8,1240,4,0,4,0,10,9,4,4,3,3,4,3,5,6,5,3
8,1240,4,0,4,0,10,8,4,4,3,3,4,3,5,6,5,3
8,1240,4,0,4,0,10,8,4,4,3,3,4,3,4,6,5,2
8,1240,4,0,4,0,9,9,4,4,3,3,3,3,4,6,5,2
8,1240,4,0,4,0,9,8,4,4,3,3,3,3,4,6,0,2
8,1240,4,0,4,0,9,7,4,4,3,3,3,3,4,6,0,1
8,1240,4,0,4,0,9,7,4,4,3,3,3,3,4,6,0,1
8,1240,4,0,4,0,9,7,4,4,3,3,3,3,4,6,0,1
8,1240,4,0,4,0,9,7,4,4,3,3,3,3,4,6,0,1
8,1240,4,0,4,0,9,7,4,4,3,3,3,3,4,6,0,1
8,1240,4,0,4,0,9,7,4,4,3,3,3,3,4,6,0,1
9,1241,4,0,4,0,9,7,4,4,3,3,3,3,7,7,0,1
9,1241,4,0,4,0,9,7,4,4,3,3,3,3,7,7,0,1
9,1241,4,0,4,0,9,7,4,4,3,3,3,3,7,7,0,1
9,1241,4,0,4,0,9,7,4,4,3,3,3,3,7,7,0,1
9,1241,4,0,4,0,9,7,4,4,3,3,3,3,7,7,0,1
9,1241,4,0,4,0,9,7,4,4,3,3,3,3,7,7,0,1
9,1241,4,0,4,0,9,7,4,4,3,3,3,3,10,7,8,1
9,1241,4,0,4,0,10,9,4,3,3,3,4,4,10,9,8,1
9,1241,4,0,4,0,10,10,4,3,3,3,4,4,10,10,8,2
9,1241,4,0,4,0,10,10,4,4,3,3,4,4,10,10,9,2
9,1241,4,0,4,0,10,10,4,4,3,3,4,4,10,10,9,3
9,1241,4,0,4,0,10,10,4,4,3,3,4,4,10,10,9,3
9,1241,4,0,4,0,10,10,4,4,3,3,4,4,10,10,9,3
9,1241,4,0,4,0,10,10,4,4,3,3,4,4,10,10,5,3
9,1241,4,0,4,0,10,10,4,4,3,3,4,4,10,10,5,2
9,1241,4,0,4,0,10,10,4,4,3,3,4,4,8,10,5,2
9,1241,4,0,4,0,9,10,4,4,3,3,3,4,8,10,5,2
9,1241,4,0,4,0,9,10,4,4,3,3,3,4,8,9,0,1
9,1241,4,0,4,0,9,10,4,4,3,3,3,4,8,9,0,1
9,1241,4,0,4,0,9,10,4,4,3,3,3,4,8,8,0,1
9,1241,4,0,4,0,9,10,4,4,3,3,3,4,8,8,0,0
9,1241,4,0,4,0,9,10,4,4,3,3,3,4,8,8,0,0
9,1241,4,0,4,0,9,10,4,4,3,3,3,4,8,8,0,0
9,1241,4,0,4,0,9,10,4,4,3,3,3,4,7,8,0,0
10,1242,4,0,4,0,9,10,4,4,3,3,3,4,7,8,0,0
10,1242,4,0,4,0,9,10,4,4,3,3,3,4,7,8,0,0
10,1242,4,0,4,0,9,10,4,4,3,3,3,4,7,8,0,0
10,1242,4,0,4,0,9,10,4,4,3,3,3,4,7,8,0,0
10,1242,4,0,4,0,9,10,4,4,3,3,3,4,7,8,0,0
10,1242,4,0,4,0,9,10,4,4,3,3,3,4,7,8,0,0
10,1242,4,0,4,0,9,10,4,4,3,3,3,4,8,8,8,0
10,1242,4,0,4,0,10,10,4,4,3,2,4,4,8,8,8,0
10,1242,4,0,4,0,10,10,4,4,3,2,4,4,8,8,8,0
10,1242,4,0,4,0,10,10,4,4,3,2,4,4,8,8,9,0
10,1242,4,0,4,0,10,10,4,4,3,2,4,4,8,8,9,0
10,1242,4,0,4,0,10,10,4,4,3,2,4,4,8,8,9,0
10,1242,4,0,4,0,10,10,4,4,3,2,4,4,8,8,9,0
10,1242,4,0,4,0,10,10,4,4,3,2,4,4,8,8,5,0
10,1242,4,0,4,0,10,10,4,4,3,3,4,4,8,8,5,0
10,1242,4,0,4,0,10,10,4,4,3,3,4,4,8,8,5,0
10,1242,4,0,4,0,9,10,4,4,3,3,3,3,8,8,5,0
10,1242,4,0,4,0,9,10,4,4,3,3,3,3,8,8,0,0
10,1242,4,0,4,0,9,10,4,4,3,3,3,3,8,8,0,0
10,1242,4,0,4,0,9,10,4,4,3,3,3,3,8,8,0,0
10,1242,4,0,4,0,9,10,4,4,3,3,3,3,8,8,0,0
10,1242,4,0,4,0,9,10,4,4,3,3,3,3,8,7,0,0
10,1242,4,0,4,0,9,10,4,4,3,3,3,3,8,7,0,0
10,1242,4,0,4,0,9,10,4,4,3,3,3,3,7,7,0,0
11,1243,4,0,4,0,9,10,4,4,3,3,3,3,7,7,0,0
11,1243,4,0,4,0,9,10,4,4,3,3,3,3,7,7,0,0
11,1243,4,0,4,0,9,10,4,4,3,3,3,3,7,7,0,0
11,1243,4,0,4,0,9,10,4,4,3,3,3,3,7,7,0,0
11,1243,4,0,4,0,9,10,4,4,3,3,3,3,7,7,0,0
11,1243,4,0,4,0,9,10,4,4,3,3,3,3,7,7,0,0
11,1243,4,0,4,0,9,10,4,4,3,3,3,3,8,7,8,0
11,1243,4,0,4,0,10,10,4,4,3,3,4,3,8,7,8,0
11,1243,4,0,4,0,10,10,4,4,3,3,4,3,8,8,8,1
11,1243,4,0,4,0,10,10,4,4,3,3,4,3,8,8,9,1
11,1243,4,0,4,0,10,10,4,4,3,3,4,3,8,8,9,1
11,1243,4,0,4,0,10,10,4,4,3,3,4,3,8,8,9,1
11,1243,4,0,4,0,10,10,4,4,3,3,4,3,8,7,9,1
11,1243,4,0,4,0,10,10,4,4,3,3,4,3,8,7,5,1
11,1243,4,0,4,0,10,10,4,4,3,3,4,3,8,7,5,1
11,1243,4,0,4,0,10,10,4,3,3,3,4,2,8,7,5,0
11,1243,4,0,4,0,9,10,4,3,3,3,3,2,8,7,5,0
11,1243,4,0,4,0,9,10,4,3,3,3,3,2,8,6,0,0
11,1243,4,0,4,0,9,9,4,3,3,3,3,2,8,6,0,0
11,1243,4,0,4,0,9,9,4,3,3,3,3,2,8,6,0,0
11,1243,4,0,4,0,9,8,4,3,3,3,3,2,8,6,0,0
11,1243,4,0,4,0,9,8,4,3,3,3,3,2,8,6,0,0
11,1243,4,0,4,0,9,8,4,3,3,3,3,2,8,6,0,0
11,1243,4,0,4,0,9,8,4,3,3,3,3,2,7,6,0,0
12,1244,4,0,3,0,8,8,3,3,2,3,2,2,7,6,0,0
12,1244,4,0,3,0,8,8,3,3,2,3,2,2,7,6,0,0
12,1244,4,0,3,0,8,8,3,3,2,3,2,2,7,6,0,0
12,1244,4,0,3,0,8,8,3,3,2,3,2,2,7,6,0,0
12,1244,4,0,3,0,8,8,3,3,2,3,2,2,7,6,0,0
12,1244,4,0,3,0,8,8,3,3,2,3,2,2,7,6,0,0
12,1244,4,0,3,0,8,8,3,3,2,3,3,2,10,6,0,0
12,1244,4,0,3,0,8,8,3,2,2,2,3,1,10,6,0,0
12,1244,4,0,3,0,8,8,3,2,2,2,3,1,10,6,0,0
12,1244,4,0,3,0,8,8,3,2,2,2,3,1,10,6,0,0
12,1244,4,0,3,0,8,8,3,2,2,2,3,1,10,6,0,0
12,1244,4,0,3,0,8,8,3,2,2,2,3,1,10,6,0,0
12,1244,4,0,3,0,8,8,3,2,2,2,3,1,10,6,0,0
12,1244,4,0,3,0,8,8,3,2,2,2,3,1,10,6,0,0
12,1244,4,0,3,0,8,8,3,2,2,2,3,1,10,6,0,0
12,1244,4,0,3,0,8,8,3,2,2,2,2,1,8,6,0,0
12,1244,4,0,3,0,8,8,3,2,2,2,2,1,8,6,0,0
12,1244,4,0,3,0,8,8,3,2,2,2,2,1,8,6,0,0
12,1244,4,0,3,0,8,8,3,2,2,2,2,1,8,6,0,0
12,1244,4,0,3,0,8,8,3,2,2,2,2,1,8,6,0,0
12,1244,4,0,3,0,8,8,3,2,2,2,2,1,8,6,0,0
12,1244,4,0,3,0,8,8,3,2,2,2,2,1,8,6,0,0
12,1244,4,0,3,0,8,8,3,2,2,2,2,1,8,6,0,0
12,1244,4,0,3,0,8,8,3,2,2,2,2,1,7,6,0,0
13,1245,4,0,3,0,8,8,3,2,2,2,2,1,4,6,0,0
13,1245,4,0,3,0,8,8,3,2,2,2,2,1,4,6,0,0
13,1245,4,0,3,0,8,8,3,2,2,2,2,1,4,6,0,0
13,1245,4,0,3,0,8,8,3,2,2,2,2,1,4,6,0,0
13,1245,4,0,3,0,8,8,3,2,2,2,2,1,4,6,0,0
13,1245,4,0,3,0,8,8,3,2,2,2,2,1,4,6,0,0
13,1245,4,0,3,0,8,8,3,2,2,2,3,1,4,6,0,0
13,1245,4,0,3,0,8,8,3,2,2,2,3,1,5,5,0,0
13,1245,4,0,3,0,8,8,3,2,2,2,3,1,5,5,0,0
13,1245,4,0,3,0,8,8,3,2,2,2,3,1,5,5,0,0
13,1245,4,0,3,0,8,8,3,2,2,2,3,1,5,5,0,0
13,1245,4,0,3,0,8,8,3,2,2,2,3,1,5,5,0,0
13,1245,4,0,3,0,8,8,3,2,2,2,3,1,5,5,0,0
13,1245,4,0,3,0,8,8,3,2,2,2,3,1,5,5,0,0
13,1245,4,0,3,0,8,8,3,2,2,2,3,1,5,5,0,0
13,1245,4,0,3,0,8,8,3,2,2,2,2,1,4,5,0,0
13,1245,4,0,3,0,8,8,3,2,2,2,2,1,4,5,0,0
13,1245,4,0,3,0,8,8,3,2,2,2,2,1,4,5,0,0
13,1245,4,0,3,0,8,8,3,2,2,2,2,1,4,5,0,0
13,1245,4,0,3,0,8,8,3,2,2,2,2,1,4,5,0,0
13,1245,4,0,3,0,8,8,3,2,2,2,2,1,4,5,0,0
13,1245,4,0,3,0,8,8,3,2,2,2,2,1,4,5,0,0
13,1245,4,0,3,0,8,8,3,2,2,2,2,1,4,5,0,0
13,1245,4,0,3,0,8,8,3,2,2,2,2,1,4,5,0,0
14,1246,4,0,4,0,9,8,4,2,3,2,3,1,7,5,0,0
14,1246,4,0,4,0,9,8,4,2,3,2,3,1,7,5,0,0
14,1246,4,0,4,0,9,8,4,2,3,2,3,1,7,5,0,0
14,1246,4,0,4,0,9,8,4,2,3,2,3,1,7,5,0,0
14,1246,4,0,4,0,9,8,4,2,3,2,3,1,7,5,0,0
14,1246,4,0,4,0,9,8,4,2,3,2,3,1,7,5,0,0
14,1246,4,0,4,0,9,8,4,2,3,2,3,1,8,5,8,0
14,1246,4,0,4,0,10,9,4,3,3,2,4,2,8,8,8,2
14,1246,4,0,4,0,10,10,4,3,3,2,4,1,8,8,8,2
14,1246,4,0,4,0,10,10,4,4,3,2,4,1,8,8,9,2
14,1246,4,0,4,0,10,10,4,4,3,2,4,1,8,8,9,2
14,1246,4,0,4,0,10,10,4,4,3,2,4,1,8,8,9,2
14,1246,4,0,4,0,10,10,4,4,3,2,4,1,8,8,9,2
14,1246,4,0,4,0,10,10,4,3,3,2,4,1,8,8,5,2
14,1246,4,0,4,0,10,10,4,3,3,2,4,1,8,8,5,2
14,1246,4,0,4,0,10,10,4,3,3,2,4,1,8,8,5,2
14,1246,4,0,4,0,9,10,4,3,3,2,3,1,8,8,5,2
14,1246,4,0,4,0,9,10,4,3,3,2,3,1,8,8,0,2
14,1246,4,0,4,0,9,10,4,3,3,2,3,1,8,8,0,1
14,1246,4,0,4,0,9,10,4,3,3,2,3,1,8,7,0,1
14,1246,4,0,4,0,9,10,4,3,3,2,3,1,8,7,0,1
14,1246,4,0,4,0,9,10,4,3,3,2,3,1,8,7,0,1
14,1246,4,0,4,0,9,10,4,3,3,2,3,1,8,7,0,0
14,1246,4,0,4,0,9,10,4,3,3,2,3,1,7,7,0,0
15,1247,4,0,4,0,9,10,4,3,3,2,3,1,4,7,0,0
15,1247,4,0,4,0,9,10,4,3,3,2,3,1,4,7,0,0
15,1247,4,0,4,0,9,10,4,3,3,2,3,1,4,7,0,0
15,1247,4,0,4,0,9,10,4,3,3,2,3,1,4,7,0,0
15,1247,4,0,4,0,9,10,4,3,3,2,3,1,4,7,0,0
15,1247,4,0,4,0,9,10,4,3,3,2,3,1,4,7,0,0
15,1247,4,0,4,0,9,10,4,3,3,2,3,1,4,7,8,0
15,1247,4,0,4,0,10,8,4,4,3,3,4,2,5,7,8,2
15,1247,4,0,4,0,10,9,4,4,3,3,4,2,5,7,8,3
15,1247,4,0,4,0,10,10,4,4,3,3,4,2,5,7,9,4
15,1247,4,0,4,0,10,10,4,4,3,3,4,2,5,7,9,4
15,1247,4,0,4,0,10,10,4,4,3,3,4,2,5,7,9,4
15,1247,4,0,4,0,10,10,4,4,3,3,4,2,5,7,9,4
15,1247,4,0,4,0,10,9,4,4,3,3,4,2,5,7,5,4
15,1247,4,0,4,0,10,9,4,4,3,3,4,2,5,6,5,4
15,1247,4,0,4,0,10,10,4,4,3,3,4,2,4,6,5,3
15,1247,4,0,4,0,9,10,4,4,3,3,3,2,4,6,5,3
15,1247,4,0,4,0,9,9,4,4,3,3,3,2,4,6,0,2
15,1247,4,0,4,0,9,9,4,3,3,3,3,2,4,6,0,2
15,1247,4,0,4,0,9,9,4,3,3,3,3,2,4,6,0,2
15,1247,4,0,4,0,9,9,4,3,3,3,3,2,4,6,0,2
15,1247,4,0,4,0,9,9,4,3,3,3,3,2,4,6,0,2
15,1247,4,0,4,0,9,9,4,3,3,3,3,1,4,6,0,2
15,1247,4,0,4,0,9,9,4,3,3,3,3,1,4,6,0,2
16,1248,4,0,4,0,9,9,4,3,3,3,3,1,7,7,0,2
16,1248,4,0,4,0,9,9,4,3,3,3,3,1,7,7,0,2
16,1248,4,0,4,0,9,9,4,3,3,3,3,1,7,7,0,2
16,1248,4,0,4,0,9,9,4,3,3,3,3,1,7,7,0,2
16,1248,4,0,4,0,9,9,4,3,3,3,3,1,7,7,0,2
16,1248,4,0,4,0,9,9,4,3,3,3,3,1,7,7,0,2
16,1248,4,0,4,0,9,9,4,3,3,3,3,1,10,7,8,2
16,1248,4,0,4,0,10,10,4,4,3,3,4,2,10,10,8,1
16,1248,4,0,4,0,10,10,4,4,3,3,4,2,10,10,8,1
16,1248,4,0,4,0,10,9,4,4,3,3,4,2,10,10,9,2
16,1248,4,0,4,0,10,10,4,4,3,3,4,2,10,11,9,2
16,1248,4,0,4,0,10,10,4,4,3,3,4,2,10,11,9,2
16,1248,4,0,4,0,10,10,4,4,3,3,4,2,10,11,9,2
16,1248,4,0,4,0,10,9,4,4,3,3,4,2,10,11,5,2
16,1248,4,0,4,0,10,10,4,3,3,3,4,2,10,10,5,1
16,1248,4,0,4,0,10,9,4,3,3,3,4,2,8,10,5,0
16,1248,4,0,4,0,9,9,4,3,3,3,3,2,8,10,5,0
16,1248,4,0,4,0,9,9,4,3,3,3,3,2,8,10,0,0
16,1248,4,0,4,0,9,9,4,3,3,3,3,2,8,10,0,0
16,1248,4,0,4,0,9,9,4,3,3,3,3,2,8,10,0,0
16,1248,4,0,4,0,9,9,4,3,3,3,3,2,8,10,0,0
16,1248,4,0,4,0,9,9,4,3,3,3,3,2,8,10,0,0
16,1248,4,0,4,0,9,9,4,3,3,3,3,2,8,10,0,0
16,1248,4,0,4,0,9,9,4,3,3,3,3,2,7,10,0,0
17,1249,4,0,4,0,9,9,4,3,3,3,3,2,7,10,0,0
17,1249,4,0,4,0,9,9,4,3,3,3,3,2,7,10,0,0
17,1249,4,0,4,0,9,9,4,3,3,3,3,2,7,10,0,0
17,1249,4,0,4,0,9,9,4,3,3,3,3,2,7,10,0,0
17,1249,4,0,4,0,9,9,4,3,3,3,3,2,7,10,0,0
17,1249,4,0,4,0,9,9,4,3,3,3,3,2,7,10,0,0
17,1249,4,0,4,0,9,9,4,3,3,3,3,2,8,10,8,0
17,1249,4,0,4,0,10,8,4,4,3,3,4,3,8,8,8,0
17,1249,4,0,4,0,10,10,4,4,3,2,4,3,8,8,8,0
17,1249,4,0,4,0,10,10,4,4,3,2,4,3,8,8,9,0
17,1249,4,0,4,0,10,10,4,4,3,2,4,3,8,8,9,0
17,1249,4,0,4,0,10,10,4,4,3,2,4,3,8,8,9,0
17,1249,4,0,4,0,10,10,4,4,3,2,4,3,8,8,9,0
17,1249,4,0,4,0,10,10,4,4,3,2,4,3,8,8,5,0
17,1249,4,0,4,0,10,10,4,4,3,2,4,3,8,8,5,0
17,1249,4,0,4,0,10,10,4,4,3,2,4,3,8,8,5,0
17,1249,4,0,4,0,9,10,4,4,3,2,3,3,8,8,5,0
17,1249,4,0,4,0,9,10,4,4,3,2,3,3,8,8,0,0
17,1249,4,0,4,0,9,10,4,4,3,2,3,3,8,8,0,0
17,1249,4,0,4,0,9,10,4,4,3,2,3,3,8,7,0,0
17,1249,4,0,4,0,9,10,4,4,3,2,3,3,8,7,0,0
17,1249,4,0,4,0,9,10,4,4,3,2,3,3,8,7,0,0
17,1249,4,0,4,0,9,10,4,4,3,2,3,3,8,7,0,0
17,1249,4,0,4,0,9,10,4,4,3,2,3,3,7,7,0,0
18,1250,4,0,4,0,9,10,4,4,3,2,3,3,7,7,0,0
18,1250,4,0,4,0,9,10,4,4,3,2,3,3,7,7,0,0
18,1250,4,0,4,0,9,10,4,4,3,2,3,3,7,7,0,0
18,1250,4,0,4,0,9,10,4,4,3,2,3,3,7,7,0,0
18,1250,4,0,4,0,9,10,4,4,3,2,3,3,7,7,0,0
18,1250,4,0,4,0,9,10,4,4,3,2,3,3,7,7,0,0
18,1250,4,0,4,0,9,10,4,4,3,2,3,3,8,7,8,0
18,1250,4,0,4,0,10,9,4,4,3,3,4,4,8,8,8,1
18,1250,4,0,4,0,10,10,4,4,3,3,4,4,8,8,8,1
18,1250,4,0,4,0,10,10,4,4,3,3,4,4,8,8,9,2
18,1250,4,0,4,0,10,10,4,4,3,3,4,4,8,8,9,2
18,1250,4,0,4,0,10,10,4,4,3,2,4,4,8,8,9,2
18,1250,4,0,4,0,10,10,4,4,3,3,4,4,8,9,9,2
18,1250,4,0,4,0,10,10,4,4,3,3,4,4,8,9,5,2
18,1250,4,0,4,0,10,10,4,4,3,3,4,4,8,8,5,2
18,1250,4,0,4,0,10,9,4,4,3,3,4,4,8,7,5,1
18,1250,4,0,4,0,9,8,4,4,3,3,3,4,8,6,5,1
18,1250,4,0,4,0,9,8,4,4,3,3,3,4,8,6,0,1
18,1250,4,0,4,0,9,8,4,4,3,3,3,4,8,6,0,1
18,1250,4,0,4,0,9,7,4,4,3,3,3,4,8,6,0,1
18,1250,4,0,4,0,9,7,4,4,3,3,3,3,8,6,0,0
18,1250,4,0,4,0,9,7,4,4,3,3,3,3,8,6,0,0
18,1250,4,0,4,0,9,7,4,3,3,3,3,3,8,6,0,0
18,1250,4,0,4,0,9,7,4,3,3,3,3,3,7,6,0,0
19,1251,4,0,3,0,8,7,3,3,2,3,2,3,7,6,0,0
19,1251,4,0,3,0,8,7,3,3,2,3,2,3,7,6,0,0
19,1251,4,0,3,0,8,7,3,3,2,3,2,3,7,6,0,0
19,1251,4,0,3,0,8,7,3,3,2,3,2,3,7,6,0,0
19,1251,4,0,3,0,8,7,3,3,2,3,2,3,7,6,0,0
19,1251,4,0,3,0,8,7,3,3,2,3,2,3,7,6,0,0
19,1251,4,0,3,0,8,7,3,3,2,3,3,3,10,6,0,0
19,1251,4,0,3,0,8,7,3,1,2,1,3,1,10,6,0,0
19,1251,4,0,3,0,8,7,3,1,2,1,3,1,10,6,0,0
19,1251,4,0,3,0,8,7,3,1,2,1,3,1,10,6,0,0
19,1251,4,0,3,0,8,7,3,1,2,1,3,1,10,6,0,0
19,1251,4,0,3,0,8,7,3,1,2,1,3,1,10,6,0,0
19,1251,4,0,3,0,8,7,3,1,2,1,3,1,10,6,0,0
19,1251,4,0,3,0,8,7,3,1,2,1,3,1,10,6,0,0
19,1251,4,0,3,0,8,7,3,1,2,1,3,1,10,6,0,0
19,1251,4,0,3,0,8,7,3,1,2,1,2,1,8,6,0,0
19,1251,4,0,3,0,8,7,3,1,2,1,2,1,8,6,0,0
19,1251,4,0,3,0,8,7,3,1,2,1,2,1,8,6,0,0
19,1251,4,0,3,0,8,7,3,1,2,1,2,1,8,6,0,0
19,1251,4,0,3,0,8,7,3,1,2,1,2,1,8,6,0,0
19,1251,4,0,3,0,8,7,3,1,2,1,2,1,8,6,0,0
19,1251,4,0,3,0,8,7,3,1,2,1,2,1,8,6,0,0
19,1251,4,0,3,0,8,7,3,1,2,1,2,1,8,6,0,0
19,1251,4,0,3,0,8,7,3,1,2,1,2,1,7,6,0,0
20,1252,4,0,3,0,8,7,3,1,2,1,2,1,4,6,0,0
20,1252,4,0,3,0,8,7,3,1,2,1,2,1,4,6,0,0
20,1252,4,0,3,0,8,7,3,1,2,1,2,1,4,6,0,0
20,1252,4,0,3,0,8,7,3,1,2,1,2,1,4,6,0,0
20,1252,4,0,3,0,8,7,3,1,2,1,2,1,4,6,0,0
20,1252,4,0,3,0,8,7,3,1,2,1,2,1,4,6,0,0
20,1252,4,0,3,0,8,7,3,1,2,1,3,1,4,6,0,0
20,1252,4,0,3,0,8,7,3,1,2,1,3,1,5,5,0,0
20,1252,4,0,3,0,8,7,3,1,2,1,3,1,5,5,0,0
20,1252,4,0,3,0,8,7,3,1,2,1,3,1,5,5,0,0
20,1252,4,0,3,0,8,7,3,1,2,1,3,1,5,5,0,0
20,1252,4,0,3,0,8,7,3,1,2,1,3,1,5,5,0,0
20,1252,4,0,3,0,8,7,3,1,2,1,3,1,5,5,0,0
20,1252,4,0,3,0,8,7,3,1,2,1,3,1,5,5,0,0
20,1252,4,0,3,0,8,7,3,1,2,1,3,1,5,5,0,0
20,1252,4,0,3,0,8,6,3,0,2,1,2,1,4,5,0,0
20,1252,4,0,3,0,8,6,3,0,2,1,2,1,4,5,0,0
20,1252,4,0,3,0,8,6,3,0,2,1,2,1,4,5,0,0
20,1252,4,0,3,0,8,6,3,0,2,1,2,1,4,5,0,0
20,1252,4,0,3,0,8,6,3,0,2,1,2,1,4,5,0,0
20,1252,4,0,3,0,8,6,3,0,2,1,2,1,4,5,0,0
20,1252,4,0,3,0,8,6,3,0,2,1,2,1,4,5,0,0
20,1252,4,0,3,0,8,6,3,0,2,1,2,1,4,5,0,0
20,1252,4,0,3,0,8,6,3,0,2,1,2,1,4,5,0,0
21,1253,4,0,4,0,9,6,4,0,3,1,3,1,7,5,0,0
21,1253,4,0,4,0,9,6,4,0,3,1,3,1,7,5,0,0
21,1253,4,0,4,0,9,6,4,0,3,1,3,1,7,5,0,0
21,1253,4,0,4,0,9,6,4,0,3,1,3,1,7,5,0,0
21,1253,4,0,4,0,9,6,4,0,3,1,3,1,7,5,0,0
21,1253,4,0,4,0,9,6,4,0,3,1,3,1,7,5,0,0
21,1253,4,0,4,0,9,6,4,0,3,1,3,1,8,5,8,0
21,1253,4,0,4,0,10,8,4,2,3,2,4,1,8,6,8,1
21,1253,4,0,4,0,10,9,4,3,3,3,4,1,8,6,8,1
21,1253,4,0,4,0,10,9,4,3,3,3,4,1,8,7,9,1
21,1253,4,0,4,0,10,9,4,4,3,3,4,1,8,7,9,1
21,1253,4,0,4,0,10,9,4,3,3,3,4,1,8,7,9,1
21,1253,4,0,4,0,10,9,4,4,3,3,4,1,8,7,9,1
21,1253,4,0,4,0,10,7,4,4,3,3,4,1,8,8,5,1
21,1253,4,0,4,0,10,7,4,4,3,3,4,1,8,8,5,1
21,1253,4,0,4,0,10,7,4,4,3,3,4,1,8,7,5,0
21,1253,4,0,4,0,9,7,4,4,3,3,3,1,8,7,5,0
21,1253,4,0,4,0,9,7,4,4,3,3,3,1,8,7,0,0
21,1253,4,0,4,0,9,7,4,4,3,3,3,1,8,7,0,0
21,1253,4,0,4,0,9,7,4,4,3,3,3,1,8,7,0,0
21,1253,4,0,4,0,9,7,4,3,3,3,3,1,8,7,0,0
21,1253,4,0,4,0,9,7,4,3,3,3,3,1,8,7,0,0
21,1253,4,0,4,0,9,7,4,3,3,3,3,1,8,7,0,0
21,1253,4,0,4,0,9,7,4,3,3,3,3,1,7,7,0,0
22,1254,4,0,4,0,9,7,4,3,3,3,3,1,4,7,0,0
22,1254,4,0,4,0,9,7,4,3,3,3,3,1,4,7,0,0
22,1254,4,0,4,0,9,7,4,3,3,3,3,1,4,7,0,0
22,1254,4,0,4,0,9,7,4,3,3,3,3,1,4,7,0,0
22,1254,4,0,4,0,9,7,4,3,3,3,3,1,4,7,0,0
22,1254,4,0,4,0,9,7,4,3,3,3,3,1,4,7,0,0
22,1254,4,0,4,0,9,7,4,3,3,3,3,1,4,7,8,0
22,1254,4,0,4,0,10,9,4,4,3,3,4,2,5,7,8,5
22,1254,4,0,4,0,10,10,4,4,3,3,4,2,5,7,8,6
22,1254,4,0,4,0,10,10,4,4,3,3,4,1,5,7,9,7
22,1254,4,0,4,0,10,10,4,4,3,3,4,1,5,6,9,8
22,1254,4,0,4,0,10,10,4,4,3,3,4,1,5,6,9,8
22,1254,4,0,4,0,10,10,4,4,3,3,4,1,5,5,9,7
22,1254,4,0,4,0,10,9,4,4,3,3,4,1,5,5,5,7
22,1254,4,0,4,0,10,9,4,4,3,3,4,1,5,5,5,7
22,1254,4,0,4,0,10,9,4,4,3,3,4,1,4,5,5,5
22,1254,4,0,4,0,9,9,4,4,3,3,3,1,4,5,5,5
22,1254,4,0,4,0,9,9,4,4,3,3,3,1,4,5,0,5
22,1254,4,0,4,0,9,9,4,4,3,3,3,1,4,5,0,5
22,1254,4,0,4,0,9,9,4,4,3,3,3,1,4,5,0,5
22,1254,4,0,4,0,9,9,4,4,3,3,3,1,4,5,0,5
22,1254,4,0,4,0,9,8,4,4,3,3,3,1,4,5,0,5
22,1254,4,0,4,0,9,8,4,4,3,3,3,1,4,5,0,5
22,1254,4,0,4,0,9,8,4,4,3,3,3,1,4,5,0,5
23,1255,4,0,4,0,9,8,4,4,3,3,3,1,7,7,0,5
23,1255,4,0,4,0,9,8,4,4,3,3,3,1,7,7,0,5
23,1255,4,0,4,0,9,8,4,4,3,3,3,1,7,7,0,5
23,1255,4,0,4,0,9,8,4,4,3,3,3,1,7,7,0,5
23,1255,4,0,4,0,9,8,4,4,3,3,3,1,7,7,0,5
23,1255,4,0,4,0,9,8,4,4,3,3,3,1,7,7,0,5
23,1255,4,0,4,0,9,8,4,4,3,3,3,1,10,8,8,5
23,1255,4,0,4,0,10,10,4,4,3,3,4,2,10,10,8,1
23,1255,4,0,4,0,10,10,4,4,3,3,4,2,10,10,8,1
23,1255,4,0,4,0,10,10,4,4,3,3,4,2,10,10,9,1
23,1255,4,0,4,0,10,10,4,4,3,3,4,2,10,9,9,0
23,1255,4,0,4,0,10,10,4,4,3,3,4,2,10,9,9,0
23,1255,4,0,4,0,10,10,4,4,3,3,4,2,10,10,9,0
23,1255,4,0,4,0,10,10,4,4,3,3,4,2,10,10,5,0
23,1255,4,0,4,0,10,10,4,3,3,2,4,2,10,10,5,0
23,1255,4,0,4,0,10,9,4,3,3,2,4,2,8,9,5,0
23,1255,4,0,4,0,9,9,4,3,3,2,3,2,8,9,5,0
23,1255,4,0,4,0,9,9,4,3,3,2,3,2,8,9,0,0
23,1255,4,0,4,0,9,9,4,3,3,2,3,2,8,9,0,0
23,1255,4,0,4,0,9,9,4,3,3,2,3,2,8,9,0,0
23,1255,4,0,4,0,9,7,4,3,3,2,3,2,8,8,0,0
23,1255,4,0,4,0,9,7,4,3,3,2,3,2,8,8,0,0
23,1255,4,0,4,0,9,7,4,3,3,2,3,2,8,8,0,0
23,1255,4,0,4,0,9,7,4,3,3,2,3,2,7,8,0,0
24,1256,4,0,4,0,9,7,4,3,3,2,3,2,7,8,0,0
24,1256,4,0,4,0,9,7,4,3,3,2,3,2,7,8,0,0
24,1256,4,0,4,0,9,7,4,3,3,2,3,2,7,8,0,0
24,1256,4,0,4,0,9,7,4,3,3,2,3,2,7,8,0,0
24,1256,4,0,4,0,9,7,4,3,3,2,3,2,7,8,0,0
24,1256,4,0,4,0,9,7,4,3,3,2,3,2,7,8,0,0
24,1256,4,0,4,0,9,7,4,3,3,2,3,2,8,8,8,0
24,1256,4,0,4,0,10,10,4,4,3,2,4,3,8,7,8,0
24,1256,4,0,4,0,10,10,4,4,3,2,4,3,8,8,8,0
24,1256,4,0,4,0,10,10,4,4,3,2,4,3,8,8,9,0
24,1256,4,0,4,0,10,10,4,4,3,2,4,3,8,8,9,0
24,1256,4,0,4,0,10,10,4,4,3,2,4,3,8,8,9,0
24,1256,4,0,4,0,10,10,4,4,3,2,4,3,8,8,9,0
24,1256,4,0,4,0,10,10,4,4,3,2,4,3,8,8,5,0
24,1256,4,0,4,0,10,9,4,4,3,2,4,3,8,8,5,0
24,1256,4,0,4,0,10,9,4,4,3,1,4,3,8,8,5,0
24,1256,4,0,4,0,9,9,4,4,3,1,3,3,8,8,5,0
24,1256,4,0,4,0,9,9,4,4,3,1,3,3,8,8,0,0
24,1256,4,0,4,0,9,9,4,4,3,1,3,3,8,8,0,0
24,1256,4,0,4,0,9,9,4,4,3,1,3,3,8,8,0,0
24,1256,4,0,4,0,9,9,4,4,3,1,3,3,8,8,0,0
24,1256,4,0,4,0,9,8,4,4,3,1,3,3,8,7,0,0
24,1256,4,0,4,0,9,8,4,4,3,1,3,3,8,7,0,0
24,1256,4,0,4,0,9,8,4,4,3,1,3,3,7,7,0,0
25,1257,4,0,4,0,9,8,4,4,3,1,3,3,7,7,0,0
25,1257,4,0,4,0,9,8,4,4,3,1,3,3,7,7,0,0
25,1257,4,0,4,0,9,8,4,4,3,1,3,3,7,7,0,0
25,1257,4,0,4,0,9,8,4,4,3,1,3,3,7,7,0,0
25,1257,4,0,4,0,9,8,4,4,3,1,3,3,7,7,0,0
25,1257,4,0,4,0,9,8,4,4,3,1,3,3,7,7,0,0
25,1257,4,0,4,0,9,8,4,4,3,1,3,3,8,7,8,0
25,1257,4,0,4,0,10,9,4,4,3,2,4,4,8,8,8,1
25,1257,4,0,4,0,10,10,4,4,3,3,4,4,8,8,8,1
25,1257,4,0,4,0,10,10,4,4,3,3,4,4,8,8,9,2
25,1257,4,0,4,0,10,10,4,4,3,3,4,4,8,8,9,3
25,1257,4,0,4,0,10,10,4,4,3,3,4,4,8,8,9,4
25,1257,4,0,4,0,10,10,4,4,3,3,4,4,8,8,9,4
25,1257,4,0,4,0,10,10,4,4,3,3,4,4,8,8,5,4
25,1257,4,0,4,0,10,10,4,4,3,3,4,4,8,8,5,4
25,1257,4,0,4,0,10,10,4,4,3,3,4,4,8,8,5,2
25,1257,4,0,4,0,9,10,4,4,3,3,3,4,8,8,5,1
25,1257,4,0,4,0,9,10,4,4,3,3,3,4,8,8,0,1
25,1257,4,0,4,0,9,10,4,4,3,3,3,3,8,8,0,1
25,1257,4,0,4,0,9,10,4,4,3,3,3,3,8,7,0,1
25,1257,4,0,4,0,9,10,4,4,3,3,3,3,8,7,0,1
25,1257,4,0,4,0,9,9,4,4,3,3,3,3,8,6,0,1
25,1257,4,0,4,0,9,9,4,4,3,3,3,3,8,6,0,1
25,1257,4,0,4,0,9,9,4,4,3,3,3,3,7,6,0,1
26,1258,4,0,3,0,8,9,3,4,2,3,2,3,7,6,0,1
26,1258,4,0,3,0,8,9,3,4,2,3,2,3,7,6,0,1
26,1258,4,0,3,0,8,9,3,4,2,3,2,3,7,6,0,1
26,1258,4,0,3,0,8,9,3,4,2,3,2,3,7,6,0,1
26,1258,4,0,3,0,8,9,3,4,2,3,2,3,7,6,0,1
26,1258,4,0,3,0,8,9,3,4,2,3,2,3,7,6,0,1
26,1258,4,0,3,0,8,9,3,4,2,3,3,3,10,6,0,1
26,1258,4,0,3,0,8,9,3,4,2,3,3,3,10,6,0,0
26,1258,4,0,3,0,8,9,3,3,2,3,3,3,10,6,0,0
26,1258,4,0,3,0,8,9,3,3,2,3,3,3,10,6,0,0
26,1258,4,0,3,0,8,8,3,3,2,3,3,3,10,6,0,0
26,1258,4,0,3,0,8,8,3,3,2,3,3,3,10,6,0,0
26,1258,4,0,3,0,8,8,3,3,2,3,3,3,10,6,0,0
26,1258,4,0,3,0,8,8,3,3,2,3,3,3,10,6,0,0
26,1258,4,0,3,0,8,8,3,3,2,3,3,3,10,6,0,0
26,1258,4,0,3,0,8,8,3,3,2,3,2,3,8,6,0,0
26,1258,4,0,3,0,8,8,3,3,2,3,2,3,8,6,0,0
26,1258,4,0,3,0,8,8,3,3,2,3,2,3,8,6,0,0
26,1258,4,0,3,0,8,8,3,3,2,3,2,3,8,6,0,0
26,1258,4,0,3,0,8,8,3,3,2,3,2,3,8,6,0,0
26,1258,4,0,3,0,8,8,3,3,2,3,2,3,8,6,0,0
26,1258,4,0,3,0,8,8,3,3,2,3,2,3,8,6,0,0
26,1258,4,0,3,0,8,8,3,3,2,3,2,3,8,6,0,0
26,1258,4,0,3,0,8,8,3,3,2,3,2,3,7,6,0,0
27,1259,4,0,3,0,8,8,3,3,2,3,2,3,4,6,0,0
27,1259,4,0,3,0,8,8,3,3,2,3,2,3,4,6,0,0
27,1259,4,0,3,0,8,8,3,3,2,3,2,3,4,6,0,0
27,1259,4,0,3,0,8,8,3,3,2,3,2,3,4,6,0,0
27,1259,4,0,3,0,8,8,3,3,2,3,2,3,4,6,0,0
27,1259,4,0,3,0,8,8,3,3,2,3,2,3,4,6,0,0
27,1259,4,0,3,0,8,8,3,3,2,3,3,3,4,6,0,0
27,1259,4,0,3,0,8,6,3,3,2,3,3,3,5,5,0,0
27,1259,4,0,3,0,8,6,3,3,2,3,3,2,5,5,0,0
27,1259,4,0,3,0,8,6,3,3,2,3,3,2,5,5,0,0
27,1259,4,0,3,0,8,6,3,3,2,3,3,2,5,5,0,0
27,1259,4,0,3,0,8,6,3,3,2,3,3,2,5,5,0,0
27,1259,4,0,3,0,8,6,3,3,2,3,3,2,5,5,0,0
27,1259,4,0,3,0,8,6,3,3,2,3,3,2,5,5,0,0
27,1259,4,0,3,0,8,6,3,3,2,3,3,2,5,5,0,0
27,1259,4,0,3,0,8,6,3,3,2,3,2,2,4,5,0,0
27,1259,4,0,3,0,8,6,3,3,2,3,2,2,4,5,0,0
27,1259,4,0,3,0,8,6,3,3,2,3,2,2,4,5,0,0
27,1259,4,0,3,0,8,6,3,3,2,3,2,2,4,5,0,0
27,1259,4,0,3,0,8,6,3,3,2,2,2,2,4,5,0,0
27,1259,4,0,3,0,8,6,3,3,2,2,2,2,4,4,0,0
27,1259,4,0,3,0,8,6,3,3,2,2,2,2,4,4,0,0
27,1259,4,0,3,0,8,6,3,3,2,2,2,2,4,4,0,0
27,1259,4,0,3,0,8,6,3,3,2,2,2,2,4,4,0,0
0,1260,4,0,4,0,9,6,4,3,3,2,3,2,7,4,0,0
0,1260,4,0,4,0,9,6,4,3,3,2,3,2,7,4,0,0
0,1260,4,0,4,0,9,6,4,3,3,2,3,2,7,4,0,0
0,1260,4,0,4,0,9,6,4,3,3,2,3,2,7,4,0,0
0,1260,4,0,4,0,9,6,4,3,3,2,3,2,7,4,0,0
0,1260,4,0,4,0,9,6,4,3,3,2,3,2,7,4,0,0
0,1260,4,0,4,0,9,6,4,3,3,2,3,2,8,4,8,0
0,1260,4,0,4,0,10,9,4,4,3,3,4,3,8,4,8,2
0,1260,4,0,4,0,10,10,4,4,3,3,4,3,8,4,8,2
0,1260,4,0,4,0,10,10,4,4,3,3,4,3,8,6,9,2
0,1260,4,0,4,0,10,10,4,4,3,3,4,3,8,7,9,2
0,1260,4,0,4,0,10,10,4,4,3,3,4,3,8,7,9,2
0,1260,4,0,4,0,10,10,4,4,3,3,4,3,8,8,9,2
0,1260,4,0,4,0,10,10,4,4,3,3,4,3,8,6,5,2
0,1260,4,0,4,0,10,9,4,4,3,3,4,3,8,5,5,2
0,1260,4,0,4,0,10,9,4,3,3,3,4,3,8,4,5,2
0,1260,4,0,4,0,9,9,4,3,3,3,3,3,8,4,5,2
0,1260,4,0,4,0,9,9,4,2,3,3,3,3,8,4,0,2
0,1260,4,0,4,0,9,9,4,2,3,3,3,3,8,4,0,2
0,1260,4,0,4,0,9,7,4,2,3,3,3,2,8,4,0,2
0,1260,4,0,4,0,9,7,4,2,3,3,3,2,8,4,0,1
0,1260,4,0,4,0,9,7,4,2,3,3,3,2,8,4,0,1
0,1260,4,0,4,0,9,7,4,2,3,3,3,2,8,4,0,1
0,1260,4,0,4,0,9,7,4,2,3,3,3,2,7,4,0,1
1,1261,4,0,4,0,9,7,4,2,3,3,3,2,4,4,0,1
1,1261,4,0,4,0,9,7,4,2,3,3,3,2,4,4,0,1
1,1261,4,0,4,0,9,7,4,2,3,3,3,2,4,4,0,1
1,1261,4,0,4,0,9,7,4,2,3,3,3,2,4,4,0,1
1,1261,4,0,4,0,9,7,4,2,3,3,3,2,4,4,0,1
1,1261,4,0,4,0,9,7,4,2,3,3,3,2,4,4,0,1
1,1261,4,0,4,0,9,7,4,2,3,3,3,2,4,4,8,1
1,1261,4,0,4,0,10,10,4,4,3,3,4,2,5,5,8,1
1,1261,4,0,4,0,10,10,4,4,3,3,4,2,5,5,8,1
1,1261,4,0,4,0,10,10,4,4,3,3,4,2,5,5,9,2
1,1261,4,0,4,0,10,10,4,4,3,3,4,2,5,6,9,2
1,1261,4,0,4,0,10,8,4,4,3,3,4,2,5,6,9,2
1,1261,4,0,4,0,10,8,4,4,3,3,4,2,5,6,9,2
1,1261,4,0,4,0,10,8,4,4,3,3,4,2,5,6,5,2
1,1261,4,0,4,0,10,8,4,4,3,3,4,1,5,6,5,2
1,1261,4,0,4,0,10,8,4,4,3,3,4,1,4,5,5,0
1,1261,4,0,4,0,9,8,4,4,3,3,3,1,4,5,5,0
1,1261,4,0,4,0,9,8,4,4,3,3,3,1,4,5,0,0
1,1261,4,0,4,0,9,8,4,3,3,3,3,0,4,5,0,0
1,1261,4,0,4,0,9,8,4,3,3,3,3,0,4,5,0,0
1,1261,4,0,4,0,9,8,4,3,3,3,3,0,4,5,0,0
1,1261,4,0,4,0,9,8,4,3,3,3,3,0,4,5,0,0
1,1261,4,0,4,0,9,8,4,3,3,3,3,0,4,5,0,0
1,1261,4,0,4,0,9,8,4,3,3,3,3,0,4,5,0,0
2,1262,4,0,4,0,9,8,4,3,3,3,3,0,7,5,0,0
2,1262,4,0,4,0,9,8,4,3,3,3,3,0,7,5,0,0
2,1262,4,0,4,0,9,8,4,3,3,3,3,0,7,5,0,0
2,1262,4,0,4,0,9,8,4,3,3,3,3,0,7,5,0,0
2,1262,4,0,4,0,9,8,4,3,3,3,3,0,7,5,0,0
2,1262,4,0,4,0,9,8,4,3,3,3,3,0,7,5,0,0
2,1262,4,0,4,0,9,8,4,3,3,3,3,0,10,5,8,0
2,1262,4,0,4,0,10,5,4,3,3,3,4,1,10,9,8,1
2,1262,4,0,4,0,10,7,4,4,3,3,4,1,10,10,8,1
2,1262,4,0,4,0,10,9,4,4,3,3,4,1,10,10,9,1
2,1262,4,0,4,0,10,10,4,4,3,3,4,1,10,11,9,1
2,1262,4,0,4,0,10,10,4,4,3,3,4,1,10,11,9,1
2,1262,4,0,4,0,10,10,4,3,3,3,4,1,10,11,9,1
2,1262,4,0,4,0,10,9,4,3,3,3,4,1,10,11,5,1
2,1262,4,0,4,0,10,8,4,3,3,3,4,1,10,10,5,0
2,1262,4,0,4,0,10,7,4,3,3,3,4,1,8,10,5,0
2,1262,4,0,4,0,9,7,4,3,3,3,3,1,8,10,5,0
2,1262,4,0,4,0,9,7,4,3,3,3,3,1,8,9,0,0
2,1262,4,0,4,0,9,7,4,3,3,2,3,1,8,9,0,0
2,1262,4,0,4,0,9,7,4,3,3,2,3,1,8,9,0,0
2,1262,4,0,4,0,9,7,4,3,3,2,3,1,8,9,0,0
2,1262,4,0,4,0,9,7,4,3,3,2,3,1,8,9,0,0
2,1262,4,0,4,0,9,7,4,3,3,2,3,1,8,9,0,0
2,1262,4,0,4,0,9,7,4,3,3,2,3,1,7,9,0,0
3,1263,4,0,4,0,9,7,4,3,3,2,3,1,7,9,0,0
3,1263,4,0,4,0,9,7,4,3,3,2,3,1,7,9,0,0
3,1263,4,0,4,0,9,7,4,3,3,2,3,1,7,9,0,0
3,1263,4,0,4,0,9,7,4,3,3,2,3,1,7,9,0,0
3,1263,4,0,4,0,9,7,4,3,3,2,3,1,7,9,0,0
3,1263,4,0,4,0,9,7,4,3,3,2,3,1,7,9,0,0
3,1263,4,0,4,0,9,7,4,3,3,2,3,1,8,9,8,0
3,1263,4,0,4,0,10,8,4,3,3,2,4,2,8,8,8,0
3,1263,4,0,4,0,10,9,4,2,3,2,4,2,8,8,8,0
3,1263,4,0,4,0,10,10,4,2,3,2,4,2,8,8,9,0
3,1263,4,0,4,0,10,10,4,2,3,2,4,2,8,8,9,0
3,1263,4,0,4,0,10,10,4,2,3,2,4,2,8,8,9,0
3,1263,4,0,4,0,10,10,4,2,3,2,4,2,8,7,9,0
3,1263,4,0,4,0,10,10,4,2,3,2,4,2,8,7,5,0
3,1263,4,0,4,0,10,10,4,2,3,2,4,2,8,7,5,0
3,1263,4,0,4,0,10,10,4,2,3,2,4,2,8,7,5,0
3,1263,4,0,4,0,9,10,4,2,3,2,3,2,8,7,5,0
3,1263,4,0,4,0,9,10,4,2,3,2,3,2,8,7,0,0
3,1263,4,0,4,0,9,8,4,2,3,2,3,2,8,7,0,0
3,1263,4,0,4,0,9,8,4,2,3,2,3,2,8,7,0,0
3,1263,4,0,4,0,9,7,4,2,3,2,3,2,8,6,0,0
3,1263,4,0,4,0,9,7,4,2,3,2,3,2,8,6,0,0
3,1263,4,0,4,0,9,7,4,2,3,2,3,2,8,6,0,0
3,1263,4,0,4,0,9,7,4,2,3,2,3,2,7,6,0,0
4,1264,4,0,4,0,9,7,4,2,3,2,3,2,7,6,0,0
4,1264,4,0,4,0,9,7,4,2,3,2,3,2,7,6,0,0
4,1264,4,0,4,0,9,7,4,2,3,2,3,2,7,6,0,0
4,1264,4,0,4,0,9,7,4,2,3,2,3,2,7,6,0,0
4,1264,4,0,4,0,9,7,4,2,3,2,3,2,7,6,0,0
4,1264,4,0,4,0,9,7,4,2,3,2,3,2,7,6,0,0
4,1264,4,0,4,0,9,7,4,2,3,2,3,2,8,6,8,0
4,1264,4,0,4,0,10,6,4,2,3,3,4,3,8,8,8,1
4,1264,4,0,4,0,10,8,4,4,3,3,4,3,8,8,8,1
4,1264,4,0,4,0,10,8,4,4,3,3,4,3,8,8,9,1
4,1264,4,0,4,0,10,10,4,4,3,3,4,3,8,8,9,1
4,1264,4,0,4,0,10,10,4,4,3,3,4,3,8,8,9,1
4,1264,4,0,4,0,10,10,4,4,3,3,4,3,8,7,9,1
4,1264,4,0,4,0,10,10,4,4,3,3,4,2,8,8,5,1
4,1264,4,0,4,0,10,9,4,3,3,3,4,2,8,8,5,1
4,1264,4,0,4,0,10,7,4,3,3,3,4,2,8,6,5,1
4,1264,4,0,4,0,9,7,4,3,3,3,3,2,8,6,5,1
4,1264,4,0,4,0,9,7,4,3,3,3,3,2,8,6,0,1
4,1264,4,0,4,0,9,7,4,2,3,3,3,2,8,6,0,1
4,1264,4,0,4,0,9,6,4,2,3,2,3,2,8,6,0,1
4,1264,4,0,4,0,9,6,4,2,3,2,3,2,8,6,0,1
4,1264,4,0,4,0,9,6,4,2,3,2,3,2,8,6,0,1
4,1264,4,0,4,0,9,6,4,2,3,2,3,2,8,6,0,1
4,1264,4,0,4,0,9,6,4,2,3,2,3,2,7,6,0,1
5,1265,4,0,3,0,8,6,3,2,2,2,2,2,7,6,0,1
5,1265,4,0,3,0,8,6,3,2,2,2,2,2,7,6,0,1
5,1265,4,0,3,0,8,6,3,2,2,2,2,2,7,6,0,1
5,1265,4,0,3,0,8,6,3,2,2,2,2,2,7,6,0,1
5,1265,4,0,3,0,8,6,3,2,2,2,2,2,7,6,0,1
5,1265,4,0,3,0,8,6,3,2,2,2,2,2,7,6,0,1
5,1265,4,0,3,0,8,6,3,2,2,2,3,2,10,6,0,1
5,1265,4,0,3,0,8,4,3,2,2,2,3,2,10,6,0,0
5,1265,4,0,3,0,8,4,3,2,2,2,3,2,10,6,0,0
5,1265,4,0,3,0,8,4,3,2,2,2,3,2,10,6,0,0
5,1265,4,0,3,0,8,4,3,2,2,2,3,2,10,6,0,0
5,1265,4,0,3,0,8,4,3,2,2,2,3,2,10,6,0,0
5,1265,4,0,3,0,8,4,3,2,2,2,3,2,10,6,0,0
5,1265,4,0,3,0,8,4,3,2,2,2,3,2,10,6,0,0
5,1265,4,0,3,0,8,4,3,2,2,2,3,2,10,6,0,0
5,1265,4,0,3,0,8,4,3,2,2,2,2,2,8,6,0,0
5,1265,4,0,3,0,8,4,3,2,2,2,2,2,8,6,0,0
5,1265,4,0,3,0,8,4,3,2,2,2,2,2,8,6,0,0
5,1265,4,0,3,0,8,4,3,2,2,2,2,2,8,6,0,0
5,1265,4,0,3,0,8,4,3,2,2,2,2,2,8,6,0,0
5,1265,4,0,3,0,8,4,3,2,2,2,2,1,8,6,0,0
5,1265,4,0,3,0,8,4,3,2,2,2,2,1,8,6,0,0
5,1265,4,0,3,0,8,4,3,2,2,2,2,1,8,6,0,0
5,1265,4,0,3,0,8,4,3,2,2,2,2,1,7,6,0,0
6,1266,4,0,3,0,8,4,3,2,2,2,2,1,4,6,0,0
6,1266,4,0,3,0,8,4,3,2,2,2,2,1,4,6,0,0
6,1266,4,0,3,0,8,4,3,2,2,2,2,1,4,6,0,0
6,1266,4,0,3,0,8,4,3,2,2,2,2,1,4,6,0,0
6,1266,4,0,3,0,8,4,3,2,2,2,2,1,4,6,0,0
6,1266,4,0,3,0,8,4,3,2,2,2,2,1,4,6,0,0
6,1266,4,0,3,0,8,4,3,2,2,2,3,1,4,6,0,0
6,1266,4,0,3,0,8,3,3,2,2,2,3,1,5,6,0,0
6,1266,4,0,3,0,8,3,3,2,2,2,3,1,5,5,0,0
6,1266,4,0,3,0,8,3,3,2,2,2,3,1,5,4,0,0
6,1266,4,0,3,0,8,3,3,2,2,2,3,1,5,4,0,0
6,1266,4,0,3,0,8,3,3,2,2,2,3,1,5,4,0,0
6,1266,4,0,3,0,8,3,3,2,2,2,3,1,5,4,0,0
6,1266,4,0,3,0,8,3,3,2,2,2,3,1,5,3,0,0
6,1266,4,0,3,0,8,3,3,2,2,2,3,1,5,3,0,0
6,1266,4,0,3,0,8,3,3,2,2,1,2,1,4,3,0,0
6,1266,4,0,3,0,8,3,3,2,2,1,2,1,4,3,0,0
6,1266,4,0,3,0,8,3,3,2,2,1,2,1,4,3,0,0
6,1266,4,0,3,0,8,3,3,2,2,1,2,1,4,3,0,0
6,1266,4,0,3,0,8,3,3,2,2,1,2,1,4,3,0,0
6,1266,4,0,3,0,8,3,3,2,2,1,2,1,4,3,0,0
6,1266,4,0,3,0,8,3,3,2,2,1,2,1,4,3,0,0
6,1266,4,0,3,0,8,3,3,2,2,1,2,1,4,3,0,0
6,1266,4,0,3,0,8,3,3,2,2,1,2,1,4,3,0,0
7,1267,4,0,4,0,9,3,4,2,3,1,3,1,7,3,0,0
7,1267,4,0,4,0,9,3,4,2,3,1,3,1,7,3,0,0
7,1267,4,0,4,0,9,3,4,2,3,1,3,1,7,3,0,0
7,1267,4,0,4,0,9,3,4,2,3,1,3,1,7,3,0,0
7,1267,4,0,4,0,9,3,4,2,3,1,3,1,7,3,0,0
7,1267,4,0,4,0,9,3,4,2,3,1,3,1,7,3,0,0
7,1267,4,0,4,0,9,3,4,2,3,1,3,1,8,3,8,0
7,1267,4,0,4,0,10,6,4,4,3,2,4,2,8,3,8,1
7,1267,4,0,4,0,10,6,4,4,3,3,4,2,8,4,8,1
7,1267,4,0,4,0,10,6,4,4,3,3,4,2,8,5,9,1
7,1267,4,0,4,0,10,7,4,4,3,3,4,1,8,5,9,1
7,1267,4,0,4,0,10,7,4,4,3,3,4,1,8,6,9,1
7,1267,4,0,4,0,10,7,4,4,3,3,4,1,8,6,9,1
7,1267,4,0,4,0,10,6,4,4,3,3,4,1,8,5,5,1
7,1267,4,0,4,0,10,6,4,4,3,3,4,1,8,5,5,1
7,1267,4,0,4,0,10,6,4,4,3,3,4,1,8,5,5,0
7,1267,4,0,4,0,9,6,4,4,3,3,3,1,8,5,5,0
7,1267,4,0,4,0,9,6,4,4,3,3,3,1,8,5,0,0
7,1267,4,0,4,0,9,6,4,4,3,3,3,1,8,5,0,0
7,1267,4,0,4,0,9,6,4,4,3,3,3,1,8,5,0,0
7,1267,4,0,4,0,9,6,4,4,3,3,3,1,8,5,0,0
7,1267,4,0,4,0,9,6,4,4,3,3,3,1,8,5,0,0
7,1267,4,0,4,0,9,5,4,4,3,3,3,1,8,5,0,0
7,1267,4,0,4,0,9,5,4,4,3,3,3,1,7,5,0,0
8,1268,4,0,4,0,9,5,4,4,3,3,3,1,4,5,0,0
8,1268,4,0,4,0,9,5,4,4,3,3,3,1,4,5,0,0
8,1268,4,0,4,0,9,5,4,4,3,3,3,1,4,5,0,0
8,1268,4,0,4,0,9,5,4,4,3,3,3,1,4,5,0,0
8,1268,4,0,4,0,9,5,4,4,3,3,3,1,4,5,0,0
8,1268,4,0,4,0,9,5,4,4,3,3,3,1,4,5,0,0
8,1268,4,0,4,0,9,5,4,4,3,3,3,1,4,5,8,0
8,1268,4,0,4,0,10,9,4,4,3,3,4,2,5,4,8,2
8,1268,4,0,4,0,10,9,4,4,3,3,4,2,5,4,8,3
8,1268,4,0,4,0,10,10,4,4,3,3,4,2,5,6,9,3
8,1268,4,0,4,0,10,10,4,4,3,3,4,2,5,6,9,3
8,1268,4,0,4,0,10,10,4,4,3,3,4,2,5,6,9,3
8,1268,4,0,4,0,10,10,4,4,3,3,4,2,5,6,9,2
8,1268,4,0,4,0,10,10,4,4,3,3,4,2,5,6,5,2
8,1268,4,0,4,0,10,10,4,4,3,3,4,2,5,5,5,2
8,1268,4,0,4,0,10,10,4,4,3,3,4,2,4,4,5,1
8,1268,4,0,4,0,9,10,4,4,3,3,3,1,4,4,5,1
8,1268,4,0,4,0,9,9,4,4,3,3,3,1,4,4,0,1
8,1268,4,0,4,0,9,9,4,4,3,3,3,1,4,4,0,1
8,1268,4,0,4,0,9,9,4,4,3,3,3,1,4,4,0,0
8,1268,4,0,4,0,9,9,4,4,3,3,3,1,4,4,0,0
8,1268,4,0,4,0,9,9,4,4,3,3,3,1,4,4,0,0
8,1268,4,0,4,0,9,7,4,3,3,3,3,1,4,4,0,0
8,1268,4,0,4,0,9,7,4,3,3,3,3,1,4,4,0,0
9,1269,4,0,4,0,9,7,4,3,3,3,3,1,7,4,0,0
9,1269,4,0,4,0,9,7,4,3,3,3,3,1,7,4,0,0
9,1269,4,0,4,0,9,7,4,3,3,3,3,1,7,4,0,0
9,1269,4,0,4,0,9,7,4,3,3,3,3,1,7,4,0,0
9,1269,4,0,4,0,9,7,4,3,3,3,3,1,7,4,0,0
9,1269,4,0,4,0,9,7,4,3,3,3,3,1,7,4,0,0
9,1269,4,0,4,0,9,7,4,3,3,3,3,1,10,4,8,0
9,1269,4,0,4,0,10,9,4,4,3,3,4,2,10,7,8,1
9,1269,4,0,4,0,10,10,4,4,3,3,4,2,10,8,8,2
9,1269,4,0,4,0,10,10,4,4,3,3,4,2,10,10,9,2
9,1269,4,0,4,0,10,10,4,4,3,3,4,2,10,10,9,3
9,1269,4,0,4,0,10,10,4,4,3,2,4,2,10,10,9,3
9,1269,4,0,4,0,10,10,4,4,3,2,4,2,10,10,9,3
9,1269,4,0,4,0,10,10,4,4,3,2,4,2,10,10,5,3
9,1269,4,0,4,0,10,10,4,3,3,2,4,2,10,10,5,3
9,1269,4,0,4,0,10,7,4,3,3,2,4,2,8,9,5,2
9,1269,4,0,4,0,9,7,4,3,3,2,3,2,8,9,5,2
9,1269,4,0,4,0,9,7,4,3,3,2,3,2,8,8,0,1
9,1269,4,0,4,0,9,7,4,3,3,2,3,2,8,8,0,1
9,1269,4,0,4,0,9,7,4,3,3,2,3,2,8,8,0,1
9,1269,4,0,4,0,9,7,4,3,3,2,3,2,8,8,0,1
9,1269,4,0,4,0,9,7,4,3,3,2,3,2,8,8,0,1
9,1269,4,0,4,0,9,7,4,3,3,2,3,2,8,7,0,0
9,1269,4,0,4,0,9,7,4,3,3,2,3,2,7,7,0,0
10,1270,4,0,4,0,9,7,4,3,3,2,3,2,7,7,0,0
10,1270,4,0,4,0,9,7,4,3,3,2,3,2,7,7,0,0
10,1270,4,0,4,0,9,7,4,3,3,2,3,2,7,7,0,0
10,1270,4,0,4,0,9,7,4,3,3,2,3,2,7,7,0,0
10,1270,4,0,4,0,9,7,4,3,3,2,3,2,7,7,0,0
10,1270,4,0,4,0,9,7,4,3,3,2,3,2,7,7,0,0
10,1270,4,0,4,0,9,7,4,3,3,2,3,2,8,7,8,0
10,1270,4,0,4,0,10,10,4,3,3,2,4,3,8,8,8,0
10,1270,4,0,4,0,10,10,4,3,3,2,4,3,8,8,8,0
10,1270,4,0,4,0,10,10,4,3,3,2,4,3,8,8,9,0
10,1270,4,0,4,0,10,10,4,3,3,2,4,3,8,8,9,0
10,1270,4,0,4,0,10,10,4,3,3,2,4,3,8,8,9,0
10,1270,4,0,4,0,10,10,4,3,3,2,4,3,8,8,9,0
10,1270,4,0,4,0,10,10,4,3,3,2,4,3,8,8,5,0
10,1270,4,0,4,0,10,9,4,3,3,2,4,3,8,8,5,0
10,1270,4,0,4,0,10,9,4,3,3,2,4,3,8,8,5,0
10,1270,4,0,4,0,9,9,4,3,3,2,3,3,8,6,5,0
10,1270,4,0,4,0,9,9,4,3,3,2,3,3,8,6,0,0
10,1270,4,0,4,0,9,8,4,3,3,2,3,3,8,5,0,0
10,1270,4,0,4,0,9,8,4,3,3,2,3,3,8,5,0,0
10,1270,4,0,4,0,9,8,4,3,3,2,3,3,8,5,0,0
10,1270,4,0,4,0,9,8,4,3,3,2,3,3,8,4,0,0
10,1270,4,0,4,0,9,8,4,3,3,2,3,3,8,4,0,0
10,1270,4,0,4,0,9,8,4,3,3,2,3,3,7,4,0,0
11,1271,4,0,4,0,9,8,4,3,3,2,3,3,7,4,0,0
11,1271,4,0,4,0,9,8,4,3,3,2,3,3,7,4,0,0
11,1271,4,0,4,0,9,8,4,3,3,2,3,3,7,4,0,0
11,1271,4,0,4,0,9,8,4,3,3,2,3,3,7,4,0,0
11,1271,4,0,4,0,9,8,4,3,3,2,3,3,7,4,0,0
11,1271,4,0,4,0,9,8,4,3,3,2,3,3,7,4,0,0
11,1271,4,0,4,0,9,8,4,3,3,2,3,3,8,4,8,0
11,1271,4,0,4,0,10,10,4,4,3,3,4,4,8,8,8,0
11,1271,4,0,4,0,10,10,4,4,3,3,4,4,8,8,8,1
11,1271,4,0,4,0,10,10,4,4,3,3,4,4,8,8,9,1
11,1271,4,0,4,0,10,10,4,4,3,3,4,3,8,8,9,1
11,1271,4,0,4,0,10,10,4,4,3,3,4,3,8,8,9,1
11,1271,4,0,4,0,10,10,4,4,3,3,4,3,8,8,9,1
11,1271,4,0,4,0,10,9,4,4,3,3,4,3,8,8,5,0
11,1271,4,0,4,0,10,9,4,4,3,3,4,3,8,8,5,0
11,1271,4,0,4,0,10,9,4,4,3,3,4,3,8,8,5,0
11,1271,4,0,4,0,9,9,4,4,3,3,3,3,8,8,5,0
11,1271,4,0,4,0,9,9,4,4,3,3,3,3,8,8,0,0
11,1271,4,0,4,0,9,9,4,4,3,3,3,3,8,8,0,0
11,1271,4,0,4,0,9,9,4,4,3,3,3,3,8,8,0,0
11,1271,4,0,4,0,9,9,4,3,3,2,3,3,8,8,0,0
11,1271,4,0,4,0,9,9,4,3,3,2,3,3,8,8,0,0
11,1271,4,0,4,0,9,9,4,3,3,2,3,3,8,8,0,0
11,1271,4,0,4,0,9,9,4,3,3,2,3,3,7,8,0,0
12,1272,4,0,3,0,8,9,3,3,2,2,2,3,7,8,0,0
12,1272,4,0,3,0,8,9,3,3,2,2,2,3,7,8,0,0
12,1272,4,0,3,0,8,9,3,3,2,2,2,3,7,8,0,0
12,1272,4,0,3,0,8,9,3,3,2,2,2,3,7,8,0,0
12,1272,4,0,3,0,8,9,3,3,2,2,2,3,7,8,0,0
12,1272,4,0,3,0,8,9,3,3,2,2,2,3,7,8,0,0
12,1272,4,0,3,0,8,9,3,3,2,2,3,3,10,8,0,0
12,1272,4,0,3,0,8,9,3,3,2,1,3,3,10,8,0,0
12,1272,4,0,3,0,8,9,3,3,2,1,3,3,10,8,0,0
12,1272,4,0,3,0,8,9,3,3,2,1,3,3,10,8,0,0
12,1272,4,0,3,0,8,9,3,3,2,1,3,3,10,8,0,0
12,1272,4,0,3,0,8,9,3,3,2,1,3,3,10,8,0,0
12,1272,4,0,3,0,8,9,3,3,2,1,3,3,10,8,0,0
12,1272,4,0,3,0,8,9,3,3,2,1,3,3,10,8,0,0
12,1272,4,0,3,0,8,9,3,3,2,1,3,3,10,8,0,0
12,1272,4,0,3,0,8,9,3,3,2,1,2,3,8,8,0,0
12,1272,4,0,3,0,8,9,3,3,2,1,2,3,8,8,0,0
12,1272,4,0,3,0,8,9,3,3,2,1,2,3,8,8,0,0
12,1272,4,0,3,0,8,9,3,3,2,1,2,3,8,7,0,0
12,1272,4,0,3,0,8,9,3,3,2,1,2,3,8,7,0,0
12,1272,4,0,3,0,8,9,3,3,2,1,2,3,8,7,0,0
12,1272,4,0,3,0,8,9,3,3,2,1,2,3,8,6,0,0
12,1272,4,0,3,0,8,9,3,3,2,0,2,3,8,6,0,0
12,1272,4,0,3,0,8,9,3,3,2,0,2,3,7,6,0,0
13,1273,4,0,3,0,8,9,3,3,2,0,2,3,4,6,0,0
13,1273,4,0,3,0,8,9,3,3,2,0,2,3,4,6,0,0
13,1273,4,0,3,0,8,9,3,3,2,0,2,3,4,6,0,0
13,1273,4,0,3,0,8,9,3,3,2,0,2,3,4,6,0,0
13,1273,4,0,3,0,8,9,3,3,2,0,2,3,4,6,0,0
13,1273,4,0,3,0,8,9,3,3,2,0,2,3,4,6,0,0
13,1273,4,0,3,0,8,9,3,3,2,0,3,3,4,6,0,0
13,1273,4,0,3,0,8,7,3,2,2,0,3,2,5,4,0,0
13,1273,4,0,3,0,8,7,3,2,2,0,3,2,5,4,0,0
13,1273,4,0,3,0,8,7,3,2,2,0,3,2,5,4,0,0
13,1273,4,0,3,0,8,7,3,2,2,0,3,2,5,4,0,0
13,1273,4,0,3,0,8,7,3,2,2,0,3,2,5,4,0,0
13,1273,4,0,3,0,8,7,3,2,2,0,3,2,5,4,0,0
13,1273,4,0,3,0,8,7,3,2,2,0,3,2,5,4,0,0
13,1273,4,0,3,0,8,7,3,2,2,0,3,2,5,4,0,0
13,1273,4,0,3,0,8,7,3,2,2,0,2,2,4,4,0,0
13,1273,4,0,3,0,8,7,3,2,2,0,2,2,4,4,0,0
13,1273,4,0,3,0,8,7,3,2,2,0,2,2,4,4,0,0
13,1273,4,0,3,0,8,7,3,2,2,0,2,2,4,4,0,0
13,1273,4,0,3,0,8,7,3,2,2,0,2,2,4,4,0,0
13,1273,4,0,3,0,8,7,3,2,2,0,2,2,4,4,0,0
13,1273,4,0,3,0,8,7,3,2,2,0,2,2,4,4,0,0
13,1273,4,0,3,0,8,7,3,2,2,0,2,2,4,4,0,0
13,1273,4,0,3,0,8,7,3,2,2,0,2,2,4,4,0,0
14,1274,4,0,4,0,9,7,4,2,3,0,3,2,7,4,0,0
14,1274,4,0,4,0,9,7,4,2,3,0,3,2,7,4,0,0
14,1274,4,0,4,0,9,7,4,2,3,0,3,2,7,4,0,0
14,1274,4,0,4,0,9,7,4,2,3,0,3,2,7,4,0,0
14,1274,4,0,4,0,9,7,4,2,3,0,3,2,7,4,0,0
14,1274,4,0,4,0,9,7,4,2,3,0,3,2,7,4,0,0
14,1274,4,0,4,0,9,7,4,2,3,0,3,2,8,4,8,0
14,1274,4,0,4,0,10,9,4,4,3,0,4,3,8,6,8,2
14,1274,4,0,4,0,10,10,4,4,3,0,4,3,8,6,8,2
14,1274,4,0,4,0,10,10,4,4,3,1,4,3,8,8,9,2
14,1274,4,0,4,0,10,10,4,3,3,1,4,3,8,8,9,2
14,1274,4,0,4,0,10,10,4,3,3,1,4,2,8,8,9,2
14,1274,4,0,4,0,10,10,4,3,3,1,4,2,8,8,9,2
14,1274,4,0,4,0,10,10,4,3,3,0,4,2,8,6,5,2
14,1274,4,0,4,0,10,10,4,3,3,0,4,2,8,6,5,2
14,1274,4,0,4,0,10,10,4,3,3,0,4,2,8,6,5,2
14,1274,4,0,4,0,9,10,4,3,3,0,3,2,8,6,5,2
14,1274,4,0,4,0,9,10,4,3,3,0,3,2,8,7,0,2
14,1274,4,0,4,0,9,10,4,3,3,0,3,2,8,6,0,1
14,1274,4,0,4,0,9,10,4,3,3,0,3,2,8,6,0,1
14,1274,4,0,4,0,9,10,4,3,3,0,3,2,8,6,0,0
14,1274,4,0,4,0,9,10,4,3,3,0,3,2,8,6,0,0
14,1274,4,0,4,0,9,9,4,3,3,0,3,2,8,6,0,0
14,1274,4,0,4,0,9,9,4,3,3,0,3,2,7,6,0,0
15,1275,4,0,4,0,9,9,4,3,3,0,3,2,4,6,0,0
15,1275,4,0,4,0,9,9,4,3,3,0,3,2,4,6,0,0
15,1275,4,0,4,0,9,9,4,3,3,0,3,2,4,6,0,0
15,1275,4,0,4,0,9,9,4,3,3,0,3,2,4,6,0,0
15,1275,4,0,4,0,9,9,4,3,3,0,3,2,4,6,0,0
15,1275,4,0,4,0,9,9,4,3,3,0,3,2,4,6,0,0
15,1275,4,0,4,0,9,9,4,3,3,0,3,2,4,6,8,0
15,1275,4,0,4,0,10,9,4,3,3,3,4,3,5,5,8,2
15,1275,4,0,4,0,10,10,4,4,3,3,4,3,5,5,8,3
15,1275,4,0,4,0,10,10,4,4,3,3,4,3,5,5,9,4
15,1275,4,0,4,0,10,10,4,4,3,3,4,3,5,5,9,4
15,1275,4,0,4,0,10,10,4,4,3,3,4,3,5,6,9,4
15,1275,4,0,4,0,10,10,4,4,3,2,4,3,5,6,9,4
15,1275,4,0,4,0,10,9,4,4,3,2,4,3,5,6,5,4
15,1275,4,0,4,0,10,9,4,4,3,1,4,3,5,6,5,4
15,1275,4,0,4,0,10,8,4,4,3,1,4,3,4,6,5,2
15,1275,4,0,4,0,9,7,4,4,3,1,3,2,4,5,5,1
15,1275,4,0,4,0,9,7,4,4,3,0,3,2,4,5,0,1
15,1275,4,0,4,0,9,7,4,4,3,0,3,2,4,5,0,1
15,1275,4,0,4,0,9,7,4,4,3,0,3,2,4,5,0,1
15,1275,4,0,4,0,9,7,4,4,3,0,3,2,4,5,0,1
15,1275,4,0,4,0,9,7,4,4,3,0,3,2,4,5,0,1
15,1275,4,0,4,0,9,7,4,4,3,0,3,2,4,5,0,0
15,1275,4,0,4,0,9,7,4,4,3,0,3,2,4,5,0,0
16,1276,4,0,4,0,9,7,4,4,3,0,3,2,7,5,0,0
16,1276,4,0,4,0,9,7,4,4,3,0,3,2,7,5,0,0
16,1276,4,0,4,0,9,7,4,4,3,0,3,2,7,5,0,0
16,1276,4,0,4,0,9,7,4,4,3,0,3,2,7,5,0,0
16,1276,4,0,4,0,9,7,4,4,3,0,3,2,7,5,0,0
16,1276,4,0,4,0,9,7,4,4,3,0,3,2,7,5,0,0
16,1276,4,0,4,0,9,7,4,4,3,0,3,2,10,5,8,0
16,1276,4,0,4,0,10,9,4,2,3,1,4,3,10,8,8,1
16,1276,4,0,4,0,10,10,4,2,3,1,4,3,10,10,8,1
16,1276,4,0,4,0,10,10,4,3,3,1,4,3,10,11,9,2
16,1276,4,0,4,0,10,10,4,3,3,1,4,3,10,11,9,2
16,1276,4,0,4,0,10,10,4,4,3,1,4,3,10,11,9,2
16,1276,4,0,4,0,10,10,4,4,3,1,4,3,10,11,9,2
16,1276,4,0,4,0,10,10,4,4,3,1,4,3,10,11,5,2
16,1276,4,0,4,0,10,10,4,2,3,1,4,3,10,11,5,2
16,1276,4,0,4,0,10,10,4,2,3,1,4,3,8,11,5,2
16,1276,4,0,4,0,9,10,4,2,3,1,3,3,8,10,5,2
16,1276,4,0,4,0,9,10,4,2,3,1,3,3,8,8,0,1
16,1276,4,0,4,0,9,10,4,2,3,1,3,3,8,7,0,1
16,1276,4,0,4,0,9,10,4,2,3,1,3,3,8,7,0,1
16,1276,4,0,4,0,9,10,4,2,3,1,3,3,8,7,0,0
16,1276,4,0,4,0,9,9,4,2,3,1,3,2,8,7,0,0
16,1276,4,0,4,0,9,9,4,2,3,1,3,2,8,7,0,0
16,1276,4,0,4,0,9,9,4,2,3,1,3,2,7,7,0,0
17,1277,4,0,4,0,9,9,4,2,3,1,3,2,7,7,0,0
17,1277,4,0,4,0,9,9,4,2,3,1,3,2,7,7,0,0
17,1277,4,0,4,0,9,9,4,2,3,1,3,2,7,7,0,0
17,1277,4,0,4,0,9,9,4,2,3,1,3,2,7,7,0,0
17,1277,4,0,4,0,9,9,4,2,3,1,3,2,7,7,0,0
17,1277,4,0,4,0,9,9,4,2,3,1,3,2,7,7,0,0
17,1277,4,0,4,0,9,9,4,2,3,1,3,2,8,7,8,0
17,1277,4,0,4,0,10,8,4,3,3,0,4,3,8,8,8,0
17,1277,4,0,4,0,10,10,4,3,3,0,4,3,8,8,8,0
17,1277,4,0,4,0,10,10,4,3,3,0,4,3,8,8,9,0
17,1277,4,0,4,0,10,10,4,3,3,0,4,3,8,8,9,0
17,1277,4,0,4,0,10,10,4,3,3,0,4,3,8,8,9,0
17,1277,4,0,4,0,10,10,4,3,3,0,4,3,8,8,9,0
17,1277,4,0,4,0,10,10,4,3,3,0,4,3,8,8,5,0
17,1277,4,0,4,0,10,10,4,3,3,0,4,3,8,7,5,0
17,1277,4,0,4,0,10,10,4,3,3,0,4,3,8,7,5,0
17,1277,4,0,4,0,9,10,4,3,3,0,3,3,8,7,5,0
17,1277,4,0,4,0,9,9,4,2,3,0,3,3,8,7,0,0
17,1277,4,0,4,0,9,9,4,2,3,0,3,3,8,7,0,0
17,1277,4,0,4,0,9,9,4,2,3,0,3,3,8,7,0,0
17,1277,4,0,4,0,9,9,4,2,3,0,3,3,8,7,0,0
17,1277,4,0,4,0,9,9,4,2,3,0,3,3,8,7,0,0
17,1277,4,0,4,0,9,9,4,2,3,0,3,3,8,7,0,0
17,1277,4,0,4,0,9,9,4,2,3,0,3,3,7,7,0,0
18,1278,4,0,4,0,9,9,4,2,3,0,3,3,7,7,0,0
18,1278,4,0,4,0,9,9,4,2,3,0,3,3,7,7,0,0
18,1278,4,0,4,0,9,9,4,2,3,0,3,3,7,7,0,0
18,1278,4,0,4,0,9,9,4,2,3,0,3,3,7,7,0,0
18,1278,4,0,4,0,9,9,4,2,3,0,3,3,7,7,0,0
18,1278,4,0,4,0,9,9,4,2,3,0,3,3,7,7,0,0
18,1278,4,0,4,0,9,9,4,2,3,0,3,3,8,7,8,0
18,1278,4,0,4,0,10,8,4,1,3,1,4,3,8,8,8,1
18,1278,4,0,4,0,10,10,4,0,3,3,4,3,8,8,8,1
18,1278,4,0,4,0,10,10,4,1,3,2,4,3,8,8,9,2
18,1278,4,0,4,0,10,10,4,1,3,3,4,3,8,8,9,2
18,1278,4,0,4,0,10,10,4,3,3,3,4,3,8,8,9,2
18,1278,4,0,4,0,10,10,4,4,3,3,4,3,8,8,9,2
18,1278,4,0,4,0,10,10,4,4,3,3,4,3,8,8,5,2
18,1278,4,0,4,0,10,10,4,2,3,2,4,3,8,9,5,2
18,1278,4,0,4,0,10,10,4,2,3,1,4,3,8,8,5,1
18,1278,4,0,4,0,9,10,4,2,3,1,3,3,8,8,5,1
18,1278,4,0,4,0,9,9,4,2,3,1,3,3,8,8,0,1
18,1278,4,0,4,0,9,9,4,2,3,1,3,3,8,8,0,1
18,1278,4,0,4,0,9,9,4,2,3,1,3,3,8,8,0,1
18,1278,4,0,4,0,9,9,4,2,3,1,3,3,8,8,0,1
18,1278,4,0,4,0,9,8,4,2,3,1,3,3,8,8,0,1
18,1278,4,0,4,0,9,8,4,2,3,1,3,3,8,8,0,1
18,1278,4,0,4,0,9,8,4,2,3,1,3,3,7,8,0,1
19,1279,4,0,3,0,8,8,3,2,2,1,2,3,7,8,0,1
19,1279,4,0,3,0,8,8,3,2,2,1,2,3,7,8,0,1
19,1279,4,0,3,0,8,8,3,2,2,1,2,3,7,8,0,1
19,1279,4,0,3,0,8,8,3,2,2,1,2,3,7,8,0,1
19,1279,4,0,3,0,8,8,3,2,2,1,2,3,7,8,0,1
19,1279,4,0,3,0,8,8,3,2,2,2,2,3,7,8,0,1
19,1279,4,0,3,0,8,8,3,2,2,2,3,3,10,8,0,1
19,1279,4,0,3,0,8,7,3,1,2,2,3,1,10,6,0,1
19,1279,4,0,3,0,8,7,3,1,2,2,3,1,10,6,0,1
19,1279,4,0,3,0,8,7,3,1,2,2,3,1,10,6,0,1
19,1279,4,0,3,0,8,7,3,1,2,2,3,1,10,6,0,1
19,1279,4,0,3,0,8,7,3,1,2,2,3,1,10,6,0,1
19,1279,4,0,3,0,8,7,3,1,2,1,3,1,10,6,0,0
19,1279,4,0,3,0,8,7,3,1,2,1,3,1,10,6,0,0
19,1279,4,0,3,0,8,7,3,1,2,1,3,1,10,6,0,0
19,1279,4,0,3,0,8,7,3,1,2,1,2,1,8,6,0,0
19,1279,4,0,3,0,8,7,3,1,2,1,2,1,8,6,0,0
19,1279,4,0,3,0,8,7,3,1,2,1,2,1,8,6,0,0
19,1279,4,0,3,0,8,7,3,0,2,1,2,1,8,6,0,0
19,1279,4,0,3,0,8,7,3,0,2,1,2,1,8,6,0,0
19,1279,4,0,3,0,8,7,3,0,2,1,2,1,8,6,0,0
19,1279,4,0,3,0,8,7,3,0,2,1,2,1,8,6,0,0
19,1279,4,0,3,0,8,7,3,0,2,1,2,1,8,6,0,0
19,1279,4,0,3,0,8,7,3,0,2,1,2,1,7,6,0,0
20,1280,4,0,3,0,8,7,3,0,2,1,2,1,4,6,0,0
20,1280,4,0,3,0,8,7,3,0,2,1,2,1,4,6,0,0
20,1280,4,0,3,0,8,7,3,0,2,1,2,1,4,6,0,0
20,1280,4,0,3,0,8,7,3,0,2,1,2,1,4,6,0,0
20,1280,4,0,3,0,8,7,3,0,2,1,2,1,4,6,0,0
20,1280,4,0,3,0,8,7,3,0,2,1,2,1,4,6,0,0
20,1280,4,0,3,0,8,7,3,0,2,1,3,1,4,6,0,0
20,1280,4,0,3,0,8,7,3,0,2,0,3,1,5,5,0,0
20,1280,4,0,3,0,8,7,3,0,2,0,3,1,5,5,0,0
20,1280,4,0,3,0,8,7,3,0,2,0,3,1,5,5,0,0
20,1280,4,0,3,0,8,7,3,0,2,0,3,1,5,5,0,0
20,1280,4,0,3,0,8,7,3,0,2,0,3,1,5,5,0,0
20,1280,4,0,3,0,8,7,3,0,2,0,3,1,5,4,0,0
20,1280,4,0,3,0,8,6,3,0,2,0,3,1,5,4,0,0
20,1280,4,0,3,0,8,6,3,0,2,0,3,1,5,4,0,0
20,1280,4,0,3,0,8,6,3,0,2,0,2,1,4,4,0,0
20,1280,4,0,3,0,8,6,3,0,2,0,2,1,4,4,0,0
20,1280,4,0,3,0,8,6,3,0,2,0,2,1,4,4,0,0
20,1280,4,0,3,0,8,6,3,0,2,0,2,1,4,4,0,0
20,1280,4,0,3,0,8,6,3,0,2,0,2,1,4,4,0,0
20,1280,4,0,3,0,8,6,3,0,2,0,2,1,4,4,0,0
20,1280,4,0,3,0,8,6,3,0,2,0,2,0,4,4,0,0
20,1280,4,0,3,0,8,6,3,0,2,0,2,0,4,4,0,0
20,1280,4,0,3,0,8,6,3,0,2,0,2,0,4,4,0,0
21,1281,4,0,4,0,9,6,4,0,3,0,3,0,7,4,0,0
21,1281,4,0,4,0,9,6,4,0,3,0,3,0,7,4,0,0
21,1281,4,0,4,0,9,6,4,0,3,0,3,0,7,4,0,0
21,1281,4,0,4,0,9,6,4,0,3,0,3,0,7,4,0,0
21,1281,4,0,4,0,9,6,4,0,3,0,3,0,7,4,0,0
21,1281,4,0,4,0,9,6,4,0,3,0,3,0,7,4,0,0
21,1281,4,0,4,0,9,6,4,0,3,0,3,0,8,4,8,0
21,1281,4,0,4,0,10,9,4,2,3,1,4,1,8,5,8,1
21,1281,4,0,4,0,10,10,4,3,3,2,4,1,8,5,8,1
21,1281,4,0,4,0,10,10,4,2,3,2,4,1,8,6,9,1
21,1281,4,0,4,0,10,10,4,2,3,2,4,1,8,6,9,1
21,1281,4,0,4,0,10,10,4,3,3,3,4,1,8,6,9,1
21,1281,4,0,4,0,10,10,4,4,3,2,4,1,8,6,9,1
21,1281,4,0,4,0,10,9,4,4,3,2,4,1,8,5,5,1
21,1281,4,0,4,0,10,9,4,3,3,1,4,1,8,5,5,1
21,1281,4,0,4,0,10,9,4,2,3,1,4,1,8,5,5,1
21,1281,4,0,4,0,9,9,4,2,3,1,3,1,8,5,5,1
21,1281,4,0,4,0,9,9,4,2,3,1,3,1,8,5,0,1
21,1281,4,0,4,0,9,9,4,2,3,1,3,1,8,5,0,1
21,1281,4,0,4,0,9,9,4,2,3,1,3,1,8,5,0,0
21,1281,4,0,4,0,9,9,4,2,3,1,3,1,8,5,0,0
21,1281,4,0,4,0,9,9,4,2,3,1,3,1,8,5,0,0
21,1281,4,0,4,0,9,9,4,2,3,1,3,1,8,5,0,0
21,1281,4,0,4,0,9,9,4,2,3,1,3,1,7,5,0,0
22,1282,4,0,4,0,9,9,4,2,3,1,3,1,4,5,0,0
22,1282,4,0,4,0,9,9,4,2,3,1,3,1,4,5,0,0
22,1282,4,0,4,0,9,9,4,2,3,1,3,1,4,5,0,0
22,1282,4,0,4,0,9,9,4,2,3,1,3,1,4,5,0,0
22,1282,4,0,4,0,9,9,4,2,3,1,3,1,4,5,0,0
22,1282,4,0,4,0,9,9,4,2,3,1,3,1,4,5,0,0
22,1282,4,0,4,0,9,9,4,2,3,1,3,1,4,5,8,0
22,1282,4,0,4,0,10,9,4,2,3,2,4,2,5,5,8,5
22,1282,4,0,4,0,10,10,4,3,3,3,4,2,5,6,8,6
22,1282,4,0,4,0,10,10,4,4,3,3,4,2,5,6,9,7
22,1282,4,0,4,0,10,10,4,4,3,3,4,2,5,7,9,8
22,1282,4,0,4,0,10,10,4,4,3,3,4,2,5,7,9,8
22,1282,4,0,4,0,10,10,4,4,3,2,4,2,5,7,9,8
22,1282,4,0,4,0,10,8,4,4,3,2,4,2,5,6,5,7
22,1282,4,0,4,0,10,8,4,4,3,2,4,2,5,6,5,6
22,1282,4,0,4,0,10,8,4,2,3,1,4,2,4,6,5,4
22,1282,4,0,4,0,9,8,4,1,3,1,3,2,4,5,5,3
22,1282,4,0,4,0,9,8,4,1,3,1,3,2,4,5,0,3
22,1282,4,0,4,0,9,8,4,1,3,1,3,2,4,5,0,3
22,1282,4,0,4,0,9,7,4,1,3,1,3,2,4,5,0,3
22,1282,4,0,4,0,9,7,4,1,3,1,3,2,4,5,0,3
22,1282,4,0,4,0,9,7,4,1,3,1,3,2,4,5,0,3
22,1282,4,0,4,0,9,7,4,1,3,1,3,2,4,5,0,2
22,1282,4,0,4,0,9,7,4,1,3,1,3,2,4,5,0,2
23,1283,4,0,4,0,9,7,4,1,3,1,3,2,7,7,0,2
23,1283,4,0,4,0,9,7,4,1,3,1,3,2,7,7,0,2
23,1283,4,0,4,0,9,7,4,1,3,1,3,2,7,7,0,2
23,1283,4,0,4,0,9,7,4,1,3,1,3,2,7,7,0,2
23,1283,4,0,4,0,9,7,4,1,3,1,3,2,7,7,0,2
23,1283,4,0,4,0,9,7,4,1,3,1,3,2,7,7,0,2
23,1283,4,0,4,0,9,7,4,1,3,1,3,2,10,7,8,2
23,1283,4,0,4,0,10,10,4,2,3,1,4,3,10,7,8,0
23,1283,4,0,4,0,10,10,4,2,3,1,4,3,10,9,8,0
23,1283,4,0,4,0,10,10,4,3,3,1,4,3,10,10,9,0
23,1283,4,0,4,0,10,10,4,4,3,1,4,3,10,10,9,0
23,1283,4,0,4,0,10,10,4,4,3,1,4,3,10,10,9,0
23,1283,4,0,4,0,10,10,4,4,3,1,4,3,10,10,9,0
23,1283,4,0,4,0,10,10,4,4,3,1,4,3,10,10,5,0
23,1283,4,0,4,0,10,9,4,4,3,1,4,3,10,10,5,0
23,1283,4,0,4,0,10,9,4,4,3,1,4,3,8,10,5,0
23,1283,4,0,4,0,9,9,4,4,3,1,3,3,8,10,5,0
23,1283,4,0,4,0,9,9,4,4,3,1,3,3,8,10,0,0
23,1283,4,0,4,0,9,9,4,4,3,1,3,3,8,10,0,0
23,1283,4,0,4,0,9,9,4,3,3,1,3,3,8,10,0,0
23,1283,4,0,4,0,9,9,4,3,3,1,3,3,8,10,0,0
23,1283,4,0,4,0,9,9,4,3,3,1,3,3,8,10,0,0
23,1283,4,0,4,0,9,9,4,3,3,0,3,3,8,9,0,0
23,1283,4,0,4,0,9,9,4,3,3,0,3,3,7,9,0,0
24,1284,4,0,4,0,9,9,4,3,3,0,3,3,7,9,0,0
24,1284,4,0,4,0,9,9,4,3,3,0,3,3,7,9,0,0
24,1284,4,0,4,0,9,9,4,3,3,0,3,3,7,9,0,0
24,1284,4,0,4,0,9,9,4,3,3,0,3,3,7,9,0,0
24,1284,4,0,4,0,9,9,4,3,3,0,3,3,7,9,0,0
24,1284,4,0,4,0,9,9,4,3,3,0,3,3,7,9,0,0
24,1284,4,0,4,0,9,9,4,3,3,0,3,3,8,9,8,0
24,1284,4,0,4,0,10,10,4,3,3,0,4,4,8,8,8,0
24,1284,4,0,4,0,10,10,4,3,3,0,4,4,8,8,8,0
24,1284,4,0,4,0,10,10,4,3,3,0,4,4,8,8,9,0
24,1284,4,0,4,0,10,10,4,3,3,0,4,4,8,8,9,0
24,1284,4,0,4,0,10,10,4,3,3,0,4,4,8,8,9,0
24,1284,4,0,4,0,10,10,4,3,3,0,4,4,8,8,9,0
24,1284,4,0,4,0,10,10,4,3,3,0,4,4,8,8,5,0
24,1284,4,0,4,0,10,10,4,3,3,0,4,4,8,8,5,0
24,1284,4,0,4,0,10,10,4,3,3,0,4,4,8,7,5,0
24,1284,4,0,4,0,9,10,4,3,3,0,3,3,8,7,5,0
24,1284,4,0,4,0,9,10,4,3,3,0,3,3,8,7,0,0
24,1284,4,0,4,0,9,10,4,3,3,0,3,3,8,7,0,0
24,1284,4,0,4,0,9,10,4,3,3,0,3,3,8,7,0,0
24,1284,4,0,4,0,9,10,4,3,3,0,3,3,8,7,0,0
24,1284,4,0,4,0,9,10,4,3,3,0,3,3,8,7,0,0
24,1284,4,0,4,0,9,10,4,3,3,0,3,3,8,7,0,0
24,1284,4,0,4,0,9,10,4,3,3,0,3,3,7,7,0,0
25,1285,4,0,4,0,9,10,4,3,3,0,3,3,7,7,0,0
25,1285,4,0,4,0,9,10,4,3,3,0,3,3,7,7,0,0
25,1285,4,0,4,0,9,10,4,3,3,0,3,3,7,7,0,0
25,1285,4,0,4,0,9,10,4,3,3,0,3,3,7,7,0,0
25,1285,4,0,4,0,9,10,4,3,3,0,3,3,7,7,0,0
25,1285,4,0,4,0,9,10,4,3,3,0,3,3,7,7,0,0
25,1285,4,0,4,0,9,10,4,3,3,0,3,3,8,7,8,0
25,1285,4,0,4,0,10,10,4,3,3,1,4,3,8,8,8,1
25,1285,4,0,4,0,10,10,4,3,3,3,4,3,8,8,8,1
25,1285,4,0,4,0,10,10,4,4,3,3,4,3,8,8,9,2
25,1285,4,0,4,0,10,10,4,4,3,3,4,3,8,8,9,3
25,1285,4,0,4,0,10,10,4,4,3,3,4,3,8,8,9,4
25,1285,4,0,4,0,10,10,4,4,3,3,4,3,8,8,9,4
25,1285,4,0,4,0,10,10,4,4,3,3,4,3,8,8,5,4
25,1285,4,0,4,0,10,10,4,4,3,3,4,3,8,8,5,3
25,1285,4,0,4,0,10,10,4,4,3,3,4,3,8,8,5,1
25,1285,4,0,4,0,9,10,4,4,3,3,3,3,8,7,5,1
25,1285,4,0,4,0,9,10,4,4,3,3,3,3,8,7,0,1
25,1285,4,0,4,0,9,10,4,4,3,2,3,3,8,7,0,1
25,1285,4,0,4,0,9,10,4,4,3,2,3,3,8,7,0,1
25,1285,4,0,4,0,9,10,4,3,3,1,3,3,8,7,0,1
25,1285,4,0,4,0,9,10,4,3,3,1,3,3,8,7,0,1
25,1285,4,0,4,0,9,10,4,3,3,1,3,3,8,7,0,1
25,1285,4,0,4,0,9,10,4,3,3,1,3,3,7,7,0,1
26,1286,4,0,3,0,8,10,3,3,2,1,2,3,7,7,0,1
26,1286,4,0,3,0,8,10,3,3,2,1,2,3,7,7,0,1
26,1286,4,0,3,0,8,10,3,3,2,1,2,3,7,7,0,1
26,1286,4,0,3,0,8,10,3,3,2,1,2,3,7,7,0,1
26,1286,4,0,3,0,8,10,3,3,2,1,2,3,7,7,0,1
26,1286,4,0,3,0,8,10,3,3,2,1,2,3,7,7,0,1
26,1286,4,0,3,0,8,10,3,3,2,1,3,3,10,7,0,1
26,1286,4,0,3,0,8,10,3,3,2,0,3,3,10,7,0,0
26,1286,4,0,3,0,8,10,3,3,2,0,3,3,10,6,0,0
26,1286,4,0,3,0,8,10,3,3,2,0,3,3,10,6,0,0
26,1286,4,0,3,0,8,10,3,3,2,0,3,3,10,6,0,0
26,1286,4,0,3,0,8,10,3,3,2,0,3,3,10,6,0,0
26,1286,4,0,3,0,8,10,3,3,2,0,3,3,10,6,0,0
26,1286,4,0,3,0,8,10,3,3,2,0,3,3,10,6,0,0
26,1286,4,0,3,0,8,10,3,3,2,0,3,3,10,6,0,0
26,1286,4,0,3,0,8,10,3,3,2,0,2,3,8,6,0,0
26,1286,4,0,3,0,8,10,3,3,2,0,2,3,8,6,0,0
26,1286,4,0,3,0,8,10,3,2,2,0,2,3,8,6,0,0
26,1286,4,0,3,0,8,10,3,2,2,0,2,2,8,6,0,0
26,1286,4,0,3,0,8,10,3,2,2,0,2,2,8,6,0,0
26,1286,4,0,3,0,8,9,3,2,2,0,2,2,8,5,0,0
26,1286,4,0,3,0,8,9,3,2,2,0,2,2,8,5,0,0
26,1286,4,0,3,0,8,9,3,2,2,0,2,2,8,5,0,0
26,1286,4,0,3,0,8,9,3,2,2,0,2,2,7,5,0,0
27,1287,4,0,3,0,8,9,3,2,2,0,2,2,4,5,0,0
27,1287,4,0,3,0,8,9,3,2,2,0,2,2,4,5,0,0
27,1287,4,0,3,0,8,9,3,2,2,0,2,2,4,5,0,0
27,1287,4,0,3,0,8,9,3,2,2,0,2,2,4,5,0,0
27,1287,4,0,3,0,8,9,3,2,2,0,2,2,4,5,0,0
27,1287,4,0,3,0,8,9,3,2,2,0,2,2,4,5,0,0
27,1287,4,0,3,0,8,9,3,2,2,0,3,2,4,5,0,0
27,1287,4,0,3,0,8,9,3,2,2,0,3,2,5,4,0,0
27,1287,4,0,3,0,8,9,3,2,2,0,3,1,5,4,0,0
27,1287,4,0,3,0,8,9,3,2,2,0,3,1,5,4,0,0
27,1287,4,0,3,0,8,9,3,2,2,0,3,0,5,4,0,0
27,1287,4,0,3,0,8,9,3,2,2,0,3,0,5,4,0,0
27,1287,4,0,3,0,8,9,3,2,2,0,3,0,5,4,0,0
27,1287,4,0,3,0,8,9,3,2,2,0,3,0,5,4,0,0
27,1287,4,0,3,0,8,9,3,2,2,0,3,0,5,4,0,0
27,1287,4,0,3,0,8,9,3,2,2,0,2,0,4,4,0,0
27,1287,4,0,3,0,8,9,3,2,2,0,2,0,4,4,0,0
27,1287,4,0,3,0,8,9,3,2,2,0,2,0,4,4,0,0
27,1287,4,0,3,0,8,9,3,2,2,0,2,0,4,4,0,0
27,1287,4,0,3,0,8,9,3,2,2,0,2,0,4,4,0,0
27,1287,4,0,3,0,8,9,3,1,2,0,2,0,4,4,0,0
27,1287,4,0,3,0,8,9,3,1,2,0,2,0,4,4,0,0
27,1287,4,0,3,0,8,9,3,1,2,0,2,0,4,4,0,0
27,1287,4,0,3,0,8,9,3,1,2,0,2,0,4,4,0,0
0,1288,4,0,4,0,9,9,4,1,3,0,3,0,7,4,0,0
0,1288,4,0,4,0,9,9,4,1,3,0,3,0,7,4,0,0
0,1288,4,0,4,0,9,9,4,1,3,0,3,0,7,4,0,0
0,1288,4,0,4,0,9,9,4,1,3,0,3,0,7,4,0,0
0,1288,4,0,4,0,9,9,4,1,3,0,3,0,7,4,0,0
0,1288,4,0,4,0,9,9,4,1,3,0,3,0,7,4,0,0
0,1288,4,0,4,0,9,9,4,1,3,0,3,0,8,4,8,0
0,1288,4,0,4,0,10,9,4,3,3,0,4,1,8,8,8,2
0,1288,4,0,4,0,10,10,4,4,3,0,4,1,8,8,8,2
0,1288,4,0,4,0,10,10,4,4,3,0,4,1,8,8,9,2
0,1288,4,0,4,0,10,10,4,4,3,0,4,1,8,8,9,2
0,1288,4,0,4,0,10,10,4,4,3,1,4,1,8,8,9,2
0,1288,4,0,4,0,10,10,4,4,3,1,4,1,8,8,9,2
0,1288,4,0,4,0,10,10,4,4,3,1,4,1,8,8,5,1
0,1288,4,0,4,0,10,9,4,4,3,0,4,1,8,8,5,1
0,1288,4,0,4,0,10,9,4,4,3,0,4,1,8,8,5,1
0,1288,4,0,4,0,9,9,4,4,3,0,3,1,8,8,5,1
0,1288,4,0,4,0,9,9,4,4,3,0,3,1,8,8,0,1
0,1288,4,0,4,0,9,9,4,4,3,0,3,1,8,8,0,1
0,1288,4,0,4,0,9,9,4,4,3,0,3,1,8,8,0,1
0,1288,4,0,4,0,9,9,4,4,3,0,3,1,8,8,0,0
0,1288,4,0,4,0,9,9,4,4,3,0,3,1,8,8,0,0
0,1288,4,0,4,0,9,9,4,4,3,0,3,1,8,8,0,0
0,1288,4,0,4,0,9,9,4,4,3,0,3,1,7,8,0,0
1,1289,4,0,4,0,9,9,4,4,3,0,3,1,4,8,0,0
1,1289,4,0,4,0,9,9,4,4,3,0,3,1,4,8,0,0
1,1289,4,0,4,0,9,9,4,4,3,0,3,1,4,8,0,0
1,1289,4,0,4,0,9,9,4,4,3,0,3,1,4,8,0,0
1,1289,4,0,4,0,9,9,4,4,3,0,3,1,4,8,0,0
1,1289,4,0,4,0,9,9,4,4,3,0,3,1,4,8,0,0
1,1289,4,0,4,0,9,9,4,4,3,0,3,1,4,8,8,0
1,1289,4,0,4,0,10,8,4,4,3,2,4,2,5,7,8,1
1,1289,4,0,4,0,10,10,4,4,3,3,4,2,5,7,8,1
1,1289,4,0,4,0,10,9,4,4,3,2,4,2,5,7,9,2
1,1289,4,0,4,0,10,10,4,4,3,3,4,2,5,7,9,2
1,1289,4,0,4,0,10,10,4,4,3,2,4,2,5,7,9,2
1,1289,4,0,4,0,10,10,4,4,3,3,4,1,5,7,9,2
1,1289,4,0,4,0,10,9,4,4,3,2,4,0,5,7,5,2
1,1289,4,0,4,0,10,8,4,4,3,2,4,0,5,7,5,2
1,1289,4,0,4,0,10,8,4,4,3,2,4,0,4,7,5,2
1,1289,4,0,4,0,9,8,4,4,3,2,3,0,4,7,5,2
1,1289,4,0,4,0,9,8,4,4,3,2,3,0,4,7,0,2
1,1289,4,0,4,0,9,8,4,3,3,2,3,0,4,7,0,2
1,1289,4,0,4,0,9,8,4,3,3,2,3,0,4,6,0,2
1,1289,4,0,4,0,9,8,4,3,3,2,3,0,4,6,0,1
1,1289,4,0,4,0,9,8,4,3,3,2,3,0,4,6,0,1
1,1289,4,0,4,0,9,8,4,3,3,1,3,0,4,6,0,1
1,1289,4,0,4,0,9,8,4,3,3,1,3,0,4,6,0,1
2,1290,4,0,4,0,9,8,4,3,3,1,3,0,7,7,0,1
2,1290,4,0,4,0,9,8,4,3,3,1,3,0,7,7,0,1
2,1290,4,0,4,0,9,8,4,3,3,1,3,0,7,7,0,1
2,1290,4,0,4,0,9,8,4,3,3,1,3,0,7,7,0,1
2,1290,4,0,4,0,9,8,4,3,3,1,3,0,7,7,0,1
2,1290,4,0,4,0,9,8,4,3,3,1,3,0,7,7,0,1
2,1290,4,0,4,0,9,8,4,3,3,1,3,0,10,7,8,1
2,1290,4,0,4,0,10,9,4,3,3,1,4,1,10,10,8,1
2,1290,4,0,4,0,10,10,4,4,3,1,4,1,10,10,8,1
2,1290,4,0,4,0,10,10,4,3,3,1,4,1,10,10,9,1
2,1290,4,0,4,0,10,10,4,4,3,1,4,1,10,10,9,1
2,1290,4,0,4,0,10,10,4,4,3,1,4,1,10,10,9,1
2,1290,4,0,4,0,10,10,4,4,3,1,4,1,10,10,9,1
2,1290,4,0,4,0,10,10,4,3,3,1,4,1,10,10,5,1
2,1290,4,0,4,0,10,10,4,3,3,1,4,1,10,10,5,1
2,1290,4,0,4,0,10,9,4,3,3,1,4,1,8,10,5,1
2,1290,4,0,4,0,9,9,4,3,3,1,3,1,8,9,5,1
2,1290,4,0,4,0,9,9,4,3,3,1,3,1,8,8,0,1
2,1290,4,0,4,0,9,8,4,3,3,1,3,1,8,8,0,1
2,1290,4,0,4,0,9,8,4,3,3,1,3,1,8,8,0,1
2,1290,4,0,4,0,9,8,4,3,3,1,3,1,8,8,0,0
2,1290,4,0,4,0,9,8,4,3,3,1,3,1,8,8,0,0
2,1290,4,0,4,0,9,8,4,3,3,1,3,1,8,8,0,0
2,1290,4,0,4,0,9,8,4,3,3,1,3,1,7,8,0,0
3,1291,4,0,4,0,9,8,4,3,3,1,3,1,7,8,0,0
3,1291,4,0,4,0,9,8,4,3,3,1,3,1,7,8,0,0
3,1291,4,0,4,0,9,8,4,3,3,1,3,1,7,8,0,0
3,1291,4,0,4,0,9,8,4,3,3,1,3,1,7,8,0,0
3,1291,4,0,4,0,9,8,4,3,3,1,3,1,7,8,0,0
3,1291,4,0,4,0,9,8,4,3,3,1,3,1,7,8,0,0
3,1291,4,0,4,0,9,8,4,3,3,1,3,1,8,8,8,0
3,1291,4,0,4,0,10,9,4,4,3,1,4,2,8,8,8,0
3,1291,4,0,4,0,10,10,4,4,3,1,4,2,8,8,8,0
3,1291,4,0,4,0,10,10,4,4,3,1,4,2,8,8,9,0
3,1291,4,0,4,0,10,10,4,3,3,0,4,2,8,8,9,0
3,1291,4,0,4,0,10,10,4,3,3,0,4,2,8,8,9,0
3,1291,4,0,4,0,10,10,4,3,3,0,4,2,8,8,9,0
3,1291,4,0,4,0,10,10,4,3,3,0,4,2,8,7,5,0
3,1291,4,0,4,0,10,10,4,3,3,0,4,2,8,7,5,0
3,1291,4,0,4,0,10,10,4,3,3,0,4,2,8,7,5,0
3,1291,4,0,4,0,9,10,4,3,3,0,3,2,8,7,5,0
3,1291,4,0,4,0,9,10,4,3,3,0,3,2,8,7,0,0
3,1291,4,0,4,0,9,10,4,3,3,0,3,2,8,7,0,0
3,1291,4,0,4,0,9,10,4,3,3,0,3,2,8,7,0,0
3,1291,4,0,4,0,9,10,4,3,3,0,3,2,8,7,0,0
3,1291,4,0,4,0,9,10,4,3,3,0,3,2,8,6,0,0
3,1291,4,0,4,0,9,10,4,3,3,0,3,2,8,6,0,0
3,1291,4,0,4,0,9,10,4,3,3,0,3,2,7,6,0,0
4,1292,4,0,4,0,9,10,4,3,3,0,3,2,7,6,0,0
4,1292,4,0,4,0,9,10,4,3,3,0,3,2,7,6,0,0
4,1292,4,0,4,0,9,10,4,3,3,0,3,2,7,6,0,0
4,1292,4,0,4,0,9,10,4,3,3,0,3,2,7,6,0,0
4,1292,4,0,4,0,9,10,4,3,3,0,3,2,7,6,0,0
4,1292,4,0,4,0,9,10,4,3,3,0,3,2,7,6,0,0
4,1292,4,0,4,0,9,10,4,3,3,0,3,2,8,6,8,0
4,1292,4,0,4,0,10,9,4,3,3,1,4,3,8,8,8,1
4,1292,4,0,4,0,10,10,4,3,3,3,4,3,8,8,8,1
4,1292,4,0,4,0,10,10,4,4,3,2,4,3,8,8,9,1
4,1292,4,0,4,0,10,10,4,4,3,3,4,3,8,8,9,1
4,1292,4,0,4,0,10,10,4,4,3,3,4,3,8,8,9,1
4,1292,4,0,4,0,10,10,4,4,3,3,4,3,8,8,9,1
4,1292,4,0,4,0,10,10,4,4,3,3,4,3,8,8,5,1
4,1292,4,0,4,0,10,9,4,4,3,2,4,3,8,8,5,1
4,1292,4,0,4,0,10,9,4,4,3,2,4,3,8,8,5,1
4,1292,4,0,4,0,9,9,4,4,3,2,3,3,8,8,5,1
4,1292,4,0,4,0,9,9,4,4,3,2,3,3,8,8,0,1
4,1292,4,0,4,0,9,9,4,4,3,2,3,3,8,8,0,1
4,1292,4,0,4,0,9,9,4,4,3,2,3,3,8,8,0,1
4,1292,4,0,4,0,9,9,4,4,3,2,3,3,8,7,0,1
4,1292,4,0,4,0,9,9,4,4,3,2,3,3,8,7,0,0
4,1292,4,0,4,0,9,9,4,4,3,2,3,3,8,6,0,0
4,1292,4,0,4,0,9,9,4,4,3,2,3,3,7,6,0,0
5,1293,4,0,3,0,8,9,3,4,2,2,2,3,7,6,0,0
5,1293,4,0,3,0,8,9,3,4,2,2,2,3,7,6,0,0
5,1293,4,0,3,0,8,9,3,4,2,2,2,3,7,6,0,0
5,1293,4,0,3,0,8,9,3,4,2,2,2,3,7,6,0,0
5,1293,4,0,3,0,8,9,3,4,2,2,2,3,7,6,0,0
5,1293,4,0,3,0,8,9,3,4,2,2,2,3,7,6,0,0
5,1293,4,0,3,0,8,9,3,4,2,2,3,3,10,6,0,0
5,1293,4,0,3,0,8,9,3,4,2,1,3,2,10,5,0,0
5,1293,4,0,3,0,8,9,3,4,2,1,3,2,10,5,0,0
5,1293,4,0,3,0,8,9,3,4,2,1,3,2,10,5,0,0
5,1293,4,0,3,0,8,9,3,4,2,1,3,2,10,5,0,0
5,1293,4,0,3,0,8,9,3,4,2,1,3,1,10,5,0,0
5,1293,4,0,3,0,8,9,3,4,2,1,3,1,10,5,0,0
5,1293,4,0,3,0,8,9,3,4,2,1,3,1,10,5,0,0
5,1293,4,0,3,0,8,9,3,4,2,1,3,1,10,5,0,0
5,1293,4,0,3,0,8,9,3,4,2,1,2,1,8,5,0,0
5,1293,4,0,3,0,8,9,3,4,2,1,2,1,8,5,0,0
5,1293,4,0,3,0,8,9,3,4,2,1,2,1,8,5,0,0
5,1293,4,0,3,0,8,9,3,4,2,1,2,1,8,5,0,0
5,1293,4,0,3,0,8,9,3,4,2,0,2,1,8,5,0,0
5,1293,4,0,3,0,8,9,3,4,2,0,2,1,8,5,0,0
5,1293,4,0,3,0,8,8,3,4,2,0,2,1,8,5,0,0
5,1293,4,0,3,0,8,8,3,4,2,0,2,1,8,5,0,0
5,1293,4,0,3,0,8,8,3,4,2,0,2,1,7,5,0,0
6,1294,4,0,3,0,8,8,3,4,2,0,2,1,4,5,0,0
6,1294,4,0,3,0,8,8,3,4,2,0,2,1,4,5,0,0
6,1294,4,0,3,0,8,8,3,4,2,0,2,1,4,5,0,0
6,1294,4,0,3,0,8,8,3,4,2,0,2,1,4,5,0,0
6,1294,4,0,3,0,8,8,3,4,2,0,2,1,4,5,0,0
6,1294,4,0,3,0,8,8,3,4,2,0,2,1,4,5,0,0
6,1294,4,0,3,0,8,8,3,4,2,0,3,1,4,5,0,0
6,1294,4,0,3,0,8,8,3,4,2,0,3,1,5,5,0,0
6,1294,4,0,3,0,8,8,3,4,2,0,3,1,5,5,0,0
6,1294,4,0,3,0,8,8,3,4,2,0,3,1,5,5,0,0
6,1294,4,0,3,0,8,8,3,3,2,0,3,1,5,5,0,0
6,1294,4,0,3,0,8,8,3,3,2,0,3,1,5,5,0,0
6,1294,4,0,3,0,8,8,3,3,2,0,3,1,5,5,0,0
6,1294,4,0,3,0,8,8,3,3,2,0,3,1,5,5,0,0
6,1294,4,0,3,0,8,8,3,3,2,0,3,1,5,5,0,0
6,1294,4,0,3,0,8,8,3,3,2,0,2,1,4,5,0,0
6,1294,4,0,3,0,8,8,3,3,2,0,2,1,4,5,0,0
6,1294,4,0,3,0,8,8,3,3,2,0,2,1,4,5,0,0
6,1294,4,0,3,0,8,8,3,3,2,0,2,1,4,5,0,0
6,1294,4,0,3,0,8,8,3,3,2,0,2,1,4,5,0,0
6,1294,4,0,3,0,8,8,3,3,2,0,2,1,4,5,0,0
6,1294,4,0,3,0,8,8,3,3,2,0,2,1,4,5,0,0
6,1294,4,0,3,0,8,8,3,3,2,0,2,1,4,5,0,0
6,1294,4,0,3,0,8,8,3,3,2,0,2,1,4,5,0,0
7,1295,4,0,4,0,9,8,4,3,3,0,3,1,7,5,0,0
7,1295,4,0,4,0,9,8,4,3,3,0,3,1,7,5,0,0
7,1295,4,0,4,0,9,8,4,3,3,0,3,1,7,5,0,0
7,1295,4,0,4,0,9,8,4,3,3,0,3,1,7,5,0,0
7,1295,4,0,4,0,9,8,4,3,3,0,3,1,7,5,0,0
7,1295,4,0,4,0,9,8,4,3,3,0,3,1,7,5,0,0
7,1295,4,0,4,0,9,8,4,3,3,0,3,1,8,5,8,0
7,1295,4,0,4,0,10,9,4,3,3,2,4,2,8,6,8,1
7,1295,4,0,4,0,10,9,4,3,3,3,4,2,8,7,8,1
7,1295,4,0,4,0,10,9,4,4,3,3,4,2,8,8,9,1
7,1295,4,0,4,0,10,10,4,3,3,3,4,2,8,8,9,1
7,1295,4,0,4,0,10,10,4,4,3,3,4,2,8,8,9,1
7,1295,4,0,4,0,10,10,4,4,3,3,4,1,8,8,9,1
7,1295,4,0,4,0,10,9,4,3,3,3,4,1,8,7,5,1
7,1295,4,0,4,0,10,9,4,3,3,3,4,1,8,7,5,1
7,1295,4,0,4,0,10,9,4,3,3,3,4,1,8,7,5,1
7,1295,4,0,4,0,9,9,4,3,3,3,3,1,8,7,5,1
7,1295,4,0,4,0,9,9,4,3,3,3,3,1,8,7,0,1
7,1295,4,0,4,0,9,9,4,3,3,3,3,1,8,7,0,1
7,1295,4,0,4,0,9,9,4,3,3,3,3,1,8,7,0,1
7,1295,4,0,4,0,9,9,4,3,3,3,3,1,8,7,0,1
7,1295,4,0,4,0,9,9,4,3,3,3,3,1,8,7,0,1
7,1295,4,0,4,0,9,9,4,3,3,3,3,1,8,7,0,1
7,1295,4,0,4,0,9,9,4,3,3,3,3,1,7,7,0,1
8,1296,4,0,4,0,9,9,4,3,3,3,3,1,4,7,0,1
8,1296,4,0,4,0,9,9,4,3,3,3,3,1,4,7,0,1
8,1296,4,0,4,0,9,9,4,3,3,3,3,1,4,7,0,1
8,1296,4,0,4,0,9,9,4,3,3,3,3,1,4,7,0,1
8,1296,4,0,4,0,9,9,4,3,3,3,3,1,4,7,0,1
8,1296,4,0,4,0,9,9,4,3,3,3,3,1,4,7,0,1
8,1296,4,0,4,0,9,9,4,3,3,3,3,1,4,7,8,1
8,1296,4,0,4,0,10,9,4,4,3,2,4,2,5,6,8,2
8,1296,4,0,4,0,10,9,4,4,3,3,4,2,5,6,8,3
8,1296,4,0,4,0,10,10,4,4,3,3,4,2,5,6,9,3
8,1296,4,0,4,0,10,10,4,4,3,3,4,2,5,6,9,3
8,1296,4,0,4,0,10,10,4,4,3,3,4,2,5,6,9,3
8,1296,4,0,4,0,10,10,4,4,3,3,4,2,5,6,9,3
8,1296,4,0,4,0,10,9,4,4,3,3,4,2,5,6,5,3
8,1296,4,0,4,0,10,9,4,4,3,3,4,2,5,6,5,3
8,1296,4,0,4,0,10,9,4,4,3,3,4,2,4,6,5,3
8,1296,4,0,4,0,9,9,4,4,3,3,3,2,4,6,5,3
8,1296,4,0,4,0,9,9,4,4,3,2,3,2,4,6,0,3
8,1296,4,0,4,0,9,9,4,4,3,2,3,2,4,6,0,3
8,1296,4,0,4,0,9,9,4,4,3,2,3,2,4,6,0,2
8,1296,4,0,4,0,9,9,4,4,3,2,3,2,4,6,0,2
8,1296,4,0,4,0,9,9,4,3,3,2,3,2,4,6,0,2
8,1296,4,0,4,0,9,9,4,3,3,2,3,2,4,6,0,2
8,1296,4,0,4,0,9,9,4,3,3,2,3,2,4,6,0,2
9,1297,4,0,4,0,9,9,4,3,3,2,3,2,7,7,0,2
9,1297,4,0,4,0,9,9,4,3,3,2,3,2,7,7,0,2
9,1297,4,0,4,0,9,9,4,3,3,2,3,2,7,7,0,2
9,1297,4,0,4,0,9,9,4,3,3,2,3,2,7,7,0,2
9,1297,4,0,4,0,9,9,4,3,3,2,3,2,7,7,0,2
9,1297,4,0,4,0,9,9,4,3,3,2,3,2,7,7,0,2
9,1297,4,0,4,0,9,9,4,3,3,2,3,2,10,7,8,2
9,1297,4,0,4,0,10,10,4,4,3,2,4,3,10,10,8,1
9,1297,4,0,4,0,10,10,4,4,3,2,4,3,10,10,8,2
9,1297,4,0,4,0,10,10,4,4,3,3,4,3,10,10,9,2
9,1297,4,0,4,0,10,10,4,4,3,3,4,3,10,9,9,3
9,1297,4,0,4,0,10,10,4,4,3,3,4,3,10,10,9,3
9,1297,4,0,4,0,10,10,4,3,3,3,4,3,10,9,9,2
9,1297,4,0,4,0,10,10,4,3,3,3,4,3,10,8,5,2
9,1297,4,0,4,0,10,10,4,3,3,3,4,3,10,8,5,1
9,1297,4,0,4,0,10,10,4,3,3,3,4,3,8,8,5,1
9,1297,4,0,4,0,9,10,4,3,3,3,3,3,8,7,5,1
9,1297,4,0,4,0,9,10,4,3,3,3,3,3,8,7,0,1
9,1297,4,0,4,0,9,10,4,3,3,3,3,3,8,7,0,1
9,1297,4,0,4,0,9,10,4,3,3,3,3,3,8,7,0,1
9,1297,4,0,4,0,9,10,4,3,3,3,3,3,8,7,0,0
9,1297,4,0,4,0,9,10,4,3,3,3,3,3,8,7,0,0
9,1297,4,0,4,0,9,10,4,3,3,3,3,3,8,7,0,0
9,1297,4,0,4,0,9,10,4,3,3,3,3,3,7,7,0,0
10,1298,4,0,4,0,9,10,4,3,3,3,3,3,7,7,0,0
10,1298,4,0,4,0,9,10,4,3,3,3,3,3,7,7,0,0
10,1298,4,0,4,0,9,10,4,3,3,3,3,3,7,7,0,0
10,1298,4,0,4,0,9,10,4,3,3,3,3,3,7,7,0,0
10,1298,4,0,4,0,9,10,4,3,3,3,3,3,7,7,0,0
10,1298,4,0,4,0,9,10,4,3,3,3,3,3,7,7,0,0
10,1298,4,0,4,0,9,10,4,3,3,3,3,3,8,7,8,0
10,1298,4,0,4,0,10,10,4,4,3,3,4,4,8,8,8,0
10,1298,4,0,4,0,10,10,4,4,3,3,4,4,8,8,8,0
10,1298,4,0,4,0,10,10,4,4,3,3,4,4,8,8,9,0
10,1298,4,0,4,0,10,10,4,4,3,3,4,4,8,8,9,0
10,1298,4,0,4,0,10,10,4,4,3,3,4,4,8,8,9,0
10,1298,4,0,4,0,10,10,4,4,3,3,4,4,8,8,9,0
10,1298,4,0,4,0,10,10,4,4,3,3,4,4,8,8,5,0
10,1298,4,0,4,0,10,10,4,4,3,3,4,4,8,8,5,0
10,1298,4,0,4,0,10,10,4,4,3,3,4,4,8,8,5,0
10,1298,4,0,4,0,9,10,4,4,3,3,3,4,8,8,5,0
10,1298,4,0,4,0,9,10,4,4,3,3,3,4,8,8,0,0
10,1298,4,0,4,0,9,10,4,4,3,3,3,4,8,8,0,0
10,1298,4,0,4,0,9,10,4,4,3,3,3,4,8,8,0,0
10,1298,4,0,4,0,9,10,4,3,3,3,3,4,8,8,0,0
10,1298,4,0,4,0,9,10,4,3,3,3,3,4,8,8,0,0
10,1298,4,0,4,0,9,10,4,3,3,3,3,4,8,8,0,0
10,1298,4,0,4,0,9,10,4,3,3,3,3,4,7,8,0,0
11,1299,4,0,4,0,9,10,4,3,3,3,3,4,7,8,0,0
11,1299,4,0,4,0,9,10,4,3,3,3,3,4,7,8,0,0
11,1299,4,0,4,0,9,10,4,3,3,3,3,4,7,8,0,0
11,1299,4,0,4,0,9,10,4,3,3,3,3,4,7,8,0,0
11,1299,4,0,4,0,9,10,4,3,3,3,3,4,7,8,0,0
11,1299,4,0,4,0,9,10,4,3,3,3,3,4,7,8,0,0
11,1299,4,0,4,0,9,10,4,3,3,3,3,4,8,8,8,0
11,1299,4,0,4,0,10,10,4,4,3,3,4,4,8,8,8,0
11,1299,4,0,4,0,10,10,4,4,3,3,4,4,8,8,8,1
11,1299,4,0,4,0,10,10,4,4,3,3,4,4,8,8,9,1
11,1299,4,0,4,0,10,10,4,4,3,3,4,4,8,9,9,1
11,1299,4,0,4,0,10,10,4,4,3,3,4,4,8,9,9,1
11,1299,4,0,4,0,10,10,4,4,3,3,4,3,8,8,9,1
11,1299,4,0,4,0,10,10,4,4,3,3,4,3,8,7,5,0
11,1299,4,0,4,0,10,10,4,4,3,3,4,3,8,7,5,0
11,1299,4,0,4,0,10,10,4,4,3,3,4,3,8,7,5,0
11,1299,4,0,4,0,9,10,4,4,3,3,3,3,8,7,5,0
11,1299,4,0,4,0,9,10,4,4,3,3,3,3,8,7,0,0
11,1299,4,0,4,0,9,10,4,4,3,2,3,3,8,7,0,0
11,1299,4,0,4,0,9,10,4,3,3,2,3,3,8,7,0,0
11,1299,4,0,4,0,9,10,4,3,3,2,3,3,8,7,0,0
11,1299,4,0,4,0,9,10,4,3,3,2,3,3,8,7,0,0
11,1299,4,0,4,0,9,10,4,3,3,2,3,3,8,7,0,0
11,1299,4,0,4,0,9,10,4,3,3,2,3,3,7,7,0,0
12,1300,4,0,3,0,8,10,3,3,2,2,2,3,7,7,0,0
12,1300,4,0,3,0,8,10,3,3,2,2,2,3,7,7,0,0
12,1300,4,0,3,0,8,10,3,3,2,2,2,3,7,7,0,0
12,1300,4,0,3,0,8,10,3,3,2,2,2,3,7,7,0,0
12,1300,4,0,3,0,8,10,3,3,2,2,2,3,7,7,0,0
12,1300,4,0,3,0,8,10,3,3,2,2,2,3,7,7,0,0
12,1300,4,0,3,0,8,10,3,3,2,2,3,3,10,7,0,0
12,1300,4,0,3,0,8,9,3,3,2,2,3,2,10,6,0,0
12,1300,4,0,3,0,8,9,3,3,2,2,3,2,10,6,0,0
12,1300,4,0,3,0,8,9,3,3,2,2,3,2,10,6,0,0
12,1300,4,0,3,0,8,9,3,3,2,2,3,2,10,6,0,0
12,1300,4,0,3,0,8,9,3,3,2,2,3,2,10,6,0,0
12,1300,4,0,3,0,8,9,3,3,2,2,3,2,10,6,0,0
12,1300,4,0,3,0,8,9,3,3,2,2,3,2,10,6,0,0
12,1300,4,0,3,0,8,8,3,3,2,2,3,2,10,6,0,0
12,1300,4,0,3,0,8,8,3,3,2,2,2,2,8,6,0,0
12,1300,4,0,3,0,8,8,3,3,2,2,2,2,8,6,0,0
12,1300,4,0,3,0,8,8,3,2,2,2,2,1,8,6,0,0
12,1300,4,0,3,0,8,8,3,2,2,2,2,1,8,6,0,0
12,1300,4,0,3,0,8,8,3,2,2,2,2,1,8,6,0,0
12,1300,4,0,3,0,8,8,3,2,2,2,2,1,8,6,0,0
12,1300,4,0,3,0,8,8,3,2,2,2,2,1,8,6,0,0
12,1300,4,0,3,0,8,8,3,2,2,2,2,1,8,6,0,0
12,1300,4,0,3,0,8,8,3,2,2,2,2,1,7,6,0,0
13,1301,4,0,3,0,8,8,3,2,2,2,2,1,4,6,0,0
13,1301,4,0,3,0,8,8,3,2,2,2,2,1,4,6,0,0
13,1301,4,0,3,0,8,8,3,2,2,2,2,1,4,6,0,0
13,1301,4,0,3,0,8,8,3,2,2,2,2,1,4,6,0,0
13,1301,4,0,3,0,8,8,3,2,2,2,2,1,4,6,0,0
13,1301,4,0,3,0,8,8,3,2,2,2,2,1,4,6,0,0
13,1301,4,0,3,0,8,8,3,2,2,2,3,1,4,6,0,0
13,1301,4,0,3,0,8,8,3,2,2,2,3,1,5,5,0,0
13,1301,4,0,3,0,8,8,3,2,2,2,3,1,5,5,0,0
13,1301,4,0,3,0,8,8,3,2,2,2,3,1,5,5,0,0
13,1301,4,0,3,0,8,8,3,2,2,2,3,1,5,5,0,0
13,1301,4,0,3,0,8,8,3,2,2,1,3,1,5,5,0,0
13,1301,4,0,3,0,8,8,3,2,2,1,3,1,5,5,0,0
13,1301,4,0,3,0,8,8,3,2,2,1,3,1,5,5,0,0
13,1301,4,0,3,0,8,8,3,2,2,1,3,1,5,5,0,0
13,1301,4,0,3,0,8,8,3,2,2,1,2,1,4,5,0,0
13,1301,4,0,3,0,8,8,3,2,2,1,2,1,4,5,0,0
13,1301,4,0,3,0,8,8,3,2,2,1,2,0,4,5,0,0
13,1301,4,0,3,0,8,8,3,2,2,1,2,0,4,5,0,0
13,1301,4,0,3,0,8,8,3,2,2,1,2,0,4,5,0,0
13,1301,4,0,3,0,8,8,3,2,2,1,2,0,4,5,0,0
13,1301,4,0,3,0,8,8,3,2,2,1,2,0,4,5,0,0
13,1301,4,0,3,0,8,8,3,1,2,1,2,0,4,5,0,0
13,1301,4,0,3,0,8,8,3,1,2,1,2,0,4,5,0,0
14,1302,4,0,4,0,9,8,4,1,3,1,3,0,7,5,0,0
14,1302,4,0,4,0,9,8,4,1,3,1,3,0,7,5,0,0
14,1302,4,0,4,0,9,8,4,1,3,1,3,0,7,5,0,0
14,1302,4,0,4,0,9,8,4,1,3,1,3,0,7,5,0,0
14,1302,4,0,4,0,9,8,4,1,3,1,3,0,7,5,0,0
14,1302,4,0,4,0,9,8,4,1,3,1,3,0,7,5,0,0
14,1302,4,0,4,0,9,8,4,1,3,1,3,0,8,5,8,0
14,1302,4,0,4,0,10,9,4,3,3,1,4,1,8,8,8,2
14,1302,4,0,4,0,10,10,4,3,3,1,4,1,8,8,8,2
14,1302,4,0,4,0,10,10,4,4,3,1,4,1,8,8,9,2
14,1302,4,0,4,0,10,10,4,4,3,1,4,1,8,8,9,2
14,1302,4,0,4,0,10,10,4,4,3,1,4,1,8,8,9,2
14,1302,4,0,4,0,10,10,4,4,3,1,4,1,8,7,9,2
14,1302,4,0,4,0,10,10,4,3,3,1,4,1,8,7,5,2
14,1302,4,0,4,0,10,10,4,3,3,1,4,1,8,7,5,2
14,1302,4,0,4,0,10,10,4,3,3,1,4,1,8,7,5,2
14,1302,4,0,4,0,9,10,4,3,3,1,3,1,8,7,5,2
14,1302,4,0,4,0,9,10,4,3,3,1,3,1,8,7,0,2
14,1302,4,0,4,0,9,10,4,3,3,1,3,1,8,7,0,2
14,1302,4,0,4,0,9,10,4,3,3,1,3,1,8,7,0,1
14,1302,4,0,4,0,9,10,4,2,3,1,3,1,8,7,0,0
14,1302,4,0,4,0,9,10,4,2,3,1,3,1,8,7,0,0
14,1302,4,0,4,0,9,10,4,2,3,1,3,1,8,7,0,0
14,1302,4,0,4,0,9,10,4,2,3,1,3,1,7,7,0,0
15,1303,4,0,4,0,9,10,4,2,3,1,3,1,4,7,0,0
15,1303,4,0,4,0,9,10,4,2,3,1,3,1,4,7,0,0
15,1303,4,0,4,0,9,10,4,2,3,1,3,1,4,7,0,0
15,1303,4,0,4,0,9,10,4,2,3,1,3,1,4,7,0,0
15,1303,4,0,4,0,9,10,4,2,3,1,3,1,4,7,0,0
15,1303,4,0,4,0,9,10,4,2,3,1,3,1,4,7,0,0
15,1303,4,0,4,0,9,10,4,2,3,1,3,1,4,7,8,0
15,1303,4,0,4,0,10,9,4,3,3,3,4,2,5,7,8,2
15,1303,4,0,4,0,10,10,4,4,3,3,4,2,5,7,8,3
15,1303,4,0,4,0,10,10,4,4,3,2,4,2,5,7,9,4
15,1303,4,0,4,0,10,10,4,3,3,3,4,2,5,7,9,4
15,1303,4,0,4,0,10,10,4,4,3,3,4,2,5,7,9,4
15,1303,4,0,4,0,10,10,4,3,3,3,4,2,5,7,9,4
15,1303,4,0,4,0,10,9,4,3,3,3,4,2,5,7,5,4
15,1303,4,0,4,0,10,9,4,3,3,3,4,2,5,7,5,4
15,1303,4,0,4,0,10,8,4,2,3,3,4,2,4,7,5,2
15,1303,4,0,4,0,9,8,4,2,3,3,3,2,4,7,5,2
15,1303,4,0,4,0,9,8,4,1,3,3,3,2,4,7,0,2
15,1303,4,0,4,0,9,8,4,1,3,3,3,2,4,7,0,2
15,1303,4,0,4,0,9,8,4,1,3,3,3,2,4,6,0,2
15,1303,4,0,4,0,9,8,4,1,3,3,3,2,4,6,0,2
15,1303,4,0,4,0,9,8,4,1,3,3,3,2,4,6,0,2
15,1303,4,0,4,0,9,8,4,0,3,3,3,2,4,6,0,2
15,1303,4,0,4,0,9,8,4,0,3,3,3,2,4,6,0,2
16,1304,4,0,4,0,9,8,4,0,3,3,3,2,7,7,0,2
16,1304,4,0,4,0,9,8,4,0,3,3,3,2,7,7,0,2
16,1304,4,0,4,0,9,8,4,0,3,3,3,2,7,7,0,2
16,1304,4,0,4,0,9,8,4,0,3,3,3,2,7,7,0,2
16,1304,4,0,4,0,9,8,4,0,3,3,3,2,7,7,0,2
16,1304,4,0,4,0,9,8,4,0,3,3,3,2,7,7,0,2
16,1304,4,0,4,0,9,8,4,0,3,3,3,2,10,7,8,2
16,1304,4,0,4,0,10,10,4,1,3,2,4,3,10,9,8,1
16,1304,4,0,4,0,10,10,4,1,3,2,4,3,10,10,8,1
16,1304,4,0,4,0,10,10,4,2,3,2,4,3,10,10,9,2
16,1304,4,0,4,0,10,10,4,2,3,2,4,3,10,10,9,2
16,1304,4,0,4,0,10,10,4,3,3,2,4,3,10,10,9,2
16,1304,4,0,4,0,10,10,4,3,3,2,4,3,10,10,9,2
16,1304,4,0,4,0,10,10,4,3,3,2,4,3,10,10,5,2
16,1304,4,0,4,0,10,10,4,1,3,2,4,3,10,10,5,2
16,1304,4,0,4,0,10,10,4,1,3,2,4,3,8,10,5,2
16,1304,4,0,4,0,9,9,4,1,3,2,3,3,8,10,5,0
16,1304,4,0,4,0,9,9,4,1,3,2,3,3,8,10,0,0
16,1304,4,0,4,0,9,9,4,1,3,2,3,3,8,10,0,0
16,1304,4,0,4,0,9,9,4,1,3,2,3,3,8,10,0,0
16,1304,4,0,4,0,9,9,4,1,3,2,3,3,8,9,0,0
16,1304,4,0,4,0,9,9,4,1,3,2,3,3,8,9,0,0
16,1304,4,0,4,0,9,9,4,1,3,2,3,3,8,9,0,0
16,1304,4,0,4,0,9,9,4,1,3,2,3,3,7,9,0,0
17,1305,4,0,4,0,9,9,4,1,3,2,3,3,7,9,0,0
17,1305,4,0,4,0,9,9,4,1,3,2,3,3,7,9,0,0
17,1305,4,0,4,0,9,9,4,1,3,2,3,3,7,9,0,0
17,1305,4,0,4,0,9,9,4,1,3,2,3,3,7,9,0,0
17,1305,4,0,4,0,9,9,4,1,3,2,3,3,7,9,0,0
17,1305,4,0,4,0,9,9,4,1,3,2,3,3,7,9,0,0
17,1305,4,0,4,0,9,9,4,1,3,2,3,3,8,9,8,0
17,1305,4,0,4,0,10,9,4,1,3,2,4,4,8,8,8,0
17,1305,4,0,4,0,10,10,4,1,3,2,4,4,8,8,8,0
17,1305,4,0,4,0,10,10,4,1,3,2,4,4,8,8,9,0
17,1305,4,0,4,0,10,10,4,1,3,2,4,4,8,8,9,0
17,1305,4,0,4,0,10,10,4,1,3,2,4,4,8,8,9,0
17,1305,4,0,4,0,10,9,4,1,3,2,4,4,8,8,9,0
17,1305,4,0,4,0,10,9,4,1,3,2,4,4,8,8,5,0
17,1305,4,0,4,0,10,9,4,1,3,2,4,4,8,8,5,0
17,1305,4,0,4,0,10,9,4,1,3,2,4,4,8,8,5,0
17,1305,4,0,4,0,9,9,4,1,3,2,3,4,8,8,5,0
17,1305,4,0,4,0,9,9,4,1,3,2,3,4,8,8,0,0
17,1305,4,0,4,0,9,9,4,1,3,2,3,4,8,8,0,0
17,1305,4,0,4,0,9,9,4,1,3,2,3,4,8,8,0,0
17,1305,4,0,4,0,9,9,4,1,3,2,3,3,8,8,0,0
17,1305,4,0,4,0,9,9,4,1,3,2,3,3,8,8,0,0
17,1305,4,0,4,0,9,9,4,1,3,2,3,3,8,8,0,0
17,1305,4,0,4,0,9,9,4,1,3,2,3,3,7,8,0,0
18,1306,4,0,4,0,9,9,4,1,3,2,3,3,7,8,0,0
18,1306,4,0,4,0,9,9,4,1,3,2,3,3,7,8,0,0
18,1306,4,0,4,0,9,9,4,1,3,2,3,3,7,8,0,0
18,1306,4,0,4,0,9,9,4,1,3,2,3,3,7,8,0,0
18,1306,4,0,4,0,9,9,4,1,3,2,3,3,7,8,0,0
18,1306,4,0,4,0,9,9,4,1,3,2,3,3,7,8,0,0
18,1306,4,0,4,0,9,9,4,1,3,2,3,3,8,8,8,0
18,1306,4,0,4,0,10,9,4,1,3,3,4,4,8,8,8,1
18,1306,4,0,4,0,10,10,4,3,3,3,4,4,8,8,8,1
18,1306,4,0,4,0,10,10,4,4,3,3,4,4,8,8,9,2
18,1306,4,0,4,0,10,10,4,4,3,3,4,4,8,8,9,2
18,1306,4,0,4,0,10,10,4,3,3,3,4,4,8,8,9,2
18,1306,4,0,4,0,10,10,4,4,3,3,4,4,8,8,9,2
18,1306,4,0,4,0,10,10,4,4,3,3,4,4,8,9,5,2
18,1306,4,0,4,0,10,10,4,2,3,3,4,4,8,8,5,1
18,1306,4,0,4,0,10,10,4,2,3,3,4,4,8,8,5,1
18,1306,4,0,4,0,9,10,4,2,3,3,3,3,8,8,5,1
18,1306,4,0,4,0,9,10,4,2,3,3,3,3,8,8,0,1
18,1306,4,0,4,0,9,10,4,2,3,2,3,2,8,8,0,1
18,1306,4,0,4,0,9,10,4,2,3,2,3,2,8,8,0,1
18,1306,4,0,4,0,9,10,4,2,3,2,3,2,8,8,0,1
18,1306,4,0,4,0,9,10,4,2,3,2,3,2,8,8,0,1
18,1306,4,0,4,0,9,9,4,2,3,2,3,2,8,7,0,1
18,1306,4,0,4,0,9,9,4,2,3,2,3,2,7,7,0,1
19,1307,4,0,3,0,8,9,3,2,2,2,2,2,7,7,0,1
19,1307,4,0,3,0,8,9,3,2,2,2,2,2,7,7,0,1
19,1307,4,0,3,0,8,9,3,2,2,2,2,2,7,7,0,1
19,1307,4,0,3,0,8,9,3,2,2,2,2,2,7,7,0,1
19,1307,4,0,3,0,8,9,3,2,2,2,2,2,7,7,0,1
19,1307,4,0,3,0,8,9,3,2,2,2,2,2,7,7,0,1
19,1307,4,0,3,0,8,9,3,2,2,2,3,2,10,7,0,1
19,1307,4,0,3,0,8,7,3,2,2,2,3,2,10,7,0,0
19,1307,4,0,3,0,8,7,3,2,2,2,3,2,10,7,0,0
19,1307,4,0,3,0,8,7,3,2,2,2,3,2,10,7,0,0
19,1307,4,0,3,0,8,7,3,2,2,2,3,2,10,7,0,0
19,1307,4,0,3,0,8,7,3,2,2,2,3,2,10,7,0,0
19,1307,4,0,3,0,8,7,3,2,2,2,3,2,10,7,0,0
19,1307,4,0,3,0,8,7,3,2,2,2,3,2,10,7,0,0
19,1307,4,0,3,0,8,7,3,2,2,2,3,2,10,7,0,0
19,1307,4,0,3,0,8,7,3,2,2,2,2,2,8,7,0,0
19,1307,4,0,3,0,8,7,3,2,2,1,2,2,8,7,0,0
19,1307,4,0,3,0,8,7,3,2,2,1,2,2,8,7,0,0
19,1307,4,0,3,0,8,7,3,2,2,1,2,2,8,7,0,0
19,1307,4,0,3,0,8,7,3,2,2,1,2,2,8,7,0,0
19,1307,4,0,3,0,8,7,3,2,2,1,2,2,8,7,0,0
19,1307,4,0,3,0,8,7,3,1,2,1,2,2,8,7,0,0
19,1307,4,0,3,0,8,7,3,1,2,1,2,2,8,7,0,0
19,1307,4,0,3,0,8,7,3,1,2,1,2,2,7,7,0,0
20,1308,4,0,3,0,8,7,3,1,2,1,2,2,4,7,0,0
20,1308,4,0,3,0,8,7,3,1,2,1,2,2,4,7,0,0
20,1308,4,0,3,0,8,7,3,1,2,1,2,2,4,7,0,0
20,1308,4,0,3,0,8,7,3,1,2,1,2,2,4,7,0,0
20,1308,4,0,3,0,8,7,3,1,2,1,2,2,4,7,0,0
20,1308,4,0,3,0,8,7,3,1,2,1,2,2,4,7,0,0
20,1308,4,0,3,0,8,7,3,1,2,1,3,2,4,7,0,0
20,1308,4,0,3,0,8,7,3,0,2,1,3,2,5,6,0,0
20,1308,4,0,3,0,8,7,3,0,2,1,3,2,5,6,0,0
20,1308,4,0,3,0,8,7,3,0,2,1,3,2,5,6,0,0
20,1308,4,0,3,0,8,7,3,0,2,1,3,2,5,6,0,0
20,1308,4,0,3,0,8,7,3,0,2,1,3,2,5,6,0,0
20,1308,4,0,3,0,8,7,3,0,2,1,3,2,5,6,0,0
20,1308,4,0,3,0,8,7,3,0,2,1,3,2,5,6,0,0
20,1308,4,0,3,0,8,7,3,0,2,1,3,2,5,5,0,0
20,1308,4,0,3,0,8,7,3,0,2,1,2,2,4,5,0,0
20,1308,4,0,3,0,8,7,3,0,2,1,2,2,4,5,0,0
20,1308,4,0,3,0,8,7,3,0,2,1,2,2,4,5,0,0
20,1308,4,0,3,0,8,7,3,0,2,1,2,2,4,5,0,0
20,1308,4,0,3,0,8,7,3,0,2,1,2,2,4,5,0,0
20,1308,4,0,3,0,8,7,3,0,2,1,2,2,4,5,0,0
20,1308,4,0,3,0,8,7,3,0,2,1,2,2,4,5,0,0
20,1308,4,0,3,0,8,7,3,0,2,1,2,2,4,4,0,0
20,1308,4,0,3,0,8,7,3,0,2,1,2,2,4,4,0,0
21,1309,4,0,4,0,9,7,4,0,3,1,3,2,7,4,0,0
21,1309,4,0,4,0,9,7,4,0,3,1,3,2,7,4,0,0
21,1309,4,0,4,0,9,7,4,0,3,1,3,2,7,4,0,0
21,1309,4,0,4,0,9,7,4,0,3,1,3,2,7,4,0,0
21,1309,4,0,4,0,9,7,4,0,3,1,3,2,7,4,0,0
21,1309,4,0,4,0,9,7,4,0,3,1,3,2,7,4,0,0
21,1309,4,0,4,0,9,7,4,0,3,1,3,2,8,4,8,0
21,1309,4,0,4,0,10,9,4,2,3,2,4,3,8,6,8,1
21,1309,4,0,4,0,10,10,4,3,3,3,4,3,8,6,8,1
21,1309,4,0,4,0,10,10,4,3,3,3,4,3,8,8,9,1
21,1309,4,0,4,0,10,10,4,3,3,2,4,2,8,8,9,1
21,1309,4,0,4,0,10,10,4,4,3,3,4,2,8,8,9,1
21,1309,4,0,4,0,10,10,4,4,3,3,4,2,8,8,9,1
21,1309,4,0,4,0,10,10,4,4,3,3,4,1,8,6,5,1
21,1309,4,0,4,0,10,10,4,3,3,3,4,1,8,6,5,1
21,1309,4,0,4,0,10,10,4,3,3,3,4,1,8,6,5,1
21,1309,4,0,4,0,9,9,4,3,3,3,3,1,8,7,5,1
21,1309,4,0,4,0,9,9,4,2,3,3,3,1,8,5,0,0
21,1309,4,0,4,0,9,9,4,2,3,3,3,1,8,5,0,0
21,1309,4,0,4,0,9,9,4,1,3,3,3,1,8,5,0,0
21,1309,4,0,4,0,9,9,4,1,3,2,3,1,8,5,0,0
21,1309,4,0,4,0,9,9,4,1,3,2,3,1,8,5,0,0
21,1309,4,0,4,0,9,9,4,1,3,2,3,1,8,5,0,0
21,1309,4,0,4,0,9,9,4,1,3,2,3,1,7,5,0,0
22,1310,4,0,4,0,9,9,4,1,3,2,3,1,4,5,0,0
22,1310,4,0,4,0,9,9,4,1,3,2,3,1,4,5,0,0
22,1310,4,0,4,0,9,9,4,1,3,2,3,1,4,5,0,0
22,1310,4,0,4,0,9,9,4,1,3,2,3,1,4,5,0,0
22,1310,4,0,4,0,9,9,4,1,3,2,3,1,4,5,0,0
22,1310,4,0,4,0,9,9,4,1,3,2,3,1,4,5,0,0
22,1310,4,0,4,0,9,9,4,1,3,2,3,1,4,5,8,0
22,1310,4,0,4,0,10,9,4,2,3,3,4,2,5,5,8,5
22,1310,4,0,4,0,10,10,4,4,3,3,4,2,5,6,8,6
22,1310,4,0,4,0,10,10,4,4,3,3,4,2,5,6,9,7
22,1310,4,0,4,0,10,10,4,3,3,3,4,2,5,6,9,8
22,1310,4,0,4,0,10,10,4,3,3,3,4,1,5,6,9,8
22,1310,4,0,4,0,10,10,4,3,3,2,4,1,5,6,9,8
22,1310,4,0,4,0,10,10,4,3,3,2,4,1,5,6,5,8
22,1310,4,0,4,0,10,10,4,2,3,2,4,1,5,5,5,7
22,1310,4,0,4,0,10,9,4,2,3,2,4,1,4,5,5,4
22,1310,4,0,4,0,9,10,4,2,3,2,3,1,4,5,5,4
22,1310,4,0,4,0,9,10,4,2,3,2,3,1,4,4,0,2
22,1310,4,0,4,0,9,9,4,2,3,2,3,1,4,4,0,1
22,1310,4,0,4,0,9,9,4,2,3,2,3,1,4,4,0,1
22,1310,4,0,4,0,9,9,4,2,3,2,3,1,4,4,0,1
22,1310,4,0,4,0,9,9,4,2,3,2,3,1,4,4,0,1
22,1310,4,0,4,0,9,8,4,2,3,2,3,1,4,3,0,0
22,1310,4,0,4,0,9,8,4,2,3,2,3,1,4,3,0,0
23,1311,4,0,4,0,9,8,4,2,3,2,3,1,7,3,0,0
23,1311,4,0,4,0,9,8,4,2,3,2,3,1,7,3,0,0
23,1311,4,0,4,0,9,8,4,2,3,2,3,1,7,3,0,0
23,1311,4,0,4,0,9,8,4,2,3,2,3,1,7,3,0,0
23,1311,4,0,4,0,9,8,4,2,3,2,3,1,7,3,0,0
23,1311,4,0,4,0,9,8,4,2,3,2,3,1,7,3,0,0
23,1311,4,0,4,0,9,8,4,2,3,2,3,1,10,3,8,0
23,1311,4,0,4,0,10,9,4,2,3,1,4,2,10,9,8,0
23,1311,4,0,4,0,10,10,4,2,3,1,4,2,10,10,8,0
23,1311,4,0,4,0,10,10,4,3,3,1,4,2,10,10,9,0
23,1311,4,0,4,0,10,10,4,4,3,1,4,2,10,10,9,0
23,1311,4,0,4,0,10,10,4,3,3,1,4,2,10,10,9,0
23,1311,4,0,4,0,10,10,4,3,3,1,4,2,10,10,9,0
23,1311,4,0,4,0,10,10,4,3,3,1,4,2,10,9,5,0
23,1311,4,0,4,0,10,10,4,3,3,1,4,2,10,9,5,0
23,1311,4,0,4,0,10,10,4,3,3,1,4,2,8,7,5,0
23,1311,4,0,4,0,9,10,4,3,3,1,3,2,8,7,5,0
23,1311,4,0,4,0,9,10,4,3,3,1,3,2,8,7,0,0
23,1311,4,0,4,0,9,10,4,3,3,1,3,2,8,7,0,0
23,1311,4,0,4,0,9,10,4,3,3,1,3,2,8,7,0,0
23,1311,4,0,4,0,9,10,4,3,3,1,3,2,8,7,0,0
23,1311,4,0,4,0,9,10,4,3,3,1,3,2,8,7,0,0
23,1311,4,0,4,0,9,10,4,3,3,1,3,2,8,7,0,0
23,1311,4,0,4,0,9,10,4,3,3,1,3,2,7,7,0,0
24,1312,4,0,4,0,9,10,4,3,3,1,3,2,7,7,0,0
24,1312,4,0,4,0,9,10,4,3,3,1,3,2,7,7,0,0
24,1312,4,0,4,0,9,10,4,3,3,1,3,2,7,7,0,0
24,1312,4,0,4,0,9,10,4,3,3,1,3,2,7,7,0,0
24,1312,4,0,4,0,9,10,4,3,3,1,3,2,7,7,0,0
24,1312,4,0,4,0,9,10,4,3,3,1,3,2,7,7,0,0
24,1312,4,0,4,0,9,10,4,3,3,1,3,2,8,7,8,0
24,1312,4,0,4,0,10,10,4,4,3,1,4,2,8,5,8,0
24,1312,4,0,4,0,10,10,4,4,3,1,4,2,8,8,8,0
24,1312,4,0,4,0,10,10,4,4,3,1,4,2,8,8,9,0
24,1312,4,0,4,0,10,10,4,4,3,1,4,2,8,8,9,0
24,1312,4,0,4,0,10,10,4,4,3,1,4,2,8,8,9,0
24,1312,4,0,4,0,10,10,4,4,3,1,4,2,8,8,9,0
24,1312,4,0,4,0,10,10,4,4,3,1,4,2,8,8,5,0
24,1312,4,0,4,0,10,10,4,4,3,1,4,2,8,8,5,0
24,1312,4,0,4,0,10,10,4,4,3,1,4,2,8,8,5,0
24,1312,4,0,4,0,9,10,4,4,3,1,3,2,8,8,5,0
24,1312,4,0,4,0,9,10,4,4,3,1,3,2,8,8,0,0
24,1312,4,0,4,0,9,10,4,4,3,1,3,2,8,8,0,0
24,1312,4,0,4,0,9,10,4,4,3,1,3,2,8,8,0,0
24,1312,4,0,4,0,9,10,4,4,3,1,3,2,8,8,0,0
24,1312,4,0,4,0,9,10,4,4,3,1,3,2,8,8,0,0
24,1312,4,0,4,0,9,10,4,4,3,1,3,2,8,8,0,0
24,1312,4,0,4,0,9,10,4,4,3,1,3,2,7,8,0,0
25,1313,4,0,4,0,9,10,4,4,3,1,3,2,7,8,0,0
25,1313,4,0,4,0,9,10,4,4,3,1,3,2,7,8,0,0
25,1313,4,0,4,0,9,10,4,4,3,1,3,2,7,8,0,0
25,1313,4,0,4,0,9,10,4,4,3,1,3,2,7,8,0,0
25,1313,4,0,4,0,9,10,4,4,3,1,3,2,7,8,0,0
25,1313,4,0,4,0,9,10,4,4,3,1,3,2,7,8,0,0
25,1313,4,0,4,0,9,10,4,4,3,1,3,2,8,8,8,0
25,1313,4,0,4,0,10,10,4,4,3,2,4,3,8,7,8,1
25,1313,4,0,4,0,10,10,4,4,3,3,4,2,8,8,8,1
25,1313,4,0,4,0,10,10,4,4,3,2,4,2,8,8,9,2
25,1313,4,0,4,0,10,10,4,4,3,3,4,2,8,8,9,3
25,1313,4,0,4,0,10,10,4,4,3,2,4,2,8,9,9,4
25,1313,4,0,4,0,10,10,4,4,3,3,4,2,8,8,9,3
25,1313,4,0,4,0,10,10,4,4,3,3,4,2,8,8,5,3
25,1313,4,0,4,0,10,10,4,4,3,3,4,2,8,7,5,3
25,1313,4,0,4,0,10,10,4,4,3,3,4,2,8,6,5,1
25,1313,4,0,4,0,9,10,4,4,3,3,3,2,8,6,5,1
25,1313,4,0,4,0,9,10,4,4,3,2,3,2,8,5,0,1
25,1313,4,0,4,0,9,10,4,4,3,2,3,2,8,5,0,1
25,1313,4,0,4,0,9,10,4,4,3,2,3,2,8,5,0,1
25,1313,4,0,4,0,9,10,4,4,3,2,3,2,8,5,0,1
25,1313,4,0,4,0,9,10,4,4,3,2,3,1,8,5,0,1
25,1313,4,0,4,0,9,10,4,4,3,2,3,1,8,5,0,1
25,1313,4,0,4,0,9,10,4,4,3,2,3,1,7,5,0,1
26,1314,4,0,3,0,8,10,3,4,2,2,2,1,7,5,0,1
26,1314,4,0,3,0,8,10,3,4,2,2,2,1,7,5,0,1
26,1314,4,0,3,0,8,10,3,4,2,2,2,1,7,5,0,1
26,1314,4,0,3,0,8,10,3,4,2,2,2,1,7,5,0,1
26,1314,4,0,3,0,8,10,3,4,2,2,2,1,7,5,0,1
26,1314,4,0,3,0,8,10,3,4,2,2,2,1,7,5,0,1
26,1314,4,0,3,0,8,10,3,4,2,2,3,1,10,5,0,1
26,1314,4,0,3,0,8,10,3,4,2,2,3,1,10,5,0,0
26,1314,4,0,3,0,8,9,3,4,2,2,3,1,10,4,0,0
26,1314,4,0,3,0,8,9,3,4,2,2,3,1,10,4,0,0
26,1314,4,0,3,0,8,9,3,4,2,2,3,1,10,4,0,0
26,1314,4,0,3,0,8,9,3,4,2,2,3,1,10,4,0,0
26,1314,4,0,3,0,8,9,3,4,2,2,3,1,10,4,0,0
26,1314,4,0,3,0,8,9,3,4,2,2,3,1,10,4,0,0
26,1314,4,0,3,0,8,9,3,4,2,2,3,1,10,4,0,0
26,1314,4,0,3,0,8,9,3,4,2,1,2,1,8,4,0,0
26,1314,4,0,3,0,8,9,3,4,2,1,2,1,8,3,0,0
26,1314,4,0,3,0,8,9,3,4,2,1,2,1,8,3,0,0
26,1314,4,0,3,0,8,9,3,4,2,1,2,1,8,3,0,0
26,1314,4,0,3,0,8,9,3,4,2,1,2,1,8,3,0,0
26,1314,4,0,3,0,8,9,3,4,2,1,2,1,8,3,0,0
26,1314,4,0,3,0,8,9,3,4,2,1,2,1,8,3,0,0
26,1314,4,0,3,0,8,9,3,4,2,1,2,1,8,3,0,0
26,1314,4,0,3,0,8,9,3,4,2,1,2,1,7,3,0,0
27,1315,4,0,3,0,8,9,3,4,2,1,2,1,4,3,0,0
27,1315,4,0,3,0,8,9,3,4,2,1,2,1,4,3,0,0
27,1315,4,0,3,0,8,9,3,4,2,1,2,1,4,3,0,0
27,1315,4,0,3,0,8,9,3,4,2,1,2,1,4,3,0,0
27,1315,4,0,3,0,8,9,3,4,2,1,2,1,4,3,0,0
27,1315,4,0,3,0,8,9,3,4,2,1,2,1,4,3,0,0
27,1315,4,0,3,0,8,9,3,4,2,1,3,1,4,3,0,0
27,1315,4,0,3,0,8,8,3,4,2,1,3,1,5,3,0,0
27,1315,4,0,3,0,8,8,3,3,2,1,3,1,5,3,0,0
27,1315,4,0,3,0,8,8,3,3,2,1,3,1,5,3,0,0
27,1315,4,0,3,0,8,8,3,3,2,1,3,1,5,3,0,0
27,1315,4,0,3,0,8,8,3,3,2,1,3,1,5,3,0,0
27,1315,4,0,3,0,8,8,3,3,2,1,3,1,5,3,0,0
27,1315,4,0,3,0,8,8,3,3,2,1,3,1,5,3,0,0
27,1315,4,0,3,0,8,8,3,3,2,1,3,1,5,3,0,0
27,1315,4,0,3,0,8,8,3,3,2,1,2,1,4,3,0,0
27,1315,4,0,3,0,8,8,3,3,2,1,2,1,4,3,0,0
27,1315,4,0,3,0,8,8,3,3,2,1,2,1,4,3,0,0
27,1315,4,0,3,0,8,8,3,3,2,1,2,1,4,3,0,0
27,1315,4,0,3,0,8,8,3,3,2,1,2,1,4,3,0,0
27,1315,4,0,3,0,8,8,3,3,2,1,2,1,4,3,0,0
27,1315,4,0,3,0,8,8,3,3,2,1,2,1,4,3,0,0
27,1315,4,0,3,0,8,8,3,3,2,1,2,1,4,3,0,0
27,1315,4,0,3,0,8,8,3,3,2,1,2,1,4,3,0,0
0,1316,4,0,4,0,9,8,4,3,3,1,3,1,7,3,0,0
0,1316,4,0,4,0,9,8,4,3,3,1,3,1,7,3,0,0
0,1316,4,0,4,0,9,8,4,3,3,1,3,1,7,3,0,0
0,1316,4,0,4,0,9,8,4,3,3,1,3,1,7,3,0,0
0,1316,4,0,4,0,9,8,4,3,3,1,3,1,7,3,0,0
0,1316,4,0,4,0,9,8,4,3,3,1,3,1,7,3,0,0
0,1316,4,0,4,0,9,8,4,3,3,1,3,1,8,3,8,0
0,1316,4,0,4,0,10,9,4,3,3,2,4,2,8,6,8,2
0,1316,4,0,4,0,10,10,4,4,3,2,4,2,8,6,8,2
0,1316,4,0,4,0,10,10,4,4,3,2,4,2,8,8,9,2
0,1316,4,0,4,0,10,10,4,4,3,2,4,2,8,8,9,2
0,1316,4,0,4,0,10,10,4,4,3,3,4,2,8,8,9,2
0,1316,4,0,4,0,10,10,4,4,3,3,4,2,8,8,9,2
0,1316,4,0,4,0,10,10,4,4,3,3,4,2,8,6,5,2
0,1316,4,0,4,0,10,9,4,4,3,2,4,2,8,7,5,2
0,1316,4,0,4,0,10,8,4,4,3,2,4,2,8,6,5,2
0,1316,4,0,4,0,9,8,4,4,3,2,3,2,8,6,5,1
0,1316,4,0,4,0,9,8,4,4,3,2,3,2,8,6,0,1
0,1316,4,0,4,0,9,8,4,3,3,2,3,2,8,6,0,1
0,1316,4,0,4,0,9,8,4,3,3,2,3,2,8,6,0,1
0,1316,4,0,4,0,9,8,4,3,3,2,3,2,8,5,0,1
0,1316,4,0,4,0,9,8,4,3,3,2,3,2,8,5,0,1
0,1316,4,0,4,0,9,8,4,3,3,2,3,2,8,5,0,1
0,1316,4,0,4,0,9,8,4,3,3,2,3,2,7,5,0,1
1,1317,4,0,4,0,9,8,4,3,3,2,3,2,4,5,0,1
1,1317,4,0,4,0,9,8,4,3,3,2,3,2,4,5,0,1
1,1317,4,0,4,0,9,8,4,3,3,2,3,2,4,5,0,1
1,1317,4,0,4,0,9,8,4,3,3,2,3,2,4,5,0,1
1,1317,4,0,4,0,9,8,4,3,3,2,3,2,4,5,0,1
1,1317,4,0,4,0,9,8,4,3,3,2,3,2,4,5,0,1
1,1317,4,0,4,0,9,8,4,3,3,2,3,2,4,5,8,1
1,1317,4,0,4,0,10,9,4,4,3,3,4,2,5,5,8,1
1,1317,4,0,4,0,10,10,4,4,3,3,4,2,5,5,8,1
1,1317,4,0,4,0,10,10,4,4,3,3,4,2,5,5,9,2
1,1317,4,0,4,0,10,10,4,4,3,2,4,2,5,5,9,2
1,1317,4,0,4,0,10,10,4,3,3,3,4,2,5,5,9,2
1,1317,4,0,4,0,10,10,4,4,3,3,4,2,5,6,9,2
1,1317,4,0,4,0,10,10,4,4,3,3,4,2,5,6,5,2
1,1317,4,0,4,0,10,9,4,4,3,3,4,2,5,6,5,2
1,1317,4,0,4,0,10,9,4,4,3,3,4,2,4,6,5,2
1,1317,4,0,4,0,9,9,4,4,3,3,3,2,4,6,5,2
1,1317,4,0,4,0,9,9,4,4,3,3,3,2,4,6,0,2
1,1317,4,0,4,0,9,7,4,4,3,3,3,2,4,5,0,1
1,1317,4,0,4,0,9,7,4,4,3,3,3,2,4,5,0,1
1,1317,4,0,4,0,9,7,4,4,3,3,3,2,4,5,0,1
1,1317,4,0,4,0,9,7,4,4,3,3,3,2,4,5,0,1
1,1317,4,0,4,0,9,7,4,4,3,3,3,2,4,5,0,0
1,1317,4,0,4,0,9,7,4,4,3,3,3,2,4,5,0,0
2,1318,4,0,4,0,9,7,4,4,3,3,3,2,7,5,0,0
2,1318,4,0,4,0,9,7,4,4,3,3,3,2,7,5,0,0
2,1318,4,0,4,0,9,7,4,4,3,3,3,2,7,5,0,0
2,1318,4,0,4,0,9,7,4,4,3,3,3,2,7,5,0,0
2,1318,4,0,4,0,9,7,4,4,3,3,3,2,7,5,0,0
2,1318,4,0,4,0,9,7,4,4,3,3,3,2,7,5,0,0
2,1318,4,0,4,0,9,7,4,4,3,3,3,2,10,5,8,0
2,1318,4,0,4,0,10,9,4,4,3,3,4,2,10,9,8,1
2,1318,4,0,4,0,10,10,4,4,3,3,4,2,10,10,8,1
2,1318,4,0,4,0,10,10,4,4,3,3,4,2,10,10,9,1
2,1318,4,0,4,0,10,10,4,4,3,3,4,2,10,11,9,1
2,1318,4,0,4,0,10,10,4,4,3,3,4,2,10,11,9,1
2,1318,4,0,4,0,10,10,4,4,3,3,4,2,10,11,9,1
2,1318,4,0,4,0,10,10,4,4,3,3,4,2,10,10,5,0
2,1318,4,0,4,0,10,10,4,4,3,3,4,2,10,10,5,0
2,1318,4,0,4,0,10,9,4,4,3,3,4,2,8,10,5,0
2,1318,4,0,4,0,9,9,4,4,3,2,3,2,8,10,5,0
2,1318,4,0,4,0,9,9,4,4,3,2,3,2,8,10,0,0
2,1318,4,0,4,0,9,9,4,4,3,2,3,2,8,9,0,0
2,1318,4,0,4,0,9,9,4,4,3,2,3,2,8,9,0,0
2,1318,4,0,4,0,9,9,4,4,3,2,3,2,8,9,0,0
2,1318,4,0,4,0,9,8,4,4,3,2,3,2,8,9,0,0
2,1318,4,0,4,0,9,8,4,4,3,2,3,2,8,9,0,0
2,1318,4,0,4,0,9,8,4,4,3,2,3,2,7,9,0,0
3,1319,4,0,4,0,9,8,4,4,3,2,3,2,7,9,0,0
3,1319,4,0,4,0,9,8,4,4,3,2,3,2,7,9,0,0
3,1319,4,0,4,0,9,8,4,4,3,2,3,2,7,9,0,0
3,1319,4,0,4,0,9,8,4,4,3,2,3,2,7,9,0,0
3,1319,4,0,4,0,9,8,4,4,3,2,3,2,7,9,0,0
3,1319,4,0,4,0,9,8,4,4,3,2,3,2,7,9,0,0
3,1319,4,0,4,0,9,8,4,4,3,2,3,2,8,9,8,0
3,1319,4,0,4,0,10,8,4,4,3,3,4,3,8,8,8,0
3,1319,4,0,4,0,10,9,4,4,3,3,4,3,8,8,8,0
3,1319,4,0,4,0,10,10,4,4,3,3,4,3,8,8,9,0
3,1319,4,0,4,0,10,10,4,4,3,3,4,3,8,8,9,0
3,1319,4,0,4,0,10,10,4,4,3,3,4,3,8,8,9,0
3,1319,4,0,4,0,10,10,4,4,3,3,4,3,8,8,9,0
3,1319,4,0,4,0,10,10,4,4,3,3,4,3,8,8,5,0
3,1319,4,0,4,0,10,10,4,4,3,3,4,3,8,8,5,0
3,1319,4,0,4,0,10,10,4,4,3,3,4,3,8,8,5,0
3,1319,4,0,4,0,9,10,4,4,3,3,3,3,8,8,5,0
3,1319,4,0,4,0,9,10,4,4,3,3,3,3,8,8,0,0
3,1319,4,0,4,0,9,10,4,4,3,3,3,3,8,8,0,0
3,1319,4,0,4,0,9,10,4,4,3,3,3,3,8,8,0,0
3,1319,4,0,4,0,9,10,4,4,3,3,3,3,8,8,0,0
3,1319,4,0,4,0,9,10,4,4,3,3,3,3,8,8,0,0
3,1319,4,0,4,0,9,10,4,4,3,3,3,3,8,8,0,0
3,1319,4,0,4,0,9,10,4,4,3,3,3,3,7,8,0,0
4,1320,4,0,4,0,9,10,4,4,3,3,3,3,7,8,0,0
4,1320,4,0,4,0,9,10,4,4,3,3,3,3,7,8,0,0
4,1320,4,0,4,0,9,10,4,4,3,3,3,3,7,8,0,0
4,1320,4,0,4,0,9,10,4,4,3,3,3,3,7,8,0,0
4,1320,4,0,4,0,9,10,4,4,3,3,3,3,7,8,0,0
4,1320,4,0,4,0,9,10,4,4,3,3,3,3,7,8,0,0
4,1320,4,0,4,0,9,10,4,4,3,3,3,3,8,8,8,0
4,1320,4,0,4,0,10,10,4,3,3,3,4,4,8,8,8,1
4,1320,4,0,4,0,10,10,4,4,3,3,4,4,8,8,8,1
4,1320,4,0,4,0,10,10,4,4,3,3,4,4,8,7,9,1
4,1320,4,0,4,0,10,10,4,4,3,3,4,4,8,8,9,1
4,1320,4,0,4,0,10,10,4,4,3,3,4,4,8,8,9,1
4,1320,4,0,4,0,10,10,4,4,3,2,4,4,8,8,9,1
4,1320,4,0,4,0,10,10,4,4,3,2,4,4,8,8,5,1
4,1320,4,0,4,0,10,10,4,4,3,3,4,4,8,8,5,1
4,1320,4,0,4,0,10,9,4,4,3,2,4,4,8,8,5,1
4,1320,4,0,4,0,9,9,4,4,3,2,3,4,8,7,5,1
4,1320,4,0,4,0,9,9,4,4,3,2,3,4,8,7,0,1
4,1320,4,0,4,0,9,9,4,4,3,2,3,4,8,7,0,1
4,1320,4,0,4,0,9,8,4,4,3,2,3,4,8,6,0,1
4,1320,4,0,4,0,9,8,4,4,3,2,3,4,8,6,0,1
4,1320,4,0,4,0,9,8,4,4,3,2,3,4,8,5,0,1
4,1320,4,0,4,0,9,8,4,4,3,2,3,4,8,5,0,1
4,1320,4,0,4,0,9,8,4,4,3,2,3,4,7,5,0,1
5,1321,4,0,3,0,8,8,3,4,2,2,2,4,7,5,0,1
5,1321,4,0,3,0,8,8,3,4,2,2,2,4,7,5,0,1
5,1321,4,0,3,0,8,8,3,4,2,2,2,4,7,5,0,1
5,1321,4,0,3,0,8,8,3,4,2,2,2,4,7,5,0,1
5,1321,4,0,3,0,8,8,3,4,2,2,2,4,7,5,0,1
5,1321,4,0,3,0,8,8,3,4,2,2,2,4,7,5,0,1
5,1321,4,0,3,0,8,8,3,4,2,2,3,4,10,5,0,1
5,1321,4,0,3,0,8,6,3,3,2,1,3,2,10,2,0,0
5,1321,4,0,3,0,8,6,3,3,2,1,3,2,10,2,0,0
5,1321,4,0,3,0,8,6,3,3,2,1,3,2,10,2,0,0
5,1321,4,0,3,0,8,6,3,3,2,1,3,2,10,2,0,0
5,1321,4,0,3,0,8,6,3,3,2,1,3,2,10,2,0,0
5,1321,4,0,3,0,8,6,3,3,2,1,3,2,10,2,0,0
5,1321,4,0,3,0,8,6,3,3,2,1,3,2,10,2,0,0
5,1321,4,0,3,0,8,6,3,3,2,1,3,2,10,2,0,0
5,1321,4,0,3,0,8,6,3,3,2,1,2,2,8,2,0,0
5,1321,4,0,3,0,8,6,3,3,2,1,2,2,8,2,0,0
5,1321,4,0,3,0,8,6,3,3,2,1,2,2,8,2,0,0
5,1321,4,0,3,0,8,6,3,3,2,1,2,2,8,2,0,0
5,1321,4,0,3,0,8,6,3,3,2,1,2,2,8,2,0,0
5,1321,4,0,3,0,8,6,3,3,2,1,2,2,8,2,0,0
5,1321,4,0,3,0,8,6,3,3,2,1,2,2,8,2,0,0
5,1321,4,0,3,0,8,6,3,3,2,1,2,2,8,2,0,0
5,1321,4,0,3,0,8,6,3,3,2,1,2,2,7,2,0,0
6,1322,4,0,3,0,8,6,3,3,2,1,2,2,4,2,0,0
6,1322,4,0,3,0,8,6,3,3,2,1,2,2,4,2,0,0
6,1322,4,0,3,0,8,6,3,3,2,1,2,2,4,2,0,0
6,1322,4,0,3,0,8,6,3,3,2,1,2,2,4,2,0,0
6,1322,4,0,3,0,8,6,3,3,2,1,2,2,4,2,0,0
6,1322,4,0,3,0,8,6,3,3,2,1,2,2,4,2,0,0
6,1322,4,0,3,0,8,6,3,3,2,1,3,2,4,2,0,0
6,1322,4,0,3,0,8,6,3,2,2,0,3,2,5,2,0,0
6,1322,4,0,3,0,8,6,3,2,2,0,3,2,5,2,0,0
6,1322,4,0,3,0,8,6,3,2,2,0,3,2,5,2,0,0
6,1322,4,0,3,0,8,6,3,2,2,0,3,2,5,2,0,0
6,1322,4,0,3,0,8,6,3,2,2,0,3,2,5,2,0,0
6,1322,4,0,3,0,8,6,3,2,2,0,3,2,5,2,0,0
6,1322,4,0,3,0,8,6,3,2,2,0,3,2,5,2,0,0
6,1322,4,0,3,0,8,6,3,2,2,0,3,2,5,2,0,0
6,1322,4,0,3,0,8,6,3,2,2,0,2,2,4,2,0,0
6,1322,4,0,3,0,8,6,3,2,2,0,2,2,4,2,0,0
6,1322,4,0,3,0,8,6,3,2,2,0,2,2,4,2,0,0
6,1322,4,0,3,0,8,6,3,2,2,0,2,2,4,2,0,0
6,1322,4,0,3,0,8,6,3,2,2,0,2,2,4,2,0,0
6,1322,4,0,3,0,8,6,3,2,2,0,2,2,4,2,0,0
6,1322,4,0,3,0,8,6,3,2,2,0,2,2,4,2,0,0
6,1322,4,0,3,0,8,6,3,2,2,0,2,2,4,2,0,0
6,1322,4,0,3,0,8,6,3,2,2,0,2,2,4,2,0,0
7,1323,4,0,4,0,9,6,4,2,3,0,3,2,7,2,0,0
7,1323,4,0,4,0,9,6,4,2,3,0,3,2,7,2,0,0
7,1323,4,0,4,0,9,6,4,2,3,0,3,2,7,2,0,0
7,1323,4,0,4,0,9,6,4,2,3,0,3,2,7,2,0,0
7,1323,4,0,4,0,9,6,4,2,3,0,3,2,7,2,0,0
7,1323,4,0,4,0,9,6,4,2,3,0,3,2,7,2,0,0
7,1323,4,0,4,0,9,6,4,2,3,0,3,2,8,2,8,0
7,1323,4,0,4,0,10,8,4,4,3,1,4,2,8,3,8,1
7,1323,4,0,4,0,10,8,4,4,3,2,4,2,8,4,8,1
7,1323,4,0,4,0,10,8,4,4,3,3,4,2,8,5,9,1
7,1323,4,0,4,0,10,9,4,4,3,3,4,2,8,5,9,1
7,1323,4,0,4,0,10,9,4,4,3,3,4,2,8,6,9,1
7,1323,4,0,4,0,10,9,4,4,3,2,4,2,8,6,9,1
7,1323,4,0,4,0,10,8,4,4,3,2,4,2,8,5,5,1
7,1323,4,0,4,0,10,8,4,4,3,2,4,2,8,5,5,1
7,1323,4,0,4,0,10,8,4,4,3,2,4,2,8,5,5,1
7,1323,4,0,4,0,9,8,4,4,3,2,3,2,8,5,5,1
7,1323,4,0,4,0,9,8,4,4,3,2,3,2,8,4,0,1
7,1323,4,0,4,0,9,8,4,4,3,2,3,2,8,4,0,1
7,1323,4,0,4,0,9,8,4,4,3,2,3,2,8,4,0,1
7,1323,4,0,4,0,9,8,4,4,3,2,3,2,8,4,0,0
7,1323,4,0,4,0,9,8,4,4,3,2,3,2,8,4,0,0
7,1323,4,0,4,0,9,8,4,4,3,1,3,2,8,4,0,0
7,1323,4,0,4,0,9,8,4,4,3,1,3,2,7,4,0,0
8,1324,4,0,4,0,9,8,4,4,3,1,3,2,4,4,0,0
8,1324,4,0,4,0,9,8,4,4,3,1,3,2,4,4,0,0
8,1324,4,0,4,0,9,8,4,4,3,1,3,2,4,4,0,0
8,1324,4,0,4,0,9,8,4,4,3,1,3,2,4,4,0,0
8,1324,4,0,4,0,9,8,4,4,3,1,3,2,4,4,0,0
8,1324,4,0,4,0,9,8,4,4,3,1,3,2,4,4,0,0
8,1324,4,0,4,0,9,8,4,4,3,1,3,2,4,4,8,0
8,1324,4,0,4,0,10,10,4,4,3,3,4,3,5,4,8,2
8,1324,4,0,4,0,10,10,4,4,3,3,4,3,5,4,8,3
8,1324,4,0,4,0,10,10,4,3,3,3,4,3,5,5,9,3
8,1324,4,0,4,0,10,10,4,4,3,2,4,3,5,5,9,3
8,1324,4,0,4,0,10,10,4,3,3,3,4,3,5,5,9,3
8,1324,4,0,4,0,10,10,4,4,3,3,4,3,5,5,9,3
8,1324,4,0,4,0,10,10,4,4,3,3,4,3,5,5,5,3
8,1324,4,0,4,0,10,10,4,4,3,3,4,3,5,5,5,3
8,1324,4,0,4,0,10,10,4,4,3,2,4,3,4,5,5,0
8,1324,4,0,4,0,9,9,4,4,3,2,3,3,4,5,5,0
8,1324,4,0,4,0,9,9,4,4,3,2,3,3,4,5,0,0
8,1324,4,0,4,0,9,9,4,4,3,2,3,3,4,5,0,0
8,1324,4,0,4,0,9,9,4,4,3,2,3,3,4,5,0,0
8,1324,4,0,4,0,9,9,4,4,3,1,3,3,4,5,0,0
8,1324,4,0,4,0,9,9,4,4,3,1,3,3,4,5,0,0
8,1324,4,0,4,0,9,9,4,4,3,1,3,3,4,4,0,0
8,1324,4,0,4,0,9,9,4,4,3,1,3,3,4,4,0,0
9,1325,4,0,4,0,9,9,4,4,3,1,3,3,7,4,0,0
9,1325,4,0,4,0,9,9,4,4,3,1,3,3,7,4,0,0
9,1325,4,0,4,0,9,9,4,4,3,1,3,3,7,4,0,0
9,1325,4,0,4,0,9,9,4,4,3,1,3,3,7,4,0,0
9,1325,4,0,4,0,9,9,4,4,3,1,3,3,7,4,0,0
9,1325,4,0,4,0,9,9,4,4,3,1,3,3,7,4,0,0
9,1325,4,0,4,0,9,9,4,4,3,1,3,3,10,4,8,0
9,1325,4,0,4,0,10,9,4,4,3,2,4,3,10,9,8,1
9,1325,4,0,4,0,10,10,4,4,3,2,4,3,10,10,8,2
9,1325,4,0,4,0,10,10,4,4,3,3,4,2,10,10,9,2
9,1325,4,0,4,0,10,10,4,4,3,3,4,2,10,11,9,3
9,1325,4,0,4,0,10,10,4,4,3,3,4,2,10,10,9,3
9,1325,4,0,4,0,10,10,4,4,3,3,4,2,10,10,9,3
9,1325,4,0,4,0,10,10,4,4,3,3,4,2,10,9,5,3
9,1325,4,0,4,0,10,10,4,4,3,3,4,2,10,10,5,3
9,1325,4,0,4,0,10,10,4,4,3,3,4,2,8,9,5,2
9,1325,4,0,4,0,9,10,4,4,3,3,3,2,8,8,5,1
9,1325,4,0,4,0,9,10,4,4,3,3,3,2,8,8,0,1
9,1325,4,0,4,0,9,10,4,4,3,3,3,2,8,8,0,1
9,1325,4,0,4,0,9,10,4,4,3,3,3,2,8,8,0,1
9,1325,4,0,4,0,9,9,4,4,3,3,3,2,8,8,0,1
9,1325,4,0,4,0,9,9,4,4,3,3,3,2,8,8,0,1
9,1325,4,0,4,0,9,9,4,4,3,3,3,2,8,8,0,1
9,1325,4,0,4,0,9,9,4,4,3,3,3,2,7,8,0,1
10,1326,4,0,4,0,9,9,4,4,3,3,3,2,7,8,0,1
10,1326,4,0,4,0,9,9,4,4,3,3,3,2,7,8,0,1
10,1326,4,0,4,0,9,9,4,4,3,3,3,2,7,8,0,1
10,1326,4,0,4,0,9,9,4,4,3,3,3,2,7,8,0,1
10,1326,4,0,4,0,9,9,4,4,3,3,3,2,7,8,0,1
10,1326,4,0,4,0,9,9,4,4,3,3,3,2,7,8,0,1
10,1326,4,0,4,0,9,9,4,4,3,3,3,2,8,8,8,1
10,1326,4,0,4,0,10,9,4,4,3,2,4,3,8,8,8,1
10,1326,4,0,4,0,10,10,4,4,3,2,4,3,8,8,8,1
10,1326,4,0,4,0,10,10,4,4,3,2,4,3,8,8,9,1
10,1326,4,0,4,0,10,10,4,4,3,2,4,3,8,8,9,1
10,1326,4,0,4,0,10,10,4,4,3,2,4,3,8,8,9,0
10,1326,4,0,4,0,10,10,4,4,3,2,4,3,8,8,9,0
10,1326,4,0,4,0,10,10,4,4,3,2,4,3,8,8,5,0
10,1326,4,0,4,0,10,10,4,4,3,2,4,3,8,7,5,0
10,1326,4,0,4,0,10,10,4,4,3,2,4,3,8,7,5,0
10,1326,4,0,4,0,9,10,4,4,3,2,3,3,8,7,5,0
10,1326,4,0,4,0,9,10,4,4,3,2,3,3,8,7,0,0
10,1326,4,0,4,0,9,9,4,4,3,2,3,3,8,7,0,0
10,1326,4,0,4,0,9,9,4,3,3,2,3,3,8,7,0,0
10,1326,4,0,4,0,9,9,4,3,3,2,3,3,8,7,0,0
10,1326,4,0,4,0,9,9,4,3,3,2,3,3,8,7,0,0
10,1326,4,0,4,0,9,9,4,3,3,2,3,3,8,6,0,0
10,1326,4,0,4,0,9,9,4,3,3,2,3,3,7,6,0,0
11,1327,4,0,4,0,9,9,4,3,3,2,3,3,7,6,0,0
11,1327,4,0,4,0,9,9,4,3,3,2,3,3,7,6,0,0
11,1327,4,0,4,0,9,9,4,3,3,2,3,3,7,6,0,0
11,1327,4,0,4,0,9,9,4,3,3,2,3,3,7,6,0,0
11,1327,4,0,4,0,9,9,4,3,3,2,3,3,7,6,0,0
11,1327,4,0,4,0,9,9,4,3,3,2,3,3,7,6,0,0
11,1327,4,0,4,0,9,9,4,3,3,2,3,3,8,6,8,0
11,1327,4,0,4,0,10,9,4,4,3,2,4,4,8,8,8,0
11,1327,4,0,4,0,10,10,4,4,3,3,4,4,8,8,8,1
11,1327,4,0,4,0,10,10,4,4,3,3,4,4,8,8,9,1
11,1327,4,0,4,0,10,10,4,4,3,2,4,4,8,8,9,1
11,1327,4,0,4,0,10,10,4,4,3,3,4,4,8,8,9,1
11,1327,4,0,4,0,10,10,4,4,3,3,4,4,8,8,9,1
11,1327,4,0,4,0,10,10,4,4,3,3,4,4,8,8,5,1
11,1327,4,0,4,0,10,10,4,4,3,3,4,4,8,8,5,1
11,1327,4,0,4,0,10,9,4,4,3,3,4,4,8,7,5,1
11,1327,4,0,4,0,9,9,4,4,3,3,3,3,8,7,5,1
11,1327,4,0,4,0,9,9,4,4,3,3,3,3,8,7,0,0
11,1327,4,0,4,0,9,9,4,4,3,3,3,3,8,7,0,0
11,1327,4,0,4,0,9,9,4,4,3,3,3,2,8,7,0,0
11,1327,4,0,4,0,9,9,4,3,3,3,3,2,8,7,0,0
11,1327,4,0,4,0,9,9,4,3,3,3,3,2,8,6,0,0
11,1327,4,0,4,0,9,9,4,3,3,3,3,2,8,6,0,0
11,1327,4,0,4,0,9,9,4,3,3,3,3,2,7,6,0,0
12,1328,4,0,3,0,8,9,3,3,2,3,2,2,7,6,0,0
12,1328,4,0,3,0,8,9,3,3,2,3,2,2,7,6,0,0
12,1328,4,0,3,0,8,9,3,3,2,3,2,2,7,6,0,0
12,1328,4,0,3,0,8,9,3,3,2,3,2,2,7,6,0,0
12,1328,4,0,3,0,8,9,3,3,2,3,2,2,7,6,0,0
12,1328,4,0,3,0,8,9,3,3,2,3,2,2,7,6,0,0
12,1328,4,0,3,0,8,9,3,3,2,3,3,2,10,6,0,0
12,1328,4,0,3,0,8,9,3,3,2,2,3,2,10,4,0,0
12,1328,4,0,3,0,8,9,3,3,2,2,3,2,10,4,0,0
12,1328,4,0,3,0,8,9,3,3,2,2,3,2,10,4,0,0
12,1328,4,0,3,0,8,9,3,3,2,1,3,2,10,4,0,0
12,1328,4,0,3,0,8,9,3,3,2,1,3,2,10,4,0,0
12,1328,4,0,3,0,8,9,3,3,2,1,3,2,10,4,0,0
12,1328,4,0,3,0,8,9,3,3,2,1,3,2,10,4,0,0
12,1328,4,0,3,0,8,9,3,3,2,1,3,2,10,4,0,0
12,1328,4,0,3,0,8,9,3,3,2,1,2,2,8,4,0,0
12,1328,4,0,3,0,8,9,3,3,2,1,2,2,8,4,0,0
12,1328,4,0,3,0,8,9,3,3,2,1,2,2,8,4,0,0
12,1328,4,0,3,0,8,9,3,3,2,1,2,1,8,4,0,0
12,1328,4,0,3,0,8,9,3,3,2,1,2,1,8,4,0,0
12,1328,4,0,3,0,8,9,3,3,2,1,2,1,8,4,0,0
12,1328,4,0,3,0,8,9,3,3,2,1,2,1,8,4,0,0
12,1328,4,0,3,0,8,9,3,3,2,1,2,1,8,4,0,0
12,1328,4,0,3,0,8,9,3,3,2,1,2,1,7,4,0,0
13,1329,4,0,3,0,8,9,3,3,2,1,2,1,4,4,0,0
13,1329,4,0,3,0,8,9,3,3,2,1,2,1,4,4,0,0
13,1329,4,0,3,0,8,9,3,3,2,1,2,1,4,4,0,0
13,1329,4,0,3,0,8,9,3,3,2,1,2,1,4,4,0,0
13,1329,4,0,3,0,8,9,3,3,2,1,2,1,4,4,0,0
13,1329,4,0,3,0,8,9,3,3,2,1,2,1,4,4,0,0
13,1329,4,0,3,0,8,9,3,3,2,1,3,1,4,4,0,0
13,1329,4,0,3,0,8,8,3,3,2,1,3,1,5,4,0,0
13,1329,4,0,3,0,8,8,3,3,2,1,3,1,5,3,0,0
13,1329,4,0,3,0,8,8,3,3,2,1,3,1,5,3,0,0
13,1329,4,0,3,0,8,8,3,3,2,1,3,1,5,3,0,0
13,1329,4,0,3,0,8,8,3,3,2,1,3,1,5,3,0,0
13,1329,4,0,3,0,8,8,3,3,2,1,3,1,5,3,0,0
13,1329,4,0,3,0,8,8,3,3,2,1,3,1,5,3,0,0
13,1329,4,0,3,0,8,8,3,3,2,1,3,1,5,3,0,0
13,1329,4,0,3,0,8,8,3,3,2,1,2,1,4,3,0,0
13,1329,4,0,3,0,8,8,3,3,2,1,2,1,4,3,0,0
13,1329,4,0,3,0,8,8,3,3,2,1,2,1,4,3,0,0
13,1329,4,0,3,0,8,8,3,3,2,1,2,1,4,3,0,0
13,1329,4,0,3,0,8,8,3,3,2,1,2,1,4,3,0,0
13,1329,4,0,3,0,8,8,3,3,2,1,2,1,4,3,0,0
13,1329,4,0,3,0,8,8,3,3,2,1,2,1,4,3,0,0
13,1329,4,0,3,0,8,8,3,3,2,1,2,1,4,3,0,0
13,1329,4,0,3,0,8,8,3,3,2,1,2,1,4,3,0,0
14,1330,4,0,4,0,9,8,4,3,3,1,3,1,7,3,0,0
14,1330,4,0,4,0,9,8,4,3,3,1,3,1,7,3,0,0
14,1330,4,0,4,0,9,8,4,3,3,1,3,1,7,3,0,0
14,1330,4,0,4,0,9,8,4,3,3,1,3,1,7,3,0,0
14,1330,4,0,4,0,9,8,4,3,3,1,3,1,7,3,0,0
14,1330,4,0,4,0,9,8,4,3,3,1,3,1,7,3,0,0
14,1330,4,0,4,0,9,8,4,3,3,1,3,1,8,3,8,0
14,1330,4,0,4,0,10,9,4,4,3,2,4,2,8,6,8,2
14,1330,4,0,4,0,10,10,4,4,3,2,4,2,8,6,8,2
14,1330,4,0,4,0,10,10,4,4,3,3,4,2,8,8,9,2
14,1330,4,0,4,0,10,10,4,4,3,3,4,2,8,8,9,2
14,1330,4,0,4,0,10,10,4,4,3,3,4,2,8,8,9,2
14,1330,4,0,4,0,10,10,4,4,3,3,4,2,8,8,9,2
14,1330,4,0,4,0,10,10,4,4,3,2,4,2,8,6,5,2
14,1330,4,0,4,0,10,10,4,4,3,2,4,1,8,7,5,2
14,1330,4,0,4,0,10,10,4,4,3,2,4,1,8,6,5,0
14,1330,4,0,4,0,9,10,4,4,3,2,3,1,8,6,5,0
14,1330,4,0,4,0,9,10,4,4,3,2,3,1,8,6,0,0
14,1330,4,0,4,0,9,10,4,4,3,2,3,1,8,6,0,0
14,1330,4,0,4,0,9,10,4,4,3,2,3,1,8,6,0,0
14,1330,4,0,4,0,9,10,4,4,3,2,3,1,8,6,0,0
14,1330,4,0,4,0,9,10,4,4,3,2,3,1,8,6,0,0
14,1330,4,0,4,0,9,10,4,4,3,2,3,1,8,6,0,0
14,1330,4,0,4,0,9,10,4,4,3,2,3,1,7,6,0,0
15,1331,4,0,4,0,9,10,4,4,3,2,3,1,4,6,0,0
15,1331,4,0,4,0,9,10,4,4,3,2,3,1,4,6,0,0
15,1331,4,0,4,0,9,10,4,4,3,2,3,1,4,6,0,0
15,1331,4,0,4,0,9,10,4,4,3,2,3,1,4,6,0,0
15,1331,4,0,4,0,9,10,4,4,3,2,3,1,4,6,0,0
15,1331,4,0,4,0,9,10,4,4,3,2,3,1,4,6,0,0
15,1331,4,0,4,0,9,10,4,4,3,2,3,1,4,6,8,0
15,1331,4,0,4,0,10,10,4,4,3,3,4,2,5,6,8,2
15,1331,4,0,4,0,10,10,4,4,3,3,4,2,5,6,8,3
15,1331,4,0,4,0,10,10,4,4,3,3,4,2,5,6,9,4
15,1331,4,0,4,0,10,10,4,4,3,3,4,2,5,6,9,4
15,1331,4,0,4,0,10,10,4,4,3,3,4,2,5,6,9,4
15,1331,4,0,4,0,10,10,4,4,3,3,4,2,5,6,9,4
15,1331,4,0,4,0,10,10,4,4,3,3,4,2,5,6,5,4
15,1331,4,0,4,0,10,10,4,4,3,3,4,2,5,6,5,4
15,1331,4,0,4,0,10,10,4,4,3,3,4,2,4,6,5,3
15,1331,4,0,4,0,9,9,4,4,3,3,3,2,4,6,5,3
15,1331,4,0,4,0,9,9,4,4,3,3,3,2,4,6,0,3
15,1331,4,0,4,0,9,9,4,4,3,3,3,2,4,6,0,3
15,1331,4,0,4,0,9,9,4,4,3,3,3,2,4,6,0,3
15,1331,4,0,4,0,9,9,4,4,3,3,3,2,4,6,0,3
15,1331,4,0,4,0,9,9,4,4,3,3,3,2,4,6,0,3
15,1331,4,0,4,0,9,9,4,4,3,3,3,2,4,6,0,3
15,1331,4,0,4,0,9,9,4,4,3,3,3,2,4,6,0,3
16,1332,4,0,4,0,9,9,4,4,3,3,3,2,7,7,0,3
16,1332,4,0,4,0,9,9,4,4,3,3,3,2,7,7,0,3
16,1332,4,0,4,0,9,9,4,4,3,3,3,2,7,7,0,3
16,1332,4,0,4,0,9,9,4,4,3,3,3,2,7,7,0,3
16,1332,4,0,4,0,9,9,4,4,3,3,3,2,7,7,0,3
16,1332,4,0,4,0,9,9,4,4,3,3,3,2,7,7,0,3
16,1332,4,0,4,0,9,9,4,4,3,3,3,2,10,8,8,3
16,1332,4,0,4,0,10,10,4,4,3,2,4,2,10,9,8,2
16,1332,4,0,4,0,10,10,4,4,3,2,4,2,10,10,8,2
16,1332,4,0,4,0,10,10,4,4,3,3,4,2,10,8,9,3
16,1332,4,0,4,0,10,10,4,4,3,3,4,2,10,10,9,3
16,1332,4,0,4,0,10,10,4,4,3,3,4,2,10,10,9,2
16,1332,4,0,4,0,10,10,4,4,3,3,4,2,10,11,9,2
16,1332,4,0,4,0,10,10,4,4,3,2,4,2,10,10,5,2
16,1332,4,0,4,0,10,10,4,4,3,2,4,2,10,10,5,2
16,1332,4,0,4,0,10,10,4,4,3,2,4,2,8,9,5,2
16,1332,4,0,4,0,9,10,4,4,3,2,3,2,8,9,5,2
16,1332,4,0,4,0,9,10,4,4,3,2,3,2,8,7,0,0
16,1332,4,0,4,0,9,10,4,4,3,2,3,2,8,7,0,0
16,1332,4,0,4,0,9,10,4,4,3,2,3,2,8,7,0,0
16,1332,4,0,4,0,9,10,4,4,3,2,3,2,8,6,0,0
16,1332,4,0,4,0,9,10,4,4,3,2,3,2,8,6,0,0
16,1332,4,0,4,0,9,10,4,4,3,2,3,2,8,6,0,0
16,1332,4,0,4,0,9,10,4,4,3,2,3,2,7,6,0,0
17,1333,4,0,4,0,9,10,4,4,3,2,3,2,7,6,0,0
17,1333,4,0,4,0,9,10,4,4,3,2,3,2,7,6,0,0
17,1333,4,0,4,0,9,10,4,4,3,2,3,2,7,6,0,0
17,1333,4,0,4,0,9,10,4,4,3,2,3,2,7,6,0,0
17,1333,4,0,4,0,9,10,4,4,3,2,3,2,7,6,0,0
17,1333,4,0,4,0,9,10,4,4,3,2,3,2,7,6,0,0
17,1333,4,0,4,0,9,10,4,4,3,2,3,2,8,6,8,0
17,1333,4,0,4,0,10,10,4,4,3,3,4,2,8,7,8,0
17,1333,4,0,4,0,10,10,4,4,3,3,4,2,8,8,8,0
17,1333,4,0,4,0,10,10,4,4,3,3,4,2,8,8,9,0
17,1333,4,0,4,0,10,10,4,4,3,3,4,2,8,8,9,0
17,1333,4,0,4,0,10,10,4,4,3,3,4,2,8,8,9,0
17,1333,4,0,4,0,10,10,4,4,3,3,4,2,8,8,9,0
17,1333,4,0,4,0,10,10,4,4,3,3,4,2,8,8,5,0
17,1333,4,0,4,0,10,10,4,4,3,3,4,2,8,7,5,0
17,1333,4,0,4,0,10,9,4,4,3,3,4,2,8,6,5,0
17,1333,4,0,4,0,9,9,4,4,3,3,3,2,8,6,5,0
17,1333,4,0,4,0,9,9,4,4,3,3,3,2,8,6,0,0
17,1333,4,0,4,0,9,9,4,4,3,3,3,2,8,6,0,0
17,1333,4,0,4,0,9,9,4,4,3,3,3,2,8,6,0,0
17,1333,4,0,4,0,9,9,4,4,3,3,3,2,8,6,0,0
17,1333,4,0,4,0,9,9,4,4,3,3,3,2,8,6,0,0
17,1333,4,0,4,0,9,9,4,4,3,3,3,2,8,6,0,0
17,1333,4,0,4,0,9,9,4,4,3,3,3,2,7,6,0,0
18,1334,4,0,4,0,9,9,4,4,3,3,3,2,7,6,0,0
18,1334,4,0,4,0,9,9,4,4,3,3,3,2,7,6,0,0
18,1334,4,0,4,0,9,9,4,4,3,3,3,2,7,6,0,0
18,1334,4,0,4,0,9,9,4,4,3,3,3,2,7,6,0,0
18,1334,4,0,4,0,9,9,4,4,3,3,3,2,7,6,0,0
18,1334,4,0,4,0,9,9,4,4,3,3,3,2,7,6,0,0
18,1334,4,0,4,0,9,9,4,4,3,3,3,2,8,6,8,0
18,1334,4,0,4,0,10,10,4,4,3,3,4,3,8,8,8,1
18,1334,4,0,4,0,10,10,4,4,3,3,4,3,8,8,8,1
18,1334,4,0,4,0,10,10,4,4,3,3,4,3,8,8,9,2
18,1334,4,0,4,0,10,10,4,4,3,3,4,3,8,8,9,2
18,1334,4,0,4,0,10,9,4,4,3,3,4,3,8,8,9,2
18,1334,4,0,4,0,10,10,4,4,3,3,4,3,8,8,9,2
18,1334,4,0,4,0,10,10,4,4,3,3,4,3,8,8,5,2
18,1334,4,0,4,0,10,10,4,3,3,3,4,3,8,9,5,2
18,1334,4,0,4,0,10,9,4,3,3,3,4,3,8,9,5,2
18,1334,4,0,4,0,9,9,4,3,3,3,3,3,8,9,5,2
18,1334,4,0,4,0,9,9,4,3,3,3,3,3,8,8,0,1
18,1334,4,0,4,0,9,9,4,3,3,3,3,3,8,8,0,1
18,1334,4,0,4,0,9,8,4,3,3,3,3,3,8,7,0,1
18,1334,4,0,4,0,9,8,4,3,3,3,3,3,8,7,0,1
18,1334,4,0,4,0,9,8,4,3,3,3,3,3,8,7,0,1
18,1334,4,0,4,0,9,8,4,3,3,3,3,3,8,7,0,1
18,1334,4,0,4,0,9,8,4,3,3,3,3,3,7,7,0,1
19,1335,4,0,3,0,8,8,3,3,2,3,2,3,7,7,0,1
19,1335,4,0,3,0,8,8,3,3,2,3,2,3,7,7,0,1
19,1335,4,0,3,0,8,8,3,3,2,3,2,3,7,7,0,1
19,1335,4,0,3,0,8,8,3,3,2,3,2,3,7,7,0,1
19,1335,4,0,3,0,8,8,3,3,2,3,2,3,7,7,0,1
19,1335,4,0,3,0,8,8,3,3,2,3,2,3,7,7,0,1
19,1335,4,0,3,0,8,8,3,3,2,3,3,3,10,7,0,1
19,1335,4,0,3,0,8,8,3,3,2,3,3,3,10,6,0,0
19,1335,4,0,3,0,8,8,3,3,2,3,3,3,10,6,0,0
19,1335,4,0,3,0,8,7,3,3,2,3,3,3,10,6,0,0
19,1335,4,0,3,0,8,7,3,3,2,3,3,3,10,6,0,0
19,1335,4,0,3,0,8,7,3,3,2,2,3,3,10,6,0,0
19,1335,4,0,3,0,8,7,3,3,2,2,3,3,10,6,0,0
19,1335,4,0,3,0,8,7,3,3,2,2,3,3,10,6,0,0
19,1335,4,0,3,0,8,7,3,3,2,2,3,3,10,6,0,0
19,1335,4,0,3,0,8,7,3,3,2,2,2,3,8,6,0,0
19,1335,4,0,3,0,8,7,3,3,2,2,2,3,8,6,0,0
19,1335,4,0,3,0,8,7,3,3,2,2,2,3,8,6,0,0
19,1335,4,0,3,0,8,7,3,3,2,2,2,3,8,6,0,0
19,1335,4,0,3,0,8,7,3,3,2,2,2,3,8,6,0,0
19,1335,4,0,3,0,8,7,3,3,2,2,2,3,8,6,0,0
19,1335,4,0,3,0,8,7,3,3,2,2,2,3,8,6,0,0
19,1335,4,0,3,0,8,7,3,3,2,2,2,3,8,5,0,0
19,1335,4,0,3,0,8,7,3,3,2,2,2,3,7,5,0,0
20,1336,4,0,3,0,8,7,3,3,2,2,2,3,4,5,0,0
20,1336,4,0,3,0,8,7,3,3,2,2,2,3,4,5,0,0
20,1336,4,0,3,0,8,7,3,3,2,2,2,3,4,5,0,0
20,1336,4,0,3,0,8,7,3,3,2,2,2,3,4,5,0,0
20,1336,4,0,3,0,8,7,3,3,2,2,2,3,4,5,0,0
20,1336,4,0,3,0,8,7,3,3,2,2,2,3,4,5,0,0
20,1336,4,0,3,0,8,7,3,3,2,2,3,3,4,5,0,0
20,1336,4,0,3,0,8,7,3,3,2,2,3,2,5,5,0,0
20,1336,4,0,3,0,8,7,3,3,2,2,3,2,5,5,0,0
20,1336,4,0,3,0,8,7,3,3,2,2,3,2,5,5,0,0
20,1336,4,0,3,0,8,7,3,3,2,2,3,2,5,5,0,0
20,1336,4,0,3,0,8,7,3,3,2,2,3,2,5,3,0,0
20,1336,4,0,3,0,8,7,3,3,2,2,3,2,5,3,0,0
20,1336,4,0,3,0,8,7,3,3,2,2,3,1,5,3,0,0
20,1336,4,0,3,0,8,7,3,3,2,2,3,1,5,3,0,0
20,1336,4,0,3,0,8,7,3,3,2,2,2,1,4,3,0,0
20,1336,4,0,3,0,8,7,3,3,2,2,2,1,4,3,0,0
20,1336,4,0,3,0,8,7,3,3,2,2,2,1,4,3,0,0
20,1336,4,0,3,0,8,7,3,3,2,2,2,1,4,3,0,0
20,1336,4,0,3,0,8,7,3,3,2,2,2,1,4,3,0,0
20,1336,4,0,3,0,8,7,3,3,2,2,2,1,4,3,0,0
20,1336,4,0,3,0,8,7,3,3,2,2,2,1,4,3,0,0
20,1336,4,0,3,0,8,7,3,3,2,2,2,1,4,3,0,0
20,1336,4,0,3,0,8,7,3,3,2,2,2,1,4,3,0,0
21,1337,4,0,4,0,9,7,4,3,3,2,3,1,7,3,0,0
21,1337,4,0,4,0,9,7,4,3,3,2,3,1,7,3,0,0
21,1337,4,0,4,0,9,7,4,3,3,2,3,1,7,3,0,0
21,1337,4,0,4,0,9,7,4,3,3,2,3,1,7,3,0,0
21,1337,4,0,4,0,9,7,4,3,3,2,3,1,7,3,0,0
21,1337,4,0,4,0,9,7,4,3,3,2,3,1,7,3,0,0
21,1337,4,0,4,0,9,7,4,3,3,2,3,1,8,3,8,0
21,1337,4,0,4,0,10,9,4,4,3,3,4,2,8,5,8,1
21,1337,4,0,4,0,10,10,4,4,3,3,4,2,8,5,8,1
21,1337,4,0,4,0,10,10,4,4,3,3,4,1,8,7,9,1
21,1337,4,0,4,0,10,10,4,4,3,3,4,1,8,7,9,1
21,1337,4,0,4,0,10,10,4,4,3,3,4,1,8,7,9,1
21,1337,4,0,4,0,10,10,4,4,3,3,4,1,8,7,9,1
21,1337,4,0,4,0,10,9,4,4,3,3,4,1,8,5,5,1
21,1337,4,0,4,0,10,9,4,4,3,3,4,1,8,5,5,1
21,1337,4,0,4,0,10,9,4,4,3,3,4,1,8,6,5,1
21,1337,4,0,4,0,9,9,4,4,3,3,3,1,8,5,5,0
21,1337,4,0,4,0,9,9,4,4,3,3,3,1,8,5,0,0
21,1337,4,0,4,0,9,9,4,4,3,3,3,1,8,5,0,0
21,1337,4,0,4,0,9,9,4,4,3,3,3,1,8,5,0,0
21,1337,4,0,4,0,9,9,4,4,3,3,3,1,8,5,0,0
21,1337,4,0,4,0,9,9,4,4,3,3,3,1,8,5,0,0
21,1337,4,0,4,0,9,9,4,4,3,3,3,1,8,5,0,0
21,1337,4,0,4,0,9,9,4,4,3,3,3,1,7,5,0,0
22,1338,4,0,4,0,9,9,4,4,3,3,3,1,4,5,0,0
22,1338,4,0,4,0,9,9,4,4,3,3,3,1,4,5,0,0
22,1338,4,0,4,0,9,9,4,4,3,3,3,1,4,5,0,0
22,1338,4,0,4,0,9,9,4,4,3,3,3,1,4,5,0,0
22,1338,4,0,4,0,9,9,4,4,3,3,3,1,4,5,0,0
22,1338,4,0,4,0,9,9,4,4,3,3,3,1,4,5,0,0
22,1338,4,0,4,0,9,9,4,4,3,3,3,1,4,5,8,0
22,1338,4,0,4,0,10,8,4,3,3,3,4,2,5,5,8,5
22,1338,4,0,4,0,10,10,4,4,3,3,4,2,5,5,8,6
22,1338,4,0,4,0,10,10,4,4,3,3,4,2,5,6,9,7
22,1338,4,0,4,0,10,10,4,3,3,3,4,2,5,6,9,8
22,1338,4,0,4,0,10,10,4,3,3,3,4,2,5,6,9,8
22,1338,4,0,4,0,10,10,4,3,3,3,4,2,5,6,9,8
22,1338,4,0,4,0,10,9,4,3,3,3,4,2,5,5,5,6
22,1338,4,0,4,0,10,9,4,3,3,3,4,2,5,5,5,6
22,1338,4,0,4,0,10,9,4,3,3,3,4,2,4,5,5,3
22,1338,4,0,4,0,9,9,4,3,3,3,3,2,4,5,5,3
22,1338,4,0,4,0,9,9,4,3,3,3,3,2,4,5,0,3
22,1338,4,0,4,0,9,9,4,3,3,3,3,2,4,5,0,3
22,1338,4,0,4,0,9,9,4,3,3,3,3,2,4,5,0,2
22,1338,4,0,4,0,9,9,4,3,3,3,3,2,4,5,0,2
22,1338,4,0,4,0,9,9,4,3,3,2,3,2,4,5,0,2
22,1338,4,0,4,0,9,9,4,3,3,2,3,2,4,5,0,2
22,1338,4,0,4,0,9,9,4,3,3,2,3,2,4,5,0,2
23,1339,4,0,4,0,9,9,4,3,3,2,3,2,7,7,0,2
23,1339,4,0,4,0,9,9,4,3,3,2,3,2,7,7,0,2
23,1339,4,0,4,0,9,9,4,3,3,2,3,2,7,7,0,2
23,1339,4,0,4,0,9,9,4,3,3,2,3,2,7,7,0,2
23,1339,4,0,4,0,9,9,4,3,3,2,3,2,7,7,0,2
23,1339,4,0,4,0,9,9,4,3,3,2,3,2,7,7,0,2
23,1339,4,0,4,0,9,9,4,3,3,2,3,2,10,7,8,2
23,1339,4,0,4,0,10,9,4,4,3,2,4,3,10,10,8,1
23,1339,4,0,4,0,10,10,4,4,3,2,4,3,10,10,8,0
23,1339,4,0,4,0,10,10,4,4,3,3,4,2,10,10,9,0
23,1339,4,0,4,0,10,10,4,4,3,3,4,2,10,10,9,0
23,1339,4,0,4,0,10,10,4,4,3,3,4,2,10,10,9,0
23,1339,4,0,4,0,10,10,4,4,3,3,4,2,10,10,9,0
23,1339,4,0,4,0,10,9,4,4,3,2,4,2,10,10,5,0
23,1339,4,0,4,0,10,9,4,4,3,2,4,2,10,10,5,0
23,1339,4,0,4,0,10,9,4,4,3,2,4,2,8,10,5,0
23,1339,4,0,4,0,9,9,4,4,3,2,3,2,8,10,5,0
23,1339,4,0,4,0,9,9,4,4,3,1,3,2,8,10,0,0
23,1339,4,0,4,0,9,9,4,4,3,1,3,2,8,10,0,0
23,1339,4,0,4,0,9,9,4,4,3,1,3,2,8,10,0,0
23,1339,4,0,4,0,9,9,4,4,3,1,3,2,8,10,0,0
23,1339,4,0,4,0,9,9,4,4,3,1,3,2,8,10,0,0
23,1339,4,0,4,0,9,9,4,4,3,1,3,2,8,9,0,0
23,1339,4,0,4,0,9,9,4,4,3,1,3,2,7,9,0,0
24,1340,4,0,4,0,9,9,4,4,3,1,3,2,7,9,0,0
24,1340,4,0,4,0,9,9,4,4,3,1,3,2,7,9,0,0
24,1340,4,0,4,0,9,9,4,4,3,1,3,2,7,9,0,0
24,1340,4,0,4,0,9,9,4,4,3,1,3,2,7,9,0,0
24,1340,4,0,4,0,9,9,4,4,3,1,3,2,7,9,0,0
24,1340,4,0,4,0,9,9,4,4,3,1,3,2,7,9,0,0
24,1340,4,0,4,0,9,9,4,4,3,1,3,2,8,9,8,0
24,1340,4,0,4,0,10,8,4,3,3,2,4,3,8,8,8,0
24,1340,4,0,4,0,10,10,4,3,3,2,4,2,8,8,8,0
24,1340,4,0,4,0,10,10,4,3,3,2,4,2,8,8,9,0
24,1340,4,0,4,0,10,10,4,3,3,2,4,2,8,8,9,0
24,1340,4,0,4,0,10,9,4,3,3,2,4,2,8,8,9,0
24,1340,4,0,4,0,10,9,4,3,3,2,4,2,8,8,9,0
24,1340,4,0,4,0,10,9,4,3,3,1,4,2,8,8,5,0
24,1340,4,0,4,0,10,9,4,3,3,1,4,2,8,8,5,0
24,1340,4,0,4,0,10,9,4,3,3,1,4,2,8,8,5,0
24,1340,4,0,4,0,9,9,4,3,3,1,3,2,8,8,5,0
24,1340,4,0,4,0,9,8,4,3,3,1,3,2,8,7,0,0
24,1340,4,0,4,0,9,8,4,3,3,1,3,2,8,7,0,0
24,1340,4,0,4,0,9,8,4,3,3,1,3,2,8,7,0,0
24,1340,4,0,4,0,9,7,4,3,3,1,3,2,8,7,0,0
24,1340,4,0,4,0,9,7,4,3,3,1,3,2,8,7,0,0
24,1340,4,0,4,0,9,7,4,3,3,1,3,1,8,7,0,0
24,1340,4,0,4,0,9,7,4,3,3,1,3,1,7,7,0,0
25,1341,4,0,4,0,9,7,4,3,3,1,3,1,7,7,0,0
25,1341,4,0,4,0,9,7,4,3,3,1,3,1,7,7,0,0
25,1341,4,0,4,0,9,7,4,3,3,1,3,1,7,7,0,0
25,1341,4,0,4,0,9,7,4,3,3,1,3,1,7,7,0,0
25,1341,4,0,4,0,9,7,4,3,3,1,3,1,7,7,0,0
25,1341,4,0,4,0,9,7,4,3,3,1,3,1,7,7,0,0
25,1341,4,0,4,0,9,7,4,3,3,1,3,1,8,7,8,0
25,1341,4,0,4,0,10,10,4,3,3,2,4,2,8,8,8,1
25,1341,4,0,4,0,10,10,4,4,3,3,4,2,8,8,8,1
25,1341,4,0,4,0,10,10,4,4,3,3,4,2,8,8,9,2
25,1341,4,0,4,0,10,10,4,4,3,2,4,2,8,8,9,3
25,1341,4,0,4,0,10,10,4,4,3,3,4,2,8,8,9,4
25,1341,4,0,4,0,10,10,4,4,3,3,4,2,8,8,9,4
25,1341,4,0,4,0,10,10,4,4,3,3,4,2,8,8,5,4
25,1341,4,0,4,0,10,10,4,3,3,3,4,2,8,8,5,4
25,1341,4,0,4,0,10,10,4,3,3,2,4,2,8,7,5,2
25,1341,4,0,4,0,9,10,4,3,3,2,3,2,8,7,5,1
25,1341,4,0,4,0,9,10,4,3,3,2,3,2,8,5,0,1
25,1341,4,0,4,0,9,10,4,3,3,2,3,2,8,5,0,1
25,1341,4,0,4,0,9,10,4,3,3,2,3,2,8,5,0,1
25,1341,4,0,4,0,9,10,4,3,3,2,3,2,8,5,0,1
25,1341,4,0,4,0,9,10,4,3,3,2,3,2,8,5,0,1
25,1341,4,0,4,0,9,10,4,3,3,2,3,2,8,5,0,0
25,1341,4,0,4,0,9,10,4,3,3,2,3,2,7,5,0,0
26,1342,4,0,3,0,8,10,3,3,2,2,2,2,7,5,0,0
26,1342,4,0,3,0,8,10,3,3,2,2,2,2,7,5,0,0
26,1342,4,0,3,0,8,10,3,3,2,2,2,2,7,5,0,0
26,1342,4,0,3,0,8,10,3,3,2,2,2,2,7,5,0,0
26,1342,4,0,3,0,8,10,3,3,2,2,2,2,7,5,0,0
26,1342,4,0,3,0,8,10,3,3,2,2,2,2,7,5,0,0
26,1342,4,0,3,0,8,10,3,3,2,2,3,2,10,5,0,0
26,1342,4,0,3,0,8,10,3,3,2,2,3,2,10,4,0,0
26,1342,4,0,3,0,8,10,3,3,2,2,3,2,10,4,0,0
26,1342,4,0,3,0,8,9,3,3,2,2,3,2,10,3,0,0
26,1342,4,0,3,0,8,9,3,3,2,2,3,2,10,3,0,0
26,1342,4,0,3,0,8,8,3,3,2,2,3,2,10,3,0,0
26,1342,4,0,3,0,8,8,3,3,2,2,3,2,10,3,0,0
26,1342,4,0,3,0,8,8,3,3,2,2,3,2,10,3,0,0
26,1342,4,0,3,0,8,8,3,3,2,2,3,2,10,3,0,0
26,1342,4,0,3,0,8,8,3,3,2,2,2,2,8,3,0,0
26,1342,4,0,3,0,8,8,3,3,2,2,2,2,8,3,0,0
26,1342,4,0,3,0,8,8,3,3,2,2,2,2,8,3,0,0
26,1342,4,0,3,0,8,8,3,3,2,2,2,2,8,3,0,0
26,1342,4,0,3,0,8,8,3,3,2,2,2,2,8,3,0,0
26,1342,4,0,3,0,8,8,3,3,2,2,2,2,8,3,0,0
26,1342,4,0,3,0,8,8,3,3,2,2,2,2,8,3,0,0
26,1342,4,0,3,0,8,8,3,3,2,2,2,2,8,3,0,0
26,1342,4,0,3,0,8,8,3,3,2,2,2,2,7,3,0,0
27,1343,4,0,3,0,8,8,3,3,2,2,2,2,4,3,0,0
27,1343,4,0,3,0,8,8,3,3,2,2,2,2,4,3,0,0
27,1343,4,0,3,0,8,8,3,3,2,2,2,2,4,3,0,0
27,1343,4,0,3,0,8,8,3,3,2,2,2,2,4,3,0,0
27,1343,4,0,3,0,8,8,3,3,2,2,2,2,4,3,0,0
27,1343,4,0,3,0,8,8,3,3,2,2,2,2,4,3,0,0
27,1343,4,0,3,0,8,8,3,3,2,2,3,2,4,3,0,0
27,1343,4,0,3,0,8,6,3,3,2,2,3,2,5,3,0,0
27,1343,4,0,3,0,8,5,3,3,2,2,3,2,5,3,0,0
27,1343,4,0,3,0,8,5,3,3,2,2,3,2,5,3,0,0
27,1343,4,0,3,0,8,5,3,3,2,2,3,2,5,3,0,0
27,1343,4,0,3,0,8,5,3,3,2,2,3,2,5,3,0,0
27,1343,4,0,3,0,8,5,3,3,2,2,3,2,5,3,0,0
27,1343,4,0,3,0,8,5,3,3,2,2,3,2,5,3,0,0
27,1343,4,0,3,0,8,5,3,3,2,2,3,2,5,3,0,0
27,1343,4,0,3,0,8,5,3,3,2,1,2,2,4,3,0,0
27,1343,4,0,3,0,8,5,3,3,2,1,2,2,4,3,0,0
27,1343,4,0,3,0,8,5,3,3,2,1,2,2,4,3,0,0
27,1343,4,0,3,0,8,5,3,3,2,1,2,2,4,3,0,0
27,1343,4,0,3,0,8,5,3,3,2,1,2,2,4,3,0,0
27,1343,4,0,3,0,8,5,3,2,2,1,2,2,4,3,0,0
27,1343,4,0,3,0,8,5,3,2,2,1,2,2,4,3,0,0
27,1343,4,0,3,0,8,5,3,2,2,1,2,1,4,3,0,0
27,1343,4,0,3,0,8,5,3,2,2,1,2,1,4,3,0,0
0,1344,4,0,4,0,9,5,4,2,3,1,3,1,7,3,0,0
0,1344,4,0,4,0,9,5,4,2,3,1,3,1,7,3,0,0
0,1344,4,0,4,0,9,5,4,2,3,1,3,1,7,3,0,0
0,1344,4,0,4,0,9,5,4,2,3,1,3,1,7,3,0,0
0,1344,4,0,4,0,9,5,4,2,3,1,3,1,7,3,0,0
0,1344,4,0,4,0,9,5,4,2,3,1,3,1,7,3,0,0
0,1344,4,0,4,0,9,5,4,2,3,1,3,1,8,3,8,0
0,1344,4,0,4,0,10,8,4,4,3,1,4,1,8,4,8,2
0,1344,4,0,4,0,10,9,4,4,3,2,4,1,8,4,8,2
0,1344,4,0,4,0,10,9,4,4,3,2,4,1,8,6,9,2
0,1344,4,0,4,0,10,10,4,4,3,2,4,0,8,6,9,2
0,1344,4,0,4,0,10,10,4,4,3,3,4,0,8,6,9,2
0,1344,4,0,4,0,10,10,4,4,3,3,4,0,8,7,9,2
0,1344,4,0,4,0,10,10,4,4,3,3,4,0,8,5,5,2
0,1344,4,0,4,0,10,8,4,4,3,2,4,0,8,6,5,2
0,1344,4,0,4,0,10,8,4,4,3,2,4,0,8,5,5,2
0,1344,4,0,4,0,9,8,4,4,3,2,3,0,8,5,5,2
0,1344,4,0,4,0,9,8,4,4,3,2,3,0,8,5,0,2
0,1344,4,0,4,0,9,8,4,4,3,2,3,0,8,4,0,1
0,1344,4,0,4,0,9,8,4,4,3,2,3,0,8,4,0,0
0,1344,4,0,4,0,9,8,4,3,3,2,3,0,8,4,0,0
0,1344,4,0,4,0,9,8,4,3,3,2,3,0,8,4,0,0
0,1344,4,0,4,0,9,8,4,3,3,2,3,0,8,4,0,0
0,1344,4,0,4,0,9,8,4,3,3,2,3,0,7,4,0,0
1,1345,4,0,4,0,9,8,4,3,3,2,3,0,4,4,0,0
1,1345,4,0,4,0,9,8,4,3,3,2,3,0,4,4,0,0
1,1345,4,0,4,0,9,8,4,3,3,2,3,0,4,4,0,0
1,1345,4,0,4,0,9,8,4,3,3,2,3,0,4,4,0,0
1,1345,4,0,4,0,9,8,4,3,3,2,3,0,4,4,0,0
1,1345,4,0,4,0,9,8,4,3,3,2,3,0,4,4,0,0
1,1345,4,0,4,0,9,8,4,3,3,2,3,0,4,4,8,0
1,1345,4,0,4,0,10,10,4,4,3,3,4,1,5,5,8,1
1,1345,4,0,4,0,10,10,4,4,3,3,4,1,5,5,8,1
1,1345,4,0,4,0,10,10,4,4,3,3,4,1,5,6,9,2
1,1345,4,0,4,0,10,10,4,4,3,3,4,1,5,6,9,2
1,1345,4,0,4,0,10,10,4,4,3,3,4,1,5,6,9,2
1,1345,4,0,4,0,10,10,4,4,3,3,4,1,5,6,9,2
1,1345,4,0,4,0,10,10,4,4,3,3,4,1,5,5,5,1
1,1345,4,0,4,0,10,10,4,4,3,3,4,1,5,5,5,1
1,1345,4,0,4,0,10,10,4,4,3,2,4,1,4,5,5,1
1,1345,4,0,4,0,9,10,4,4,3,2,3,1,4,5,5,1
1,1345,4,0,4,0,9,10,4,3,3,2,3,1,4,5,0,1
1,1345,4,0,4,0,9,10,4,3,3,2,3,1,4,5,0,1
1,1345,4,0,4,0,9,9,4,3,3,2,3,1,4,4,0,1
1,1345,4,0,4,0,9,9,4,3,3,2,3,1,4,4,0,1
1,1345,4,0,4,0,9,8,4,3,3,2,3,1,4,4,0,1
1,1345,4,0,4,0,9,7,4,3,3,2,3,1,4,4,0,1
1,1345,4,0,4,0,9,7,4,3,3,2,3,1,4,4,0,1
2,1346,4,0,4,0,9,7,4,3,3,2,3,1,7,4,0,1
2,1346,4,0,4,0,9,7,4,3,3,2,3,1,7,4,0,1
2,1346,4,0,4,0,9,7,4,3,3,2,3,1,7,4,0,1
2,1346,4,0,4,0,9,7,4,3,3,2,3,1,7,4,0,1
2,1346,4,0,4,0,9,7,4,3,3,2,3,1,7,4,0,1
2,1346,4,0,4,0,9,7,4,3,3,2,3,1,7,4,0,1
2,1346,4,0,4,0,9,7,4,3,3,2,3,1,10,4,8,1
2,1346,4,0,4,0,10,9,4,4,3,2,4,2,10,8,8,1
2,1346,4,0,4,0,10,10,4,4,3,3,4,2,10,10,8,1
2,1346,4,0,4,0,10,10,4,4,3,3,4,2,10,10,9,1
2,1346,4,0,4,0,10,10,4,4,3,3,4,2,10,10,9,1
2,1346,4,0,4,0,10,10,4,4,3,3,4,2,10,10,9,0
2,1346,4,0,4,0,10,10,4,4,3,3,4,2,10,10,9,0
2,1346,4,0,4,0,10,10,4,4,3,3,4,2,10,10,5,0
2,1346,4,0,4,0,10,9,4,4,3,3,4,2,10,8,5,0
2,1346,4,0,4,0,10,9,4,4,3,3,4,2,8,7,5,0
2,1346,4,0,4,0,9,9,4,4,3,2,3,2,8,7,5,0
2,1346,4,0,4,0,9,9,4,4,3,2,3,2,8,7,0,0
2,1346,4,0,4,0,9,8,4,4,3,2,3,2,8,7,0,0
2,1346,4,0,4,0,9,8,4,4,3,2,3,2,8,7,0,0
2,1346,4,0,4,0,9,8,4,4,3,2,3,2,8,6,0,0
2,1346,4,0,4,0,9,8,4,4,3,2,3,2,8,6,0,0
2,1346,4,0,4,0,9,7,4,4,3,2,3,2,8,6,0,0
2,1346,4,0,4,0,9,7,4,4,3,2,3,2,7,6,0,0
3,1347,4,0,4,0,9,7,4,4,3,2,3,2,7,6,0,0
3,1347,4,0,4,0,9,7,4,4,3,2,3,2,7,6,0,0
3,1347,4,0,4,0,9,7,4,4,3,2,3,2,7,6,0,0
3,1347,4,0,4,0,9,7,4,4,3,2,3,2,7,6,0,0
3,1347,4,0,4,0,9,7,4,4,3,2,3,2,7,6,0,0
3,1347,4,0,4,0,9,7,4,4,3,2,3,2,7,6,0,0
3,1347,4,0,4,0,9,7,4,4,3,2,3,2,8,6,8,0
3,1347,4,0,4,0,10,9,4,4,3,3,4,3,8,8,8,0
3,1347,4,0,4,0,10,10,4,4,3,3,4,3,8,8,8,0
3,1347,4,0,4,0,10,10,4,4,3,3,4,3,8,8,9,0
3,1347,4,0,4,0,10,10,4,4,3,3,4,3,8,8,9,0
3,1347,4,0,4,0,10,10,4,4,3,3,4,3,8,8,9,0
3,1347,4,0,4,0,10,10,4,3,3,3,4,3,8,8,9,0
3,1347,4,0,4,0,10,10,4,3,3,3,4,3,8,8,5,0
3,1347,4,0,4,0,10,10,4,3,3,3,4,3,8,8,5,0
3,1347,4,0,4,0,10,10,4,3,3,3,4,3,8,8,5,0
3,1347,4,0,4,0,9,10,4,3,3,3,3,3,8,8,5,0
3,1347,4,0,4,0,9,10,4,3,3,3,3,3,8,8,0,0
3,1347,4,0,4,0,9,10,4,3,3,3,3,3,8,8,0,0
3,1347,4,0,4,0,9,10,4,3,3,3,3,3,8,8,0,0
3,1347,4,0,4,0,9,10,4,3,3,3,3,3,8,8,0,0
3,1347,4,0,4,0,9,10,4,3,3,3,3,3,8,8,0,0
3,1347,4,0,4,0,9,10,4,3,3,3,3,3,8,8,0,0
3,1347,4,0,4,0,9,10,4,3,3,3,3,3,7,8,0,0
4,1348,4,0,4,0,9,10,4,3,3,3,3,3,7,8,0,0
4,1348,4,0,4,0,9,10,4,3,3,3,3,3,7,8,0,0
4,1348,4,0,4,0,9,10,4,3,3,3,3,3,7,8,0,0
4,1348,4,0,4,0,9,10,4,3,3,3,3,3,7,8,0,0
4,1348,4,0,4,0,9,10,4,3,3,3,3,3,7,8,0,0
4,1348,4,0,4,0,9,10,4,3,3,3,3,3,7,8,0,0
4,1348,4,0,4,0,9,10,4,3,3,3,3,3,8,8,8,0
4,1348,4,0,4,0,10,10,4,4,3,2,4,4,8,7,8,1
4,1348,4,0,4,0,10,10,4,4,3,3,4,4,8,8,8,1
4,1348,4,0,4,0,10,10,4,4,3,3,4,4,8,8,9,1
4,1348,4,0,4,0,10,10,4,4,3,3,4,4,8,8,9,1
4,1348,4,0,4,0,10,10,4,4,3,3,4,3,8,8,9,1
4,1348,4,0,4,0,10,10,4,4,3,3,4,3,8,8,9,1
4,1348,4,0,4,0,10,10,4,4,3,3,4,3,8,8,5,1
4,1348,4,0,4,0,10,10,4,3,3,3,4,3,8,8,5,1
4,1348,4,0,4,0,10,10,4,3,3,3,4,3,8,8,5,1
4,1348,4,0,4,0,9,10,4,3,3,3,3,3,8,8,5,0
4,1348,4,0,4,0,9,10,4,3,3,3,3,3,8,8,0,0
4,1348,4,0,4,0,9,10,4,3,3,3,3,3,8,7,0,0
4,1348,4,0,4,0,9,9,4,3,3,3,3,3,8,7,0,0
4,1348,4,0,4,0,9,9,4,3,3,3,3,3,8,7,0,0
4,1348,4,0,4,0,9,9,4,3,3,3,3,3,8,7,0,0
4,1348,4,0,4,0,9,9,4,3,3,3,3,3,8,7,0,0
4,1348,4,0,4,0,9,9,4,3,3,3,3,3,7,7,0,0
5,1349,4,0,3,0,8,9,3,3,2,3,2,3,7,7,0,0
5,1349,4,0,3,0,8,9,3,3,2,3,2,3,7,7,0,0
5,1349,4,0,3,0,8,9,3,3,2,3,2,3,7,7,0,0
5,1349,4,0,3,0,8,9,3,3,2,3,2,3,7,7,0,0
5,1349,4,0,3,0,8,9,3,3,2,3,2,3,7,7,0,0
5,1349,4,0,3,0,8,9,3,3,2,3,2,3,7,7,0,0
5,1349,4,0,3,0,8,9,3,3,2,3,3,3,10,7,0,0
5,1349,4,0,3,0,8,9,3,3,2,2,3,2,10,5,0,0
5,1349,4,0,3,0,8,9,3,3,2,2,3,2,10,5,0,0
5,1349,4,0,3,0,8,9,3,3,2,2,3,2,10,5,0,0
5,1349,4,0,3,0,8,9,3,3,2,2,3,2,10,5,0,0
5,1349,4,0,3,0,8,9,3,3,2,2,3,2,10,5,0,0
5,1349,4,0,3,0,8,9,3,3,2,2,3,2,10,5,0,0
5,1349,4,0,3,0,8,9,3,3,2,2,3,2,10,5,0,0
5,1349,4,0,3,0,8,9,3,3,2,2,3,2,10,5,0,0
5,1349,4,0,3,0,8,8,3,3,2,2,2,2,8,4,0,0
5,1349,4,0,3,0,8,8,3,3,2,2,2,2,8,4,0,0
5,1349,4,0,3,0,8,8,3,3,2,2,2,2,8,4,0,0
5,1349,4,0,3,0,8,8,3,3,2,2,2,2,8,4,0,0
5,1349,4,0,3,0,8,8,3,3,2,2,2,2,8,4,0,0
5,1349,4,0,3,0,8,8,3,3,2,2,2,2,8,4,0,0
5,1349,4,0,3,0,8,8,3,3,2,2,2,2,8,4,0,0
5,1349,4,0,3,0,8,8,3,3,2,2,2,2,8,4,0,0
5,1349,4,0,3,0,8,8,3,3,2,2,2,2,7,4,0,0
6,1350,4,0,3,0,8,8,3,3,2,2,2,2,4,4,0,0
6,1350,4,0,3,0,8,8,3,3,2,2,2,2,4,4,0,0
6,1350,4,0,3,0,8,8,3,3,2,2,2,2,4,4,0,0
6,1350,4,0,3,0,8,8,3,3,2,2,2,2,4,4,0,0
6,1350,4,0,3,0,8,8,3,3,2,2,2,2,4,4,0,0
6,1350,4,0,3,0,8,8,3,3,2,2,2,2,4,4,0,0
6,1350,4,0,3,0,8,8,3,3,2,2,3,2,4,4,0,0
6,1350,4,0,3,0,8,8,3,3,2,2,3,2,5,3,0,0
6,1350,4,0,3,0,8,8,3,3,2,1,3,2,5,3,0,0
6,1350,4,0,3,0,8,8,3,3,2,1,3,2,5,3,0,0
6,1350,4,0,3,0,8,8,3,3,2,1,3,1,5,3,0,0
6,1350,4,0,3,0,8,8,3,3,2,1,3,1,5,3,0,0
6,1350,4,0,3,0,8,8,3,3,2,1,3,1,5,3,0,0
6,1350,4,0,3,0,8,8,3,3,2,1,3,1,5,3,0,0
6,1350,4,0,3,0,8,8,3,3,2,1,3,1,5,3,0,0
6,1350,4,0,3,0,8,8,3,3,2,1,2,1,4,3,0,0
6,1350,4,0,3,0,8,8,3,3,2,1,2,1,4,3,0,0
6,1350,4,0,3,0,8,8,3,3,2,1,2,1,4,3,0,0
6,1350,4,0,3,0,8,8,3,3,2,1,2,1,4,3,0,0
6,1350,4,0,3,0,8,8,3,3,2,1,2,1,4,3,0,0
6,1350,4,0,3,0,8,8,3,3,2,1,2,1,4,3,0,0
6,1350,4,0,3,0,8,8,3,3,2,1,2,1,4,3,0,0
6,1350,4,0,3,0,8,8,3,3,2,1,2,1,4,3,0,0
6,1350,4,0,3,0,8,8,3,3,2,1,2,1,4,3,0,0
7,1351,4,0,4,0,9,8,4,3,3,1,3,1,7,3,0,0
7,1351,4,0,4,0,9,8,4,3,3,1,3,1,7,3,0,0
7,1351,4,0,4,0,9,8,4,3,3,1,3,1,7,3,0,0
7,1351,4,0,4,0,9,8,4,3,3,1,3,1,7,3,0,0
7,1351,4,0,4,0,9,8,4,3,3,1,3,1,7,3,0,0
7,1351,4,0,4,0,9,8,4,3,3,1,3,1,7,3,0,0
7,1351,4,0,4,0,9,8,4,3,3,1,3,1,8,3,8,0
7,1351,4,0,4,0,10,8,4,4,3,3,4,2,8,6,8,1
7,1351,4,0,4,0,10,8,4,4,3,3,4,2,8,7,8,1
7,1351,4,0,4,0,10,8,4,4,3,3,4,1,8,8,9,1
7,1351,4,0,4,0,10,9,4,4,3,3,4,1,8,8,9,1
7,1351,4,0,4,0,10,10,4,4,3,3,4,1,8,8,9,1
7,1351,4,0,4,0,10,10,4,4,3,3,4,1,8,7,9,1
7,1351,4,0,4,0,10,9,4,4,3,3,4,1,8,6,5,1
7,1351,4,0,4,0,10,9,4,3,3,3,4,1,8,6,5,1
7,1351,4,0,4,0,10,9,4,3,3,3,4,1,8,6,5,1
7,1351,4,0,4,0,9,9,4,3,3,3,3,1,8,6,5,1
7,1351,4,0,4,0,9,9,4,3,3,3,3,1,8,6,0,1
7,1351,4,0,4,0,9,9,4,3,3,3,3,1,8,6,0,1
7,1351,4,0,4,0,9,9,4,3,3,3,3,1,8,6,0,1
7,1351,4,0,4,0,9,9,4,3,3,3,3,1,8,6,0,0
7,1351,4,0,4,0,9,9,4,3,3,3,3,1,8,6,0,0
7,1351,4,0,4,0,9,9,4,3,3,3,3,1,8,6,0,0
7,1351,4,0,4,0,9,9,4,3,3,3,3,1,7,6,0,0
8,1352,4,0,4,0,9,9,4,3,3,3,3,1,4,6,0,0
8,1352,4,0,4,0,9,9,4,3,3,3,3,1,4,6,0,0
8,1352,4,0,4,0,9,9,4,3,3,3,3,1,4,6,0,0
8,1352,4,0,4,0,9,9,4,3,3,3,3,1,4,6,0,0
8,1352,4,0,4,0,9,9,4,3,3,3,3,1,4,6,0,0
8,1352,4,0,4,0,9,9,4,3,3,3,3,1,4,6,0,0
8,1352,4,0,4,0,9,9,4,3,3,3,3,1,4,6,8,0
8,1352,4,0,4,0,10,9,4,4,3,3,4,2,5,6,8,2
8,1352,4,0,4,0,10,9,4,4,3,3,4,2,5,6,8,3
8,1352,4,0,4,0,10,10,4,4,3,3,4,2,5,6,9,3
8,1352,4,0,4,0,10,10,4,4,3,3,4,2,5,6,9,3
8,1352,4,0,4,0,10,10,4,4,3,3,4,2,5,6,9,3
8,1352,4,0,4,0,10,10,4,4,3,3,4,2,5,6,9,3
8,1352,4,0,4,0,10,10,4,4,3,3,4,2,5,6,5,3
8,1352,4,0,4,0,10,10,4,4,3,3,4,2,5,6,5,3
8,1352,4,0,4,0,10,9,4,4,3,3,4,2,4,6,5,2
8,1352,4,0,4,0,9,9,4,4,3,3,3,2,4,6,5,2
8,1352,4,0,4,0,9,9,4,4,3,3,3,2,4,6,0,2
8,1352,4,0,4,0,9,9,4,4,3,3,3,2,4,6,0,2
8,1352,4,0,4,0,9,9,4,4,3,3,3,2,4,6,0,2
8,1352,4,0,4,0,9,9,4,4,3,3,3,2,4,6,0,1
8,1352,4,0,4,0,9,9,4,4,3,3,3,2,4,6,0,1
8,1352,4,0,4,0,9,9,4,4,3,3,3,2,4,6,0,1
8,1352,4,0,4,0,9,9,4,4,3,3,3,2,4,6,0,1
9,1353,4,0,4,0,9,9,4,4,3,3,3,2,7,7,0,1
9,1353,4,0,4,0,9,9,4,4,3,3,3,2,7,7,0,1
9,1353,4,0,4,0,9,9,4,4,3,3,3,2,7,7,0,1
9,1353,4,0,4,0,9,9,4,4,3,3,3,2,7,7,0,1
9,1353,4,0,4,0,9,9,4,4,3,3,3,2,7,7,0,1
9,1353,4,0,4,0,9,9,4,4,3,3,3,2,7,7,0,1
9,1353,4,0,4,0,9,9,4,4,3,3,3,2,10,7,8,1
9,1353,4,0,4,0,10,10,4,4,3,2,4,3,10,9,8,1
9,1353,4,0,4,0,10,10,4,4,3,2,4,3,10,10,8,2
9,1353,4,0,4,0,10,10,4,4,3,3,4,3,10,10,9,2
9,1353,4,0,4,0,10,10,4,4,3,3,4,3,10,9,9,3
9,1353,4,0,4,0,10,10,4,4,3,3,4,3,10,10,9,3
9,1353,4,0,4,0,10,10,4,4,3,2,4,3,10,10,9,3
9,1353,4,0,4,0,10,10,4,4,3,2,4,3,10,9,5,3
9,1353,4,0,4,0,10,10,4,4,3,2,4,3,10,9,5,2
9,1353,4,0,4,0,10,10,4,4,3,2,4,3,8,9,5,2
9,1353,4,0,4,0,9,10,4,4,3,2,3,3,8,9,5,2
9,1353,4,0,4,0,9,9,4,4,3,2,3,3,8,9,0,2
9,1353,4,0,4,0,9,9,4,4,3,2,3,3,8,9,0,1
9,1353,4,0,4,0,9,9,4,4,3,2,3,3,8,9,0,1
9,1353,4,0,4,0,9,9,4,4,3,2,3,3,8,9,0,1
9,1353,4,0,4,0,9,9,4,4,3,2,3,3,8,9,0,1
9,1353,4,0,4,0,9,9,4,4,3,2,3,3,8,8,0,1
9,1353,4,0,4,0,9,9,4,4,3,2,3,3,7,8,0,1
10,1354,4,0,4,0,9,9,4,4,3,2,3,3,7,8,0,1
10,1354,4,0,4,0,9,9,4,4,3,2,3,3,7,8,0,1
10,1354,4,0,4,0,9,9,4,4,3,2,3,3,7,8,0,1
10,1354,4,0,4,0,9,9,4,4,3,2,3,3,7,8,0,1
10,1354,4,0,4,0,9,9,4,4,3,2,3,3,7,8,0,1
10,1354,4,0,4,0,9,9,4,4,3,2,3,3,7,8,0,1
10,1354,4,0,4,0,9,9,4,4,3,2,3,3,8,8,8,1
10,1354,4,0,4,0,10,10,4,4,3,3,4,3,8,8,8,0
10,1354,4,0,4,0,10,10,4,4,3,3,4,3,8,8,8,0
10,1354,4,0,4,0,10,10,4,4,3,3,4,3,8,8,9,0
10,1354,4,0,4,0,10,10,4,4,3,3,4,3,8,8,9,0
10,1354,4,0,4,0,10,10,4,4,3,2,4,3,8,8,9,0
10,1354,4,0,4,0,10,10,4,4,3,2,4,3,8,8,9,0
10,1354,4,0,4,0,10,10,4,4,3,2,4,3,8,8,5,0
10,1354,4,0,4,0,10,10,4,4,3,2,4,3,8,8,5,0
10,1354,4,0,4,0,10,10,4,4,3,2,4,3,8,8,5,0
10,1354,4,0,4,0,9,10,4,4,3,2,3,3,8,8,5,0
10,1354,4,0,4,0,9,10,4,4,3,2,3,3,8,7,0,0
10,1354,4,0,4,0,9,10,4,4,3,2,3,3,8,7,0,0
10,1354,4,0,4,0,9,10,4,4,3,2,3,3,8,7,0,0
10,1354,4,0,4,0,9,10,4,4,3,2,3,3,8,6,0,0
10,1354,4,0,4,0,9,10,4,4,3,2,3,3,8,6,0,0
10,1354,4,0,4,0,9,10,4,4,3,2,3,3,8,6,0,0
10,1354,4,0,4,0,9,10,4,4,3,2,3,3,7,6,0,0
11,1355,4,0,4,0,9,10,4,4,3,2,3,3,7,6,0,0
11,1355,4,0,4,0,9,10,4,4,3,2,3,3,7,6,0,0
11,1355,4,0,4,0,9,10,4,4,3,2,3,3,7,6,0,0
11,1355,4,0,4,0,9,10,4,4,3,2,3,3,7,6,0,0
11,1355,4,0,4,0,9,10,4,4,3,2,3,3,7,6,0,0
11,1355,4,0,4,0,9,10,4,4,3,2,3,3,7,6,0,0
11,1355,4,0,4,0,9,10,4,4,3,2,3,3,8,6,8,0
11,1355,4,0,4,0,10,10,4,4,3,3,4,4,8,8,8,0
11,1355,4,0,4,0,10,10,4,4,3,3,4,3,8,8,8,1
11,1355,4,0,4,0,10,10,4,4,3,3,4,3,8,8,9,1
11,1355,4,0,4,0,10,10,4,4,3,3,4,3,8,8,9,1
11,1355,4,0,4,0,10,10,4,4,3,3,4,3,8,8,9,1
11,1355,4,0,4,0,10,10,4,4,3,3,4,3,8,9,9,1
11,1355,4,0,4,0,10,10,4,4,3,3,4,3,8,9,5,1
11,1355,4,0,4,0,10,10,4,4,3,3,4,2,8,9,5,1
11,1355,4,0,4,0,10,10,4,4,3,3,4,2,8,9,5,1
11,1355,4,0,4,0,9,10,4,4,3,3,3,2,8,9,5,1
11,1355,4,0,4,0,9,10,4,4,3,3,3,2,8,8,0,0
11,1355,4,0,4,0,9,10,4,4,3,3,3,2,8,8,0,0
11,1355,4,0,4,0,9,10,4,4,3,3,3,2,8,8,0,0
11,1355,4,0,4,0,9,10,4,4,3,3,3,2,8,8,0,0
11,1355,4,0,4,0,9,10,4,4,3,3,3,2,8,8,0,0
11,1355,4,0,4,0,9,10,4,4,3,3,3,2,8,8,0,0
11,1355,4,0,4,0,9,10,4,4,3,3,3,2,7,8,0,0
12,1356,4,0,3,0,8,10,3,4,2,3,2,2,7,8,0,0
12,1356,4,0,3,0,8,10,3,4,2,3,2,2,7,8,0,0
12,1356,4,0,3,0,8,10,3,4,2,3,2,2,7,8,0,0
12,1356,4,0,3,0,8,10,3,4,2,3,2,2,7,8,0,0
12,1356,4,0,3,0,8,10,3,4,2,3,2,2,7,8,0,0
12,1356,4,0,3,0,8,10,3,4,2,3,2,2,7,8,0,0
12,1356,4,0,3,0,8,10,3,4,2,3,3,2,10,8,0,0
12,1356,4,0,3,0,8,9,3,4,2,1,3,2,10,6,0,0
12,1356,4,0,3,0,8,9,3,4,2,1,3,2,10,6,0,0
12,1356,4,0,3,0,8,9,3,4,2,1,3,2,10,6,0,0
12,1356,4,0,3,0,8,9,3,4,2,1,3,2,10,6,0,0
12,1356,4,0,3,0,8,9,3,4,2,1,3,2,10,6,0,0
12,1356,4,0,3,0,8,9,3,4,2,1,3,2,10,6,0,0
12,1356,4,0,3,0,8,9,3,4,2,1,3,2,10,6,0,0
12,1356,4,0,3,0,8,9,3,4,2,1,3,2,10,5,0,0
12,1356,4,0,3,0,8,9,3,4,2,1,2,2,8,5,0,0
12,1356,4,0,3,0,8,9,3,4,2,1,2,0,8,5,0,0
12,1356,4,0,3,0,8,9,3,4,2,1,2,0,8,5,0,0
12,1356,4,0,3,0,8,9,3,4,2,1,2,0,8,5,0,0
12,1356,4,0,3,0,8,9,3,4,2,1,2,0,8,5,0,0
12,1356,4,0,3,0,8,9,3,4,2,1,2,0,8,5,0,0
12,1356,4,0,3,0,8,9,3,4,2,1,2,0,8,5,0,0
12,1356,4,0,3,0,8,9,3,4,2,1,2,0,8,5,0,0
12,1356,4,0,3,0,8,9,3,4,2,1,2,0,7,5,0,0
13,1357,4,0,3,0,8,9,3,4,2,1,2,0,4,5,0,0
13,1357,4,0,3,0,8,9,3,4,2,1,2,0,4,5,0,0
13,1357,4,0,3,0,8,9,3,4,2,1,2,0,4,5,0,0
13,1357,4,0,3,0,8,9,3,4,2,1,2,0,4,5,0,0
13,1357,4,0,3,0,8,9,3,4,2,1,2,0,4,5,0,0
13,1357,4,0,3,0,8,9,3,4,2,1,2,0,4,5,0,0
13,1357,4,0,3,0,8,9,3,4,2,1,3,0,4,5,0,0
13,1357,4,0,3,0,8,9,3,4,2,1,3,0,5,5,0,0
13,1357,4,0,3,0,8,9,3,4,2,1,3,0,5,5,0,0
13,1357,4,0,3,0,8,9,3,4,2,1,3,0,5,5,0,0
13,1357,4,0,3,0,8,9,3,4,2,1,3,0,5,5,0,0
13,1357,4,0,3,0,8,9,3,4,2,1,3,0,5,5,0,0
13,1357,4,0,3,0,8,9,3,4,2,1,3,0,5,5,0,0
13,1357,4,0,3,0,8,9,3,4,2,1,3,0,5,5,0,0
13,1357,4,0,3,0,8,9,3,4,2,1,3,0,5,5,0,0
13,1357,4,0,3,0,8,9,3,4,2,1,2,0,4,5,0,0
13,1357,4,0,3,0,8,9,3,4,2,1,2,0,4,5,0,0
13,1357,4,0,3,0,8,9,3,4,2,1,2,0,4,5,0,0
13,1357,4,0,3,0,8,9,3,4,2,1,2,0,4,5,0,0
13,1357,4,0,3,0,8,9,3,4,2,1,2,0,4,5,0,0
13,1357,4,0,3,0,8,9,3,4,2,1,2,0,4,5,0,0
13,1357,4,0,3,0,8,9,3,4,2,1,2,0,4,5,0,0
13,1357,4,0,3,0,8,9,3,4,2,1,2,0,4,5,0,0
13,1357,4,0,3,0,8,9,3,4,2,1,2,0,4,5,0,0
14,1358,4,0,4,0,9,9,4,4,3,1,3,0,7,5,0,0
14,1358,4,0,4,0,9,9,4,4,3,1,3,0,7,5,0,0
14,1358,4,0,4,0,9,9,4,4,3,1,3,0,7,5,0,0
14,1358,4,0,4,0,9,9,4,4,3,1,3,0,7,5,0,0
14,1358,4,0,4,0,9,9,4,4,3,1,3,0,7,5,0,0
14,1358,4,0,4,0,9,9,4,4,3,1,3,0,7,5,0,0
14,1358,4,0,4,0,9,9,4,4,3,1,3,0,8,5,8,0
14,1358,4,0,4,0,10,10,4,4,3,3,4,1,8,7,8,2
14,1358,4,0,4,0,10,10,4,4,3,3,4,1,8,8,8,2
14,1358,4,0,4,0,10,10,4,4,3,3,4,1,8,8,9,2
14,1358,4,0,4,0,10,10,4,4,3,3,4,1,8,7,9,2
14,1358,4,0,4,0,10,10,4,4,3,3,4,1,8,8,9,2
14,1358,4,0,4,0,10,10,4,4,3,3,4,1,8,8,9,2
14,1358,4,0,4,0,10,10,4,4,3,3,4,1,8,8,5,2
14,1358,4,0,4,0,10,10,4,4,3,3,4,1,8,8,5,2
14,1358,4,0,4,0,10,9,4,4,3,3,4,1,8,7,5,2
14,1358,4,0,4,0,9,9,4,4,3,3,3,1,8,7,5,2
14,1358,4,0,4,0,9,9,4,4,3,3,3,1,8,7,0,2
14,1358,4,0,4,0,9,9,4,4,3,3,3,1,8,6,0,1
14,1358,4,0,4,0,9,9,4,4,3,2,3,1,8,6,0,1
14,1358,4,0,4,0,9,9,4,4,3,2,3,1,8,6,0,0
14,1358,4,0,4,0,9,9,4,4,3,2,3,1,8,6,0,0
14,1358,4,0,4,0,9,9,4,4,3,2,3,1,8,6,0,0
14,1358,4,0,4,0,9,9,4,4,3,2,3,1,7,6,0,0
15,1359,4,0,4,0,9,9,4,4,3,2,3,1,4,6,0,0
15,1359,4,0,4,0,9,9,4,4,3,2,3,1,4,6,0,0
15,1359,4,0,4,0,9,9,4,4,3,2,3,1,4,6,0,0
15,1359,4,0,4,0,9,9,4,4,3,2,3,1,4,6,0,0
15,1359,4,0,4,0,9,9,4,4,3,2,3,1,4,6,0,0
15,1359,4,0,4,0,9,9,4,4,3,2,3,1,4,6,0,0
15,1359,4,0,4,0,9,9,4,4,3,2,3,1,4,6,8,0
15,1359,4,0,4,0,10,9,4,4,3,3,4,2,5,5,8,2
15,1359,4,0,4,0,10,10,4,4,3,3,4,2,5,5,8,3
15,1359,4,0,4,0,10,10,4,4,3,3,4,2,5,5,9,4
15,1359,4,0,4,0,10,10,4,4,3,3,4,2,5,5,9,4
15,1359,4,0,4,0,10,10,4,4,3,3,4,2,5,6,9,4
15,1359,4,0,4,0,10,10,4,4,3,1,4,2,5,6,9,4
15,1359,4,0,4,0,10,10,4,4,3,1,4,2,5,6,5,4
15,1359,4,0,4,0,10,10,4,4,3,1,4,2,5,5,5,3
15,1359,4,0,4,0,10,10,4,4,3,1,4,2,4,5,5,2
15,1359,4,0,4,0,9,9,4,4,3,1,3,2,4,4,5,2
15,1359,4,0,4,0,9,9,4,4,3,1,3,2,4,4,0,2
15,1359,4,0,4,0,9,9,4,4,3,1,3,2,4,4,0,2
15,1359,4,0,4,0,9,9,4,4,3,1,3,2,4,4,0,2
15,1359,4,0,4,0,9,9,4,4,3,1,3,2,4,4,0,1
15,1359,4,0,4,0,9,9,4,4,3,1,3,2,4,4,0,1
15,1359,4,0,4,0,9,9,4,4,3,1,3,2,4,4,0,1
15,1359,4,0,4,0,9,9,4,4,3,1,3,2,4,4,0,1
16,1360,4,0,4,0,9,9,4,4,3,1,3,2,7,4,0,1
16,1360,4,0,4,0,9,9,4,4,3,1,3,2,7,4,0,1
16,1360,4,0,4,0,9,9,4,4,3,1,3,2,7,4,0,1
16,1360,4,0,4,0,9,9,4,4,3,1,3,2,7,4,0,1
16,1360,4,0,4,0,9,9,4,4,3,1,3,2,7,4,0,1
16,1360,4,0,4,0,9,9,4,4,3,1,3,2,7,4,0,1
16,1360,4,0,4,0,9,9,4,4,3,1,3,2,10,4,8,1
16,1360,4,0,4,0,10,9,4,3,3,2,4,3,10,9,8,1
16,1360,4,0,4,0,10,10,4,3,3,2,4,3,10,10,8,1
16,1360,4,0,4,0,10,10,4,4,3,2,4,3,10,10,9,2
16,1360,4,0,4,0,10,10,4,4,3,2,4,3,10,11,9,2
16,1360,4,0,4,0,10,10,4,4,3,3,4,3,10,10,9,2
16,1360,4,0,4,0,10,10,4,4,3,3,4,3,10,10,9,2
16,1360,4,0,4,0,10,10,4,4,3,3,4,3,10,9,5,1
16,1360,4,0,4,0,10,10,4,2,3,2,4,3,10,9,5,1
16,1360,4,0,4,0,10,10,4,1,3,2,4,3,8,9,5,1
16,1360,4,0,4,0,9,10,4,1,3,2,3,3,8,9,5,1
16,1360,4,0,4,0,9,10,4,1,3,2,3,3,8,9,0,1
16,1360,4,0,4,0,9,10,4,1,3,2,3,3,8,8,0,0
16,1360,4,0,4,0,9,10,4,1,3,2,3,3,8,7,0,0
16,1360,4,0,4,0,9,10,4,1,3,2,3,3,8,7,0,0
16,1360,4,0,4,0,9,10,4,1,3,2,3,3,8,7,0,0
16,1360,4,0,4,0,9,10,4,1,3,2,3,3,8,7,0,0
16,1360,4,0,4,0,9,10,4,1,3,2,3,3,7,7,0,0
17,1361,4,0,4,0,9,10,4,1,3,2,3,3,7,7,0,0
17,1361,4,0,4,0,9,10,4,1,3,2,3,3,7,7,0,0
17,1361,4,0,4,0,9,10,4,1,3,2,3,3,7,7,0,0
17,1361,4,0,4,0,9,10,4,1,3,2,3,3,7,7,0,0
17,1361,4,0,4,0,9,10,4,1,3,2,3,3,7,7,0,0
17,1361,4,0,4,0,9,10,4,1,3,2,3,3,7,7,0,0
17,1361,4,0,4,0,9,10,4,1,3,2,3,3,8,7,8,0
17,1361,4,0,4,0,10,10,4,2,3,2,4,3,8,8,8,0
17,1361,4,0,4,0,10,10,4,2,3,2,4,3,8,8,8,0
17,1361,4,0,4,0,10,10,4,2,3,2,4,3,8,8,9,0
17,1361,4,0,4,0,10,10,4,2,3,2,4,3,8,8,9,0
17,1361,4,0,4,0,10,10,4,2,3,2,4,3,8,8,9,0
17,1361,4,0,4,0,10,10,4,2,3,2,4,3,8,8,9,0
17,1361,4,0,4,0,10,10,4,2,3,2,4,3,8,8,5,0
17,1361,4,0,4,0,10,10,4,1,3,2,4,3,8,8,5,0
17,1361,4,0,4,0,10,10,4,1,3,2,4,3,8,8,5,0
17,1361,4,0,4,0,9,10,4,1,3,2,3,3,8,8,5,0
17,1361,4,0,4,0,9,9,4,1,3,2,3,3,8,8,0,0
17,1361,4,0,4,0,9,9,4,1,3,2,3,3,8,7,0,0
17,1361,4,0,4,0,9,9,4,1,3,2,3,3,8,7,0,0
17,1361,4,0,4,0,9,9,4,1,3,2,3,3,8,7,0,0
17,1361,4,0,4,0,9,9,4,1,3,2,3,3,8,7,0,0
17,1361,4,0,4,0,9,9,4,1,3,2,3,3,8,7,0,0
17,1361,4,0,4,0,9,9,4,1,3,2,3,3,7,7,0,0
18,1362,4,0,4,0,9,9,4,1,3,2,3,3,7,7,0,0
18,1362,4,0,4,0,9,9,4,1,3,2,3,3,7,7,0,0
18,1362,4,0,4,0,9,9,4,1,3,2,3,3,7,7,0,0
18,1362,4,0,4,0,9,9,4,1,3,2,3,3,7,7,0,0
18,1362,4,0,4,0,9,9,4,1,3,2,3,3,7,7,0,0
18,1362,4,0,4,0,9,9,4,1,3,2,3,3,7,7,0,0
18,1362,4,0,4,0,9,9,4,1,3,2,3,3,8,7,8,0
18,1362,4,0,4,0,10,10,4,1,3,3,4,3,8,8,8,1
18,1362,4,0,4,0,10,10,4,3,3,3,4,3,8,8,8,1
18,1362,4,0,4,0,10,10,4,4,3,3,4,3,8,8,9,2
18,1362,4,0,4,0,10,10,4,4,3,3,4,3,8,8,9,2
18,1362,4,0,4,0,10,10,4,4,3,3,4,3,8,8,9,2
18,1362,4,0,4,0,10,10,4,4,3,3,4,3,8,8,9,2
18,1362,4,0,4,0,10,10,4,4,3,3,4,3,8,8,5,2
18,1362,4,0,4,0,10,10,4,2,3,3,4,3,8,8,5,2
18,1362,4,0,4,0,10,10,4,2,3,3,4,3,8,8,5,1
18,1362,4,0,4,0,9,10,4,2,3,3,3,3,8,8,5,1
18,1362,4,0,4,0,9,10,4,2,3,3,3,3,8,8,0,1
18,1362,4,0,4,0,9,10,4,2,3,3,3,3,8,8,0,1
18,1362,4,0,4,0,9,10,4,2,3,3,3,3,8,7,0,1
18,1362,4,0,4,0,9,10,4,1,3,3,3,3,8,7,0,1
18,1362,4,0,4,0,9,10,4,1,3,3,3,3,8,7,0,1
18,1362,4,0,4,0,9,10,4,1,3,3,3,3,8,7,0,1
18,1362,4,0,4,0,9,10,4,1,3,3,3,3,7,7,0,1
19,1363,4,0,3,0,8,10,3,1,2,3,2,3,7,7,0,1
19,1363,4,0,3,0,8,10,3,1,2,3,2,3,7,7,0,1
19,1363,4,0,3,0,8,10,3,1,2,3,2,3,7,7,0,1
19,1363,4,0,3,0,8,10,3,1,2,3,2,3,7,7,0,1
19,1363,4,0,3,0,8,10,3,1,2,3,2,3,7,7,0,1
19,1363,4,0,3,0,8,10,3,1,2,3,2,3,7,7,0,1
19,1363,4,0,3,0,8,10,3,1,2,3,3,3,10,7,0,1
19,1363,4,0,3,0,8,9,3,1,2,3,3,3,10,6,0,0
19,1363,4,0,3,0,8,9,3,1,2,3,3,3,10,6,0,0
19,1363,4,0,3,0,8,9,3,1,2,3,3,3,10,6,0,0
19,1363,4,0,3,0,8,9,3,1,2,3,3,3,10,6,0,0
19,1363,4,0,3,0,8,9,3,1,2,2,3,3,10,6,0,0
19,1363,4,0,3,0,8,9,3,1,2,2,3,3,10,6,0,0
19,1363,4,0,3,0,8,9,3,1,2,2,3,3,10,6,0,0
19,1363,4,0,3,0,8,9,3,1,2,2,3,3,10,6,0,0
19,1363,4,0,3,0,8,9,3,1,2,2,2,3,8,6,0,0
19,1363,4,0,3,0,8,9,3,1,2,2,2,3,8,6,0,0
19,1363,4,0,3,0,8,9,3,1,2,2,2,3,8,6,0,0
19,1363,4,0,3,0,8,9,3,1,2,2,2,3,8,6,0,0
19,1363,4,0,3,0,8,9,3,1,2,2,2,3,8,6,0,0
19,1363,4,0,3,0,8,9,3,1,2,2,2,3,8,6,0,0
19,1363,4,0,3,0,8,9,3,1,2,2,2,3,8,5,0,0
19,1363,4,0,3,0,8,9,3,1,2,2,2,3,8,5,0,0
19,1363,4,0,3,0,8,9,3,1,2,2,2,3,7,5,0,0
20,1364,4,0,3,0,8,9,3,1,2,2,2,3,4,5,0,0
20,1364,4,0,3,0,8,9,3,1,2,2,2,3,4,5,0,0
20,1364,4,0,3,0,8,9,3,1,2,2,2,3,4,5,0,0
20,1364,4,0,3,0,8,9,3,1,2,2,2,3,4,5,0,0
20,1364,4,0,3,0,8,9,3,1,2,2,2,3,4,5,0,0
20,1364,4,0,3,0,8,9,3,1,2,2,2,3,4,5,0,0
20,1364,4,0,3,0,8,9,3,1,2,2,3,3,4,5,0,0
20,1364,4,0,3,0,8,8,3,1,2,2,3,3,5,4,0,0
20,1364,4,0,3,0,8,8,3,1,2,2,3,3,5,4,0,0
20,1364,4,0,3,0,8,8,3,1,2,2,3,3,5,4,0,0
20,1364,4,0,3,0,8,8,3,1,2,2,3,3,5,4,0,0
20,1364,4,0,3,0,8,8,3,1,2,2,3,3,5,4,0,0
20,1364,4,0,3,0,8,8,3,1,2,2,3,3,5,4,0,0
20,1364,4,0,3,0,8,8,3,1,2,2,3,3,5,4,0,0
20,1364,4,0,3,0,8,8,3,1,2,2,3,3,5,4,0,0
20,1364,4,0,3,0,8,8,3,1,2,2,2,3,4,4,0,0
20,1364,4,0,3,0,8,8,3,1,2,2,2,3,4,4,0,0
20,1364,4,0,3,0,8,8,3,1,2,2,2,3,4,4,0,0
20,1364,4,0,3,0,8,8,3,1,2,2,2,3,4,4,0,0
20,1364,4,0,3,0,8,8,3,1,2,2,2,3,4,4,0,0
20,1364,4,0,3,0,8,8,3,1,2,2,2,3,4,4,0,0
20,1364,4,0,3,0,8,8,3,1,2,2,2,2,4,4,0,0
20,1364,4,0,3,0,8,8,3,1,2,2,2,2,4,4,0,0
20,1364,4,0,3,0,8,8,3,1,2,2,2,2,4,4,0,0
21,1365,4,0,4,0,9,8,4,1,3,2,3,2,7,4,0,0
21,1365,4,0,4,0,9,8,4,1,3,2,3,2,7,4,0,0
21,1365,4,0,4,0,9,8,4,1,3,2,3,2,7,4,0,0
21,1365,4,0,4,0,9,8,4,1,3,2,3,2,7,4,0,0
21,1365,4,0,4,0,9,8,4,1,3,2,3,2,7,4,0,0
21,1365,4,0,4,0,9,8,4,1,3,2,3,2,7,4,0,0
21,1365,4,0,4,0,9,8,4,1,3,2,3,2,8,4,8,0
21,1365,4,0,4,0,10,9,4,3,3,3,4,2,8,7,8,1
21,1365,4,0,4,0,10,10,4,4,3,3,4,2,8,7,8,1
21,1365,4,0,4,0,10,10,4,4,3,3,4,2,8,8,9,1
21,1365,4,0,4,0,10,10,4,4,3,3,4,2,8,8,9,1
21,1365,4,0,4,0,10,10,4,4,3,3,4,2,8,8,9,1
21,1365,4,0,4,0,10,10,4,3,3,3,4,2,8,8,9,1
21,1365,4,0,4,0,10,10,4,3,3,3,4,2,8,7,5,1
21,1365,4,0,4,0,10,10,4,4,3,3,4,2,8,7,5,1
21,1365,4,0,4,0,10,10,4,4,3,3,4,2,8,6,5,1
21,1365,4,0,4,0,9,10,4,4,3,3,3,2,8,6,5,1
21,1365,4,0,4,0,9,10,4,4,3,3,3,2,8,6,0,1
21,1365,4,0,4,0,9,10,4,4,3,3,3,2,8,6,0,1
21,1365,4,0,4,0,9,10,4,4,3,3,3,2,8,6,0,0
21,1365,4,0,4,0,9,10,4,4,3,3,3,2,8,6,0,0
21,1365,4,0,4,0,9,10,4,4,3,3,3,2,8,6,0,0
21,1365,4,0,4,0,9,10,4,4,3,3,3,2,8,6,0,0
21,1365,4,0,4,0,9,10,4,4,3,3,3,2,7,6,0,0
22,1366,4,0,4,0,9,10,4,4,3,3,3,2,4,6,0,0
22,1366,4,0,4,0,9,10,4,4,3,3,3,2,4,6,0,0
22,1366,4,0,4,0,9,10,4,4,3,3,3,2,4,6,0,0
22,1366,4,0,4,0,9,10,4,4,3,3,3,2,4,6,0,0
22,1366,4,0,4,0,9,10,4,4,3,3,3,2,4,6,0,0
22,1366,4,0,4,0,9,10,4,4,3,3,3,2,4,6,0,0
22,1366,4,0,4,0,9,10,4,4,3,3,3,2,4,6,8,0
22,1366,4,0,4,0,10,10,4,3,3,3,4,3,5,6,8,5
22,1366,4,0,4,0,10,10,4,4,3,3,4,3,5,6,8,6
22,1366,4,0,4,0,10,10,4,4,3,3,4,3,5,6,9,7
22,1366,4,0,4,0,10,10,4,3,3,3,4,3,5,6,9,8
22,1366,4,0,4,0,10,10,4,3,3,3,4,2,5,6,9,8
22,1366,4,0,4,0,10,9,4,3,3,3,4,2,5,6,9,7
22,1366,4,0,4,0,10,10,4,3,3,3,4,2,5,6,5,7
22,1366,4,0,4,0,10,9,4,3,3,3,4,2,5,6,5,6
22,1366,4,0,4,0,10,9,4,3,3,3,4,2,4,6,5,3
22,1366,4,0,4,0,9,9,4,3,3,3,3,2,4,6,5,3
22,1366,4,0,4,0,9,9,4,3,3,3,3,2,4,5,0,3
22,1366,4,0,4,0,9,9,4,3,3,3,3,2,4,5,0,3
22,1366,4,0,4,0,9,9,4,3,3,3,3,2,4,5,0,3
22,1366,4,0,4,0,9,9,4,3,3,3,3,2,4,5,0,3
22,1366,4,0,4,0,9,9,4,3,3,3,3,2,4,5,0,3
22,1366,4,0,4,0,9,9,4,3,3,3,3,2,4,5,0,3
22,1366,4,0,4,0,9,9,4,3,3,3,3,2,4,5,0,3
23,1367,4,0,4,0,9,9,4,3,3,3,3,2,7,7,0,3
23,1367,4,0,4,0,9,9,4,3,3,3,3,2,7,7,0,3
23,1367,4,0,4,0,9,9,4,3,3,3,3,2,7,7,0,3
23,1367,4,0,4,0,9,9,4,3,3,3,3,2,7,7,0,3
23,1367,4,0,4,0,9,9,4,3,3,3,3,2,7,7,0,3
23,1367,4,0,4,0,9,9,4,3,3,3,3,2,7,7,0,3
23,1367,4,0,4,0,9,9,4,3,3,3,3,2,10,7,8,3
23,1367,4,0,4,0,10,10,4,4,3,3,4,2,10,8,8,0
23,1367,4,0,4,0,10,10,4,4,3,3,4,2,10,10,8,0
23,1367,4,0,4,0,10,10,4,4,3,3,4,2,10,10,9,0
23,1367,4,0,4,0,10,10,4,4,3,3,4,2,10,10,9,0
23,1367,4,0,4,0,10,10,4,3,3,3,4,2,10,10,9,0
23,1367,4,0,4,0,10,10,4,3,3,3,4,2,10,10,9,0
23,1367,4,0,4,0,10,10,4,3,3,3,4,2,10,10,5,0
23,1367,4,0,4,0,10,10,4,3,3,3,4,2,10,10,5,0
23,1367,4,0,4,0,10,10,4,3,3,3,4,2,8,10,5,0
23,1367,4,0,4,0,9,9,4,3,3,3,3,2,8,10,5,0
23,1367,4,0,4,0,9,9,4,3,3,3,3,2,8,10,0,0
23,1367,4,0,4,0,9,8,4,3,3,3,3,2,8,8,0,0
23,1367,4,0,4,0,9,8,4,3,3,3,3,2,8,8,0,0
23,1367,4,0,4,0,9,8,4,3,3,3,3,2,8,8,0,0
23,1367,4,0,4,0,9,8,4,2,3,2,3,2,8,7,0,0
23,1367,4,0,4,0,9,8,4,2,3,2,3,2,8,7,0,0
23,1367,4,0,4,0,9,8,4,2,3,2,3,2,7,7,0,0
24,1368,4,0,4,0,9,8,4,2,3,2,3,2,7,7,0,0
24,1368,4,0,4,0,9,8,4,2,3,2,3,2,7,7,0,0
24,1368,4,0,4,0,9,8,4,2,3,2,3,2,7,7,0,0
24,1368,4,0,4,0,9,8,4,2,3,2,3,2,7,7,0,0
24,1368,4,0,4,0,9,8,4,2,3,2,3,2,7,7,0,0
24,1368,4,0,4,0,9,8,4,2,3,2,3,2,7,7,0,0
24,1368,4,0,4,0,9,8,4,2,3,2,3,2,8,7,8,0
24,1368,4,0,4,0,10,10,4,3,3,2,4,2,8,8,8,0
24,1368,4,0,4,0,10,10,4,2,3,2,4,2,8,8,8,0
24,1368,4,0,4,0,10,10,4,2,3,2,4,2,8,8,9,0
24,1368,4,0,4,0,10,10,4,2,3,2,4,2,8,8,9,0
24,1368,4,0,4,0,10,10,4,2,3,2,4,2,8,8,9,0
24,1368,4,0,4,0,10,10,4,2,3,2,4,2,8,8,9,0
24,1368,4,0,4,0,10,10,4,2,3,2,4,2,8,8,5,0
24,1368,4,0,4,0,10,10,4,2,3,2,4,2,8,8,5,0
24,1368,4,0,4,0,10,10,4,2,3,2,4,2,8,8,5,0
24,1368,4,0,4,0,9,10,4,2,3,2,3,2,8,8,5,0
24,1368,4,0,4,0,9,10,4,2,3,2,3,2,8,8,0,0
24,1368,4,0,4,0,9,10,4,2,3,2,3,2,8,8,0,0
24,1368,4,0,4,0,9,10,4,2,3,2,3,1,8,8,0,0
24,1368,4,0,4,0,9,10,4,2,3,2,3,1,8,8,0,0
24,1368,4,0,4,0,9,9,4,2,3,2,3,1,8,7,0,0
24,1368,4,0,4,0,9,9,4,2,3,2,3,1,8,7,0,0
24,1368,4,0,4,0,9,9,4,2,3,2,3,1,7,7,0,0
25,1369,4,0,4,0,9,9,4,2,3,2,3,1,7,7,0,0
25,1369,4,0,4,0,9,9,4,2,3,2,3,1,7,7,0,0
25,1369,4,0,4,0,9,9,4,2,3,2,3,1,7,7,0,0
25,1369,4,0,4,0,9,9,4,2,3,2,3,1,7,7,0,0
25,1369,4,0,4,0,9,9,4,2,3,2,3,1,7,7,0,0
25,1369,4,0,4,0,9,9,4,2,3,2,3,1,7,7,0,0
25,1369,4,0,4,0,9,9,4,2,3,2,3,1,8,7,8,0
25,1369,4,0,4,0,10,9,4,2,3,3,4,2,8,8,8,1
25,1369,4,0,4,0,10,10,4,4,3,3,4,2,8,8,8,1
25,1369,4,0,4,0,10,10,4,3,3,3,4,2,8,8,9,2
25,1369,4,0,4,0,10,10,4,4,3,3,4,2,8,8,9,3
25,1369,4,0,4,0,10,10,4,4,3,3,4,2,8,8,9,4
25,1369,4,0,4,0,10,10,4,4,3,3,4,2,8,7,9,4
25,1369,4,0,4,0,10,10,4,4,3,3,4,2,8,7,5,4
25,1369,4,0,4,0,10,10,4,3,3,3,4,2,8,7,5,4
25,1369,4,0,4,0,10,10,4,3,3,3,4,2,8,7,5,2
25,1369,4,0,4,0,9,9,4,3,3,3,3,2,8,7,5,2
25,1369,4,0,4,0,9,9,4,3,3,3,3,2,8,7,0,2
25,1369,4,0,4,0,9,9,4,3,3,3,3,2,8,7,0,2
25,1369,4,0,4,0,9,9,4,3,3,3,3,2,8,7,0,2
25,1369,4,0,4,0,9,9,4,3,3,3,3,2,8,7,0,2
25,1369,4,0,4,0,9,9,4,3,3,2,3,2,8,7,0,2
25,1369,4,0,4,0,9,9,4,3,3,2,3,2,8,7,0,1
25,1369,4,0,4,0,9,9,4,3,3,2,3,2,7,7,0,1
26,1370,4,0,3,0,8,9,3,3,2,2,2,2,7,7,0,1
26,1370,4,0,3,0,8,9,3,3,2,2,2,2,7,7,0,1
26,1370,4,0,3,0,8,9,3,3,2,2,2,2,7,7,0,1
26,1370,4,0,3,0,8,9,3,3,2,2,2,2,7,7,0,1
26,1370,4,0,3,0,8,9,3,3,2,2,2,2,7,7,0,1
26,1370,4,0,3,0,8,9,3,3,2,2,2,2,7,7,0,1
26,1370,4,0,3,0,8,9,3,3,2,2,3,2,10,7,0,1
26,1370,4,0,3,0,8,9,3,3,2,2,3,2,10,5,0,0
26,1370,4,0,3,0,8,9,3,3,2,2,3,2,10,5,0,0
26,1370,4,0,3,0,8,9,3,3,2,2,3,2,10,5,0,0
26,1370,4,0,3,0,8,9,3,3,2,2,3,2,10,5,0,0
26,1370,4,0,3,0,8,9,3,3,2,2,3,2,10,5,0,0
26,1370,4,0,3,0,8,9,3,3,2,2,3,2,10,5,0,0
26,1370,4,0,3,0,8,9,3,3,2,2,3,2,10,5,0,0
26,1370,4,0,3,0,8,9,3,3,2,2,3,2,10,5,0,0
26,1370,4,0,3,0,8,9,3,3,2,2,2,2,8,5,0,0
26,1370,4,0,3,0,8,9,3,3,2,2,2,2,8,5,0,0
26,1370,4,0,3,0,8,9,3,3,2,2,2,2,8,5,0,0
26,1370,4,0,3,0,8,9,3,3,2,2,2,2,8,5,0,0
26,1370,4,0,3,0,8,9,3,2,2,2,2,2,8,5,0,0
26,1370,4,0,3,0,8,9,3,2,2,2,2,2,8,5,0,0
26,1370,4,0,3,0,8,9,3,2,2,2,2,2,8,5,0,0
26,1370,4,0,3,0,8,9,3,2,2,2,2,2,8,5,0,0
26,1370,4,0,3,0,8,9,3,2,2,2,2,2,7,5,0,0
27,1371,4,0,3,0,8,9,3,2,2,2,2,2,4,5,0,0
27,1371,4,0,3,0,8,9,3,2,2,2,2,2,4,5,0,0
27,1371,4,0,3,0,8,9,3,2,2,2,2,2,4,5,0,0
27,1371,4,0,3,0,8,9,3,2,2,2,2,2,4,5,0,0
27,1371,4,0,3,0,8,9,3,2,2,2,2,2,4,5,0,0
27,1371,4,0,3,0,8,9,3,2,2,2,2,2,4,5,0,0
27,1371,4,0,3,0,8,9,3,2,2,2,3,2,4,5,0,0
27,1371,4,0,3,0,8,9,3,2,2,2,3,0,5,5,0,0
27,1371,4,0,3,0,8,9,3,2,2,2,3,0,5,5,0,0
27,1371,4,0,3,0,8,9,3,2,2,2,3,0,5,5,0,0
27,1371,4,0,3,0,8,9,3,2,2,2,3,0,5,5,0,0
27,1371,4,0,3,0,8,9,3,2,2,2,3,0,5,4,0,0
27,1371,4,0,3,0,8,9,3,2,2,2,3,0,5,4,0,0
27,1371,4,0,3,0,8,9,3,2,2,2,3,0,5,4,0,0
27,1371,4,0,3,0,8,9,3,2,2,2,3,0,5,4,0,0
27,1371,4,0,3,0,8,9,3,2,2,2,2,0,4,4,0,0
27,1371,4,0,3,0,8,9,3,2,2,2,2,0,4,4,0,0
27,1371,4,0,3,0,8,9,3,2,2,2,2,0,4,4,0,0
27,1371,4,0,3,0,8,9,3,2,2,2,2,0,4,4,0,0
27,1371,4,0,3,0,8,9,3,2,2,2,2,0,4,4,0,0
27,1371,4,0,3,0,8,9,3,2,2,2,2,0,4,4,0,0
27,1371,4,0,3,0,8,9,3,2,2,2,2,0,4,4,0,0
27,1371,4,0,3,0,8,9,3,2,2,2,2,0,4,3,0,0
27,1371,4,0,3,0,8,9,3,2,2,2,2,0,4,3,0,0
0,1372,4,0,4,0,9,9,4,2,3,2,3,0,7,3,0,0
0,1372,4,0,4,0,9,9,4,2,3,2,3,0,7,3,0,0
0,1372,4,0,4,0,9,9,4,2,3,2,3,0,7,3,0,0
0,1372,4,0,4,0,9,9,4,2,3,2,3,0,7,3,0,0
0,1372,4,0,4,0,9,9,4,2,3,2,3,0,7,3,0,0
0,1372,4,0,4,0,9,9,4,2,3,2,3,0,7,3,0,0
0,1372,4,0,4,0,9,9,4,2,3,2,3,0,8,3,8,0
0,1372,4,0,4,0,10,9,4,4,3,2,4,1,8,7,8,2
0,1372,4,0,4,0,10,10,4,4,3,3,4,1,8,7,8,2
0,1372,4,0,4,0,10,10,4,3,3,3,4,1,8,8,9,2
0,1372,4,0,4,0,10,10,4,3,3,3,4,1,8,8,9,2
0,1372,4,0,4,0,10,10,4,4,3,3,4,0,8,8,9,2
0,1372,4,0,4,0,10,10,4,4,3,3,4,0,8,9,9,2
0,1372,4,0,4,0,10,10,4,4,3,3,4,0,8,9,5,2
0,1372,4,0,4,0,10,9,4,3,3,3,4,0,8,9,5,2
0,1372,4,0,4,0,10,9,4,3,3,3,4,0,8,8,5,1
0,1372,4,0,4,0,9,9,4,3,3,3,3,0,8,8,5,1
0,1372,4,0,4,0,9,9,4,3,3,3,3,0,8,8,0,1
0,1372,4,0,4,0,9,9,4,3,3,3,3,0,8,8,0,1
0,1372,4,0,4,0,9,9,4,3,3,3,3,0,8,8,0,1
0,1372,4,0,4,0,9,9,4,3,3,3,3,0,8,8,0,1
0,1372,4,0,4,0,9,9,4,3,3,3,3,0,8,8,0,1
0,1372,4,0,4,0,9,9,4,3,3,3,3,0,8,8,0,1
0,1372,4,0,4,0,9,9,4,3,3,3,3,0,7,8,0,1
1,1373,4,0,4,0,9,9,4,3,3,3,3,0,4,8,0,1
1,1373,4,0,4,0,9,9,4,3,3,3,3,0,4,8,0,1
1,1373,4,0,4,0,9,9,4,3,3,3,3,0,4,8,0,1
1,1373,4,0,4,0,9,9,4,3,3,3,3,0,4,8,0,1
1,1373,4,0,4,0,9,9,4,3,3,3,3,0,4,8,0,1
1,1373,4,0,4,0,9,9,4,3,3,3,3,0,4,8,0,1
1,1373,4,0,4,0,9,9,4,3,3,3,3,0,4,8,8,1
1,1373,4,0,4,0,10,9,4,4,3,3,4,1,5,6,8,2
1,1373,4,0,4,0,10,10,4,4,3,3,4,1,5,6,8,2
1,1373,4,0,4,0,10,10,4,4,3,3,4,1,5,6,9,3
1,1373,4,0,4,0,10,10,4,4,3,3,4,0,5,6,9,3
1,1373,4,0,4,0,10,10,4,4,3,3,4,0,5,6,9,3
1,1373,4,0,4,0,10,10,4,4,3,3,4,0,5,6,9,3
1,1373,4,0,4,0,10,10,4,4,3,3,4,0,5,6,5,3
1,1373,4,0,4,0,10,10,4,4,3,3,4,0,5,6,5,3
1,1373,4,0,4,0,10,10,4,4,3,3,4,0,4,6,5,2
1,1373,4,0,4,0,9,10,4,4,3,3,3,0,4,6,5,2
1,1373,4,0,4,0,9,10,4,4,3,3,3,0,4,6,0,2
1,1373,4,0,4,0,9,10,4,4,3,3,3,0,4,6,0,2
1,1373,4,0,4,0,9,10,4,3,3,3,3,0,4,6,0,2
1,1373,4,0,4,0,9,9,4,3,3,3,3,0,4,6,0,2
1,1373,4,0,4,0,9,9,4,3,3,3,3,0,4,6,0,2
1,1373,4,0,4,0,9,9,4,3,3,3,3,0,4,6,0,2
1,1373,4,0,4,0,9,9,4,3,3,3,3,0,4,6,0,2
2,1374,4,0,4,0,9,9,4,3,3,3,3,0,7,7,0,2
2,1374,4,0,4,0,9,9,4,3,3,3,3,0,7,7,0,2
2,1374,4,0,4,0,9,9,4,3,3,3,3,0,7,7,0,2
2,1374,4,0,4,0,9,9,4,3,3,3,3,0,7,7,0,2
2,1374,4,0,4,0,9,9,4,3,3,3,3,0,7,7,0,2
2,1374,4,0,4,0,9,9,4,3,3,3,3,0,7,7,0,2
2,1374,4,0,4,0,9,9,4,3,3,3,3,0,10,7,8,2
2,1374,4,0,4,0,10,9,4,4,3,2,4,1,10,10,8,1
2,1374,4,0,4,0,10,10,4,4,3,3,4,1,10,10,8,1
2,1374,4,0,4,0,10,10,4,4,3,3,4,1,10,11,9,1
2,1374,4,0,4,0,10,10,4,4,3,3,4,1,10,11,9,1
2,1374,4,0,4,0,10,10,4,4,3,3,4,1,10,11,9,1
2,1374,4,0,4,0,10,10,4,4,3,3,4,1,10,11,9,1
2,1374,4,0,4,0,10,10,4,4,3,3,4,1,10,11,5,1
2,1374,4,0,4,0,10,10,4,4,3,3,4,1,10,9,5,0
2,1374,4,0,4,0,10,10,4,4,3,3,4,1,8,9,5,0
2,1374,4,0,4,0,9,10,4,4,3,3,3,1,8,8,5,0
2,1374,4,0,4,0,9,10,4,4,3,3,3,1,8,8,0,0
2,1374,4,0,4,0,9,10,4,4,3,3,3,1,8,8,0,0
2,1374,4,0,4,0,9,10,4,4,3,3,3,1,8,8,0,0
2,1374,4,0,4,0,9,10,4,4,3,3,3,1,8,8,0,0
2,1374,4,0,4,0,9,10,4,4,3,3,3,1,8,8,0,0
2,1374,4,0,4,0,9,9,4,4,3,3,3,1,8,8,0,0
2,1374,4,0,4,0,9,9,4,4,3,3,3,1,7,8,0,0
3,1375,4,0,4,0,9,9,4,4,3,3,3,1,7,8,0,0
3,1375,4,0,4,0,9,9,4,4,3,3,3,1,7,8,0,0
3,1375,4,0,4,0,9,9,4,4,3,3,3,1,7,8,0,0
3,1375,4,0,4,0,9,9,4,4,3,3,3,1,7,8,0,0
3,1375,4,0,4,0,9,9,4,4,3,3,3,1,7,8,0,0
3,1375,4,0,4,0,9,9,4,4,3,3,3,1,7,8,0,0
3,1375,4,0,4,0,9,9,4,4,3,3,3,1,8,8,8,0
3,1375,4,0,4,0,10,10,4,4,3,3,4,2,8,8,8,0
3,1375,4,0,4,0,10,10,4,3,3,3,4,2,8,8,8,0
3,1375,4,0,4,0,10,10,4,3,3,3,4,2,8,8,9,0
3,1375,4,0,4,0,10,10,4,3,3,3,4,2,8,8,9,0
3,1375,4,0,4,0,10,10,4,3,3,3,4,2,8,8,9,0
3,1375,4,0,4,0,10,10,4,2,3,3,4,2,8,8,9,0
3,1375,4,0,4,0,10,10,4,2,3,3,4,2,8,7,5,0
3,1375,4,0,4,0,10,10,4,2,3,3,4,2,8,7,5,0
3,1375,4,0,4,0,10,10,4,2,3,3,4,2,8,7,5,0
3,1375,4,0,4,0,9,10,4,2,3,3,3,2,8,7,5,0
3,1375,4,0,4,0,9,10,4,2,3,3,3,2,8,7,0,0
3,1375,4,0,4,0,9,10,4,2,3,3,3,2,8,7,0,0
3,1375,4,0,4,0,9,10,4,2,3,3,3,2,8,7,0,0
3,1375,4,0,4,0,9,10,4,2,3,3,3,2,8,7,0,0
3,1375,4,0,4,0,9,10,4,2,3,3,3,2,8,7,0,0
3,1375,4,0,4,0,9,10,4,2,3,3,3,2,8,7,0,0
3,1375,4,0,4,0,9,10,4,2,3,3,3,2,7,7,0,0
4,1376,4,0,4,0,9,10,4,2,3,3,3,2,7,7,0,0
4,1376,4,0,4,0,9,10,4,2,3,3,3,2,7,7,0,0
4,1376,4,0,4,0,9,10,4,2,3,3,3,2,7,7,0,0
4,1376,4,0,4,0,9,10,4,2,3,3,3,2,7,7,0,0
4,1376,4,0,4,0,9,10,4,2,3,3,3,2,7,7,0,0
4,1376,4,0,4,0,9,10,4,2,3,3,3,2,7,7,0,0
4,1376,4,0,4,0,9,10,4,2,3,3,3,2,8,7,8,0
4,1376,4,0,4,0,10,10,4,3,3,3,4,2,8,8,8,1
4,1376,4,0,4,0,10,10,4,4,3,3,4,2,8,8,8,1
4,1376,4,0,4,0,10,10,4,4,3,3,4,2,8,8,9,1
4,1376,4,0,4,0,10,10,4,4,3,3,4,2,8,8,9,1
4,1376,4,0,4,0,10,10,4,4,3,3,4,2,8,8,9,1
4,1376,4,0,4,0,10,10,4,4,3,3,4,2,8,8,9,1
4,1376,4,0,4,0,10,10,4,4,3,3,4,2,8,8,5,1
4,1376,4,0,4,0,10,10,4,4,3,3,4,2,8,8,5,1
4,1376,4,0,4,0,10,10,4,4,3,3,4,2,8,8,5,1
4,1376,4,0,4,0,9,10,4,4,3,3,3,2,8,8,5,1
4,1376,4,0,4,0,9,10,4,4,3,3,3,2,8,8,0,1
4,1376,4,0,4,0,9,10,4,4,3,3,3,2,8,8,0,1
4,1376,4,0,4,0,9,10,4,4,3,3,3,2,8,8,0,1
4,1376,4,0,4,0,9,10,4,4,3,3,3,2,8,8,0,1
4,1376,4,0,4,0,9,10,4,4,3,3,3,2,8,8,0,1
4,1376,4,0,4,0,9,10,4,4,3,3,3,2,8,8,0,1
4,1376,4,0,4,0,9,10,4,4,3,3,3,2,7,8,0,1
5,1377,4,0,3,0,8,10,3,4,2,3,2,2,7,8,0,1
5,1377,4,0,3,0,8,10,3,4,2,3,2,2,7,8,0,1
5,1377,4,0,3,0,8,10,3,4,2,3,2,2,7,8,0,1
5,1377,4,0,3,0,8,10,3,4,2,3,2,2,7,8,0,1
5,1377,4,0,3,0,8,10,3,4,2,3,2,2,7,8,0,1
5,1377,4,0,3,0,8,10,3,4,2,3,2,2,7,8,0,1
5,1377,4,0,3,0,8,10,3,4,2,3,3,2,10,8,0,1
5,1377,4,0,3,0,8,9,3,3,2,3,3,2,10,6,0,1
5,1377,4,0,3,0,8,9,3,2,2,3,3,2,10,6,0,0
5,1377,4,0,3,0,8,9,3,2,2,3,3,2,10,6,0,0
5,1377,4,0,3,0,8,9,3,2,2,3,3,2,10,6,0,0
5,1377,4,0,3,0,8,9,3,2,2,3,3,2,10,6,0,0
5,1377,4,0,3,0,8,9,3,2,2,3,3,2,10,6,0,0
5,1377,4,0,3,0,8,9,3,2,2,3,3,2,10,6,0,0
5,1377,4,0,3,0,8,9,3,2,2,3,3,2,10,6,0,0
5,1377,4,0,3,0,8,9,3,2,2,3,2,2,8,6,0,0
5,1377,4,0,3,0,8,9,3,2,2,3,2,2,8,6,0,0
5,1377,4,0,3,0,8,9,3,2,2,3,2,2,8,6,0,0
5,1377,4,0,3,0,8,9,3,2,2,3,2,1,8,6,0,0
5,1377,4,0,3,0,8,9,3,2,2,3,2,1,8,6,0,0
5,1377,4,0,3,0,8,9,3,2,2,3,2,1,8,5,0,0
5,1377,4,0,3,0,8,9,3,2,2,3,2,1,8,5,0,0
5,1377,4,0,3,0,8,8,3,2,2,3,2,1,8,5,0,0
5,1377,4,0,3,0,8,8,3,2,2,3,2,1,7,5,0,0
6,1378,4,0,3,0,8,8,3,2,2,3,2,1,4,5,0,0
6,1378,4,0,3,0,8,8,3,2,2,3,2,1,4,5,0,0
6,1378,4,0,3,0,8,8,3,2,2,3,2,1,4,5,0,0
6,1378,4,0,3,0,8,8,3,2,2,3,2,1,4,5,0,0
6,1378,4,0,3,0,8,8,3,2,2,3,2,1,4,5,0,0
6,1378,4,0,3,0,8,8,3,2,2,3,2,1,4,5,0,0
6,1378,4,0,3,0,8,8,3,2,2,3,3,1,4,5,0,0
6,1378,4,0,3,0,8,8,3,2,2,3,3,1,5,5,0,0
6,1378,4,0,3,0,8,8,3,2,2,3,3,1,5,5,0,0
6,1378,4,0,3,0,8,8,3,1,2,3,3,1,5,5,0,0
6,1378,4,0,3,0,8,8,3,1,2,3,3,1,5,5,0,0
6,1378,4,0,3,0,8,8,3,1,2,3,3,1,5,5,0,0
6,1378,4,0,3,0,8,8,3,1,2,3,3,1,5,5,0,0
6,1378,4,0,3,0,8,8,3,1,2,3,3,1,5,5,0,0
6,1378,4,0,3,0,8,8,3,1,2,3,3,1,5,5,0,0
6,1378,4,0,3,0,8,8,3,1,2,3,2,1,4,5,0,0
6,1378,4,0,3,0,8,8,3,1,2,3,2,1,4,5,0,0
6,1378,4,0,3,0,8,8,3,1,2,3,2,1,4,5,0,0
6,1378,4,0,3,0,8,8,3,1,2,3,2,1,4,5,0,0
6,1378,4,0,3,0,8,8,3,1,2,3,2,1,4,5,0,0
6,1378,4,0,3,0,8,8,3,1,2,3,2,1,4,5,0,0
6,1378,4,0,3,0,8,8,3,1,2,3,2,1,4,5,0,0
6,1378,4,0,3,0,8,8,3,1,2,3,2,1,4,5,0,0
6,1378,4,0,3,0,8,8,3,1,2,3,2,1,4,5,0,0
7,1379,4,0,4,0,9,8,4,1,3,3,3,1,7,5,0,0
7,1379,4,0,4,0,9,8,4,1,3,3,3,1,7,5,0,0
7,1379,4,0,4,0,9,8,4,1,3,3,3,1,7,5,0,0
7,1379,4,0,4,0,9,8,4,1,3,3,3,1,7,5,0,0
7,1379,4,0,4,0,9,8,4,1,3,3,3,1,7,5,0,0
7,1379,4,0,4,0,9,8,4,1,3,3,3,1,7,5,0,0
7,1379,4,0,4,0,9,8,4,1,3,3,3,1,8,5,8,0
7,1379,4,0,4,0,10,9,4,4,3,2,4,2,8,8,8,1
7,1379,4,0,4,0,10,10,4,4,3,3,4,2,8,8,8,1
7,1379,4,0,4,0,10,10,4,4,3,3,4,2,8,8,9,1
7,1379,4,0,4,0,10,10,4,3,3,3,4,2,8,8,9,1
7,1379,4,0,4,0,10,10,4,4,3,2,4,2,8,8,9,1
7,1379,4,0,4,0,10,9,4,4,3,3,4,2,8,8,9,1
7,1379,4,0,4,0,10,10,4,4,3,3,4,2,8,8,5,1
7,1379,4,0,4,0,10,10,4,4,3,3,4,2,8,8,5,1
7,1379,4,0,4,0,10,10,4,4,3,3,4,2,8,8,5,1
7,1379,4,0,4,0,9,9,4,4,3,3,3,2,8,8,5,0
7,1379,4,0,4,0,9,9,4,4,3,3,3,2,8,8,0,0
7,1379,4,0,4,0,9,9,4,4,3,2,3,2,8,8,0,0
7,1379,4,0,4,0,9,9,4,4,3,2,3,2,8,8,0,0
7,1379,4,0,4,0,9,9,4,4,3,2,3,2,8,7,0,0
7,1379,4,0,4,0,9,9,4,4,3,2,3,2,8,7,0,0
7,1379,4,0,4,0,9,9,4,4,3,2,3,2,8,7,0,0
7,1379,4,0,4,0,9,9,4,4,3,2,3,2,7,7,0,0
8,1380,4,0,4,0,9,9,4,4,3,2,3,2,4,7,0,0
8,1380,4,0,4,0,9,9,4,4,3,2,3,2,4,7,0,0
8,1380,4,0,4,0,9,9,4,4,3,2,3,2,4,7,0,0
8,1380,4,0,4,0,9,9,4,4,3,2,3,2,4,7,0,0
8,1380,4,0,4,0,9,9,4,4,3,2,3,2,4,7,0,0
8,1380,4,0,4,0,9,9,4,4,3,2,3,2,4,7,0,0
8,1380,4,0,4,0,9,9,4,4,3,2,3,2,4,7,8,0
8,1380,4,0,4,0,10,8,4,4,3,3,4,3,5,6,8,2
8,1380,4,0,4,0,10,8,4,4,3,3,4,3,5,6,8,3
8,1380,4,0,4,0,10,10,4,4,3,2,4,3,5,6,9,3
8,1380,4,0,4,0,10,10,4,4,3,3,4,3,5,6,9,3
8,1380,4,0,4,0,10,10,4,4,3,3,4,3,5,6,9,3
8,1380,4,0,4,0,10,10,4,4,3,3,4,3,5,6,9,3
8,1380,4,0,4,0,10,10,4,4,3,2,4,3,5,6,5,3
8,1380,4,0,4,0,10,9,4,4,3,2,4,2,5,6,5,3
8,1380,4,0,4,0,10,9,4,4,3,2,4,2,4,6,5,3
8,1380,4,0,4,0,9,9,4,4,3,2,3,2,4,6,5,3
8,1380,4,0,4,0,9,9,4,4,3,2,3,2,4,6,0,3
8,1380,4,0,4,0,9,9,4,4,3,2,3,2,4,6,0,3
8,1380,4,0,4,0,9,9,4,4,3,2,3,2,4,6,0,3
8,1380,4,0,4,0,9,9,4,4,3,2,3,2,4,6,0,2
8,1380,4,0,4,0,9,9,4,4,3,2,3,2,4,6,0,2
8,1380,4,0,4,0,9,9,4,4,3,2,3,2,4,6,0,2
8,1380,4,0,4,0,9,9,4,4,3,2,3,2,4,6,0,2
9,1381,4,0,4,0,9,9,4,4,3,2,3,2,7,7,0,2
9,1381,4,0,4,0,9,9,4,4,3,2,3,2,7,7,0,2
9,1381,4,0,4,0,9,9,4,4,3,2,3,2,7,7,0,2
9,1381,4,0,4,0,9,9,4,4,3,2,3,2,7,7,0,2
9,1381,4,0,4,0,9,9,4,4,3,2,3,2,7,7,0,2
9,1381,4,0,4,0,9,9,4,4,3,2,3,2,7,7,0,2
9,1381,4,0,4,0,9,9,4,4,3,2,3,2,10,7,8,2
9,1381,4,0,4,0,10,9,4,4,3,2,4,3,10,10,8,1
9,1381,4,0,4,0,10,10,4,4,3,2,4,3,10,10,8,2
9,1381,4,0,4,0,10,10,4,4,3,3,4,3,10,9,9,2
9,1381,4,0,4,0,10,10,4,3,3,3,4,3,10,8,9,3
9,1381,4,0,4,0,10,10,4,3,3,3,4,3,10,10,9,3
9,1381,4,0,4,0,10,10,4,3,3,3,4,3,10,10,9,3
9,1381,4,0,4,0,10,10,4,3,3,3,4,2,10,10,5,3
9,1381,4,0,4,0,10,10,4,3,3,3,4,2,10,9,5,2
9,1381,4,0,4,0,10,10,4,3,3,3,4,2,8,9,5,2
9,1381,4,0,4,0,9,10,4,3,3,2,3,2,8,8,5,2
9,1381,4,0,4,0,9,10,4,3,3,2,3,2,8,8,0,2
9,1381,4,0,4,0,9,10,4,3,3,2,3,2,8,8,0,1
9,1381,4,0,4,0,9,10,4,3,3,2,3,2,8,8,0,1
9,1381,4,0,4,0,9,10,4,3,3,2,3,2,8,8,0,1
9,1381,4,0,4,0,9,10,4,3,3,2,3,2,8,8,0,0
9,1381,4,0,4,0,9,10,4,3,3,2,3,2,8,7,0,0
9,1381,4,0,4,0,9,10,4,3,3,2,3,2,7,7,0,0
10,1382,4,0,4,0,9,10,4,3,3,2,3,2,7,7,0,0
10,1382,4,0,4,0,9,10,4,3,3,2,3,2,7,7,0,0
10,1382,4,0,4,0,9,10,4,3,3,2,3,2,7,7,0,0
10,1382,4,0,4,0,9,10,4,3,3,2,3,2,7,7,0,0
10,1382,4,0,4,0,9,10,4,3,3,2,3,2,7,7,0,0
10,1382,4,0,4,0,9,10,4,3,3,2,3,2,7,7,0,0
10,1382,4,0,4,0,9,10,4,3,3,2,3,2,8,7,8,0
10,1382,4,0,4,0,10,10,4,4,3,2,4,3,8,7,8,0
10,1382,4,0,4,0,10,10,4,4,3,2,4,3,8,8,8,0
10,1382,4,0,4,0,10,10,4,4,3,2,4,3,8,8,9,0
10,1382,4,0,4,0,10,10,4,4,3,2,4,3,8,8,9,0
10,1382,4,0,4,0,10,10,4,4,3,2,4,3,8,8,9,0
10,1382,4,0,4,0,10,10,4,3,3,2,4,3,8,8,9,0
10,1382,4,0,4,0,10,10,4,3,3,2,4,3,8,8,5,0
10,1382,4,0,4,0,10,10,4,3,3,2,4,3,8,8,5,0
10,1382,4,0,4,0,10,10,4,3,3,2,4,3,8,8,5,0
10,1382,4,0,4,0,9,10,4,3,3,2,3,3,8,8,5,0
10,1382,4,0,4,0,9,10,4,3,3,2,3,3,8,8,0,0
10,1382,4,0,4,0,9,10,4,3,3,2,3,3,8,8,0,0
10,1382,4,0,4,0,9,10,4,3,3,2,3,3,8,8,0,0
10,1382,4,0,4,0,9,10,4,3,3,2,3,3,8,8,0,0
10,1382,4,0,4,0,9,10,4,3,3,2,3,3,8,8,0,0
10,1382,4,0,4,0,9,10,4,3,3,2,3,3,8,8,0,0
10,1382,4,0,4,0,9,10,4,3,3,2,3,3,7,8,0,0
11,1383,4,0,4,0,9,10,4,3,3,2,3,3,7,8,0,0
11,1383,4,0,4,0,9,10,4,3,3,2,3,3,7,8,0,0
11,1383,4,0,4,0,9,10,4,3,3,2,3,3,7,8,0,0
11,1383,4,0,4,0,9,10,4,3,3,2,3,3,7,8,0,0
11,1383,4,0,4,0,9,10,4,3,3,2,3,3,7,8,0,0
11,1383,4,0,4,0,9,10,4,3,3,2,3,3,7,8,0,0
11,1383,4,0,4,0,9,10,4,3,3,2,3,3,8,8,8,0
11,1383,4,0,4,0,10,10,4,4,3,3,4,4,8,6,8,0
11,1383,4,0,4,0,10,10,4,3,3,3,4,4,8,7,8,1
11,1383,4,0,4,0,10,10,4,4,3,3,4,4,8,8,9,1
11,1383,4,0,4,0,10,10,4,4,3,3,4,4,8,8,9,1
11,1383,4,0,4,0,10,10,4,4,3,3,4,4,8,8,9,1
11,1383,4,0,4,0,10,10,4,4,3,3,4,4,8,7,9,1
11,1383,4,0,4,0,10,10,4,4,3,3,4,4,8,6,5,1
11,1383,4,0,4,0,10,10,4,4,3,3,4,4,8,7,5,1
11,1383,4,0,4,0,10,10,4,4,3,2,4,4,8,7,5,1
11,1383,4,0,4,0,9,10,4,4,3,2,3,4,8,6,5,0
11,1383,4,0,4,0,9,10,4,4,3,2,3,4,8,6,0,0
11,1383,4,0,4,0,9,10,4,4,3,2,3,4,8,6,0,0
11,1383,4,0,4,0,9,10,4,4,3,2,3,4,8,6,0,0
11,1383,4,0,4,0,9,10,4,4,3,2,3,4,8,6,0,0
11,1383,4,0,4,0,9,10,4,4,3,2,3,4,8,6,0,0
11,1383,4,0,4,0,9,10,4,3,3,2,3,4,8,6,0,0
11,1383,4,0,4,0,9,10,4,3,3,2,3,4,7,6,0,0
12,1384,4,0,3,0,8,10,3,3,2,2,2,4,7,6,0,0
12,1384,4,0,3,0,8,10,3,3,2,2,2,4,7,6,0,0
12,1384,4,0,3,0,8,10,3,3,2,2,2,4,7,6,0,0
12,1384,4,0,3,0,8,10,3,3,2,2,2,4,7,6,0,0
12,1384,4,0,3,0,8,10,3,3,2,2,2,4,7,6,0,0
12,1384,4,0,3,0,8,10,3,3,2,2,2,4,7,6,0,0
12,1384,4,0,3,0,8,10,3,3,2,2,3,4,10,6,0,0
12,1384,4,0,3,0,8,10,3,3,2,2,3,4,10,4,0,0
12,1384,4,0,3,0,8,10,3,3,2,2,3,4,10,4,0,0
12,1384,4,0,3,0,8,9,3,3,2,2,3,4,10,4,0,0
12,1384,4,0,3,0,8,9,3,3,2,2,3,4,10,4,0,0
12,1384,4,0,3,0,8,9,3,3,2,2,3,4,10,4,0,0
12,1384,4,0,3,0,8,9,3,3,2,2,3,4,10,4,0,0
12,1384,4,0,3,0,8,9,3,3,2,2,3,4,10,4,0,0
12,1384,4,0,3,0,8,9,3,3,2,2,3,3,10,4,0,0
12,1384,4,0,3,0,8,9,3,3,2,2,2,3,8,4,0,0
12,1384,4,0,3,0,8,9,3,2,2,2,2,3,8,4,0,0
12,1384,4,0,3,0,8,9,3,2,2,2,2,3,8,4,0,0
12,1384,4,0,3,0,8,9,3,2,2,2,2,3,8,4,0,0
12,1384,4,0,3,0,8,9,3,2,2,2,2,3,8,4,0,0
12,1384,4,0,3,0,8,9,3,2,2,2,2,3,8,4,0,0
12,1384,4,0,3,0,8,9,3,2,2,2,2,3,8,4,0,0
12,1384,4,0,3,0,8,9,3,2,2,2,2,3,8,4,0,0
12,1384,4,0,3,0,8,9,3,2,2,2,2,3,7,4,0,0
13,1385,4,0,3,0,8,9,3,2,2,2,2,3,4,4,0,0
13,1385,4,0,3,0,8,9,3,2,2,2,2,3,4,4,0,0
13,1385,4,0,3,0,8,9,3,2,2,2,2,3,4,4,0,0
13,1385,4,0,3,0,8,9,3,2,2,2,2,3,4,4,0,0
13,1385,4,0,3,0,8,9,3,2,2,2,2,3,4,4,0,0
13,1385,4,0,3,0,8,9,3,2,2,2,2,3,4,4,0,0
13,1385,4,0,3,0,8,9,3,2,2,2,3,3,4,4,0,0
13,1385,4,0,3,0,8,9,3,2,2,2,3,1,5,4,0,0
13,1385,4,0,3,0,8,9,3,2,2,2,3,1,5,4,0,0
13,1385,4,0,3,0,8,9,3,2,2,2,3,1,5,4,0,0
13,1385,4,0,3,0,8,9,3,2,2,2,3,1,5,4,0,0
13,1385,4,0,3,0,8,9,3,2,2,2,3,1,5,4,0,0
13,1385,4,0,3,0,8,9,3,2,2,2,3,1,5,4,0,0
13,1385,4,0,3,0,8,9,3,2,2,2,3,1,5,4,0,0
13,1385,4,0,3,0,8,9,3,2,2,1,3,1,5,4,0,0
13,1385,4,0,3,0,8,9,3,2,2,1,2,1,4,4,0,0
13,1385,4,0,3,0,8,9,3,2,2,1,2,1,4,4,0,0
13,1385,4,0,3,0,8,9,3,2,2,1,2,1,4,4,0,0
13,1385,4,0,3,0,8,9,3,2,2,1,2,1,4,4,0,0
13,1385,4,0,3,0,8,9,3,2,2,1,2,1,4,4,0,0
13,1385,4,0,3,0,8,9,3,2,2,1,2,1,4,4,0,0
13,1385,4,0,3,0,8,9,3,2,2,1,2,1,4,4,0,0
13,1385,4,0,3,0,8,9,3,2,2,1,2,1,4,4,0,0
13,1385,4,0,3,0,8,9,3,2,2,1,2,1,4,4,0,0
14,1386,4,0,4,0,9,9,4,2,3,1,3,1,7,4,0,0
14,1386,4,0,4,0,9,9,4,2,3,1,3,1,7,4,0,0
14,1386,4,0,4,0,9,9,4,2,3,1,3,1,7,4,0,0
14,1386,4,0,4,0,9,9,4,2,3,1,3,1,7,4,0,0
14,1386,4,0,4,0,9,9,4,2,3,1,3,1,7,4,0,0
14,1386,4,0,4,0,9,9,4,2,3,1,3,1,7,4,0,0
14,1386,4,0,4,0,9,9,4,2,3,1,3,1,8,4,8,0
14,1386,4,0,4,0,10,8,4,4,3,0,4,2,8,8,8,2
14,1386,4,0,4,0,10,8,4,4,3,0,4,2,8,7,8,2
14,1386,4,0,4,0,10,10,4,4,3,1,4,2,8,8,9,2
14,1386,4,0,4,0,10,10,4,4,3,1,4,2,8,8,9,2
14,1386,4,0,4,0,10,10,4,4,3,1,4,2,8,8,9,2
14,1386,4,0,4,0,10,10,4,4,3,1,4,2,8,9,9,2
14,1386,4,0,4,0,10,9,4,4,3,0,4,2,8,9,5,2
14,1386,4,0,4,0,10,9,4,4,3,0,4,2,8,9,5,2
14,1386,4,0,4,0,10,9,4,4,3,0,4,2,8,9,5,2
14,1386,4,0,4,0,9,9,4,4,3,0,3,2,8,8,5,0
14,1386,4,0,4,0,9,9,4,4,3,0,3,2,8,8,0,0
14,1386,4,0,4,0,9,9,4,4,3,0,3,2,8,8,0,0
14,1386,4,0,4,0,9,9,4,4,3,0,3,1,8,8,0,0
14,1386,4,0,4,0,9,9,4,3,3,0,3,1,8,8,0,0
14,1386,4,0,4,0,9,8,4,3,3,0,3,1,8,6,0,0
14,1386,4,0,4,0,9,8,4,3,3,0,3,1,8,6,0,0
14,1386,4,0,4,0,9,8,4,3,3,0,3,1,7,6,0,0
15,1387,4,0,4,0,9,8,4,3,3,0,3,1,4,6,0,0
15,1387,4,0,4,0,9,8,4,3,3,0,3,1,4,6,0,0
15,1387,4,0,4,0,9,8,4,3,3,0,3,1,4,6,0,0
15,1387,4,0,4,0,9,8,4,3,3,0,3,1,4,6,0,0
15,1387,4,0,4,0,9,8,4,3,3,0,3,1,4,6,0,0
15,1387,4,0,4,0,9,8,4,3,3,0,3,1,4,6,0,0
15,1387,4,0,4,0,9,8,4,3,3,0,3,1,4,6,8,0
15,1387,4,0,4,0,10,10,4,3,3,3,4,1,5,5,8,2
15,1387,4,0,4,0,10,10,4,4,3,3,4,1,5,5,8,3
15,1387,4,0,4,0,10,10,4,4,3,3,4,1,5,5,9,4
15,1387,4,0,4,0,10,10,4,4,3,3,4,1,5,6,9,4
15,1387,4,0,4,0,10,10,4,4,3,3,4,1,5,5,9,4
15,1387,4,0,4,0,10,10,4,4,3,3,4,1,5,4,9,3
15,1387,4,0,4,0,10,10,4,4,3,3,4,1,5,4,5,3
15,1387,4,0,4,0,10,10,4,4,3,2,4,1,5,5,5,3
15,1387,4,0,4,0,10,10,4,4,3,2,4,1,4,5,5,2
15,1387,4,0,4,0,9,10,4,4,3,1,3,1,4,5,5,2
15,1387,4,0,4,0,9,10,4,3,3,1,3,1,4,5,0,2
15,1387,4,0,4,0,9,10,4,3,3,1,3,1,4,4,0,1
15,1387,4,0,4,0,9,10,4,3,3,1,3,1,4,4,0,1
15,1387,4,0,4,0,9,10,4,3,3,1,3,1,4,4,0,1
15,1387,4,0,4,0,9,10,4,2,3,1,3,1,4,4,0,1
15,1387,4,0,4,0,9,10,4,2,3,1,3,1,4,4,0,1
15,1387,4,0,4,0,9,10,4,2,3,1,3,1,4,4,0,1
16,1388,4,0,4,0,9,10,4,2,3,1,3,1,7,4,0,1
16,1388,4,0,4,0,9,10,4,2,3,1,3,1,7,4,0,1
16,1388,4,0,4,0,9,10,4,2,3,1,3,1,7,4,0,1
16,1388,4,0,4,0,9,10,4,2,3,1,3,1,7,4,0,1
16,1388,4,0,4,0,9,10,4,2,3,1,3,1,7,4,0,1
16,1388,4,0,4,0,9,10,4,2,3,1,3,1,7,4,0,1
16,1388,4,0,4,0,9,10,4,2,3,1,3,1,10,4,8,1
16,1388,4,0,4,0,10,9,4,3,3,0,4,2,10,9,8,1
16,1388,4,0,4,0,10,10,4,2,3,0,4,2,10,10,8,1
16,1388,4,0,4,0,10,10,4,3,3,0,4,2,10,11,9,2
16,1388,4,0,4,0,10,10,4,3,3,0,4,2,10,11,9,2
16,1388,4,0,4,0,10,10,4,4,3,0,4,2,10,11,9,2
16,1388,4,0,4,0,10,10,4,4,3,0,4,2,10,11,9,2
16,1388,4,0,4,0,10,10,4,4,3,0,4,2,10,11,5,2
16,1388,4,0,4,0,10,10,4,2,3,0,4,2,10,11,5,1
16,1388,4,0,4,0,10,9,4,2,3,0,4,2,8,11,5,1
16,1388,4,0,4,0,9,9,4,2,3,0,3,2,8,11,5,1
16,1388,4,0,4,0,9,9,4,2,3,0,3,2,8,10,0,0
16,1388,4,0,4,0,9,9,4,2,3,0,3,2,8,10,0,0
16,1388,4,0,4,0,9,9,4,2,3,0,3,2,8,10,0,0
16,1388,4,0,4,0,9,8,4,2,3,0,3,2,8,9,0,0
16,1388,4,0,4,0,9,8,4,2,3,0,3,2,8,9,0,0
16,1388,4,0,4,0,9,7,4,2,3,0,3,2,8,9,0,0
16,1388,4,0,4,0,9,7,4,2,3,0,3,2,7,9,0,0
17,1389,4,0,4,0,9,7,4,2,3,0,3,2,7,9,0,0
17,1389,4,0,4,0,9,7,4,2,3,0,3,2,7,9,0,0
17,1389,4,0,4,0,9,7,4,2,3,0,3,2,7,9,0,0
17,1389,4,0,4,0,9,7,4,2,3,0,3,2,7,9,0,0
17,1389,4,0,4,0,9,7,4,2,3,0,3,2,7,9,0,0
17,1389,4,0,4,0,9,7,4,2,3,0,3,2,7,9,0,0
17,1389,4,0,4,0,9,7,4,2,3,0,3,2,8,9,8,0
17,1389,4,0,4,0,10,9,4,3,3,0,4,3,8,8,8,0
17,1389,4,0,4,0,10,10,4,3,3,0,4,3,8,8,8,0
17,1389,4,0,4,0,10,10,4,3,3,0,4,3,8,8,9,0
17,1389,4,0,4,0,10,10,4,3,3,0,4,3,8,8,9,0
17,1389,4,0,4,0,10,10,4,2,3,0,4,3,8,8,9,0
17,1389,4,0,4,0,10,10,4,2,3,0,4,3,8,8,9,0
17,1389,4,0,4,0,10,10,4,2,3,0,4,3,8,8,5,0
17,1389,4,0,4,0,10,10,4,2,3,0,4,3,8,8,5,0
17,1389,4,0,4,0,10,10,4,2,3,0,4,3,8,8,5,0
17,1389,4,0,4,0,9,10,4,2,3,0,3,3,8,8,5,0
17,1389,4,0,4,0,9,9,4,2,3,0,3,3,8,8,0,0
17,1389,4,0,4,0,9,9,4,2,3,0,3,3,8,8,0,0
17,1389,4,0,4,0,9,9,4,2,3,0,3,3,8,8,0,0
17,1389,4,0,4,0,9,8,4,2,3,0,3,3,8,7,0,0
17,1389,4,0,4,0,9,8,4,2,3,0,3,3,8,7,0,0
17,1389,4,0,4,0,9,8,4,2,3,0,3,3,8,7,0,0
17,1389,4,0,4,0,9,8,4,2,3,0,3,3,7,7,0,0
18,1390,4,0,4,0,9,8,4,2,3,0,3,3,7,7,0,0
18,1390,4,0,4,0,9,8,4,2,3,0,3,3,7,7,0,0
18,1390,4,0,4,0,9,8,4,2,3,0,3,3,7,7,0,0
18,1390,4,0,4,0,9,8,4,2,3,0,3,3,7,7,0,0
18,1390,4,0,4,0,9,8,4,2,3,0,3,3,7,7,0,0
18,1390,4,0,4,0,9,8,4,2,3,0,3,3,7,7,0,0
18,1390,4,0,4,0,9,8,4,2,3,0,3,3,8,7,8,0
18,1390,4,0,4,0,10,9,4,2,3,1,4,4,8,8,8,1
18,1390,4,0,4,0,10,10,4,2,3,3,4,4,8,8,8,1
18,1390,4,0,4,0,10,10,4,3,3,3,4,4,8,8,9,2
18,1390,4,0,4,0,10,10,4,3,3,3,4,3,8,8,9,2
18,1390,4,0,4,0,10,10,4,4,3,2,4,3,8,8,9,2
18,1390,4,0,4,0,10,10,4,4,3,3,4,3,8,8,9,2
18,1390,4,0,4,0,10,10,4,4,3,3,4,3,8,8,5,1
18,1390,4,0,4,0,10,10,4,4,3,1,4,3,8,8,5,1
18,1390,4,0,4,0,10,10,4,4,3,1,4,3,8,7,5,1
18,1390,4,0,4,0,9,10,4,4,3,1,3,3,8,7,5,1
18,1390,4,0,4,0,9,10,4,3,3,1,3,3,8,7,0,1
18,1390,4,0,4,0,9,10,4,3,3,1,3,3,8,7,0,1
18,1390,4,0,4,0,9,10,4,3,3,1,3,2,8,7,0,1
18,1390,4,0,4,0,9,9,4,3,3,1,3,2,8,6,0,1
18,1390,4,0,4,0,9,9,4,3,3,1,3,1,8,6,0,1
18,1390,4,0,4,0,9,8,4,3,3,1,3,1,8,6,0,1
18,1390,4,0,4,0,9,8,4,3,3,1,3,1,7,6,0,1
19,1391,4,0,3,0,8,8,3,3,2,1,2,1,7,6,0,1
19,1391,4,0,3,0,8,8,3,3,2,1,2,1,7,6,0,1
19,1391,4,0,3,0,8,8,3,3,2,1,2,1,7,6,0,1
19,1391,4,0,3,0,8,8,3,3,2,1,2,1,7,6,0,1
19,1391,4,0,3,0,8,8,3,3,2,1,2,1,7,6,0,1
19,1391,4,0,3,0,8,8,3,3,2,1,2,1,7,6,0,1
19,1391,4,0,3,0,8,8,3,3,2,1,3,1,10,6,0,1
19,1391,4,0,3,0,8,7,3,3,2,1,3,1,10,5,0,0
19,1391,4,0,3,0,8,7,3,3,2,1,3,1,10,5,0,0
19,1391,4,0,3,0,8,7,3,2,2,0,3,1,10,5,0,0
19,1391,4,0,3,0,8,7,3,2,2,0,3,1,10,5,0,0
19,1391,4,0,3,0,8,7,3,2,2,0,3,1,10,5,0,0
19,1391,4,0,3,0,8,7,3,2,2,0,3,1,10,5,0,0
19,1391,4,0,3,0,8,7,3,2,2,0,3,1,10,5,0,0
19,1391,4,0,3,0,8,7,3,2,2,0,3,1,10,5,0,0
19,1391,4,0,3,0,8,7,3,2,2,0,2,1,8,5,0,0
19,1391,4,0,3,0,8,7,3,2,2,0,2,1,8,5,0,0
19,1391,4,0,3,0,8,7,3,2,2,0,2,1,8,5,0,0
19,1391,4,0,3,0,8,7,3,2,2,0,2,1,8,5,0,0
19,1391,4,0,3,0,8,7,3,2,2,0,2,1,8,5,0,0
19,1391,4,0,3,0,8,7,3,2,2,0,2,1,8,5,0,0
19,1391,4,0,3,0,8,7,3,2,2,0,2,1,8,5,0,0
19,1391,4,0,3,0,8,7,3,2,2,0,2,1,8,5,0,0
19,1391,4,0,3,0,8,7,3,2,2,0,2,1,7,5,0,0
20,1392,4,0,3,0,8,7,3,2,2,0,2,1,4,5,0,0
20,1392,4,0,3,0,8,7,3,2,2,0,2,1,4,5,0,0
20,1392,4,0,3,0,8,7,3,2,2,0,2,1,4,5,0,0
20,1392,4,0,3,0,8,7,3,2,2,0,2,1,4,5,0,0
20,1392,4,0,3,0,8,7,3,2,2,0,2,1,4,5,0,0
20,1392,4,0,3,0,8,7,3,2,2,0,2,1,4,5,0,0
20,1392,4,0,3,0,8,7,3,2,2,0,3,1,4,5,0,0
20,1392,4,0,3,0,8,7,3,2,2,0,3,1,5,5,0,0
20,1392,4,0,3,0,8,7,3,2,2,0,3,1,5,5,0,0
20,1392,4,0,3,0,8,7,3,2,2,0,3,1,5,5,0,0
20,1392,4,0,3,0,8,7,3,2,2,0,3,1,5,5,0,0
20,1392,4,0,3,0,8,7,3,2,2,0,3,0,5,5,0,0
20,1392,4,0,3,0,8,7,3,2,2,0,3,0,5,5,0,0
20,1392,4,0,3,0,8,7,3,2,2,0,3,0,5,5,0,0
20,1392,4,0,3,0,8,7,3,2,2,0,3,0,5,5,0,0
20,1392,4,0,3,0,8,7,3,2,2,0,2,0,4,4,0,0
20,1392,4,0,3,0,8,7,3,2,2,0,2,0,4,4,0,0
20,1392,4,0,3,0,8,7,3,2,2,0,2,0,4,4,0,0
20,1392,4,0,3,0,8,7,3,2,2,0,2,0,4,4,0,0
20,1392,4,0,3,0,8,7,3,2,2,0,2,0,4,4,0,0
20,1392,4,0,3,0,8,7,3,2,2,0,2,0,4,4,0,0
20,1392,4,0,3,0,8,7,3,2,2,0,2,0,4,4,0,0
20,1392,4,0,3,0,8,7,3,2,2,0,2,0,4,4,0,0
20,1392,4,0,3,0,8,7,3,2,2,0,2,0,4,4,0,0
21,1393,4,0,4,0,9,7,4,2,3,0,3,0,7,4,0,0
21,1393,4,0,4,0,9,7,4,2,3,0,3,0,7,4,0,0
21,1393,4,0,4,0,9,7,4,2,3,0,3,0,7,4,0,0
21,1393,4,0,4,0,9,7,4,2,3,0,3,0,7,4,0,0
21,1393,4,0,4,0,9,7,4,2,3,0,3,0,7,4,0,0
21,1393,4,0,4,0,9,7,4,2,3,0,3,0,7,4,0,0
21,1393,4,0,4,0,9,7,4,2,3,0,3,0,8,4,8,0
21,1393,4,0,4,0,10,9,4,3,3,1,4,1,8,6,8,1
21,1393,4,0,4,0,10,10,4,4,3,2,4,1,8,6,8,1
21,1393,4,0,4,0,10,10,4,4,3,3,4,1,8,8,9,1
21,1393,4,0,4,0,10,10,4,4,3,3,4,1,8,8,9,1
21,1393,4,0,4,0,10,10,4,4,3,3,4,1,8,8,9,1
21,1393,4,0,4,0,10,10,4,4,3,3,4,1,8,8,9,1
21,1393,4,0,4,0,10,10,4,4,3,2,4,1,8,8,5,1
21,1393,4,0,4,0,10,10,4,4,3,2,4,1,8,8,5,1
21,1393,4,0,4,0,10,10,4,4,3,2,4,1,8,8,5,1
21,1393,4,0,4,0,9,10,4,4,3,2,3,1,8,7,5,0
21,1393,4,0,4,0,9,10,4,4,3,2,3,1,8,7,0,0
21,1393,4,0,4,0,9,10,4,3,3,2,3,1,8,7,0,0
21,1393,4,0,4,0,9,10,4,3,3,2,3,1,8,7,0,0
21,1393,4,0,4,0,9,10,4,3,3,2,3,1,8,7,0,0
21,1393,4,0,4,0,9,10,4,3,3,2,3,1,8,7,0,0
21,1393,4,0,4,0,9,10,4,3,3,2,3,1,8,7,0,0
21,1393,4,0,4,0,9,10,4,3,3,2,3,1,7,7,0,0
22,1394,4,0,4,0,9,10,4,3,3,2,3,1,4,7,0,0
22,1394,4,0,4,0,9,10,4,3,3,2,3,1,4,7,0,0
22,1394,4,0,4,0,9,10,4,3,3,2,3,1,4,7,0,0
22,1394,4,0,4,0,9,10,4,3,3,2,3,1,4,7,0,0
22,1394,4,0,4,0,9,10,4,3,3,2,3,1,4,7,0,0
22,1394,4,0,4,0,9,10,4,3,3,2,3,1,4,7,0,0
22,1394,4,0,4,0,9,10,4,3,3,2,3,1,4,7,8,0
22,1394,4,0,4,0,10,9,4,4,3,3,4,2,5,6,8,5
22,1394,4,0,4,0,10,10,4,4,3,3,4,2,5,6,8,6
22,1394,4,0,4,0,10,10,4,4,3,3,4,2,5,6,9,7
22,1394,4,0,4,0,10,10,4,4,3,3,4,2,5,6,9,8
22,1394,4,0,4,0,10,10,4,3,3,3,4,2,5,6,9,8
22,1394,4,0,4,0,10,10,4,3,3,3,4,2,5,6,9,8
22,1394,4,0,4,0,10,10,4,3,3,3,4,2,5,6,5,7
22,1394,4,0,4,0,10,10,4,3,3,3,4,2,5,6,5,7
22,1394,4,0,4,0,10,9,4,3,3,3,4,2,4,6,5,5
22,1394,4,0,4,0,9,9,4,3,3,3,3,2,4,6,5,5
22,1394,4,0,4,0,9,8,4,3,3,3,3,2,4,6,0,5
22,1394,4,0,4,0,9,8,4,3,3,3,3,2,4,6,0,5
22,1394,4,0,4,0,9,8,4,3,3,3,3,2,4,6,0,5
22,1394,4,0,4,0,9,8,4,3,3,3,3,2,4,6,0,5
22,1394,4,0,4,0,9,8,4,3,3,3,3,2,4,6,0,5
22,1394,4,0,4,0,9,8,4,3,3,3,3,2,4,6,0,5
22,1394,4,0,4,0,9,8,4,3,3,3,3,2,4,6,0,5
23,1395,4,0,4,0,9,8,4,3,3,3,3,2,7,7,0,5
23,1395,4,0,4,0,9,8,4,3,3,3,3,2,7,7,0,5
23,1395,4,0,4,0,9,8,4,3,3,3,3,2,7,7,0,5
23,1395,4,0,4,0,9,8,4,3,3,3,3,2,7,7,0,5
23,1395,4,0,4,0,9,8,4,3,3,3,3,2,7,7,0,5
23,1395,4,0,4,0,9,8,4,3,3,3,3,2,7,7,0,5
23,1395,4,0,4,0,9,8,4,3,3,3,3,2,10,10,8,5
23,1395,4,0,4,0,10,10,4,4,3,2,4,3,10,10,8,3
23,1395,4,0,4,0,10,10,4,4,3,2,4,3,10,9,8,2
23,1395,4,0,4,0,10,10,4,4,3,3,4,3,10,10,9,2
23,1395,4,0,4,0,10,10,4,4,3,3,4,3,10,10,9,1
23,1395,4,0,4,0,10,10,4,4,3,3,4,3,10,8,9,1
23,1395,4,0,4,0,10,10,4,4,3,3,4,3,10,8,9,0
23,1395,4,0,4,0,10,10,4,4,3,3,4,3,10,8,5,0
23,1395,4,0,4,0,10,10,4,4,3,3,4,3,10,8,5,0
23,1395,4,0,4,0,10,10,4,4,3,3,4,3,8,8,5,0
23,1395,4,0,4,0,9,10,4,4,3,2,3,3,8,8,5,0
23,1395,4,0,4,0,9,10,4,4,3,2,3,2,8,8,0,0
23,1395,4,0,4,0,9,10,4,4,3,2,3,1,8,8,0,0
23,1395,4,0,4,0,9,10,4,4,3,2,3,1,8,7,0,0
23,1395,4,0,4,0,9,10,4,4,3,2,3,1,8,7,0,0
23,1395,4,0,4,0,9,9,4,4,3,2,3,1,8,5,0,0
23,1395,4,0,4,0,9,9,4,4,3,2,3,1,8,5,0,0
23,1395,4,0,4,0,9,9,4,4,3,2,3,1,7,5,0,0
24,1396,4,0,4,0,9,9,4,4,3,2,3,1,7,5,0,0
24,1396,4,0,4,0,9,9,4,4,3,2,3,1,7,5,0,0
24,1396,4,0,4,0,9,9,4,4,3,2,3,1,7,5,0,0
24,1396,4,0,4,0,9,9,4,4,3,2,3,1,7,5,0,0
24,1396,4,0,4,0,9,9,4,4,3,2,3,1,7,5,0,0
24,1396,4,0,4,0,9,9,4,4,3,2,3,1,7,5,0,0
24,1396,4,0,4,0,9,9,4,4,3,2,3,1,8,5,8,0
24,1396,4,0,4,0,10,9,4,4,3,2,4,2,8,8,8,0
24,1396,4,0,4,0,10,10,4,4,3,2,4,2,8,8,8,0
24,1396,4,0,4,0,10,10,4,4,3,1,4,2,8,8,9,0
24,1396,4,0,4,0,10,10,4,4,3,1,4,2,8,8,9,0
24,1396,4,0,4,0,10,10,4,4,3,0,4,2,8,8,9,0
24,1396,4,0,4,0,10,10,4,4,3,0,4,2,8,8,9,0
24,1396,4,0,4,0,10,10,4,4,3,0,4,2,8,8,5,0
24,1396,4,0,4,0,10,10,4,4,3,0,4,2,8,8,5,0
24,1396,4,0,4,0,10,10,4,4,3,0,4,2,8,8,5,0
24,1396,4,0,4,0,9,9,4,4,3,0,3,2,8,8,5,0
24,1396,4,0,4,0,9,8,4,4,3,0,3,2,8,8,0,0
24,1396,4,0,4,0,9,8,4,4,3,0,3,2,8,7,0,0
24,1396,4,0,4,0,9,8,4,4,3,0,3,2,8,7,0,0
24,1396,4,0,4,0,9,8,4,4,3,0,3,2,8,6,0,0
24,1396,4,0,4,0,9,7,4,4,3,0,3,2,8,6,0,0
24,1396,4,0,4,0,9,6,4,4,3,0,3,2,8,6,0,0
24,1396,4,0,4,0,9,6,4,4,3,0,3,2,7,6,0,0
25,1397,4,0,4,0,9,6,4,4,3,0,3,2,7,6,0,0
25,1397,4,0,4,0,9,6,4,4,3,0,3,2,7,6,0,0
25,1397,4,0,4,0,9,6,4,4,3,0,3,2,7,6,0,0
25,1397,4,0,4,0,9,6,4,4,3,0,3,2,7,6,0,0
25,1397,4,0,4,0,9,6,4,4,3,0,3,2,7,6,0,0
25,1397,4,0,4,0,9,6,4,4,3,0,3,2,7,6,0,0
25,1397,4,0,4,0,9,6,4,4,3,0,3,2,8,6,8,0
25,1397,4,0,4,0,10,9,4,4,3,1,4,3,8,8,8,1
25,1397,4,0,4,0,10,10,4,4,3,3,4,3,8,8,8,1
25,1397,4,0,4,0,10,10,4,4,3,3,4,3,8,8,9,2
25,1397,4,0,4,0,10,10,4,4,3,3,4,2,8,8,9,3
25,1397,4,0,4,0,10,10,4,4,3,2,4,2,8,8,9,4
25,1397,4,0,4,0,10,10,4,4,3,3,4,2,8,8,9,4
25,1397,4,0,4,0,10,10,4,4,3,3,4,2,8,9,5,4
25,1397,4,0,4,0,10,9,4,4,3,1,4,2,8,8,5,4
25,1397,4,0,4,0,10,10,4,4,3,1,4,2,8,8,5,1
25,1397,4,0,4,0,9,10,4,4,3,1,3,2,8,8,5,1
25,1397,4,0,4,0,9,10,4,4,3,1,3,2,8,8,0,1
25,1397,4,0,4,0,9,10,4,4,3,1,3,1,8,8,0,1
25,1397,4,0,4,0,9,10,4,4,3,1,3,1,8,8,0,1
25,1397,4,0,4,0,9,10,4,4,3,1,3,1,8,8,0,0
25,1397,4,0,4,0,9,10,4,4,3,1,3,1,8,8,0,0
25,1397,4,0,4,0,9,9,4,4,3,1,3,1,8,8,0,0
25,1397,4,0,4,0,9,9,4,4,3,1,3,1,7,8,0,0
26,1398,4,0,3,0,8,9,3,4,2,1,2,1,7,8,0,0
26,1398,4,0,3,0,8,9,3,4,2,1,2,1,7,8,0,0
26,1398,4,0,3,0,8,9,3,4,2,1,2,1,7,8,0,0
26,1398,4,0,3,0,8,9,3,4,2,1,2,1,7,8,0,0
26,1398,4,0,3,0,8,9,3,4,2,1,2,1,7,8,0,0
26,1398,4,0,3,0,8,9,3,4,2,1,2,1,7,8,0,0
26,1398,4,0,3,0,8,9,3,4,2,1,3,1,10,8,0,0
26,1398,4,0,3,0,8,8,3,4,2,1,3,1,10,8,0,0
26,1398,4,0,3,0,8,8,3,4,2,1,3,1,10,8,0,0
26,1398,4,0,3,0,8,8,3,4,2,1,3,1,10,8,0,0
26,1398,4,0,3,0,8,8,3,4,2,1,3,1,10,8,0,0
26,1398,4,0,3,0,8,8,3,4,2,1,3,1,10,8,0,0
26,1398,4,0,3,0,8,8,3,4,2,1,3,1,10,8,0,0
26,1398,4,0,3,0,8,8,3,4,2,1,3,1,10,8,0,0
26,1398,4,0,3,0,8,8,3,4,2,1,3,1,10,8,0,0
26,1398,4,0,3,0,8,8,3,4,2,1,2,1,8,8,0,0
26,1398,4,0,3,0,8,8,3,4,2,1,2,1,8,8,0,0
26,1398,4,0,3,0,8,8,3,4,2,1,2,1,8,8,0,0
26,1398,4,0,3,0,8,8,3,4,2,1,2,1,8,8,0,0
26,1398,4,0,3,0,8,8,3,4,2,1,2,1,8,8,0,0
26,1398,4,0,3,0,8,7,3,4,2,1,2,1,8,7,0,0
26,1398,4,0,3,0,8,7,3,4,2,1,2,1,8,7,0,0
26,1398,4,0,3,0,8,7,3,4,2,1,2,1,8,7,0,0
26,1398,4,0,3,0,8,7,3,4,2,1,2,1,7,7,0,0
27,1399,4,0,3,0,8,7,3,4,2,1,2,1,4,7,0,0
27,1399,4,0,3,0,8,7,3,4,2,1,2,1,4,7,0,0
27,1399,4,0,3,0,8,7,3,4,2,1,2,1,4,7,0,0
27,1399,4,0,3,0,8,7,3,4,2,1,2,1,4,7,0,0
27,1399,4,0,3,0,8,7,3,4,2,1,2,1,4,7,0,0
27,1399,4,0,3,0,8,7,3,4,2,1,2,1,4,7,0,0
27,1399,4,0,3,0,8,7,3,4,2,1,3,1,4,7,0,0
27,1399,4,0,3,0,8,7,3,4,2,1,3,1,5,6,0,0
27,1399,4,0,3,0,8,7,3,4,2,1,3,1,5,6,0,0
27,1399,4,0,3,0,8,7,3,3,2,1,3,1,5,6,0,0
27,1399,4,0,3,0,8,7,3,3,2,1,3,1,5,6,0,0
27,1399,4,0,3,0,8,7,3,3,2,1,3,1,5,6,0,0
27,1399,4,0,3,0,8,7,3,3,2,1,3,1,5,6,0,0
27,1399,4,0,3,0,8,7,3,3,2,1,3,1,5,6,0,0
27,1399,4,0,3,0,8,7,3,3,2,1,3,1,5,6,0,0
27,1399,4,0,3,0,8,7,3,3,2,1,2,1,4,6,0,0
27,1399,4,0,3,0,8,7,3,3,2,1,2,1,4,6,0,0
27,1399,4,0,3,0,8,7,3,3,2,1,2,1,4,6,0,0
27,1399,4,0,3,0,8,7,3,3,2,1,2,1,4,6,0,0
27,1399,4,0,3,0,8,6,3,3,2,1,2,1,4,6,0,0
27,1399,4,0,3,0,8,6,3,3,2,1,2,1,4,6,0,0
27,1399,4,0,3,0,8,6,3,3,2,1,2,1,4,6,0,0
27,1399,4,0,3,0,8,6,3,3,2,1,2,1,4,6,0,0
27,1399,4,0,3,0,8,6,3,3,2,1,2,1,4,6,0,0
0,1400,4,0,4,0,9,6,4,3,3,1,3,1,7,6,0,0
0,1400,4,0,4,0,9,6,4,3,3,1,3,1,7,6,0,0
0,1400,4,0,4,0,9,6,4,3,3,1,3,1,7,6,0,0
0,1400,4,0,4,0,9,6,4,3,3,1,3,1,7,6,0,0
0,1400,4,0,4,0,9,6,4,3,3,1,3,1,7,6,0,0
0,1400,4,0,4,0,9,6,4,3,3,1,3,1,7,6,0,0
0,1400,4,0,4,0,9,6,4,3,3,1,3,1,8,6,8,0
0,1400,4,0,4,0,10,9,4,3,3,2,4,2,8,7,8,2
0,1400,4,0,4,0,10,10,4,4,3,2,4,2,8,7,8,2
0,1400,4,0,4,0,10,10,4,3,3,2,4,2,8,8,9,2
0,1400,4,0,4,0,10,10,4,3,3,2,4,2,8,8,9,2
0,1400,4,0,4,0,10,10,4,4,3,2,4,2,8,8,9,2
0,1400,4,0,4,0,10,10,4,4,3,2,4,2,8,8,9,2
0,1400,4,0,4,0,10,10,4,4,3,2,4,2,8,7,5,2
0,1400,4,0,4,0,10,10,4,3,3,2,4,2,8,8,5,2
0,1400,4,0,4,0,10,9,4,3,3,2,4,2,8,7,5,2
0,1400,4,0,4,0,9,9,4,3,3,2,3,2,8,7,5,1
0,1400,4,0,4,0,9,9,4,3,3,2,3,1,8,7,0,0
0,1400,4,0,4,0,9,9,4,3,3,2,3,1,8,7,0,0
0,1400,4,0,4,0,9,8,4,3,3,2,3,1,8,7,0,0
0,1400,4,0,4,0,9,8,4,3,3,2,3,1,8,7,0,0
0,1400,4,0,4,0,9,8,4,3,3,2,3,1,8,7,0,0
0,1400,4,0,4,0,9,8,4,2,3,2,3,1,8,7,0,0
0,1400,4,0,4,0,9,8,4,2,3,2,3,1,7,7,0,0
1,1401,4,0,4,0,9,8,4,2,3,2,3,1,4,7,0,0
1,1401,4,0,4,0,9,8,4,2,3,2,3,1,4,7,0,0
1,1401,4,0,4,0,9,8,4,2,3,2,3,1,4,7,0,0
1,1401,4,0,4,0,9,8,4,2,3,2,3,1,4,7,0,0
1,1401,4,0,4,0,9,8,4,2,3,2,3,1,4,7,0,0
1,1401,4,0,4,0,9,8,4,2,3,2,3,1,4,7,0,0
1,1401,4,0,4,0,9,8,4,2,3,2,3,1,4,7,8,0
1,1401,4,0,4,0,10,9,4,3,3,2,4,2,5,7,8,1
1,1401,4,0,4,0,10,10,4,4,3,3,4,2,5,7,8,1
1,1401,4,0,4,0,10,9,4,4,3,2,4,2,5,7,9,2
1,1401,4,0,4,0,10,10,4,4,3,3,4,2,5,7,9,2
1,1401,4,0,4,0,10,10,4,3,3,3,4,2,5,7,9,2
1,1401,4,0,4,0,10,10,4,4,3,3,4,2,5,7,9,2
1,1401,4,0,4,0,10,9,4,4,3,3,4,2,5,7,5,2
1,1401,4,0,4,0,10,9,4,4,3,3,4,2,5,7,5,2
1,1401,4,0,4,0,10,9,4,4,3,3,4,2,4,7,5,2
1,1401,4,0,4,0,9,9,4,4,3,1,3,2,4,7,5,2
1,1401,4,0,4,0,9,9,4,3,3,1,3,2,4,7,0,2
1,1401,4,0,4,0,9,9,4,3,3,1,3,2,4,7,0,2
1,1401,4,0,4,0,9,9,4,3,3,1,3,2,4,7,0,2
1,1401,4,0,4,0,9,9,4,3,3,1,3,2,4,7,0,1
1,1401,4,0,4,0,9,9,4,3,3,1,3,2,4,7,0,1
1,1401,4,0,4,0,9,9,4,3,3,1,3,2,4,7,0,1
1,1401,4,0,4,0,9,9,4,3,3,1,3,2,4,7,0,1
2,1402,4,0,4,0,9,9,4,3,3,1,3,2,7,7,0,1
2,1402,4,0,4,0,9,9,4,3,3,1,3,2,7,7,0,1
2,1402,4,0,4,0,9,9,4,3,3,1,3,2,7,7,0,1
2,1402,4,0,4,0,9,9,4,3,3,1,3,2,7,7,0,1
2,1402,4,0,4,0,9,9,4,3,3,1,3,2,7,7,0,1
2,1402,4,0,4,0,9,9,4,3,3,1,3,2,7,7,0,1
2,1402,4,0,4,0,9,9,4,3,3,1,3,2,10,8,8,1
2,1402,4,0,4,0,10,10,4,4,3,1,4,2,10,10,8,2
2,1402,4,0,4,0,10,10,4,4,3,2,4,2,10,10,8,2
2,1402,4,0,4,0,10,10,4,4,3,2,4,2,10,10,9,2
2,1402,4,0,4,0,10,10,4,4,3,3,4,2,10,10,9,2
2,1402,4,0,4,0,10,10,4,4,3,3,4,2,10,8,9,1
2,1402,4,0,4,0,10,10,4,4,3,3,4,2,10,8,9,1
2,1402,4,0,4,0,10,10,4,4,3,2,4,2,10,9,5,1
2,1402,4,0,4,0,10,10,4,4,3,2,4,2,10,9,5,1
2,1402,4,0,4,0,10,10,4,4,3,2,4,2,8,9,5,1
2,1402,4,0,4,0,9,10,4,4,3,2,3,2,8,7,5,0
2,1402,4,0,4,0,9,10,4,4,3,2,3,2,8,7,0,0
2,1402,4,0,4,0,9,10,4,3,3,2,3,2,8,7,0,0
2,1402,4,0,4,0,9,10,4,2,3,2,3,2,8,7,0,0
2,1402,4,0,4,0,9,10,4,2,3,2,3,2,8,7,0,0
2,1402,4,0,4,0,9,10,4,2,3,2,3,2,8,7,0,0
2,1402,4,0,4,0,9,10,4,2,3,2,3,2,8,7,0,0
2,1402,4,0,4,0,9,9,4,2,3,2,3,2,7,6,0,0
3,1403,4,0,4,0,9,9,4,2,3,2,3,2,7,6,0,0
3,1403,4,0,4,0,9,9,4,2,3,2,3,2,7,6,0,0
3,1403,4,0,4,0,9,9,4,2,3,2,3,2,7,6,0,0
3,1403,4,0,4,0,9,9,4,2,3,2,3,2,7,6,0,0
3,1403,4,0,4,0,9,9,4,2,3,2,3,2,7,6,0,0
3,1403,4,0,4,0,9,9,4,2,3,2,3,2,7,6,0,0
3,1403,4,0,4,0,9,9,4,2,3,2,3,2,8,6,8,0
3,1403,4,0,4,0,10,9,4,2,3,1,4,3,8,8,8,0
3,1403,4,0,4,0,10,10,4,2,3,1,4,3,8,8,8,0
3,1403,4,0,4,0,10,10,4,2,3,1,4,3,8,8,9,0
3,1403,4,0,4,0,10,10,4,2,3,1,4,3,8,8,9,0
3,1403,4,0,4,0,10,9,4,2,3,1,4,3,8,8,9,0
3,1403,4,0,4,0,10,10,4,2,3,1,4,3,8,8,9,0
3,1403,4,0,4,0,10,9,4,2,3,0,4,3,8,8,5,0
3,1403,4,0,4,0,10,9,4,2,3,0,4,3,8,8,5,0
3,1403,4,0,4,0,10,9,4,1,3,0,4,3,8,7,5,0
3,1403,4,0,4,0,9,9,4,1,3,0,3,3,8,7,5,0
3,1403,4,0,4,0,9,9,4,1,3,0,3,3,8,7,0,0
3,1403,4,0,4,0,9,9,4,1,3,0,3,3,8,7,0,0
3,1403,4,0,4,0,9,9,4,1,3,0,3,3,8,7,0,0
3,1403,4,0,4,0,9,9,4,1,3,0,3,3,8,7,0,0
3,1403,4,0,4,0,9,8,4,1,3,0,3,3,8,6,0,0
3,1403,4,0,4,0,9,8,4,1,3,0,3,3,8,6,0,0
3,1403,4,0,4,0,9,8,4,1,3,0,3,3,7,6,0,0
4,1404,4,0,4,0,9,8,4,1,3,0,3,3,7,6,0,0
4,1404,4,0,4,0,9,8,4,1,3,0,3,3,7,6,0,0
4,1404,4,0,4,0,9,8,4,1,3,0,3,3,7,6,0,0
4,1404,4,0,4,0,9,8,4,1,3,0,3,3,7,6,0,0
4,1404,4,0,4,0,9,8,4,1,3,0,3,3,7,6,0,0
4,1404,4,0,4,0,9,8,4,1,3,0,3,3,7,6,0,0
4,1404,4,0,4,0,9,8,4,1,3,0,3,3,8,6,8,0
4,1404,4,0,4,0,10,9,4,1,3,1,4,4,8,8,8,1
4,1404,4,0,4,0,10,10,4,1,3,3,4,4,8,8,8,1
4,1404,4,0,4,0,10,10,4,2,3,2,4,4,8,8,9,1
4,1404,4,0,4,0,10,10,4,2,3,3,4,4,8,8,9,1
4,1404,4,0,4,0,10,10,4,4,3,2,4,4,8,8,9,1
4,1404,4,0,4,0,10,10,4,3,3,3,4,4,8,8,9,1
4,1404,4,0,4,0,10,10,4,2,3,3,4,4,8,8,5,1
4,1404,4,0,4,0,10,10,4,1,3,1,4,4,8,7,5,1
4,1404,4,0,4,0,10,10,4,1,3,1,4,4,8,7,5,1
4,1404,4,0,4,0,9,10,4,1,3,1,3,4,8,7,5,1
4,1404,4,0,4,0,9,10,4,1,3,1,3,4,8,7,0,1
4,1404,4,0,4,0,9,10,4,1,3,1,3,4,8,7,0,0
4,1404,4,0,4,0,9,10,4,1,3,1,3,3,8,7,0,0
4,1404,4,0,4,0,9,10,4,1,3,1,3,3,8,7,0,0
4,1404,4,0,4,0,9,10,4,1,3,1,3,3,8,7,0,0
4,1404,4,0,4,0,9,9,4,1,3,1,3,3,8,7,0,0
4,1404,4,0,4,0,9,9,4,1,3,1,3,3,7,7,0,0
5,1405,4,0,3,0,8,9,3,1,2,1,2,3,7,7,0,0
5,1405,4,0,3,0,8,9,3,1,2,1,2,3,7,7,0,0
5,1405,4,0,3,0,8,9,3,1,2,1,2,3,7,7,0,0
5,1405,4,0,3,0,8,9,3,1,2,1,2,3,7,7,0,0
5,1405,4,0,3,0,8,9,3,1,2,1,2,3,7,7,0,0
5,1405,4,0,3,0,8,9,3,1,2,1,2,3,7,7,0,0
5,1405,4,0,3,0,8,9,3,1,2,1,3,3,10,7,0,0
5,1405,4,0,3,0,8,7,3,1,2,0,3,3,10,5,0,0
5,1405,4,0,3,0,8,7,3,1,2,0,3,3,10,5,0,0
5,1405,4,0,3,0,8,7,3,1,2,0,3,3,10,5,0,0
5,1405,4,0,3,0,8,7,3,1,2,0,3,3,10,5,0,0
5,1405,4,0,3,0,8,7,3,1,2,0,3,3,10,5,0,0
5,1405,4,0,3,0,8,7,3,1,2,0,3,3,10,5,0,0
5,1405,4,0,3,0,8,7,3,1,2,0,3,3,10,5,0,0
5,1405,4,0,3,0,8,7,3,1,2,0,3,3,10,5,0,0
5,1405,4,0,3,0,8,7,3,1,2,0,2,3,8,5,0,0
5,1405,4,0,3,0,8,7,3,1,2,0,2,3,8,5,0,0
5,1405,4,0,3,0,8,6,3,1,2,0,2,3,8,5,0,0
5,1405,4,0,3,0,8,6,3,1,2,0,2,3,8,5,0,0
5,1405,4,0,3,0,8,6,3,1,2,0,2,2,8,5,0,0
5,1405,4,0,3,0,8,6,3,1,2,0,2,2,8,5,0,0
5,1405,4,0,3,0,8,6,3,1,2,0,2,2,8,5,0,0
5,1405,4,0,3,0,8,6,3,1,2,0,2,2,8,5,0,0
5,1405,4,0,3,0,8,6,3,1,2,0,2,2,7,5,0,0
6,1406,4,0,3,0,8,6,3,1,2,0,2,2,4,5,0,0
6,1406,4,0,3,0,8,6,3,1,2,0,2,2,4,5,0,0
6,1406,4,0,3,0,8,6,3,1,2,0,2,2,4,5,0,0
6,1406,4,0,3,0,8,6,3,1,2,0,2,2,4,5,0,0
6,1406,4,0,3,0,8,6,3,1,2,0,2,2,4,5,0,0
6,1406,4,0,3,0,8,6,3,1,2,0,2,2,4,5,0,0
6,1406,4,0,3,0,8,6,3,1,2,0,3,2,4,5,0,0
6,1406,4,0,3,0,8,5,3,1,2,0,3,2,5,4,0,0
6,1406,4,0,3,0,8,5,3,1,2,0,3,2,5,4,0,0
6,1406,4,0,3,0,8,4,3,1,2,0,3,2,5,3,0,0
6,1406,4,0,3,0,8,4,3,1,2,0,3,2,5,3,0,0
6,1406,4,0,3,0,8,4,3,1,2,0,3,2,5,3,0,0
6,1406,4,0,3,0,8,4,3,1,2,0,3,2,5,3,0,0
6,1406,4,0,3,0,8,4,3,1,2,0,3,2,5,3,0,0
6,1406,4,0,3,0,8,4,3,1,2,0,3,2,5,3,0,0
6,1406,4,0,3,0,8,4,3,1,2,0,2,2,4,3,0,0
6,1406,4,0,3,0,8,4,3,1,2,0,2,2,4,3,0,0
6,1406,4,0,3,0,8,4,3,1,2,0,2,2,4,3,0,0
6,1406,4,0,3,0,8,4,3,1,2,0,2,2,4,3,0,0
6,1406,4,0,3,0,8,4,3,1,2,0,2,2,4,3,0,0
6,1406,4,0,3,0,8,4,3,1,2,0,2,2,4,3,0,0
6,1406,4,0,3,0,8,4,3,1,2,0,2,2,4,3,0,0
6,1406,4,0,3,0,8,4,3,1,2,0,2,2,4,3,0,0
6,1406,4,0,3,0,8,4,3,1,2,0,2,2,4,3,0,0
7,1407,4,0,4,0,9,4,4,1,3,0,3,2,7,3,0,0
7,1407,4,0,4,0,9,4,4,1,3,0,3,2,7,3,0,0
7,1407,4,0,4,0,9,4,4,1,3,0,3,2,7,3,0,0
7,1407,4,0,4,0,9,4,4,1,3,0,3,2,7,3,0,0
7,1407,4,0,4,0,9,4,4,1,3,0,3,2,7,3,0,0
7,1407,4,0,4,0,9,4,4,1,3,0,3,2,7,3,0,0
7,1407,4,0,4,0,9,4,4,1,3,0,3,2,8,3,8,0
7,1407,4,0,4,0,10,7,4,3,3,1,4,3,8,4,8,1
7,1407,4,0,4,0,10,7,4,3,3,2,4,3,8,5,8,1
7,1407,4,0,4,0,10,7,4,4,3,3,4,3,8,6,9,1
7,1407,4,0,4,0,10,8,4,3,3,3,4,3,8,6,9,1
7,1407,4,0,4,0,10,8,4,4,3,3,4,3,8,7,9,1
7,1407,4,0,4,0,10,8,4,4,3,3,4,3,8,7,9,1
7,1407,4,0,4,0,10,7,4,3,3,3,4,3,8,6,5,1
7,1407,4,0,4,0,10,7,4,3,3,2,4,3,8,5,5,1
7,1407,4,0,4,0,10,7,4,3,3,2,4,3,8,5,5,1
7,1407,4,0,4,0,9,7,4,3,3,2,3,3,8,5,5,1
7,1407,4,0,4,0,9,7,4,3,3,2,3,3,8,5,0,1
7,1407,4,0,4,0,9,7,4,3,3,2,3,3,8,5,0,1
7,1407,4,0,4,0,9,7,4,3,3,2,3,3,8,5,0,0
7,1407,4,0,4,0,9,7,4,3,3,2,3,3,8,5,0,0
7,1407,4,0,4,0,9,7,4,3,3,2,3,3,8,5,0,0
7,1407,4,0,4,0,9,7,4,3,3,2,3,3,8,5,0,0
7,1407,4,0,4,0,9,7,4,3,3,2,3,3,7,5,0,0
8,1408,4,0,4,0,9,7,4,3,3,2,3,3,4,5,0,0
8,1408,4,0,4,0,9,7,4,3,3,2,3,3,4,5,0,0
8,1408,4,0,4,0,9,7,4,3,3,2,3,3,4,5,0,0
8,1408,4,0,4,0,9,7,4,3,3,2,3,3,4,5,0,0
8,1408,4,0,4,0,9,7,4,3,3,2,3,3,4,5,0,0
8,1408,4,0,4,0,9,7,4,3,3,2,3,3,4,5,0,0
8,1408,4,0,4,0,9,7,4,3,3,2,3,3,4,5,8,0
8,1408,4,0,4,0,10,9,4,3,3,3,4,4,5,5,8,2
8,1408,4,0,4,0,10,9,4,4,3,3,4,4,5,5,8,3
8,1408,4,0,4,0,10,10,4,4,3,3,4,4,5,4,9,3
8,1408,4,0,4,0,10,10,4,3,3,3,4,4,5,5,9,3
8,1408,4,0,4,0,10,10,4,4,3,2,4,4,5,5,9,3
8,1408,4,0,4,0,10,10,4,4,3,3,4,4,5,4,9,3
8,1408,4,0,4,0,10,10,4,4,3,3,4,4,5,4,5,3
8,1408,4,0,4,0,10,10,4,4,3,3,4,4,5,5,5,3
8,1408,4,0,4,0,10,10,4,3,3,2,4,3,4,5,5,0
8,1408,4,0,4,0,9,10,4,2,3,2,3,2,4,5,5,0
8,1408,4,0,4,0,9,10,4,2,3,2,3,2,4,5,0,0
8,1408,4,0,4,0,9,10,4,2,3,2,3,2,4,5,0,0
8,1408,4,0,4,0,9,10,4,2,3,2,3,2,4,5,0,0
8,1408,4,0,4,0,9,10,4,2,3,2,3,2,4,5,0,0
8,1408,4,0,4,0,9,10,4,2,3,2,3,2,4,5,0,0
8,1408,4,0,4,0,9,10,4,2,3,2,3,2,4,4,0,0
8,1408,4,0,4,0,9,10,4,2,3,2,3,2,4,4,0,0
9,1409,4,0,4,0,9,10,4,2,3,2,3,2,7,4,0,0
9,1409,4,0,4,0,9,10,4,2,3,2,3,2,7,4,0,0
9,1409,4,0,4,0,9,10,4,2,3,2,3,2,7,4,0,0
9,1409,4,0,4,0,9,10,4,2,3,2,3,2,7,4,0,0
9,1409,4,0,4,0,9,10,4,2,3,2,3,2,7,4,0,0
9,1409,4,0,4,0,9,10,4,2,3,2,3,2,7,4,0,0
9,1409,4,0,4,0,9,10,4,2,3,2,3,2,10,4,8,0
9,1409,4,0,4,0,10,9,4,3,3,2,4,3,10,8,8,1
9,1409,4,0,4,0,10,10,4,3,3,2,4,3,10,9,8,2
9,1409,4,0,4,0,10,10,4,4,3,2,4,3,10,11,9,2
9,1409,4,0,4,0,10,10,4,4,3,3,4,2,10,11,9,3
9,1409,4,0,4,0,10,10,4,3,3,3,4,2,10,11,9,3
9,1409,4,0,4,0,10,10,4,2,3,3,4,2,10,11,9,3
9,1409,4,0,4,0,10,10,4,2,3,3,4,2,10,11,5,3
9,1409,4,0,4,0,10,10,4,2,3,3,4,2,10,11,5,2
9,1409,4,0,4,0,10,10,4,2,3,3,4,2,8,11,5,2
9,1409,4,0,4,0,9,10,4,2,3,3,3,2,8,11,5,2
9,1409,4,0,4,0,9,10,4,2,3,3,3,2,8,10,0,1
9,1409,4,0,4,0,9,10,4,2,3,3,3,2,8,10,0,1
9,1409,4,0,4,0,9,9,4,2,3,3,3,2,8,9,0,1
9,1409,4,0,4,0,9,9,4,2,3,2,3,2,8,9,0,1
9,1409,4,0,4,0,9,9,4,2,3,2,3,2,8,8,0,1
9,1409,4,0,4,0,9,9,4,2,3,2,3,2,8,8,0,1
9,1409,4,0,4,0,9,9,4,2,3,2,3,2,7,8,0,1
10,1410,4,0,4,0,9,9,4,2,3,2,3,2,7,8,0,1
10,1410,4,0,4,0,9,9,4,2,3,2,3,2,7,8,0,1
10,1410,4,0,4,0,9,9,4,2,3,2,3,2,7,8,0,1
10,1410,4,0,4,0,9,9,4,2,3,2,3,2,7,8,0,1
10,1410,4,0,4,0,9,9,4,2,3,2,3,2,7,8,0,1
10,1410,4,0,4,0,9,9,4,2,3,2,3,2,7,8,0,1
10,1410,4,0,4,0,9,9,4,2,3,2,3,2,8,8,8,1
10,1410,4,0,4,0,10,7,4,3,3,2,4,3,8,8,8,1
10,1410,4,0,4,0,10,10,4,3,3,1,4,3,8,8,8,0
10,1410,4,0,4,0,10,10,4,3,3,1,4,3,8,8,9,0
10,1410,4,0,4,0,10,10,4,3,3,1,4,3,8,8,9,0
10,1410,4,0,4,0,10,10,4,3,3,1,4,3,8,8,9,0
10,1410,4,0,4,0,10,10,4,3,3,1,4,3,8,7,9,0
10,1410,4,0,4,0,10,10,4,3,3,1,4,3,8,7,5,0
10,1410,4,0,4,0,10,10,4,3,3,1,4,3,8,7,5,0
10,1410,4,0,4,0,10,9,4,3,3,1,4,3,8,7,5,0
10,1410,4,0,4,0,9,9,4,3,3,1,3,3,8,7,5,0
10,1410,4,0,4,0,9,9,4,3,3,1,3,3,8,7,0,0
10,1410,4,0,4,0,9,9,4,3,3,1,3,3,8,7,0,0
10,1410,4,0,4,0,9,9,4,3,3,1,3,3,8,7,0,0
10,1410,4,0,4,0,9,9,4,3,3,1,3,3,8,7,0,0
10,1410,4,0,4,0,9,9,4,3,3,1,3,3,8,7,0,0
10,1410,4,0,4,0,9,9,4,3,3,1,3,2,8,7,0,0
10,1410,4,0,4,0,9,9,4,3,3,1,3,2,7,7,0,0
11,1411,4,0,4,0,9,9,4,3,3,1,3,2,7,7,0,0
11,1411,4,0,4,0,9,9,4,3,3,1,3,2,7,7,0,0
11,1411,4,0,4,0,9,9,4,3,3,1,3,2,7,7,0,0
11,1411,4,0,4,0,9,9,4,3,3,1,3,2,7,7,0,0
11,1411,4,0,4,0,9,9,4,3,3,1,3,2,7,7,0,0
11,1411,4,0,4,0,9,9,4,3,3,1,3,2,7,7,0,0
11,1411,4,0,4,0,9,9,4,3,3,1,3,2,8,7,8,0
11,1411,4,0,4,0,10,10,4,3,3,3,4,3,8,7,8,0
11,1411,4,0,4,0,10,10,4,4,3,3,4,3,8,8,8,1
11,1411,4,0,4,0,10,10,4,4,3,3,4,3,8,8,9,1
11,1411,4,0,4,0,10,10,4,4,3,3,4,3,8,8,9,1
11,1411,4,0,4,0,10,10,4,4,3,3,4,3,8,9,9,1
11,1411,4,0,4,0,10,10,4,4,3,2,4,3,8,9,9,1
11,1411,4,0,4,0,10,10,4,4,3,2,4,3,8,9,5,1
11,1411,4,0,4,0,10,10,4,4,3,3,4,3,8,9,5,1
11,1411,4,0,4,0,10,10,4,4,3,3,4,3,8,7,5,1
11,1411,4,0,4,0,9,10,4,4,3,3,3,3,8,7,5,1
11,1411,4,0,4,0,9,10,4,4,3,3,3,3,8,7,0,1
11,1411,4,0,4,0,9,10,4,4,3,3,3,3,8,6,0,0
11,1411,4,0,4,0,9,9,4,4,3,3,3,3,8,5,0,0
11,1411,4,0,4,0,9,9,4,4,3,3,3,3,8,5,0,0
11,1411,4,0,4,0,9,9,4,4,3,3,3,3,8,5,0,0
11,1411,4,0,4,0,9,9,4,4,3,3,3,3,8,5,0,0
11,1411,4,0,4,0,9,9,4,4,3,3,3,3,7,5,0,0
12,1412,4,0,3,0,8,9,3,4,2,3,2,3,7,5,0,0
12,1412,4,0,3,0,8,9,3,4,2,3,2,3,7,5,0,0
12,1412,4,0,3,0,8,9,3,4,2,3,2,3,7,5,0,0
12,1412,4,0,3,0,8,9,3,4,2,3,2,3,7,5,0,0
12,1412,4,0,3,0,8,9,3,4,2,3,2,3,7,5,0,0
12,1412,4,0,3,0,8,9,3,4,2,3,2,3,7,5,0,0
12,1412,4,0,3,0,8,9,3,4,2,3,3,3,10,5,0,0
12,1412,4,0,3,0,8,9,3,2,2,1,3,2,10,5,0,0
12,1412,4,0,3,0,8,9,3,2,2,1,3,2,10,5,0,0
12,1412,4,0,3,0,8,9,3,2,2,1,3,2,10,5,0,0
12,1412,4,0,3,0,8,8,3,2,2,1,3,2,10,5,0,0
12,1412,4,0,3,0,8,8,3,2,2,1,3,2,10,5,0,0
12,1412,4,0,3,0,8,8,3,2,2,1,3,2,10,5,0,0
12,1412,4,0,3,0,8,8,3,2,2,1,3,2,10,5,0,0
12,1412,4,0,3,0,8,8,3,2,2,1,3,2,10,5,0,0
12,1412,4,0,3,0,8,8,3,2,2,1,2,2,8,5,0,0
12,1412,4,0,3,0,8,6,3,2,2,1,2,2,8,4,0,0
12,1412,4,0,3,0,8,6,3,2,2,1,2,2,8,4,0,0
12,1412,4,0,3,0,8,6,3,2,2,1,2,2,8,4,0,0
12,1412,4,0,3,0,8,6,3,2,2,1,2,2,8,4,0,0
12,1412,4,0,3,0,8,6,3,2,2,1,2,2,8,4,0,0
12,1412,4,0,3,0,8,6,3,2,2,1,2,2,8,4,0,0
12,1412,4,0,3,0,8,6,3,2,2,1,2,2,8,4,0,0
12,1412,4,0,3,0,8,6,3,2,2,1,2,2,7,4,0,0
13,1413,4,0,3,0,8,6,3,2,2,1,2,2,4,4,0,0
13,1413,4,0,3,0,8,6,3,2,2,1,2,2,4,4,0,0
13,1413,4,0,3,0,8,6,3,2,2,1,2,2,4,4,0,0
13,1413,4,0,3,0,8,6,3,2,2,1,2,2,4,4,0,0
13,1413,4,0,3,0,8,6,3,2,2,1,2,2,4,4,0,0
13,1413,4,0,3,0,8,6,3,2,2,1,2,2,4,4,0,0
13,1413,4,0,3,0,8,6,3,2,2,1,3,2,4,4,0,0
13,1413,4,0,3,0,8,6,3,2,2,1,3,1,5,4,0,0
13,1413,4,0,3,0,8,6,3,2,2,1,3,1,5,4,0,0
13,1413,4,0,3,0,8,6,3,2,2,1,3,1,5,4,0,0
13,1413,4,0,3,0,8,6,3,2,2,1,3,1,5,4,0,0
13,1413,4,0,3,0,8,6,3,2,2,1,3,1,5,4,0,0
13,1413,4,0,3,0,8,6,3,2,2,1,3,1,5,4,0,0
13,1413,4,0,3,0,8,6,3,2,2,1,3,1,5,4,0,0
13,1413,4,0,3,0,8,6,3,2,2,1,3,1,5,4,0,0
13,1413,4,0,3,0,8,6,3,2,2,1,2,1,4,4,0,0
13,1413,4,0,3,0,8,6,3,2,2,1,2,1,4,4,0,0
13,1413,4,0,3,0,8,6,3,2,2,1,2,0,4,4,0,0
13,1413,4,0,3,0,8,6,3,2,2,1,2,0,4,4,0,0
13,1413,4,0,3,0,8,6,3,2,2,1,2,0,4,4,0,0
13,1413,4,0,3,0,8,6,3,2,2,1,2,0,4,4,0,0
13,1413,4,0,3,0,8,6,3,2,2,1,2,0,4,4,0,0
13,1413,4,0,3,0,8,6,3,2,2,1,2,0,4,4,0,0
13,1413,4,0,3,0,8,6,3,2,2,1,2,0,4,4,0,0
14,1414,4,0,4,0,9,6,4,2,3,1,3,0,7,4,0,0
14,1414,4,0,4,0,9,6,4,2,3,1,3,0,7,4,0,0
14,1414,4,0,4,0,9,6,4,2,3,1,3,0,7,4,0,0
14,1414,4,0,4,0,9,6,4,2,3,1,3,0,7,4,0,0
14,1414,4,0,4,0,9,6,4,2,3,1,3,0,7,4,0,0
14,1414,4,0,4,0,9,6,4,2,3,1,3,0,7,4,0,0
14,1414,4,0,4,0,9,6,4,2,3,1,3,0,8,4,8,0
14,1414,4,0,4,0,10,8,4,4,3,1,4,1,8,4,8,2
14,1414,4,0,4,0,10,9,4,4,3,1,4,1,8,4,8,2
14,1414,4,0,4,0,10,10,4,4,3,2,4,1,8,7,9,2
14,1414,4,0,4,0,10,10,4,4,3,2,4,1,8,7,9,2
14,1414,4,0,4,0,10,10,4,4,3,2,4,1,8,8,9,2
14,1414,4,0,4,0,10,10,4,4,3,2,4,1,8,9,9,2
14,1414,4,0,4,0,10,8,4,4,3,1,4,1,8,8,5,2
14,1414,4,0,4,0,10,8,4,4,3,1,4,1,8,8,5,2
14,1414,4,0,4,0,10,8,4,4,3,1,4,1,8,7,5,1
14,1414,4,0,4,0,9,8,4,4,3,1,3,1,8,7,5,1
14,1414,4,0,4,0,9,8,4,4,3,1,3,1,8,7,0,1
14,1414,4,0,4,0,9,8,4,4,3,1,3,1,8,6,0,0
14,1414,4,0,4,0,9,8,4,4,3,1,3,1,8,6,0,0
14,1414,4,0,4,0,9,8,4,4,3,1,3,1,8,6,0,0
14,1414,4,0,4,0,9,8,4,4,3,1,3,1,8,6,0,0
14,1414,4,0,4,0,9,8,4,4,3,1,3,1,8,6,0,0
14,1414,4,0,4,0,9,8,4,4,3,1,3,1,7,6,0,0
15,1415,4,0,4,0,9,8,4,4,3,1,3,1,4,6,0,0
15,1415,4,0,4,0,9,8,4,4,3,1,3,1,4,6,0,0
15,1415,4,0,4,0,9,8,4,4,3,1,3,1,4,6,0,0
15,1415,4,0,4,0,9,8,4,4,3,1,3,1,4,6,0,0
15,1415,4,0,4,0,9,8,4,4,3,1,3,1,4,6,0,0
15,1415,4,0,4,0,9,8,4,4,3,1,3,1,4,6,0,0
15,1415,4,0,4,0,9,8,4,4,3,1,3,1,4,6,8,0
15,1415,4,0,4,0,10,9,4,4,3,3,4,2,5,5,8,2
15,1415,4,0,4,0,10,10,4,4,3,3,4,2,5,5,8,3
15,1415,4,0,4,0,10,10,4,4,3,3,4,2,5,5,9,4
15,1415,4,0,4,0,10,10,4,4,3,3,4,2,5,5,9,4
15,1415,4,0,4,0,10,10,4,4,3,3,4,2,5,5,9,4
15,1415,4,0,4,0,10,10,4,4,3,3,4,2,5,6,9,4
15,1415,4,0,4,0,10,10,4,4,3,3,4,2,5,6,5,4
15,1415,4,0,4,0,10,10,4,4,3,3,4,2,5,5,5,3
15,1415,4,0,4,0,10,10,4,4,3,3,4,2,4,5,5,2
15,1415,4,0,4,0,9,10,4,4,3,2,3,2,4,5,5,2
15,1415,4,0,4,0,9,10,4,4,3,2,3,2,4,5,0,2
15,1415,4,0,4,0,9,9,4,4,3,2,3,2,4,4,0,2
15,1415,4,0,4,0,9,9,4,4,3,2,3,2,4,4,0,1
15,1415,4,0,4,0,9,7,4,4,3,2,3,2,4,3,0,1
15,1415,4,0,4,0,9,7,4,4,3,2,3,2,4,3,0,1
15,1415,4,0,4,0,9,7,4,4,3,2,3,2,4,2,0,1
15,1415,4,0,4,0,9,7,4,4,3,2,3,2,4,2,0,1
16,1416,4,0,4,0,9,7,4,4,3,2,3,2,7,2,0,1
16,1416,4,0,4,0,9,7,4,4,3,2,3,2,7,2,0,1
16,1416,4,0,4,0,9,7,4,4,3,2,3,2,7,2,0,1
16,1416,4,0,4,0,9,7,4,4,3,2,3,2,7,2,0,1
16,1416,4,0,4,0,9,7,4,4,3,2,3,2,7,2,0,1
16,1416,4,0,4,0,9,7,4,4,3,2,3,2,7,2,0,1
16,1416,4,0,4,0,9,7,4,4,3,2,3,2,10,2,8,1
16,1416,4,0,4,0,10,8,4,3,3,2,4,3,10,5,8,1
16,1416,4,0,4,0,10,9,4,3,3,2,4,2,10,7,8,1
16,1416,4,0,4,0,10,9,4,4,3,2,4,2,10,9,9,2
16,1416,4,0,4,0,10,10,4,3,3,2,4,2,10,10,9,2
16,1416,4,0,4,0,10,10,4,4,3,2,4,2,10,10,9,2
16,1416,4,0,4,0,10,10,4,4,3,2,4,2,10,11,9,2
16,1416,4,0,4,0,10,9,4,4,3,2,4,2,10,11,5,2
16,1416,4,0,4,0,10,9,4,2,3,2,4,2,10,10,5,2
16,1416,4,0,4,0,10,8,4,2,3,2,4,2,8,9,5,1
16,1416,4,0,4,0,9,8,4,2,3,2,3,2,8,8,5,0
16,1416,4,0,4,0,9,8,4,2,3,2,3,2,8,8,0,0
16,1416,4,0,4,0,9,8,4,2,3,2,3,2,8,7,0,0
16,1416,4,0,4,0,9,8,4,2,3,2,3,2,8,5,0,0
16,1416,4,0,4,0,9,8,4,2,3,2,3,2,8,5,0,0
16,1416,4,0,4,0,9,8,4,2,3,2,3,2,8,4,0,0
16,1416,4,0,4,0,9,8,4,2,3,2,3,2,8,4,0,0
16,1416,4,0,4,0,9,8,4,2,3,2,3,2,7,4,0,0
17,1417,4,0,4,0,9,8,4,2,3,2,3,2,7,4,0,0
17,1417,4,0,4,0,9,8,4,2,3,2,3,2,7,4,0,0
17,1417,4,0,4,0,9,8,4,2,3,2,3,2,7,4,0,0
17,1417,4,0,4,0,9,8,4,2,3,2,3,2,7,4,0,0
17,1417,4,0,4,0,9,8,4,2,3,2,3,2,7,4,0,0
17,1417,4,0,4,0,9,8,4,2,3,2,3,2,7,4,0,0
17,1417,4,0,4,0,9,8,4,2,3,2,3,2,8,4,8,0
17,1417,4,0,4,0,10,9,4,3,3,2,4,2,8,8,8,0
17,1417,4,0,4,0,10,10,4,3,3,2,4,2,8,8,8,0
17,1417,4,0,4,0,10,10,4,3,3,2,4,2,8,8,9,0
17,1417,4,0,4,0,10,10,4,3,3,2,4,2,8,8,9,0
17,1417,4,0,4,0,10,10,4,3,3,1,4,2,8,8,9,0
17,1417,4,0,4,0,10,10,4,3,3,1,4,2,8,7,9,0
17,1417,4,0,4,0,10,10,4,3,3,1,4,2,8,7,5,0
17,1417,4,0,4,0,10,10,4,3,3,1,4,2,8,6,5,0
17,1417,4,0,4,0,10,10,4,3,3,1,4,2,8,6,5,0
17,1417,4,0,4,0,9,10,4,3,3,1,3,2,8,6,5,0
17,1417,4,0,4,0,9,10,4,3,3,1,3,2,8,6,0,0
17,1417,4,0,4,0,9,10,4,3,3,1,3,2,8,6,0,0
17,1417,4,0,4,0,9,10,4,3,3,1,3,2,8,6,0,0
17,1417,4,0,4,0,9,10,4,3,3,1,3,2,8,6,0,0
17,1417,4,0,4,0,9,10,4,3,3,1,3,2,8,5,0,0
17,1417,4,0,4,0,9,10,4,3,3,1,3,2,8,4,0,0
17,1417,4,0,4,0,9,10,4,3,3,1,3,2,7,4,0,0
18,1418,4,0,4,0,9,10,4,3,3,1,3,2,7,4,0,0
18,1418,4,0,4,0,9,10,4,3,3,1,3,2,7,4,0,0
18,1418,4,0,4,0,9,10,4,3,3,1,3,2,7,4,0,0
18,1418,4,0,4,0,9,10,4,3,3,1,3,2,7,4,0,0
18,1418,4,0,4,0,9,10,4,3,3,1,3,2,7,4,0,0
18,1418,4,0,4,0,9,10,4,3,3,1,3,2,7,4,0,0
18,1418,4,0,4,0,9,10,4,3,3,1,3,2,8,4,8,0
18,1418,4,0,4,0,10,9,4,2,3,2,4,3,8,8,8,1
18,1418,4,0,4,0,10,10,4,3,3,3,4,3,8,8,8,1
18,1418,4,0,4,0,10,10,4,4,3,3,4,3,8,8,9,2
18,1418,4,0,4,0,10,10,4,4,3,3,4,3,8,7,9,2
18,1418,4,0,4,0,10,10,4,4,3,3,4,3,8,7,9,2
18,1418,4,0,4,0,10,10,4,4,3,3,4,3,8,8,9,2
18,1418,4,0,4,0,10,10,4,4,3,3,4,3,8,8,5,2
18,1418,4,0,4,0,10,10,4,3,3,3,4,3,8,6,5,2
18,1418,4,0,4,0,10,10,4,3,3,3,4,3,8,6,5,2
18,1418,4,0,4,0,9,10,4,3,3,2,3,3,8,6,5,2
18,1418,4,0,4,0,9,10,4,3,3,2,3,3,8,5,0,2
18,1418,4,0,4,0,9,9,4,3,3,2,3,3,8,4,0,1
18,1418,4,0,4,0,9,9,4,3,3,2,3,3,8,4,0,1
18,1418,4,0,4,0,9,9,4,3,3,1,3,3,8,3,0,1
18,1418,4,0,4,0,9,9,4,3,3,1,3,3,8,3,0,1
18,1418,4,0,4,0,9,9,4,3,3,1,3,3,8,3,0,0
18,1418,4,0,4,0,9,9,4,3,3,1,3,3,7,3,0,0
19,1419,4,0,3,0,8,9,3,3,2,1,2,3,7,3,0,0
19,1419,4,0,3,0,8,9,3,3,2,1,2,3,7,3,0,0
19,1419,4,0,3,0,8,9,3,3,2,1,2,3,7,3,0,0
19,1419,4,0,3,0,8,9,3,3,2,1,2,3,7,3,0,0
19,1419,4,0,3,0,8,9,3,3,2,1,2,3,7,3,0,0
19,1419,4,0,3,0,8,9,3,3,2,1,2,3,7,3,0,0
19,1419,4,0,3,0,8,9,3,3,2,1,3,3,10,3,0,0
19,1419,4,0,3,0,8,6,3,3,2,1,3,3,10,3,0,0
19,1419,4,0,3,0,8,6,3,3,2,1,3,3,10,3,0,0
19,1419,4,0,3,0,8,5,3,3,2,1,3,3,10,3,0,0
19,1419,4,0,3,0,8,5,3,2,2,1,3,3,10,3,0,0
19,1419,4,0,3,0,8,5,3,2,2,1,3,3,10,3,0,0
19,1419,4,0,3,0,8,5,3,2,2,1,3,3,10,3,0,0
19,1419,4,0,3,0,8,5,3,2,2,1,3,3,10,3,0,0
19,1419,4,0,3,0,8,5,3,2,2,1,3,3,10,3,0,0
19,1419,4,0,3,0,8,5,3,2,2,1,2,3,8,3,0,0
19,1419,4,0,3,0,8,5,3,2,2,1,2,3,8,3,0,0
19,1419,4,0,3,0,8,5,3,2,2,1,2,3,8,3,0,0
19,1419,4,0,3,0,8,5,3,2,2,1,2,3,8,3,0,0
19,1419,4,0,3,0,8,5,3,2,2,1,2,3,8,3,0,0
19,1419,4,0,3,0,8,5,3,2,2,1,2,3,8,3,0,0
19,1419,4,0,3,0,8,5,3,2,2,1,2,3,8,3,0,0
19,1419,4,0,3,0,8,5,3,2,2,1,2,3,8,3,0,0
19,1419,4,0,3,0,8,5,3,2,2,1,2,3,7,3,0,0
20,1420,4,0,3,0,8,5,3,2,2,1,2,3,4,3,0,0
20,1420,4,0,3,0,8,5,3,2,2,1,2,3,4,3,0,0
20,1420,4,0,3,0,8,5,3,2,2,1,2,3,4,3,0,0
20,1420,4,0,3,0,8,5,3,2,2,1,2,3,4,3,0,0
20,1420,4,0,3,0,8,5,3,2,2,1,2,3,4,3,0,0
20,1420,4,0,3,0,8,5,3,2,2,1,2,3,4,3,0,0
20,1420,4,0,3,0,8,5,3,2,2,1,3,3,4,3,0,0
20,1420,4,0,3,0,8,5,3,2,2,1,3,2,5,3,0,0
20,1420,4,0,3,0,8,5,3,2,2,1,3,2,5,3,0,0
20,1420,4,0,3,0,8,5,3,2,2,1,3,2,5,3,0,0
20,1420,4,0,3,0,8,5,3,2,2,1,3,2,5,3,0,0
20,1420,4,0,3,0,8,5,3,2,2,1,3,2,5,3,0,0
20,1420,4,0,3,0,8,5,3,1,2,1,3,2,5,3,0,0
20,1420,4,0,3,0,8,5,3,1,2,1,3,2,5,3,0,0
20,1420,4,0,3,0,8,5,3,1,2,1,3,2,5,3,0,0
20,1420,4,0,3,0,8,5,3,1,2,1,2,2,4,3,0,0
20,1420,4,0,3,0,8,5,3,1,2,1,2,2,4,3,0,0
20,1420,4,0,3,0,8,5,3,1,2,1,2,2,4,3,0,0
20,1420,4,0,3,0,8,5,3,1,2,1,2,2,4,3,0,0
20,1420,4,0,3,0,8,5,3,1,2,1,2,2,4,3,0,0
20,1420,4,0,3,0,8,5,3,1,2,1,2,2,4,3,0,0
20,1420,4,0,3,0,8,5,3,1,2,1,2,1,4,3,0,0
20,1420,4,0,3,0,8,5,3,1,2,1,2,1,4,3,0,0
20,1420,4,0,3,0,8,5,3,1,2,1,2,1,4,3,0,0
21,1421,4,0,4,0,9,5,4,1,3,1,3,1,7,3,0,0
21,1421,4,0,4,0,9,5,4,1,3,1,3,1,7,3,0,0
21,1421,4,0,4,0,9,5,4,1,3,1,3,1,7,3,0,0
21,1421,4,0,4,0,9,5,4,1,3,1,3,1,7,3,0,0
21,1421,4,0,4,0,9,5,4,1,3,1,3,1,7,3,0,0
21,1421,4,0,4,0,9,5,4,1,3,1,3,1,7,3,0,0
21,1421,4,0,4,0,9,5,4,1,3,1,3,1,8,3,8,0
21,1421,4,0,4,0,10,7,4,3,3,2,4,2,8,4,8,1
21,1421,4,0,4,0,10,8,4,4,3,3,4,2,8,4,8,1
21,1421,4,0,4,0,10,9,4,4,3,3,4,2,8,5,9,1
21,1421,4,0,4,0,10,9,4,4,3,3,4,2,8,5,9,1
21,1421,4,0,4,0,10,9,4,4,3,3,4,2,8,5,9,1
21,1421,4,0,4,0,10,9,4,4,3,3,4,2,8,5,9,1
21,1421,4,0,4,0,10,8,4,4,3,3,4,2,8,4,5,1
21,1421,4,0,4,0,10,8,4,4,3,3,4,2,8,4,5,1
21,1421,4,0,4,0,10,8,4,4,3,3,4,2,8,4,5,1
21,1421,4,0,4,0,9,8,4,4,3,3,3,2,8,4,5,1
21,1421,4,0,4,0,9,8,4,4,3,3,3,2,8,4,0,1
21,1421,4,0,4,0,9,8,4,4,3,3,3,2,8,4,0,0
21,1421,4,0,4,0,9,8,4,4,3,3,3,1,8,4,0,0
21,1421,4,0,4,0,9,8,4,4,3,3,3,1,8,4,0,0
21,1421,4,0,4,0,9,8,4,4,3,3,3,1,8,4,0,0
21,1421,4,0,4,0,9,8,4,4,3,3,3,1,8,4,0,0
21,1421,4,0,4,0,9,8,4,4,3,3,3,1,7,4,0,0
22,1422,4,0,4,0,9,8,4,4,3,3,3,1,4,4,0,0
22,1422,4,0,4,0,9,8,4,4,3,3,3,1,4,4,0,0
22,1422,4,0,4,0,9,8,4,4,3,3,3,1,4,4,0,0
22,1422,4,0,4,0,9,8,4,4,3,3,3,1,4,4,0,0
22,1422,4,0,4,0,9,8,4,4,3,3,3,1,4,4,0,0
22,1422,4,0,4,0,9,8,4,4,3,3,3,1,4,4,0,0
22,1422,4,0,4,0,9,8,4,4,3,3,3,1,4,4,8,0
22,1422,4,0,4,0,10,9,4,4,3,3,4,2,5,5,8,5
22,1422,4,0,4,0,10,10,4,4,3,3,4,2,5,6,8,6
22,1422,4,0,4,0,10,10,4,4,3,3,4,2,5,6,9,7
22,1422,4,0,4,0,10,10,4,4,3,3,4,2,5,6,9,8
22,1422,4,0,4,0,10,10,4,4,3,3,4,2,5,6,9,7
22,1422,4,0,4,0,10,9,4,4,3,2,4,2,5,5,9,7
22,1422,4,0,4,0,10,10,4,4,3,2,4,2,5,5,5,7
22,1422,4,0,4,0,10,10,4,4,3,2,4,2,5,5,5,5
22,1422,4,0,4,0,10,8,4,4,3,2,4,2,4,5,5,3
22,1422,4,0,4,0,9,7,4,4,3,2,3,2,4,5,5,2
22,1422,4,0,4,0,9,7,4,4,3,2,3,2,4,5,0,2
22,1422,4,0,4,0,9,7,4,3,3,2,3,2,4,4,0,1
22,1422,4,0,4,0,9,7,4,3,3,2,3,2,4,4,0,1
22,1422,4,0,4,0,9,7,4,3,3,2,3,2,4,3,0,1
22,1422,4,0,4,0,9,7,4,3,3,2,3,2,4,3,0,1
22,1422,4,0,4,0,9,7,4,3,3,2,3,2,4,3,0,1
22,1422,4,0,4,0,9,7,4,3,3,2,3,2,4,3,0,1
23,1423,4,0,4,0,9,7,4,3,3,2,3,2,7,3,0,1
23,1423,4,0,4,0,9,7,4,3,3,2,3,2,7,3,0,1
23,1423,4,0,4,0,9,7,4,3,3,2,3,2,7,3,0,1
23,1423,4,0,4,0,9,7,4,3,3,2,3,2,7,3,0,1
23,1423,4,0,4,0,9,7,4,3,3,2,3,2,7,3,0,1
23,1423,4,0,4,0,9,7,4,3,3,2,3,2,7,3,0,1
23,1423,4,0,4,0,9,7,4,3,3,2,3,2,10,3,8,1
23,1423,4,0,4,0,10,9,4,4,3,2,4,3,10,8,8,0
23,1423,4,0,4,0,10,10,4,4,3,2,4,3,10,9,8,0
23,1423,4,0,4,0,10,10,4,4,3,3,4,3,10,10,9,0
23,1423,4,0,4,0,10,10,4,4,3,3,4,3,10,10,9,0
23,1423,4,0,4,0,10,10,4,4,3,3,4,3,10,10,9,0
23,1423,4,0,4,0,10,10,4,4,3,3,4,3,10,10,9,0
23,1423,4,0,4,0,10,10,4,4,3,3,4,3,10,10,5,0
23,1423,4,0,4,0,10,10,4,4,3,3,4,3,10,10,5,0
23,1423,4,0,4,0,10,10,4,4,3,3,4,3,8,10,5,0
23,1423,4,0,4,0,9,10,4,4,3,3,3,3,8,10,5,0
23,1423,4,0,4,0,9,10,4,4,3,3,3,3,8,10,0,0
23,1423,4,0,4,0,9,10,4,4,3,3,3,3,8,10,0,0
23,1423,4,0,4,0,9,10,4,4,3,3,3,3,8,10,0,0
23,1423,4,0,4,0,9,10,4,4,3,3,3,3,8,10,0,0
23,1423,4,0,4,0,9,10,4,4,3,3,3,3,8,10,0,0
23,1423,4,0,4,0,9,10,4,4,3,3,3,3,8,10,0,0
23,1423,4,0,4,0,9,10,4,4,3,3,3,3,7,10,0,0
24,1424,4,0,4,0,9,10,4,4,3,3,3,3,7,10,0,0
24,1424,4,0,4,0,9,10,4,4,3,3,3,3,7,10,0,0
24,1424,4,0,4,0,9,10,4,4,3,3,3,3,7,10,0,0
24,1424,4,0,4,0,9,10,4,4,3,3,3,3,7,10,0,0
24,1424,4,0,4,0,9,10,4,4,3,3,3,3,7,10,0,0
24,1424,4,0,4,0,9,10,4,4,3,3,3,3,7,10,0,0
24,1424,4,0,4,0,9,10,4,4,3,3,3,3,8,10,8,0
24,1424,4,0,4,0,10,9,4,4,3,3,4,4,8,8,8,0
24,1424,4,0,4,0,10,10,4,4,3,3,4,4,8,8,8,0
24,1424,4,0,4,0,10,10,4,4,3,3,4,4,8,8,9,0
24,1424,4,0,4,0,10,10,4,4,3,3,4,4,8,8,9,0
24,1424,4,0,4,0,10,10,4,4,3,3,4,4,8,8,9,0
24,1424,4,0,4,0,10,10,4,4,3,3,4,4,8,8,9,0
24,1424,4,0,4,0,10,10,4,4,3,3,4,4,8,7,5,0
24,1424,4,0,4,0,10,10,4,4,3,3,4,4,8,7,5,0
24,1424,4,0,4,0,10,10,4,3,3,3,4,4,8,7,5,0
24,1424,4,0,4,0,9,10,4,3,3,3,3,4,8,6,5,0
24,1424,4,0,4,0,9,10,4,3,3,3,3,4,8,6,0,0
24,1424,4,0,4,0,9,10,4,3,3,3,3,4,8,6,0,0
24,1424,4,0,4,0,9,10,4,3,3,3,3,4,8,6,0,0
24,1424,4,0,4,0,9,10,4,3,3,3,3,4,8,6,0,0
24,1424,4,0,4,0,9,10,4,3,3,3,3,4,8,6,0,0
24,1424,4,0,4,0,9,10,4,3,3,3,3,4,8,6,0,0
24,1424,4,0,4,0,9,10,4,3,3,3,3,4,7,6,0,0
25,1425,4,0,4,0,9,10,4,3,3,3,3,4,7,6,0,0
25,1425,4,0,4,0,9,10,4,3,3,3,3,4,7,6,0,0
25,1425,4,0,4,0,9,10,4,3,3,3,3,4,7,6,0,0
25,1425,4,0,4,0,9,10,4,3,3,3,3,4,7,6,0,0
25,1425,4,0,4,0,9,10,4,3,3,3,3,4,7,6,0,0
25,1425,4,0,4,0,9,10,4,3,3,3,3,4,7,6,0,0
25,1425,4,0,4,0,9,10,4,3,3,3,3,4,8,6,8,0
25,1425,4,0,4,0,10,10,4,4,3,3,4,3,8,7,8,1
25,1425,4,0,4,0,10,10,4,4,3,3,4,3,8,8,8,1
25,1425,4,0,4,0,10,10,4,4,3,3,4,3,8,8,9,2
25,1425,4,0,4,0,10,10,4,4,3,3,4,3,8,8,9,3
25,1425,4,0,4,0,10,10,4,3,3,3,4,3,8,8,9,4
25,1425,4,0,4,0,10,10,4,4,3,3,4,3,8,8,9,4
25,1425,4,0,4,0,10,10,4,4,3,3,4,3,8,8,5,4
25,1425,4,0,4,0,10,10,4,4,3,3,4,3,8,8,5,4
25,1425,4,0,4,0,10,10,4,4,3,3,4,3,8,8,5,2
25,1425,4,0,4,0,9,10,4,4,3,3,3,3,8,8,5,2
25,1425,4,0,4,0,9,10,4,4,3,3,3,3,8,7,0,1
25,1425,4,0,4,0,9,10,4,4,3,3,3,3,8,7,0,1
25,1425,4,0,4,0,9,10,4,4,3,3,3,3,8,6,0,1
25,1425,4,0,4,0,9,10,4,4,3,3,3,3,8,5,0,1
25,1425,4,0,4,0,9,10,4,4,3,3,3,3,8,5,0,1
25,1425,4,0,4,0,9,10,4,4,3,3,3,3,8,5,0,0
25,1425,4,0,4,0,9,10,4,4,3,3,3,3,7,5,0,0
26,1426,4,0,3,0,8,10,3,4,2,3,2,3,7,5,0,0
26,1426,4,0,3,0,8,10,3,4,2,3,2,3,7,5,0,0
26,1426,4,0,3,0,8,10,3,4,2,3,2,3,7,5,0,0
26,1426,4,0,3,0,8,10,3,4,2,3,2,3,7,5,0,0
26,1426,4,0,3,0,8,10,3,4,2,3,2,3,7,5,0,0
26,1426,4,0,3,0,8,10,3,4,2,3,2,3,7,5,0,0
26,1426,4,0,3,0,8,10,3,4,2,3,3,3,10,5,0,0
26,1426,4,0,3,0,8,9,3,3,2,2,3,3,10,5,0,0
26,1426,4,0,3,0,8,9,3,3,2,2,3,3,10,5,0,0
26,1426,4,0,3,0,8,9,3,3,2,2,3,3,10,5,0,0
26,1426,4,0,3,0,8,9,3,3,2,2,3,3,10,5,0,0
26,1426,4,0,3,0,8,9,3,3,2,2,3,3,10,4,0,0
26,1426,4,0,3,0,8,9,3,3,2,2,3,3,10,4,0,0
26,1426,4,0,3,0,8,9,3,3,2,2,3,3,10,4,0,0
26,1426,4,0,3,0,8,9,3,3,2,2,3,3,10,4,0,0
26,1426,4,0,3,0,8,9,3,3,2,2,2,3,8,4,0,0
26,1426,4,0,3,0,8,9,3,2,2,2,2,3,8,4,0,0
26,1426,4,0,3,0,8,9,3,2,2,2,2,2,8,4,0,0
26,1426,4,0,3,0,8,9,3,2,2,2,2,2,8,4,0,0
26,1426,4,0,3,0,8,9,3,2,2,2,2,2,8,4,0,0
26,1426,4,0,3,0,8,9,3,2,2,2,2,2,8,4,0,0
26,1426,4,0,3,0,8,9,3,2,2,2,2,2,8,4,0,0
26,1426,4,0,3,0,8,9,3,2,2,2,2,2,8,4,0,0
26,1426,4,0,3,0,8,9,3,2,2,2,2,2,7,4,0,0
27,1427,4,0,3,0,8,9,3,2,2,2,2,2,4,4,0,0
27,1427,4,0,3,0,8,9,3,2,2,2,2,2,4,4,0,0
27,1427,4,0,3,0,8,9,3,2,2,2,2,2,4,4,0,0
27,1427,4,0,3,0,8,9,3,2,2,2,2,2,4,4,0,0
27,1427,4,0,3,0,8,9,3,2,2,2,2,2,4,4,0,0
27,1427,4,0,3,0,8,9,3,2,2,2,2,2,4,4,0,0
27,1427,4,0,3,0,8,9,3,2,2,2,3,2,4,4,0,0
27,1427,4,0,3,0,8,9,3,2,2,1,3,2,5,3,0,0
27,1427,4,0,3,0,8,9,3,2,2,1,3,2,5,3,0,0
27,1427,4,0,3,0,8,9,3,2,2,1,3,2,5,2,0,0
27,1427,4,0,3,0,8,9,3,2,2,1,3,2,5,2,0,0
27,1427,4,0,3,0,8,9,3,2,2,1,3,2,5,2,0,0
27,1427,4,0,3,0,8,9,3,1,2,1,3,2,5,2,0,0
27,1427,4,0,3,0,8,9,3,1,2,1,3,2,5,2,0,0
27,1427,4,0,3,0,8,9,3,1,2,1,3,2,5,2,0,0
27,1427,4,0,3,0,8,9,3,1,2,1,2,2,4,2,0,0
27,1427,4,0,3,0,8,9,3,1,2,1,2,2,4,2,0,0
27,1427,4,0,3,0,8,9,3,1,2,1,2,2,4,2,0,0
27,1427,4,0,3,0,8,9,3,1,2,1,2,2,4,1,0,0
27,1427,4,0,3,0,8,9,3,1,2,1,2,2,4,1,0,0
27,1427,4,0,3,0,8,9,3,1,2,1,2,2,4,1,0,0
27,1427,4,0,3,0,8,9,3,1,2,1,2,2,4,1,0,0
27,1427,4,0,3,0,8,9,3,1,2,1,2,2,4,1,0,0
27,1427,4,0,3,0,8,9,3,1,2,1,2,2,4,1,0,0
0,1428,4,0,4,0,9,9,4,1,3,1,3,2,7,1,0,0
0,1428,4,0,4,0,9,9,4,1,3,1,3,2,7,1,0,0
0,1428,4,0,4,0,9,9,4,1,3,1,3,2,7,1,0,0
0,1428,4,0,4,0,9,9,4,1,3,1,3,2,7,1,0,0
0,1428,4,0,4,0,9,9,4,1,3,1,3,2,7,1,0,0
0,1428,4,0,4,0,9,9,4,1,3,1,3,2,7,1,0,0
0,1428,4,0,4,0,9,9,4,1,3,1,3,2,8,1,8,0
0,1428,4,0,4,0,10,9,4,3,3,1,4,3,8,5,8,2
0,1428,4,0,4,0,10,10,4,4,3,1,4,3,8,5,8,2
0,1428,4,0,4,0,10,10,4,4,3,1,4,2,8,7,9,2
0,1428,4,0,4,0,10,10,4,4,3,1,4,2,8,8,9,2
0,1428,4,0,4,0,10,10,4,4,3,1,4,2,8,8,9,2
0,1428,4,0,4,0,10,10,4,4,3,0,4,2,8,8,9,2
0,1428,4,0,4,0,10,10,4,4,3,0,4,2,8,6,5,2
0,1428,4,0,4,0,10,10,4,3,3,0,4,2,8,7,5,2
0,1428,4,0,4,0,10,9,4,3,3,0,4,1,8,6,5,2
0,1428,4,0,4,0,9,9,4,3,3,0,3,1,8,6,5,2
0,1428,4,0,4,0,9,9,4,3,3,0,3,1,8,5,0,1
0,1428,4,0,4,0,9,9,4,3,3,0,3,1,8,5,0,1
0,1428,4,0,4,0,9,8,4,3,3,0,3,1,8,5,0,1
0,1428,4,0,4,0,9,8,4,3,3,0,3,1,8,5,0,1
0,1428,4,0,4,0,9,8,4,3,3,0,3,1,8,5,0,1
0,1428,4,0,4,0,9,8,4,3,3,0,3,1,8,4,0,1
0,1428,4,0,4,0,9,8,4,3,3,0,3,1,7,4,0,1
1,1429,4,0,4,0,9,8,4,3,3,0,3,1,4,4,0,1
1,1429,4,0,4,0,9,8,4,3,3,0,3,1,4,4,0,1
1,1429,4,0,4,0,9,8,4,3,3,0,3,1,4,4,0,1
1,1429,4,0,4,0,9,8,4,3,3,0,3,1,4,4,0,1
1,1429,4,0,4,0,9,8,4,3,3,0,3,1,4,4,0,1
1,1429,4,0,4,0,9,8,4,3,3,0,3,1,4,4,0,1
1,1429,4,0,4,0,9,8,4,3,3,0,3,1,4,4,8,1
1,1429,4,0,4,0,10,10,4,3,3,2,4,2,5,5,8,1
1,1429,4,0,4,0,10,10,4,3,3,3,4,2,5,5,8,1
1,1429,4,0,4,0,10,10,4,4,3,3,4,1,5,5,9,2
1,1429,4,0,4,0,10,10,4,4,3,1,4,1,5,5,9,2
1,1429,4,0,4,0,10,10,4,4,3,2,4,1,5,5,9,2
1,1429,4,0,4,0,10,10,4,4,3,2,4,1,5,5,9,2
1,1429,4,0,4,0,10,10,4,4,3,2,4,1,5,5,5,1
1,1429,4,0,4,0,10,10,4,4,3,2,4,1,5,5,5,1
1,1429,4,0,4,0,10,10,4,3,3,3,4,0,4,5,5,1
1,1429,4,0,4,0,9,10,4,3,3,3,3,0,4,5,5,1
1,1429,4,0,4,0,9,10,4,3,3,3,3,0,4,5,0,1
1,1429,4,0,4,0,9,10,4,3,3,3,3,0,4,5,0,1
1,1429,4,0,4,0,9,9,4,3,3,3,3,0,4,5,0,1
1,1429,4,0,4,0,9,9,4,2,3,2,3,0,4,5,0,1
1,1429,4,0,4,0,9,9,4,2,3,2,3,0,4,5,0,1
1,1429,4,0,4,0,9,9,4,2,3,2,3,0,4,5,0,0
1,1429,4,0,4,0,9,9,4,2,3,2,3,0,4,5,0,0
2,1430,4,0,4,0,9,9,4,2,3,2,3,0,7,5,0,0
2,1430,4,0,4,0,9,9,4,2,3,2,3,0,7,5,0,0
2,1430,4,0,4,0,9,9,4,2,3,2,3,0,7,5,0,0
2,1430,4,0,4,0,9,9,4,2,3,2,3,0,7,5,0,0
2,1430,4,0,4,0,9,9,4,2,3,2,3,0,7,5,0,0
2,1430,4,0,4,0,9,9,4,2,3,2,3,0,7,5,0,0
2,1430,4,0,4,0,9,9,4,2,3,2,3,0,10,5,8,0
2,1430,4,0,4,0,10,9,4,3,3,1,4,1,10,10,8,1
2,1430,4,0,4,0,10,10,4,4,3,1,4,1,10,10,8,1
2,1430,4,0,4,0,10,10,4,4,3,1,4,1,10,10,9,1
2,1430,4,0,4,0,10,10,4,4,3,2,4,1,10,10,9,1
2,1430,4,0,4,0,10,10,4,4,3,2,4,1,10,10,9,1
2,1430,4,0,4,0,10,10,4,4,3,2,4,1,10,11,9,1
2,1430,4,0,4,0,10,10,4,4,3,2,4,1,10,11,5,1
2,1430,4,0,4,0,10,10,4,4,3,2,4,1,10,9,5,0
2,1430,4,0,4,0,10,10,4,4,3,2,4,1,8,9,5,0
2,1430,4,0,4,0,9,10,4,4,3,2,3,1,8,9,5,0
2,1430,4,0,4,0,9,10,4,4,3,2,3,1,8,9,0,0
2,1430,4,0,4,0,9,10,4,4,3,2,3,1,8,8,0,0
2,1430,4,0,4,0,9,10,4,4,3,2,3,1,8,8,0,0
2,1430,4,0,4,0,9,10,4,4,3,2,3,1,8,8,0,0
2,1430,4,0,4,0,9,10,4,4,3,2,3,1,8,8,0,0
2,1430,4,0,4,0,9,9,4,4,3,2,3,1,8,8,0,0
2,1430,4,0,4,0,9,9,4,4,3,2,3,1,7,8,0,0
3,1431,4,0,4,0,9,9,4,4,3,2,3,1,7,8,0,0
3,1431,4,0,4,0,9,9,4,4,3,2,3,1,7,8,0,0
3,1431,4,0,4,0,9,9,4,4,3,2,3,1,7,8,0,0
3,1431,4,0,4,0,9,9,4,4,3,2,3,1,7,8,0,0
3,1431,4,0,4,0,9,9,4,4,3,2,3,1,7,8,0,0
3,1431,4,0,4,0,9,9,4,4,3,2,3,1,7,8,0,0
3,1431,4,0,4,0,9,9,4,4,3,2,3,1,8,8,8,0
3,1431,4,0,4,0,10,10,4,3,3,3,4,2,8,8,8,0
3,1431,4,0,4,0,10,10,4,3,3,3,4,2,8,8,8,0
3,1431,4,0,4,0,10,10,4,3,3,3,4,2,8,8,9,0
3,1431,4,0,4,0,10,10,4,3,3,2,4,2,8,8,9,0
3,1431,4,0,4,0,10,10,4,3,3,2,4,2,8,8,9,0
3,1431,4,0,4,0,10,10,4,3,3,2,4,2,8,8,9,0
3,1431,4,0,4,0,10,10,4,3,3,2,4,2,8,8,5,0
3,1431,4,0,4,0,10,10,4,3,3,2,4,2,8,8,5,0
3,1431,4,0,4,0,10,10,4,3,3,2,4,2,8,8,5,0
3,1431,4,0,4,0,9,10,4,3,3,2,3,2,8,8,5,0
3,1431,4,0,4,0,9,10,4,2,3,2,3,2,8,8,0,0
3,1431,4,0,4,0,9,9,4,2,3,2,3,2,8,6,0,0
3,1431,4,0,4,0,9,9,4,2,3,2,3,2,8,6,0,0
3,1431,4,0,4,0,9,9,4,2,3,2,3,2,8,6,0,0
3,1431,4,0,4,0,9,9,4,2,3,2,3,2,8,6,0,0
3,1431,4,0,4,0,9,9,4,2,3,2,3,2,8,6,0,0
3,1431,4,0,4,0,9,9,4,2,3,2,3,2,7,6,0,0
4,1432,4,0,4,0,9,9,4,2,3,2,3,2,7,6,0,0
4,1432,4,0,4,0,9,9,4,2,3,2,3,2,7,6,0,0
4,1432,4,0,4,0,9,9,4,2,3,2,3,2,7,6,0,0
4,1432,4,0,4,0,9,9,4,2,3,2,3,2,7,6,0,0
4,1432,4,0,4,0,9,9,4,2,3,2,3,2,7,6,0,0
4,1432,4,0,4,0,9,9,4,2,3,2,3,2,7,6,0,0
4,1432,4,0,4,0,9,9,4,2,3,2,3,2,8,6,8,0
4,1432,4,0,4,0,10,9,4,2,3,3,4,3,8,8,8,1
4,1432,4,0,4,0,10,10,4,4,3,3,4,3,8,8,8,1
4,1432,4,0,4,0,10,10,4,4,3,3,4,3,8,8,9,1
4,1432,4,0,4,0,10,10,4,4,3,3,4,3,8,8,9,1
4,1432,4,0,4,0,10,9,4,4,3,3,4,3,8,8,9,1
4,1432,4,0,4,0,10,10,4,4,3,3,4,3,8,8,9,1
4,1432,4,0,4,0,10,10,4,4,3,3,4,3,8,8,5,1
4,1432,4,0,4,0,10,10,4,3,3,3,4,3,8,8,5,1
4,1432,4,0,4,0,10,10,4,3,3,3,4,3,8,8,5,1
4,1432,4,0,4,0,9,10,4,2,3,3,3,3,8,8,5,1
4,1432,4,0,4,0,9,10,4,2,3,3,3,3,8,8,0,1
4,1432,4,0,4,0,9,10,4,2,3,3,3,3,8,8,0,1
4,1432,4,0,4,0,9,10,4,2,3,3,3,3,8,8,0,1
4,1432,4,0,4,0,9,10,4,2,3,3,3,3,8,8,0,1
4,1432,4,0,4,0,9,10,4,2,3,3,3,3,8,7,0,1
4,1432,4,0,4,0,9,10,4,2,3,3,3,3,8,7,0,0
4,1432,4,0,4,0,9,10,4,2,3,3,3,3,7,7,0,0
5,1433,4,0,3,0,8,10,3,2,2,3,2,3,7,7,0,0
5,1433,4,0,3,0,8,10,3,2,2,3,2,3,7,7,0,0
5,1433,4,0,3,0,8,10,3,2,2,3,2,3,7,7,0,0
5,1433,4,0,3,0,8,10,3,2,2,3,2,3,7,7,0,0
5,1433,4,0,3,0,8,10,3,2,2,3,2,3,7,7,0,0
5,1433,4,0,3,0,8,10,3,2,2,3,2,3,7,7,0,0
5,1433,4,0,3,0,8,10,3,2,2,3,3,3,10,7,0,0
5,1433,4,0,3,0,8,9,3,2,2,3,3,2,10,5,0,0
5,1433,4,0,3,0,8,9,3,2,2,3,3,2,10,5,0,0
5,1433,4,0,3,0,8,9,3,2,2,3,3,2,10,5,0,0
5,1433,4,0,3,0,8,9,3,2,2,2,3,2,10,4,0,0
5,1433,4,0,3,0,8,9,3,2,2,2,3,1,10,4,0,0
5,1433,4,0,3,0,8,9,3,2,2,2,3,1,10,4,0,0
5,1433,4,0,3,0,8,9,3,2,2,2,3,1,10,4,0,0
5,1433,4,0,3,0,8,9,3,2,2,2,3,1,10,4,0,0
5,1433,4,0,3,0,8,9,3,2,2,2,2,1,8,4,0,0
5,1433,4,0,3,0,8,9,3,2,2,2,2,1,8,4,0,0
5,1433,4,0,3,0,8,9,3,2,2,2,2,1,8,4,0,0
5,1433,4,0,3,0,8,9,3,2,2,2,2,1,8,4,0,0
5,1433,4,0,3,0,8,9,3,2,2,2,2,1,8,4,0,0
5,1433,4,0,3,0,8,8,3,2,2,2,2,1,8,4,0,0
5,1433,4,0,3,0,8,8,3,2,2,2,2,1,8,4,0,0
5,1433,4,0,3,0,8,8,3,2,2,2,2,1,8,4,0,0
5,1433,4,0,3,0,8,8,3,2,2,2,2,1,7,4,0,0
6,1434,4,0,3,0,8,8,3,2,2,2,2,1,4,4,0,0
6,1434,4,0,3,0,8,8,3,2,2,2,2,1,4,4,0,0
6,1434,4,0,3,0,8,8,3,2,2,2,2,1,4,4,0,0
6,1434,4,0,3,0,8,8,3,2,2,2,2,1,4,4,0,0
6,1434,4,0,3,0,8,8,3,2,2,2,2,1,4,4,0,0
6,1434,4,0,3,0,8,8,3,2,2,2,2,1,4,4,0,0
6,1434,4,0,3,0,8,8,3,2,2,2,3,1,4,4,0,0
6,1434,4,0,3,0,8,8,3,2,2,2,3,1,5,3,0,0
6,1434,4,0,3,0,8,8,3,1,2,2,3,1,5,3,0,0
6,1434,4,0,3,0,8,8,3,1,2,2,3,1,5,3,0,0
6,1434,4,0,3,0,8,8,3,1,2,2,3,1,5,3,0,0
6,1434,4,0,3,0,8,8,3,1,2,2,3,1,5,3,0,0
6,1434,4,0,3,0,8,8,3,1,2,2,3,1,5,3,0,0
6,1434,4,0,3,0,8,8,3,1,2,2,3,1,5,3,0,0
6,1434,4,0,3,0,8,8,3,1,2,2,3,1,5,3,0,0
6,1434,4,0,3,0,8,8,3,1,2,2,2,1,4,3,0,0
6,1434,4,0,3,0,8,8,3,1,2,2,2,1,4,3,0,0
6,1434,4,0,3,0,8,8,3,1,2,2,2,1,4,3,0,0
6,1434,4,0,3,0,8,8,3,1,2,2,2,0,4,3,0,0
6,1434,4,0,3,0,8,8,3,1,2,2,2,0,4,3,0,0
6,1434,4,0,3,0,8,8,3,1,2,2,2,0,4,3,0,0
6,1434,4,0,3,0,8,8,3,1,2,2,2,0,4,3,0,0
6,1434,4,0,3,0,8,8,3,1,2,2,2,0,4,3,0,0
6,1434,4,0,3,0,8,8,3,1,2,2,2,0,4,3,0,0
7,1435,4,0,4,0,9,8,4,1,3,2,3,0,7,3,0,0
7,1435,4,0,4,0,9,8,4,1,3,2,3,0,7,3,0,0
7,1435,4,0,4,0,9,8,4,1,3,2,3,0,7,3,0,0
7,1435,4,0,4,0,9,8,4,1,3,2,3,0,7,3,0,0
7,1435,4,0,4,0,9,8,4,1,3,2,3,0,7,3,0,0
7,1435,4,0,4,0,9,8,4,1,3,2,3,0,7,3,0,0
7,1435,4,0,4,0,9,8,4,1,3,2,3,0,8,3,8,0
7,1435,4,0,4,0,10,9,4,3,3,3,4,1,8,6,8,1
7,1435,4,0,4,0,10,9,4,4,3,3,4,1,8,7,8,1
7,1435,4,0,4,0,10,9,4,4,3,3,4,1,8,8,9,1
7,1435,4,0,4,0,10,10,4,4,3,3,4,1,8,8,9,1
7,1435,4,0,4,0,10,10,4,4,3,3,4,1,8,8,9,1
7,1435,4,0,4,0,10,10,4,4,3,3,4,1,8,8,9,1
7,1435,4,0,4,0,10,9,4,3,3,3,4,1,8,7,5,1
7,1435,4,0,4,0,10,9,4,4,3,3,4,1,8,7,5,1
7,1435,4,0,4,0,10,9,4,4,3,3,4,1,8,6,5,1
7,1435,4,0,4,0,9,9,4,4,3,3,3,1,8,6,5,1
7,1435,4,0,4,0,9,9,4,4,3,3,3,1,8,6,0,1
7,1435,4,0,4,0,9,9,4,4,3,3,3,1,8,6,0,1
7,1435,4,0,4,0,9,9,4,4,3,3,3,1,8,6,0,1
7,1435,4,0,4,0,9,9,4,2,3,2,3,1,8,6,0,1
7,1435,4,0,4,0,9,8,4,2,3,2,3,1,8,6,0,1
7,1435,4,0,4,0,9,8,4,2,3,2,3,1,8,6,0,1
7,1435,4,0,4,0,9,8,4,2,3,2,3,1,7,6,0,1
8,1436,4,0,4,0,9,8,4,2,3,2,3,1,4,6,0,1
8,1436,4,0,4,0,9,8,4,2,3,2,3,1,4,6,0,1
8,1436,4,0,4,0,9,8,4,2,3,2,3,1,4,6,0,1
8,1436,4,0,4,0,9,8,4,2,3,2,3,1,4,6,0,1
8,1436,4,0,4,0,9,8,4,2,3,2,3,1,4,6,0,1
8,1436,4,0,4,0,9,8,4,2,3,2,3,1,4,6,0,1
8,1436,4,0,4,0,9,8,4,2,3,2,3,1,4,6,8,1
8,1436,4,0,4,0,10,9,4,3,3,3,4,2,5,6,8,3
8,1436,4,0,4,0,10,9,4,4,3,3,4,2,5,6,8,4
8,1436,4,0,4,0,10,10,4,4,3,3,4,2,5,6,9,3
8,1436,4,0,4,0,10,10,4,3,3,3,4,2,5,6,9,3
8,1436,4,0,4,0,10,10,4,4,3,3,4,2,5,6,9,3
8,1436,4,0,4,0,10,10,4,4,3,3,4,2,5,6,9,3
8,1436,4,0,4,0,10,10,4,3,3,3,4,2,5,6,5,3
8,1436,4,0,4,0,10,10,4,3,3,3,4,2,5,6,5,3
8,1436,4,0,4,0,10,10,4,2,3,2,4,2,4,6,5,0
8,1436,4,0,4,0,9,10,4,2,3,2,3,2,4,6,5,0
8,1436,4,0,4,0,9,10,4,2,3,2,3,2,4,6,0,0
8,1436,4,0,4,0,9,10,4,2,3,2,3,2,4,6,0,0
8,1436,4,0,4,0,9,9,4,2,3,2,3,2,4,6,0,0
8,1436,4,0,4,0,9,9,4,1,3,2,3,2,4,6,0,0
8,1436,4,0,4,0,9,9,4,1,3,2,3,2,4,6,0,0
8,1436,4,0,4,0,9,9,4,1,3,2,3,2,4,6,0,0
8,1436,4,0,4,0,9,9,4,1,3,2,3,2,4,6,0,0
9,1437,4,0,4,0,9,9,4,1,3,2,3,2,7,6,0,0
9,1437,4,0,4,0,9,9,4,1,3,2,3,2,7,6,0,0
9,1437,4,0,4,0,9,9,4,1,3,2,3,2,7,6,0,0
9,1437,4,0,4,0,9,9,4,1,3,2,3,2,7,6,0,0
9,1437,4,0,4,0,9,9,4,1,3,2,3,2,7,6,0,0
9,1437,4,0,4,0,9,9,4,1,3,2,3,2,7,6,0,0
9,1437,4,0,4,0,9,9,4,1,3,2,3,2,10,6,8,0
9,1437,4,0,4,0,10,7,4,2,3,2,4,3,10,10,8,1
9,1437,4,0,4,0,10,10,4,2,3,2,4,3,10,10,8,2
9,1437,4,0,4,0,10,10,4,3,3,2,4,3,10,10,9,2
9,1437,4,0,4,0,10,9,4,4,3,2,4,3,10,10,9,3
9,1437,4,0,4,0,10,10,4,3,3,2,4,3,10,10,9,3
9,1437,4,0,4,0,10,10,4,3,3,2,4,3,10,10,9,3
9,1437,4,0,4,0,10,10,4,3,3,2,4,3,10,10,5,3
9,1437,4,0,4,0,10,9,4,3,3,2,4,3,10,10,5,2
9,1437,4,0,4,0,10,9,4,3,3,2,4,3,8,10,5,1
9,1437,4,0,4,0,9,9,4,3,3,2,3,3,8,10,5,1
9,1437,4,0,4,0,9,9,4,3,3,2,3,3,8,10,0,1
9,1437,4,0,4,0,9,8,4,3,3,2,3,3,8,8,0,1
9,1437,4,0,4,0,9,8,4,2,3,2,3,3,8,8,0,1
9,1437,4,0,4,0,9,8,4,2,3,2,3,3,8,8,0,1
9,1437,4,0,4,0,9,8,4,2,3,2,3,2,8,8,0,1
9,1437,4,0,4,0,9,8,4,2,3,2,3,2,8,8,0,1
9,1437,4,0,4,0,9,8,4,2,3,2,3,2,7,8,0,1
10,1438,4,0,4,0,9,8,4,2,3,2,3,2,7,8,0,1
10,1438,4,0,4,0,9,8,4,2,3,2,3,2,7,8,0,1
10,1438,4,0,4,0,9,8,4,2,3,2,3,2,7,8,0,1
10,1438,4,0,4,0,9,8,4,2,3,2,3,2,7,8,0,1
10,1438,4,0,4,0,9,8,4,2,3,2,3,2,7,8,0,1
10,1438,4,0,4,0,9,8,4,2,3,2,3,2,7,8,0,1
10,1438,4,0,4,0,9,8,4,2,3,2,3,2,8,8,8,1
10,1438,4,0,4,0,10,10,4,2,3,2,4,3,8,8,8,0
10,1438,4,0,4,0,10,9,4,2,3,2,4,3,8,8,8,0
10,1438,4,0,4,0,10,10,4,2,3,2,4,3,8,8,9,0
10,1438,4,0,4,0,10,10,4,2,3,2,4,3,8,8,9,0
10,1438,4,0,4,0,10,10,4,2,3,2,4,3,8,8,9,0
10,1438,4,0,4,0,10,10,4,2,3,2,4,3,8,7,9,0
10,1438,4,0,4,0,10,10,4,2,3,2,4,3,8,7,5,0
10,1438,4,0,4,0,10,10,4,2,3,2,4,2,8,7,5,0
10,1438,4,0,4,0,10,10,4,2,3,2,4,2,8,7,5,0
10,1438,4,0,4,0,9,10,4,2,3,2,3,2,8,6,5,0
10,1438,4,0,4,0,9,10,4,2,3,2,3,2,8,6,0,0
10,1438,4,0,4,0,9,9,4,2,3,2,3,2,8,6,0,0
10,1438,4,0,4,0,9,9,4,2,3,2,3,2,8,6,0,0
10,1438,4,0,4,0,9,9,4,2,3,2,3,2,8,6,0,0
10,1438,4,0,4,0,9,9,4,2,3,2,3,2,8,6,0,0
10,1438,4,0,4,0,9,9,4,2,3,2,3,2,8,6,0,0
10,1438,4,0,4,0,9,9,4,2,3,2,3,2,7,6,0,0
11,1439,4,0,4,0,9,9,4,2,3,2,3,2,7,6,0,0
11,1439,4,0,4,0,9,9,4,2,3,2,3,2,7,6,0,0
11,1439,4,0,4,0,9,9,4,2,3,2,3,2,7,6,0,0
11,1439,4,0,4,0,9,9,4,2,3,2,3,2,7,6,0,0
11,1439,4,0,4,0,9,9,4,2,3,2,3,2,7,6,0,0
11,1439,4,0,4,0,9,9,4,2,3,2,3,2,7,6,0,0
11,1439,4,0,4,0,9,9,4,2,3,2,3,2,8,6,8,0
11,1439,4,0,4,0,10,9,4,2,3,3,4,3,8,8,8,0
11,1439,4,0,4,0,10,10,4,3,3,3,4,3,8,8,8,1
11,1439,4,0,4,0,10,10,4,4,3,3,4,3,8,8,9,1
11,1439,4,0,4,0,10,10,4,4,3,2,4,3,8,8,9,1
11,1439,4,0,4,0,10,10,4,4,3,3,4,3,8,8,9,1
11,1439,4,0,4,0,10,10,4,4,3,3,4,3,8,8,9,1
11,1439,4,0,4,0,10,10,4,3,3,3,4,3,8,7,5,1
11,1439,4,0,4,0,10,10,4,3,3,3,4,3,8,7,5,1
11,1439,4,0,4,0,10,9,4,3,3,3,4,3,8,6,5,1
11,1439,4,0,4,0,9,9,4,3,3,3,3,3,8,6,5,1
11,1439,4,0,4,0,9,9,4,3,3,3,3,3,8,6,0,0
11,1439,4,0,4,0,9,9,4,3,3,3,3,3,8,6,0,0
11,1439,4,0,4,0,9,9,4,3,3,2,3,3,8,6,0,0
11,1439,4,0,4,0,9,9,4,3,3,2,3,3,8,6,0,0
11,1439,4,0,4,0,9,9,4,3,3,2,3,3,8,6,0,0
11,1439,4,0,4,0,9,9,4,3,3,2,3,3,8,6,0,0
11,1439,4,0,4,0,9,9,4,3,3,2,3,3,7,6,0,0
12,1440,4,0,3,0,8,9,3,3,2,2,2,3,7,6,0,0
12,1440,4,0,3,0,8,9,3,3,2,2,2,3,7,6,0,0
12,1440,4,0,3,0,8,9,3,3,2,2,2,3,7,6,0,0
12,1440,4,0,3,0,8,9,3,3,2,2,2,3,7,6,0,0
12,1440,4,0,3,0,8,9,3,3,2,2,2,3,7,6,0,0
12,1440,4,0,3,0,8,9,3,3,2,2,2,3,7,6,0,0
12,1440,4,0,3,0,8,9,3,3,2,2,3,3,10,6,0,0
12,1440,4,0,3,0,8,8,3,2,2,2,3,2,10,4,0,0
12,1440,4,0,3,0,8,8,3,2,2,2,3,2,10,3,0,0
12,1440,4,0,3,0,8,8,3,2,2,2,3,2,10,3,0,0
12,1440,4,0,3,0,8,8,3,2,2,2,3,2,10,3,0,0
12,1440,4,0,3,0,8,8,3,2,2,2,3,2,10,3,0,0
12,1440,4,0,3,0,8,8,3,2,2,2,3,2,10,3,0,0
12,1440,4,0,3,0,8,8,3,2,2,2,3,2,10,3,0,0
12,1440,4,0,3,0,8,8,3,2,2,2,3,2,10,3,0,0
12,1440,4,0,3,0,8,8,3,2,2,2,2,2,8,3,0,0
12,1440,4,0,3,0,8,8,3,2,2,2,2,2,8,3,0,0
12,1440,4,0,3,0,8,8,3,2,2,2,2,2,8,3,0,0
12,1440,4,0,3,0,8,8,3,2,2,2,2,2,8,3,0,0
12,1440,4,0,3,0,8,8,3,2,2,2,2,2,8,3,0,0
12,1440,4,0,3,0,8,8,3,2,2,2,2,2,8,3,0,0
12,1440,4,0,3,0,8,8,3,2,2,2,2,2,8,3,0,0
12,1440,4,0,3,0,8,8,3,2,2,2,2,2,8,3,0,0
12,1440,4,0,3,0,8,8,3,2,2,2,2,2,7,3,0,0
13,1441,4,0,3,0,8,8,3,2,2,2,2,2,4,3,0,0
13,1441,4,0,3,0,8,8,3,2,2,2,2,2,4,3,0,0
13,1441,4,0,3,0,8,8,3,2,2,2,2,2,4,3,0,0
13,1441,4,0,3,0,8,8,3,2,2,2,2,2,4,3,0,0
13,1441,4,0,3,0,8,8,3,2,2,2,2,2,4,3,0,0
13,1441,4,0,3,0,8,8,3,2,2,2,2,2,4,3,0,0
13,1441,4,0,3,0,8,8,3,2,2,2,3,2,4,3,0,0
13,1441,4,0,3,0,8,8,3,2,2,2,3,2,5,3,0,0
13,1441,4,0,3,0,8,8,3,2,2,2,3,2,5,3,0,0
13,1441,4,0,3,0,8,8,3,2,2,2,3,2,5,3,0,0
13,1441,4,0,3,0,8,8,3,2,2,2,3,2,5,3,0,0
13,1441,4,0,3,0,8,8,3,2,2,2,3,2,5,3,0,0
13,1441,4,0,3,0,8,8,3,2,2,2,3,2,5,3,0,0
13,1441,4,0,3,0,8,8,3,2,2,2,3,2,5,3,0,0
13,1441,4,0,3,0,8,8,3,2,2,2,3,2,5,3,0,0
13,1441,4,0,3,0,8,8,3,2,2,2,2,2,4,3,0,0
13,1441,4,0,3,0,8,8,3,2,2,2,2,2,4,3,0,0
13,1441,4,0,3,0,8,8,3,2,2,2,2,2,4,3,0,0
13,1441,4,0,3,0,8,8,3,2,2,2,2,2,4,3,0,0
13,1441,4,0,3,0,8,8,3,2,2,2,2,2,4,3,0,0
13,1441,4,0,3,0,8,8,3,2,2,2,2,2,4,3,0,0
13,1441,4,0,3,0,8,8,3,2,2,2,2,2,4,3,0,0
13,1441,4,0,3,0,8,8,3,2,2,2,2,2,4,3,0,0
13,1441,4,0,3,0,8,8,3,2,2,2,2,2,4,3,0,0
14,1442,4,0,4,0,9,8,4,2,3,2,3,2,7,3,0,0
14,1442,4,0,4,0,9,8,4,2,3,2,3,2,7,3,0,0
14,1442,4,0,4,0,9,8,4,2,3,2,3,2,7,3,0,0
14,1442,4,0,4,0,9,8,4,2,3,2,3,2,7,3,0,0
14,1442,4,0,4,0,9,8,4,2,3,2,3,2,7,3,0,0
14,1442,4,0,4,0,9,8,4,2,3,2,3,2,7,3,0,0
14,1442,4,0,4,0,9,8,4,2,3,2,3,2,8,3,8,0
14,1442,4,0,4,0,10,9,4,4,3,2,4,3,8,6,8,2
14,1442,4,0,4,0,10,10,4,4,3,2,4,3,8,6,8,2
14,1442,4,0,4,0,10,10,4,4,3,3,4,3,8,8,9,2
14,1442,4,0,4,0,10,10,4,4,3,3,4,3,8,8,9,2
14,1442,4,0,4,0,10,10,4,4,3,3,4,3,8,8,9,2
14,1442,4,0,4,0,10,10,4,4,3,3,4,3,8,8,9,2
14,1442,4,0,4,0,10,10,4,4,3,2,4,3,8,6,5,2
14,1442,4,0,4,0,10,10,4,4,3,2,4,2,8,6,5,2
14,1442,4,0,4,0,10,10,4,4,3,2,4,2,8,6,5,2
14,1442,4,0,4,0,9,10,4,4,3,2,3,2,8,6,5,2
14,1442,4,0,4,0,9,10,4,4,3,2,3,2,8,5,0,1
14,1442,4,0,4,0,9,10,4,4,3,2,3,2,8,5,0,1
14,1442,4,0,4,0,9,10,4,4,3,2,3,2,8,5,0,1
14,1442,4,0,4,0,9,10,4,4,3,2,3,2,8,5,0,1
14,1442,4,0,4,0,9,9,4,4,3,2,3,1,8,5,0,1
14,1442,4,0,4,0,9,9,4,4,3,2,3,1,8,5,0,0
14,1442,4,0,4,0,9,9,4,4,3,2,3,1,7,5,0,0
15,1443,4,0,4,0,9,9,4,4,3,2,3,1,4,5,0,0
15,1443,4,0,4,0,9,9,4,4,3,2,3,1,4,5,0,0
15,1443,4,0,4,0,9,9,4,4,3,2,3,1,4,5,0,0
15,1443,4,0,4,0,9,9,4,4,3,2,3,1,4,5,0,0
15,1443,4,0,4,0,9,9,4,4,3,2,3,1,4,5,0,0
15,1443,4,0,4,0,9,9,4,4,3,2,3,1,4,5,0,0
15,1443,4,0,4,0,9,9,4,4,3,2,3,1,4,5,8,0
15,1443,4,0,4,0,10,9,4,4,3,3,4,2,5,5,8,2
15,1443,4,0,4,0,10,10,4,4,3,3,4,2,5,5,8,3
15,1443,4,0,4,0,10,10,4,4,3,3,4,2,5,5,9,4
15,1443,4,0,4,0,10,10,4,4,3,3,4,2,5,6,9,4
15,1443,4,0,4,0,10,10,4,3,3,3,4,2,5,6,9,4
15,1443,4,0,4,0,10,10,4,4,3,3,4,2,5,6,9,4
15,1443,4,0,4,0,10,10,4,3,3,3,4,2,5,6,5,3
15,1443,4,0,4,0,10,10,4,3,3,3,4,2,5,6,5,3
15,1443,4,0,4,0,10,9,4,3,3,3,4,2,4,6,5,2
15,1443,4,0,4,0,9,9,4,3,3,3,3,2,4,6,5,2
15,1443,4,0,4,0,9,9,4,3,3,2,3,2,4,5,0,1
15,1443,4,0,4,0,9,9,4,3,3,2,3,2,4,5,0,1
15,1443,4,0,4,0,9,9,4,3,3,2,3,2,4,5,0,1
15,1443,4,0,4,0,9,9,4,3,3,2,3,2,4,5,0,1
15,1443,4,0,4,0,9,9,4,3,3,2,3,2,4,5,0,1
15,1443,4,0,4,0,9,9,4,3,3,2,3,2,4,5,0,1
15,1443,4,0,4,0,9,9,4,3,3,2,3,2,4,5,0,1
16,1444,4,0,4,0,9,9,4,3,3,2,3,2,7,5,0,1
16,1444,4,0,4,0,9,9,4,3,3,2,3,2,7,5,0,1
16,1444,4,0,4,0,9,9,4,3,3,2,3,2,7,5,0,1
16,1444,4,0,4,0,9,9,4,3,3,2,3,2,7,5,0,1
16,1444,4,0,4,0,9,9,4,3,3,2,3,2,7,5,0,1
16,1444,4,0,4,0,9,9,4,3,3,2,3,2,7,5,0,1
16,1444,4,0,4,0,9,9,4,3,3,2,3,2,10,5,8,1
16,1444,4,0,4,0,10,9,4,3,3,2,4,2,10,9,8,1
16,1444,4,0,4,0,10,10,4,3,3,2,4,2,10,10,8,1
16,1444,4,0,4,0,10,10,4,4,3,2,4,2,10,10,9,2
16,1444,4,0,4,0,10,10,4,4,3,2,4,2,10,10,9,2
16,1444,4,0,4,0,10,10,4,4,3,3,4,2,10,10,9,2
16,1444,4,0,4,0,10,10,4,4,3,3,4,2,10,10,9,2
16,1444,4,0,4,0,10,10,4,4,3,3,4,2,10,10,5,2
16,1444,4,0,4,0,10,10,4,3,3,2,4,2,10,9,5,1
16,1444,4,0,4,0,10,10,4,3,3,2,4,2,8,9,5,1
16,1444,4,0,4,0,9,9,4,3,3,2,3,2,8,9,5,1
16,1444,4,0,4,0,9,9,4,3,3,2,3,2,8,9,0,0
16,1444,4,0,4,0,9,9,4,3,3,2,3,2,8,9,0,0
16,1444,4,0,4,0,9,9,4,3,3,2,3,2,8,9,0,0
16,1444,4,0,4,0,9,9,4,3,3,2,3,2,8,9,0,0
16,1444,4,0,4,0,9,9,4,2,3,2,3,2,8,9,0,0
16,1444,4,0,4,0,9,9,4,2,3,2,3,2,8,9,0,0
16,1444,4,0,4,0,9,9,4,2,3,2,3,2,7,9,0,0
17,1445,4,0,4,0,9,9,4,2,3,2,3,2,7,9,0,0
17,1445,4,0,4,0,9,9,4,2,3,2,3,2,7,9,0,0
17,1445,4,0,4,0,9,9,4,2,3,2,3,2,7,9,0,0
17,1445,4,0,4,0,9,9,4,2,3,2,3,2,7,9,0,0
17,1445,4,0,4,0,9,9,4,2,3,2,3,2,7,9,0,0
17,1445,4,0,4,0,9,9,4,2,3,2,3,2,7,9,0,0
17,1445,4,0,4,0,9,9,4,2,3,2,3,2,8,9,8,0
17,1445,4,0,4,0,10,9,4,3,3,2,4,2,8,9,8,0
17,1445,4,0,4,0,10,10,4,3,3,2,4,2,8,8,8,0
17,1445,4,0,4,0,10,10,4,3,3,2,4,2,8,8,9,0
17,1445,4,0,4,0,10,10,4,3,3,2,4,2,8,8,9,0
17,1445,4,0,4,0,10,10,4,3,3,2,4,2,8,8,9,0
17,1445,4,0,4,0,10,10,4,3,3,2,4,2,8,8,9,0
17,1445,4,0,4,0,10,10,4,3,3,2,4,2,8,7,5,0
17,1445,4,0,4,0,10,10,4,3,3,2,4,2,8,7,5,0
17,1445,4,0,4,0,10,10,4,3,3,2,4,2,8,7,5,0
17,1445,4,0,4,0,9,10,4,3,3,2,3,2,8,6,5,0
17,1445,4,0,4,0,9,10,4,3,3,2,3,2,8,6,0,0
17,1445,4,0,4,0,9,10,4,3,3,2,3,2,8,6,0,0
17,1445,4,0,4,0,9,10,4,3,3,2,3,2,8,6,0,0
17,1445,4,0,4,0,9,9,4,3,3,2,3,2,8,6,0,0
17,1445,4,0,4,0,9,9,4,3,3,2,3,2,8,6,0,0
17,1445,4,0,4,0,9,9,4,3,3,2,3,2,8,6,0,0
17,1445,4,0,4,0,9,9,4,3,3,2,3,2,7,6,0,0
18,1446,4,0,4,0,9,9,4,3,3,2,3,2,7,6,0,0
18,1446,4,0,4,0,9,9,4,3,3,2,3,2,7,6,0,0
18,1446,4,0,4,0,9,9,4,3,3,2,3,2,7,6,0,0
18,1446,4,0,4,0,9,9,4,3,3,2,3,2,7,6,0,0
18,1446,4,0,4,0,9,9,4,3,3,2,3,2,7,6,0,0
18,1446,4,0,4,0,9,9,4,3,3,2,3,2,7,6,0,0
18,1446,4,0,4,0,9,9,4,3,3,2,3,2,8,6,8,0
18,1446,4,0,4,0,10,10,4,2,3,2,4,3,8,7,8,1
18,1446,4,0,4,0,10,10,4,3,3,3,4,3,8,8,8,1
18,1446,4,0,4,0,10,10,4,4,3,3,4,3,8,8,9,2
18,1446,4,0,4,0,10,10,4,4,3,2,4,3,8,8,9,2
18,1446,4,0,4,0,10,10,4,4,3,3,4,3,8,9,9,2
18,1446,4,0,4,0,10,10,4,4,3,3,4,3,8,9,9,2
18,1446,4,0,4,0,10,10,4,4,3,3,4,3,8,9,5,2
18,1446,4,0,4,0,10,10,4,4,3,3,4,3,8,9,5,2
18,1446,4,0,4,0,10,10,4,4,3,3,4,2,8,9,5,2
18,1446,4,0,4,0,9,9,4,4,3,3,3,2,8,7,5,1
18,1446,4,0,4,0,9,9,4,4,3,3,3,2,8,7,0,1
18,1446,4,0,4,0,9,9,4,3,3,3,3,2,8,7,0,1
18,1446,4,0,4,0,9,9,4,3,3,3,3,2,8,7,0,1
18,1446,4,0,4,0,9,9,4,3,3,3,3,2,8,7,0,1
18,1446,4,0,4,0,9,9,4,3,3,3,3,2,8,7,0,1
18,1446,4,0,4,0,9,9,4,3,3,3,3,2,8,7,0,1
18,1446,4,0,4,0,9,9,4,3,3,3,3,2,7,7,0,1
19,1447,4,0,3,0,8,9,3,4,2,3,2,2,7,7,0,1
19,1447,4,0,3,0,8,9,3,4,2,3,2,2,7,7,0,1
19,1447,4,0,3,0,8,9,3,4,2,3,2,2,7,7,0,1
19,1447,4,0,3,0,8,9,3,4,2,3,2,2,7,7,0,1
19,1447,4,0,3,0,8,9,3,4,2,3,2,2,7,7,0,1
19,1447,4,0,3,0,8,9,3,4,2,3,2,2,7,7,0,1
19,1447,4,0,3,0,8,9,3,4,2,3,3,2,10,7,0,1
19,1447,4,0,3,0,8,9,3,3,2,3,3,2,10,7,0,0
19,1447,4,0,3,0,8,9,3,3,2,3,3,2,10,7,0,0
19,1447,4,0,3,0,8,9,3,3,2,3,3,2,10,5,0,0
19,1447,4,0,3,0,8,9,3,3,2,3,3,2,10,5,0,0
19,1447,4,0,3,0,8,9,3,3,2,3,3,2,10,5,0,0
19,1447,4,0,3,0,8,9,3,3,2,3,3,2,10,5,0,0
19,1447,4,0,3,0,8,9,3,3,2,3,3,2,10,4,0,0
19,1447,4,0,3,0,8,9,3,3,2,3,3,2,10,4,0,0
19,1447,4,0,3,0,8,9,3,3,2,3,2,2,8,4,0,0
19,1447,4,0,3,0,8,9,3,3,2,3,2,2,8,4,0,0
19,1447,4,0,3,0,8,9,3,3,2,3,2,1,8,4,0,0
19,1447,4,0,3,0,8,9,3,3,2,3,2,1,8,4,0,0
19,1447,4,0,3,0,8,8,3,3,2,3,2,1,8,4,0,0
19,1447,4,0,3,0,8,7,3,3,2,3,2,1,8,3,0,0
19,1447,4,0,3,0,8,7,3,3,2,3,2,1,8,3,0,0
19,1447,4,0,3,0,8,7,3,3,2,3,2,1,8,3,0,0
19,1447,4,0,3,0,8,7,3,3,2,3,2,1,7,3,0,0
20,1448,4,0,3,0,8,7,3,3,2,3,2,1,4,3,0,0
20,1448,4,0,3,0,8,7,3,3,2,3,2,1,4,3,0,0
20,1448,4,0,3,0,8,7,3,3,2,3,2,1,4,3,0,0
20,1448,4,0,3,0,8,7,3,3,2,3,2,1,4,3,0,0
20,1448,4,0,3,0,8,7,3,3,2,3,2,1,4,3,0,0
20,1448,4,0,3,0,8,7,3,3,2,3,2,1,4,3,0,0
20,1448,4,0,3,0,8,7,3,3,2,3,3,1,4,3,0,0
20,1448,4,0,3,0,8,7,3,2,2,3,3,1,5,3,0,0
20,1448,4,0,3,0,8,6,3,2,2,3,3,1,5,3,0,0
20,1448,4,0,3,0,8,6,3,2,2,3,3,1,5,3,0,0
20,1448,4,0,3,0,8,6,3,2,2,3,3,1,5,3,0,0
20,1448,4,0,3,0,8,6,3,2,2,3,3,1,5,3,0,0
20,1448,4,0,3,0,8,6,3,2,2,3,3,1,5,3,0,0
20,1448,4,0,3,0,8,6,3,2,2,3,3,1,5,3,0,0
20,1448,4,0,3,0,8,6,3,2,2,3,3,1,5,3,0,0
20,1448,4,0,3,0,8,6,3,2,2,3,2,1,4,2,0,0
20,1448,4,0,3,0,8,6,3,2,2,3,2,1,4,2,0,0
20,1448,4,0,3,0,8,6,3,2,2,3,2,1,4,2,0,0
20,1448,4,0,3,0,8,6,3,2,2,3,2,1,4,2,0,0
20,1448,4,0,3,0,8,6,3,2,2,3,2,1,4,2,0,0
20,1448,4,0,3,0,8,6,3,2,2,3,2,1,4,2,0,0
20,1448,4,0,3,0,8,6,3,2,2,3,2,1,4,2,0,0
20,1448,4,0,3,0,8,6,3,2,2,3,2,1,4,2,0,0
20,1448,4,0,3,0,8,6,3,2,2,3,2,1,4,2,0,0
21,1449,4,0,4,0,9,6,4,2,3,3,3,1,7,2,0,0
21,1449,4,0,4,0,9,6,4,2,3,3,3,1,7,2,0,0
21,1449,4,0,4,0,9,6,4,2,3,3,3,1,7,2,0,0
21,1449,4,0,4,0,9,6,4,2,3,3,3,1,7,2,0,0
21,1449,4,0,4,0,9,6,4,2,3,3,3,1,7,2,0,0
21,1449,4,0,4,0,9,6,4,2,3,3,3,1,7,2,0,0
21,1449,4,0,4,0,9,6,4,2,3,3,3,1,8,2,8,0
21,1449,4,0,4,0,10,9,4,4,3,3,4,1,8,2,8,1
21,1449,4,0,4,0,10,10,4,4,3,3,4,1,8,2,8,1
21,1449,4,0,4,0,10,10,4,3,3,3,4,1,8,4,9,1
21,1449,4,0,4,0,10,10,4,4,3,3,4,1,8,4,9,1
21,1449,4,0,4,0,10,10,4,4,3,3,4,1,8,4,9,1
21,1449,4,0,4,0,10,9,4,4,3,3,4,1,8,4,9,1
21,1449,4,0,4,0,10,9,4,4,3,3,4,1,8,2,5,1
21,1449,4,0,4,0,10,9,4,4,3,3,4,1,8,2,5,1
21,1449,4,0,4,0,10,9,4,4,3,3,4,1,8,2,5,1
21,1449,4,0,4,0,9,9,4,4,3,3,3,1,8,2,5,1
21,1449,4,0,4,0,9,9,4,3,3,2,3,1,8,2,0,1
21,1449,4,0,4,0,9,8,4,3,3,2,3,1,8,2,0,1
21,1449,4,0,4,0,9,8,4,3,3,2,3,1,8,2,0,1
21,1449,4,0,4,0,9,8,4,3,3,2,3,1,8,2,0,1
21,1449,4,0,4,0,9,8,4,3,3,2,3,1,8,2,0,1
21,1449,4,0,4,0,9,8,4,3,3,2,3,1,8,2,0,1
21,1449,4,0,4,0,9,8,4,3,3,2,3,1,7,2,0,1
22,1450,4,0,4,0,9,8,4,3,3,2,3,1,4,2,0,1
22,1450,4,0,4,0,9,8,4,3,3,2,3,1,4,2,0,1
22,1450,4,0,4,0,9,8,4,3,3,2,3,1,4,2,0,1
22,1450,4,0,4,0,9,8,4,3,3,2,3,1,4,2,0,1
22,1450,4,0,4,0,9,8,4,3,3,2,3,1,4,2,0,1
22,1450,4,0,4,0,9,8,4,3,3,2,3,1,4,2,0,1
22,1450,4,0,4,0,9,8,4,3,3,2,3,1,4,2,8,1
22,1450,4,0,4,0,10,10,4,4,3,2,4,2,5,5,8,5
22,1450,4,0,4,0,10,10,4,4,3,3,4,2,5,6,8,6
22,1450,4,0,4,0,10,10,4,4,3,3,4,2,5,6,9,7
22,1450,4,0,4,0,10,10,4,4,3,3,4,2,5,6,9,8
22,1450,4,0,4,0,10,10,4,4,3,3,4,2,5,6,9,8
22,1450,4,0,4,0,10,10,4,4,3,3,4,2,5,6,9,8
22,1450,4,0,4,0,10,10,4,4,3,3,4,2,5,6,5,8
22,1450,4,0,4,0,10,10,4,4,3,3,4,2,5,5,5,7
22,1450,4,0,4,0,10,10,4,4,3,3,4,2,4,5,5,4
22,1450,4,0,4,0,9,10,4,4,3,3,3,2,4,5,5,4
22,1450,4,0,4,0,9,10,4,4,3,3,3,2,4,5,0,4
22,1450,4,0,4,0,9,9,4,4,3,3,3,2,4,5,0,4
22,1450,4,0,4,0,9,9,4,4,3,3,3,2,4,5,0,4
22,1450,4,0,4,0,9,9,4,4,3,3,3,2,4,5,0,4
22,1450,4,0,4,0,9,9,4,4,3,3,3,2,4,5,0,4
22,1450,4,0,4,0,9,9,4,4,3,2,3,2,4,5,0,3
22,1450,4,0,4,0,9,9,4,4,3,2,3,2,4,5,0,3
23,1451,4,0,4,0,9,9,4,4,3,2,3,2,7,7,0,3
23,1451,4,0,4,0,9,9,4,4,3,2,3,2,7,7,0,3
23,1451,4,0,4,0,9,9,4,4,3,2,3,2,7,7,0,3
23,1451,4,0,4,0,9,9,4,4,3,2,3,2,7,7,0,3
23,1451,4,0,4,0,9,9,4,4,3,2,3,2,7,7,0,3
23,1451,4,0,4,0,9,9,4,4,3,2,3,2,7,7,0,3
23,1451,4,0,4,0,9,9,4,4,3,2,3,2,10,8,8,3
23,1451,4,0,4,0,10,10,4,3,3,3,4,3,10,7,8,1
23,1451,4,0,4,0,10,10,4,3,3,3,4,3,10,9,8,1
23,1451,4,0,4,0,10,10,4,4,3,3,4,3,10,10,9,1
23,1451,4,0,4,0,10,10,4,4,3,3,4,3,10,10,9,1
23,1451,4,0,4,0,10,10,4,4,3,3,4,3,10,10,9,1
23,1451,4,0,4,0,10,10,4,4,3,3,4,3,10,9,9,0
23,1451,4,0,4,0,10,10,4,4,3,3,4,3,10,9,5,0
23,1451,4,0,4,0,10,10,4,4,3,3,4,3,10,9,5,0
23,1451,4,0,4,0,10,10,4,4,3,3,4,3,8,9,5,0
23,1451,4,0,4,0,9,10,4,4,3,3,3,3,8,9,5,0
23,1451,4,0,4,0,9,9,4,4,3,3,3,3,8,8,0,0
23,1451,4,0,4,0,9,9,4,4,3,3,3,3,8,8,0,0
23,1451,4,0,4,0,9,9,4,4,3,3,3,3,8,8,0,0
23,1451,4,0,4,0,9,9,4,4,3,3,3,3,8,8,0,0
23,1451,4,0,4,0,9,9,4,4,3,3,3,3,8,8,0,0
23,1451,4,0,4,0,9,9,4,4,3,3,3,3,8,8,0,0
23,1451,4,0,4,0,9,9,4,4,3,3,3,3,7,8,0,0
24,1452,4,0,4,0,9,9,4,4,3,3,3,3,7,8,0,0
24,1452,4,0,4,0,9,9,4,4,3,3,3,3,7,8,0,0
24,1452,4,0,4,0,9,9,4,4,3,3,3,3,7,8,0,0
24,1452,4,0,4,0,9,9,4,4,3,3,3,3,7,8,0,0
24,1452,4,0,4,0,9,9,4,4,3,3,3,3,7,8,0,0
24,1452,4,0,4,0,9,9,4,4,3,3,3,3,7,8,0,0
24,1452,4,0,4,0,9,9,4,4,3,3,3,3,8,8,8,0
24,1452,4,0,4,0,10,10,4,4,3,3,4,3,8,8,8,0
24,1452,4,0,4,0,10,10,4,4,3,3,4,3,8,8,8,0
24,1452,4,0,4,0,10,10,4,4,3,3,4,3,8,8,9,0
24,1452,4,0,4,0,10,10,4,4,3,3,4,3,8,8,9,0
24,1452,4,0,4,0,10,10,4,4,3,3,4,3,8,8,9,0
24,1452,4,0,4,0,10,10,4,4,3,3,4,2,8,8,9,0
24,1452,4,0,4,0,10,10,4,3,3,3,4,2,8,7,5,0
24,1452,4,0,4,0,10,10,4,3,3,3,4,2,8,7,5,0
24,1452,4,0,4,0,10,10,4,3,3,3,4,2,8,7,5,0
24,1452,4,0,4,0,9,10,4,3,3,3,3,2,8,7,5,0
24,1452,4,0,4,0,9,10,4,3,3,3,3,2,8,7,0,0
24,1452,4,0,4,0,9,10,4,3,3,3,3,2,8,7,0,0
24,1452,4,0,4,0,9,10,4,3,3,3,3,2,8,7,0,0
24,1452,4,0,4,0,9,10,4,3,3,3,3,2,8,7,0,0
24,1452,4,0,4,0,9,10,4,3,3,3,3,2,8,7,0,0
24,1452,4,0,4,0,9,9,4,3,3,2,3,2,8,7,0,0
24,1452,4,0,4,0,9,9,4,3,3,2,3,2,7,7,0,0
25,1453,4,0,4,0,9,9,4,3,3,2,3,2,7,7,0,0
25,1453,4,0,4,0,9,9,4,3,3,2,3,2,7,7,0,0
25,1453,4,0,4,0,9,9,4,3,3,2,3,2,7,7,0,0
25,1453,4,0,4,0,9,9,4,3,3,2,3,2,7,7,0,0
25,1453,4,0,4,0,9,9,4,3,3,2,3,2,7,7,0,0
25,1453,4,0,4,0,9,9,4,3,3,2,3,2,7,7,0,0
25,1453,4,0,4,0,9,9,4,3,3,2,3,2,8,7,8,0
25,1453,4,0,4,0,10,9,4,3,3,3,4,3,8,8,8,1
25,1453,4,0,4,0,10,10,4,4,3,3,4,3,8,8,8,1
25,1453,4,0,4,1,10,10,4,4,3,3,4,3,8,8,9,2
25,1453,4,0,4,1,10,10,4,4,3,3,4,3,8,8,9,3
25,1453,4,0,4,1,10,10,4,4,3,3,4,3,8,8,9,4
25,1453,4,0,4,1,10,10,4,4,3,3,4,3,8,8,9,4
25,1453,4,0,4,1,10,10,4,4,3,3,4,3,8,8,5,4
25,1453,4,0,4,1,10,9,4,4,3,2,4,3,8,8,5,4
25,1453,4,0,4,0,10,9,4,3,3,2,4,3,8,8,5,2
25,1453,4,0,4,0,9,9,4,3,3,2,3,3,8,8,5,1
25,1453,4,0,4,0,9,9,4,3,3,2,3,3,8,8,0,1
25,1453,4,0,4,0,9,9,4,3,3,1,3,3,8,8,0,1
25,1453,4,0,4,0,9,9,4,3,3,1,3,3,8,8,0,1
25,1453,4,0,4,0,9,9,4,3,3,1,3,3,8,8,0,1
25,1453,4,0,4,0,9,9,4,3,3,1,3,3,8,8,0,1
25,1453,4,0,4,0,9,9,4,3,3,1,3,3,8,7,0,1
25,1453,4,0,4,0,9,9,4,3,3,1,3,3,7,7,0,1
26,1454,4,0,3,0,8,9,3,3,2,1,2,3,7,7,0,1
26,1454,4,0,3,0,8,9,3,3,2,1,2,3,7,7,0,1
26,1454,4,0,3,0,8,9,3,3,2,1,2,3,7,7,0,1
26,1454,4,0,3,0,8,9,3,3,2,1,2,3,7,7,0,1
26,1454,4,0,3,0,8,9,3,3,2,1,2,3,7,7,0,1
26,1454,4,0,3,0,8,9,3,3,2,1,2,3,7,7,0,1
26,1454,4,0,3,0,8,9,3,3,2,1,3,3,10,7,0,1
26,1454,4,0,3,0,8,8,3,3,2,1,3,1,10,6,0,0
26,1454,4,0,3,0,8,8,3,3,2,1,3,1,10,6,0,0
26,1454,4,0,3,0,8,8,3,3,2,1,3,1,10,6,0,0
26,1454,4,0,3,0,8,8,3,3,2,1,3,1,10,6,0,0
26,1454,4,0,3,0,8,8,3,3,2,1,3,1,10,6,0,0
26,1454,4,0,3,0,8,8,3,3,2,1,3,1,10,6,0,0
26,1454,4,0,3,0,8,8,3,3,2,1,3,1,10,6,0,0
26,1454,4,0,3,0,8,8,3,3,2,1,3,1,10,6,0,0
26,1454,4,0,3,0,8,8,3,3,2,1,2,1,8,6,0,0
26,1454,4,0,3,0,8,8,3,3,2,1,2,1,8,6,0,0
26,1454,4,0,3,0,8,8,3,3,2,1,2,1,8,6,0,0
26,1454,4,0,3,0,8,8,3,3,2,1,2,1,8,6,0,0
26,1454,4,0,3,0,8,8,3,3,2,1,2,1,8,6,0,0
26,1454,4,0,3,0,8,8,3,3,2,1,2,1,8,6,0,0
26,1454,4,0,3,0,8,8,3,3,2,1,2,1,8,6,0,0
26,1454,4,0,3,0,8,8,3,3,2,1,2,1,8,6,0,0
26,1454,4,0,3,0,8,8,3,3,2,1,2,1,7,6,0,0
27,1455,4,0,3,0,8,8,3,3,2,1,2,1,4,6,0,0
27,1455,4,0,3,0,8,8,3,3,2,1,2,1,4,6,0,0
27,1455,4,0,3,0,8,8,3,3,2,1,2,1,4,6,0,0
27,1455,4,0,3,0,8,8,3,3,2,1,2,1,4,6,0,0
27,1455,4,0,3,0,8,8,3,3,2,1,2,1,4,6,0,0
27,1455,4,0,3,0,8,8,3,3,2,1,2,1,4,6,0,0
27,1455,4,0,3,0,8,8,3,3,2,1,3,1,4,6,0,0
27,1455,4,0,3,0,8,8,3,3,2,1,3,1,5,5,0,0
27,1455,4,0,3,0,8,8,3,3,2,1,3,1,5,5,0,0
27,1455,4,0,3,0,8,8,3,3,2,1,3,1,5,5,0,0
27,1455,4,0,3,0,8,8,3,3,2,1,3,1,5,5,0,0
27,1455,4,0,3,0,8,8,3,3,2,1,3,1,5,5,0,0
27,1455,4,0,3,0,8,8,3,3,2,1,3,1,5,5,0,0
27,1455,4,0,3,0,8,8,3,3,2,1,3,1,5,5,0,0
27,1455,4,0,3,0,8,8,3,3,2,1,3,1,5,5,0,0
27,1455,4,0,3,0,8,8,3,3,2,1,2,1,4,5,0,0
27,1455,4,0,3,0,8,8,3,3,2,1,2,1,4,5,0,0
27,1455,4,0,3,0,8,8,3,3,2,1,2,1,4,5,0,0
27,1455,4,0,3,0,8,8,3,3,2,1,2,1,4,5,0,0
27,1455,4,0,3,0,8,8,3,3,2,1,2,1,4,5,0,0
27,1455,4,0,3,0,8,8,3,3,2,1,2,1,4,5,0,0
27,1455,4,0,3,0,8,7,3,3,2,1,2,1,4,5,0,0
27,1455,4,0,3,0,8,7,3,3,2,1,2,1,4,5,0,0
27,1455,4,0,3,0,8,7,3,3,2,1,2,1,4,5,0,0
0,1456,4,0,4,0,9,7,4,3,3,1,3,1,7,5,0,0
0,1456,4,0,4,0,9,7,4,3,3,1,3,1,7,5,0,0
0,1456,4,0,4,0,9,7,4,3,3,1,3,1,7,5,0,0
0,1456,4,0,4,0,9,7,4,3,3,1,3,1,7,5,0,0
0,1456,4,0,4,0,9,7,4,3,3,1,3,1,7,5,0,0
0,1456,4,0,4,0,9,7,4,3,3,1,3,1,7,5,0,0
0,1456,4,0,4,0,9,7,4,3,3,1,3,1,8,5,8,0
0,1456,4,0,4,0,10,8,4,4,3,2,4,2,8,7,8,2
0,1456,4,0,4,0,10,9,4,4,3,3,4,2,8,7,8,2
0,1456,4,0,4,0,10,10,4,4,3,3,4,2,8,8,9,2
0,1456,4,0,4,0,10,10,4,4,3,3,4,2,8,8,9,2
0,1456,4,0,4,0,10,10,4,4,3,3,4,2,8,8,9,2
0,1456,4,0,4,0,10,10,4,4,3,3,4,2,8,8,9,2
0,1456,4,0,4,0,10,10,4,4,3,3,4,2,8,8,5,2
0,1456,4,0,4,0,10,9,4,4,3,2,4,1,8,8,5,2
0,1456,4,0,4,0,10,8,4,4,3,2,4,1,8,7,5,2
0,1456,4,0,4,0,9,8,4,4,3,2,3,1,8,7,5,2
0,1456,4,0,4,0,9,8,4,4,3,2,3,1,8,7,0,1
0,1456,4,0,4,0,9,8,4,4,3,2,3,1,8,7,0,1
0,1456,4,0,4,0,9,8,4,4,3,2,3,1,8,7,0,1
0,1456,4,0,4,0,9,8,4,4,3,2,3,1,8,7,0,1
0,1456,4,0,4,0,9,8,4,4,3,2,3,1,8,7,0,1
0,1456,4,0,4,0,9,8,4,4,3,2,3,1,8,7,0,1
0,1456,4,0,4,0,9,8,4,4,3,2,3,1,7,7,0,1
1,1457,4,0,4,0,9,8,4,4,3,2,3,1,4,7,0,1
1,1457,4,0,4,0,9,8,4,4,3,2,3,1,4,7,0,1
1,1457,4,0,4,0,9,8,4,4,3,2,3,1,4,7,0,1
1,1457,4,0,4,0,9,8,4,4,3,2,3,1,4,7,0,1
1,1457,4,0,4,0,9,8,4,4,3,2,3,1,4,7,0,1
1,1457,4,0,4,0,9,8,4,4,3,2,3,1,4,7,0,1
1,1457,4,0,4,0,9,8,4,4,3,2,3,1,4,7,8,1
1,1457,4,0,4,0,10,9,4,4,3,3,4,1,5,7,8,1
1,1457,4,0,4,0,10,10,4,4,3,3,4,1,5,7,8,1
1,1457,4,0,4,0,10,10,4,4,3,2,4,1,5,7,9,2
1,1457,4,0,4,0,10,10,4,4,3,3,4,1,5,7,9,2
1,1457,4,0,4,0,10,10,4,4,3,3,4,1,5,7,9,2
1,1457,4,0,4,0,10,10,4,4,3,3,4,1,5,7,9,2
1,1457,4,0,4,0,10,10,4,4,3,3,4,1,5,7,5,2
1,1457,4,0,4,0,10,10,4,4,3,3,4,1,5,7,5,2
1,1457,4,0,4,0,10,10,4,4,3,3,4,1,4,7,5,1
1,1457,4,0,4,0,9,10,4,4,3,3,3,1,4,7,5,1
1,1457,4,0,4,0,9,10,4,4,3,3,3,0,4,7,0,1
1,1457,4,0,4,0,9,10,4,4,3,3,3,0,4,7,0,1
1,1457,4,0,4,0,9,10,4,4,3,3,3,0,4,7,0,1
1,1457,4,0,4,0,9,10,4,4,3,3,3,0,4,7,0,1
1,1457,4,0,4,0,9,10,4,4,3,3,3,0,4,7,0,1
1,1457,4,0,4,0,9,9,4,4,3,3,3,0,4,7,0,1
1,1457,4,0,4,0,9,9,4,4,3,3,3,0,4,7,0,1
2,1458,4,0,4,0,9,9,4,4,3,3,3,0,7,7,0,1
2,1458,4,0,4,0,9,9,4,4,3,3,3,0,7,7,0,1
2,1458,4,0,4,0,9,9,4,4,3,3,3,0,7,7,0,1
2,1458,4,0,4,0,9,9,4,4,3,3,3,0,7,7,0,1
2,1458,4,0,4,0,9,9,4,4,3,3,3,0,7,7,0,1
2,1458,4,0,4,0,9,9,4,4,3,3,3,0,7,7,0,1
2,1458,4,0,4,0,9,9,4,4,3,3,3,0,10,7,8,1
2,1458,4,0,4,0,10,9,4,4,3,3,4,1,10,10,8,1
2,1458,4,0,4,0,10,10,4,4,3,3,4,1,10,10,8,1
2,1458,4,0,4,0,10,10,4,4,3,3,4,1,10,10,9,1
2,1458,4,0,4,0,10,10,4,4,3,3,4,1,10,11,9,1
2,1458,4,0,4,0,10,10,4,4,3,3,4,1,10,10,9,1
2,1458,4,0,4,0,10,10,4,4,3,3,4,1,10,10,9,1
2,1458,4,0,4,0,10,10,4,4,3,3,4,1,10,10,5,1
2,1458,4,0,4,0,10,10,4,4,3,3,4,1,10,9,5,0
2,1458,4,0,4,0,10,8,4,3,3,3,4,1,8,9,5,0
2,1458,4,0,4,0,9,8,4,3,3,3,3,1,8,8,5,0
2,1458,4,0,4,0,9,8,4,3,3,3,3,1,8,8,0,0
2,1458,4,0,4,0,9,8,4,3,3,3,3,1,8,8,0,0
2,1458,4,0,4,0,9,8,4,3,3,3,3,1,8,8,0,0
2,1458,4,0,4,0,9,8,4,3,3,3,3,1,8,8,0,0
2,1458,4,0,4,0,9,8,4,3,3,3,3,1,8,8,0,0
2,1458,4,0,4,0,9,8,4,3,3,3,3,1,8,7,0,0
2,1458,4,0,4,0,9,8,4,3,3,3,3,1,7,7,0,0
3,1459,4,0,4,0,9,8,4,3,3,3,3,1,7,7,0,0
3,1459,4,0,4,0,9,8,4,3,3,3,3,1,7,7,0,0
3,1459,4,0,4,0,9,8,4,3,3,3,3,1,7,7,0,0
3,1459,4,0,4,0,9,8,4,3,3,3,3,1,7,7,0,0
3,1459,4,0,4,0,9,8,4,3,3,3,3,1,7,7,0,0
3,1459,4,0,4,0,9,8,4,3,3,3,3,1,7,7,0,0
3,1459,4,0,4,0,9,8,4,3,3,3,3,1,8,7,8,0
3,1459,4,0,4,0,10,10,4,4,3,2,4,2,8,8,8,0
3,1459,4,0,4,0,10,10,4,4,3,2,4,2,8,8,8,0
3,1459,4,0,4,0,10,10,4,4,3,2,4,2,8,8,9,0
3,1459,4,0,4,0,10,10,4,4,3,2,4,2,8,8,9,0
3,1459,4,0,4,0,10,10,4,4,3,2,4,2,8,8,9,0
3,1459,4,0,4,0,10,10,4,4,3,2,4,2,8,8,9,0
3,1459,4,0,4,0,10,10,4,4,3,2,4,2,8,8,5,0
3,1459,4,0,4,0,10,10,4,4,3,2,4,2,8,8,5,0
3,1459,4,0,4,0,10,10,4,4,3,2,4,2,8,8,5,0
3,1459,4,0,4,0,9,9,4,4,3,2,3,2,8,7,5,0
3,1459,4,0,4,0,9,9,4,4,3,2,3,2,8,7,0,0
3,1459,4,0,4,0,9,8,4,4,3,2,3,2,8,7,0,0
3,1459,4,0,4,0,9,8,4,4,3,2,3,2,8,7,0,0
3,1459,4,0,4,0,9,8,4,4,3,2,3,2,8,7,0,0
3,1459,4,0,4,0,9,8,4,4,3,2,3,2,8,7,0,0
3,1459,4,0,4,0,9,8,4,4,3,2,3,2,8,6,0,0
3,1459,4,0,4,0,9,8,4,4,3,2,3,2,7,6,0,0
4,1460,4,0,4,0,9,8,4,4,3,2,3,2,7,6,0,0
4,1460,4,0,4,0,9,8,4,4,3,2,3,2,7,6,0,0
4,1460,4,0,4,0,9,8,4,4,3,2,3,2,7,6,0,0
4,1460,4,0,4,0,9,8,4,4,3,2,3,2,7,6,0,0
4,1460,4,0,4,0,9,8,4,4,3,2,3,2,7,6,0,0
4,1460,4,0,4,0,9,8,4,4,3,2,3,2,7,6,0,0
4,1460,4,0,4,0,9,8,4,4,3,2,3,2,8,6,8,0
4,1460,4,0,4,0,10,9,4,4,3,3,4,3,8,8,8,1
4,1460,4,0,4,0,10,10,4,4,3,3,4,3,8,8,8,1
4,1460,4,0,4,0,10,10,4,4,3,3,4,3,8,8,9,1
4,1460,4,0,4,0,10,10,4,4,3,2,4,3,8,8,9,1
4,1460,4,0,4,0,10,10,4,4,3,3,4,3,8,8,9,1
4,1460,4,0,4,0,10,10,4,4,3,3,4,3,8,8,9,1
4,1460,4,0,4,0,10,10,4,4,3,3,4,3,8,8,5,1
4,1460,4,0,4,0,10,10,4,4,3,3,4,3,8,8,5,1
4,1460,4,0,4,0,10,10,4,4,3,3,4,3,8,8,5,1
4,1460,4,0,4,0,9,10,4,4,3,3,3,3,8,8,5,1
4,1460,4,0,4,0,9,10,4,4,3,3,3,3,8,8,0,1
4,1460,4,0,4,0,9,10,4,4,3,3,3,3,8,8,0,1
4,1460,4,0,4,0,9,10,4,4,3,3,3,3,8,8,0,1
4,1460,4,0,4,0,9,10,4,4,3,3,3,2,8,8,0,1
4,1460,4,0,4,0,9,10,4,4,3,3,3,2,8,7,0,1
4,1460,4,0,4,0,9,10,4,3,3,3,3,2,8,7,0,0
4,1460,4,0,4,0,9,10,4,3,3,3,3,2,7,7,0,0
5,1461,4,0,3,0,8,10,3,3,2,3,2,2,7,7,0,0
5,1461,4,0,3,0,8,10,3,3,2,3,2,2,7,7,0,0
5,1461,4,0,3,0,8,10,3,3,2,3,2,2,7,7,0,0
5,1461,4,0,3,0,8,10,3,3,2,3,2,2,7,7,0,0
5,1461,4,0,3,0,8,10,3,3,2,3,2,2,7,7,0,0
5,1461,4,0,3,0,8,10,3,3,2,3,2,2,7,7,0,0
5,1461,4,0,3,0,8,10,3,3,2,3,3,2,10,7,0,0
5,1461,4,0,3,0,8,9,3,3,2,3,3,2,10,7,0,0
5,1461,4,0,3,0,8,9,3,3,2,3,3,2,10,7,0,0
5,1461,4,0,3,0,8,9,3,3,2,3,3,2,10,7,0,0
5,1461,4,0,3,0,8,9,3,3,2,3,3,2,10,7,0,0
5,1461,4,0,3,0,8,9,3,3,2,3,3,2,10,7,0,0
5,1461,4,0,3,0,8,9,3,3,2,3,3,2,10,7,0,0
5,1461,4,0,3,0,8,9,3,2,2,2,3,2,10,7,0,0
5,1461,4,0,3,0,8,8,3,2,2,2,3,2,10,7,0,0
5,1461,4,0,3,0,8,8,3,2,2,2,2,2,8,7,0,0
5,1461,4,0,3,0,8,8,3,2,2,2,2,2,8,7,0,0
5,1461,4,0,3,0,8,8,3,2,2,2,2,2,8,7,0,0
5,1461,4,0,3,0,8,8,3,2,2,2,2,2,8,7,0,0
5,1461,4,0,3,0,8,8,3,2,2,2,2,2,8,6,0,0
5,1461,4,0,3,0,8,8,3,2,2,2,2,2,8,6,0,0
5,1461,4,0,3,0,8,8,3,2,2,2,2,2,8,6,0,0
5,1461,4,0,3,0,8,8,3,2,2,2,2,2,8,6,0,0
5,1461,4,0,3,0,8,8,3,2,2,2,2,2,7,6,0,0
6,1462,4,0,3,0,8,8,3,2,2,2,2,2,4,6,0,0
6,1462,4,0,3,0,8,8,3,2,2,2,2,2,4,6,0,0
6,1462,4,0,3,0,8,8,3,2,2,2,2,2,4,6,0,0
6,1462,4,0,3,0,8,8,3,2,2,2,2,2,4,6,0,0
6,1462,4,0,3,0,8,8,3,2,2,2,2,2,4,6,0,0
6,1462,4,0,3,0,8,8,3,2,2,2,2,2,4,6,0,0
6,1462,4,0,3,0,8,8,3,2,2,2,3,2,4,6,0,0
6,1462,4,0,3,0,8,8,3,2,2,2,3,1,5,5,0,0
6,1462,4,0,3,0,8,8,3,2,2,2,3,1,5,5,0,0
6,1462,4,0,3,0,8,7,3,2,2,2,3,1,5,5,0,0
6,1462,4,0,3,0,8,7,3,2,2,2,3,1,5,5,0,0
6,1462,4,0,3,0,8,7,3,2,2,2,3,1,5,5,0,0
6,1462,4,0,3,0,8,7,3,2,2,2,3,1,5,5,0,0
6,1462,4,0,3,0,8,7,3,2,2,2,3,1,5,5,0,0
6,1462,4,0,3,0,8,7,3,2,2,2,3,1,5,5,0,0
6,1462,4,0,3,0,8,7,3,2,2,2,2,1,4,5,0,0
6,1462,4,0,3,0,8,7,3,2,2,2,2,1,4,5,0,0
6,1462,4,0,3,0,8,7,3,2,2,2,2,1,4,5,0,0
6,1462,4,0,3,0,8,7,3,2,2,2,2,1,4,5,0,0
6,1462,4,0,3,0,8,7,3,2,2,2,2,1,4,5,0,0
6,1462,4,0,3,0,8,7,3,2,2,2,2,1,4,4,0,0
6,1462,4,0,3,0,8,7,3,2,2,2,2,1,4,4,0,0
6,1462,4,0,3,0,8,7,3,2,2,2,2,1,4,4,0,0
6,1462,4,0,3,0,8,7,3,2,2,2,2,1,4,4,0,0
7,1463,4,0,4,0,9,7,4,2,3,2,3,1,7,4,0,0
7,1463,4,0,4,0,9,7,4,2,3,2,3,1,7,4,0,0
7,1463,4,0,4,0,9,7,4,2,3,2,3,1,7,4,0,0
7,1463,4,0,4,0,9,7,4,2,3,2,3,1,7,4,0,0
7,1463,4,0,4,0,9,7,4,2,3,2,3,1,7,4,0,0
7,1463,4,0,4,0,9,7,4,2,3,2,3,1,7,4,0,0
7,1463,4,0,4,0,9,7,4,2,3,2,3,1,8,4,8,0
7,1463,4,0,4,0,10,9,4,4,3,3,4,2,8,6,8,1
7,1463,4,0,4,0,10,9,4,4,3,3,4,2,8,7,8,1
7,1463,4,0,4,0,10,9,4,4,3,3,4,2,8,8,9,1
7,1463,4,0,4,0,10,10,4,4,3,3,4,2,8,7,9,1
7,1463,4,0,4,0,10,10,4,4,3,2,4,2,8,8,9,1
7,1463,4,0,4,0,10,10,4,4,3,3,4,2,8,8,9,1
7,1463,4,0,4,0,10,9,4,4,3,3,4,2,8,8,5,1
7,1463,4,0,4,0,10,9,4,4,3,3,4,2,8,8,5,1
7,1463,4,0,4,0,10,9,4,4,3,3,4,2,8,8,5,1
7,1463,4,0,4,0,9,9,4,4,3,3,3,2,8,8,5,1
7,1463,4,0,4,0,9,9,4,4,3,2,3,2,8,8,0,1
7,1463,4,0,4,0,9,9,4,4,3,2,3,2,8,8,0,1
7,1463,4,0,4,0,9,9,4,4,3,2,3,2,8,8,0,1
7,1463,4,0,4,0,9,9,4,4,3,2,3,2,8,8,0,0
7,1463,4,0,4,0,9,9,4,4,3,2,3,2,8,7,0,0
7,1463,4,0,4,0,9,9,4,4,3,2,3,2,8,7,0,0
7,1463,4,0,4,0,9,9,4,4,3,2,3,2,7,7,0,0
8,1464,4,0,4,0,9,9,4,4,3,2,3,2,4,7,0,0
8,1464,4,0,4,0,9,9,4,4,3,2,3,2,4,7,0,0
8,1464,4,0,4,0,9,9,4,4,3,2,3,2,4,7,0,0
8,1464,4,0,4,0,9,9,4,4,3,2,3,2,4,7,0,0
8,1464,4,0,4,0,9,9,4,4,3,2,3,2,4,7,0,0
8,1464,4,0,4,0,9,9,4,4,3,2,3,2,4,7,0,0
8,1464,4,0,4,0,9,9,4,4,3,2,3,2,4,7,8,0
8,1464,4,0,4,0,10,9,4,4,3,3,4,3,5,6,8,2
8,1464,4,0,4,0,10,9,4,4,3,3,4,3,5,6,8,3
8,1464,4,0,4,0,10,10,4,4,3,2,4,3,5,6,9,3
8,1464,4,0,4,0,10,10,4,4,3,3,4,3,5,6,9,3
8,1464,4,0,4,0,10,10,4,4,3,3,4,3,5,6,9,3
8,1464,4,0,4,0,10,10,4,4,3,3,4,3,5,6,9,3
8,1464,4,0,4,0,10,10,4,4,3,3,4,3,5,6,5,3
8,1464,4,0,4,0,10,10,4,4,3,3,4,3,5,6,5,3
8,1464,4,0,4,0,10,10,4,4,3,3,4,3,4,6,5,1
8,1464,4,0,4,0,9,10,4,4,3,3,3,3,4,6,5,1
8,1464,4,0,4,0,9,10,4,3,3,3,3,3,4,6,0,1
8,1464,4,0,4,0,9,10,4,3,3,3,3,3,4,6,0,0
8,1464,4,0,4,0,9,10,4,3,3,3,3,3,4,6,0,0
8,1464,4,0,4,0,9,10,4,3,3,3,3,3,4,6,0,0
8,1464,4,0,4,0,9,9,4,3,3,3,3,3,4,6,0,0
8,1464,4,0,4,0,9,9,4,3,3,3,3,3,4,6,0,0
8,1464,4,0,4,0,9,9,4,3,3,3,3,3,4,6,0,0
9,1465,4,0,4,0,9,9,4,3,3,3,3,3,7,6,0,0
9,1465,4,0,4,0,9,9,4,3,3,3,3,3,7,6,0,0
9,1465,4,0,4,0,9,9,4,3,3,3,3,3,7,6,0,0
9,1465,4,0,4,0,9,9,4,3,3,3,3,3,7,6,0,0
9,1465,4,0,4,0,9,9,4,3,3,3,3,3,7,6,0,0
9,1465,4,0,4,0,9,9,4,3,3,3,3,3,7,6,0,0
9,1465,4,0,4,0,9,9,4,3,3,3,3,3,10,6,8,0
9,1465,4,0,4,0,10,9,4,4,3,3,4,3,10,10,8,1
9,1465,4,0,4,0,10,10,4,4,3,3,4,3,10,10,8,2
9,1465,4,0,4,0,10,10,4,4,3,3,4,3,10,11,9,2
9,1465,4,0,4,0,10,10,4,4,3,3,4,3,10,11,9,3
9,1465,4,0,4,0,10,10,4,4,3,3,4,3,10,11,9,3
9,1465,4,0,4,0,10,10,4,4,3,3,4,3,10,11,9,3
9,1465,4,0,4,0,10,10,4,4,3,3,4,3,10,11,5,3
9,1465,4,0,4,0,10,10,4,4,3,3,4,3,10,11,5,2
9,1465,4,0,4,0,10,10,4,4,3,3,4,3,8,10,5,1
9,1465,4,0,4,0,9,9,4,4,3,3,3,3,8,10,5,1
9,1465,4,0,4,0,9,9,4,4,3,3,3,3,8,10,0,1
9,1465,4,0,4,0,9,9,4,4,3,3,3,3,8,10,0,1
9,1465,4,0,4,0,9,9,4,4,3,3,3,3,8,10,0,1
9,1465,4,0,4,0,9,9,4,4,3,3,3,3,8,10,0,1
9,1465,4,0,4,0,9,9,4,4,3,3,3,3,8,9,0,0
9,1465,4,0,4,0,9,9,4,4,3,3,3,3,8,9,0,0
9,1465,4,0,4,0,9,9,4,4,3,3,3,3,7,9,0,0
10,1466,4,0,4,0,9,9,4,4,3,3,3,3,7,9,0,0
10,1466,4,0,4,0,9,9,4,4,3,3,3,3,7,9,0,0
10,1466,4,0,4,0,9,9,4,4,3,3,3,3,7,9,0,0
10,1466,4,0,4,0,9,9,4,4,3,3,3,3,7,9,0,0
10,1466,4,0,4,0,9,9,4,4,3,3,3,3,7,9,0,0
10,1466,4,0,4,0,9,9,4,4,3,3,3,3,7,9,0,0
10,1466,4,0,4,0,9,9,4,4,3,3,3,3,8,9,8,0
10,1466,4,0,4,0,10,10,4,4,3,2,4,4,8,8,8,0
10,1466,4,0,4,0,10,10,4,4,3,2,4,4,8,8,8,0
10,1466,4,0,4,0,10,10,4,4,3,2,4,4,8,8,9,0
10,1466,4,0,4,0,10,10,4,4,3,2,4,3,8,8,9,0
10,1466,4,0,4,0,10,10,4,4,3,2,4,3,8,8,9,0
10,1466,4,0,4,0,10,10,4,4,3,2,4,2,8,8,9,0
10,1466,4,0,4,0,10,10,4,4,3,2,4,1,8,8,5,0
10,1466,4,0,4,0,10,10,4,4,3,2,4,1,8,8,5,0
10,1466,4,0,4,0,10,10,4,4,3,2,4,1,8,8,5,0
10,1466,4,0,4,0,9,10,4,4,3,2,3,1,8,8,5,0
10,1466,4,0,4,0,9,10,4,4,3,2,3,1,8,8,0,0
10,1466,4,0,4,0,9,10,4,4,3,2,3,1,8,8,0,0
10,1466,4,0,4,0,9,10,4,4,3,2,3,1,8,8,0,0
10,1466,4,0,4,0,9,10,4,4,3,2,3,1,8,8,0,0
10,1466,4,0,4,0,9,10,4,4,3,2,3,1,8,8,0,0
10,1466,4,0,4,0,9,10,4,4,3,2,3,1,8,8,0,0
10,1466,4,0,4,0,9,10,4,4,3,2,3,1,7,8,0,0
11,1467,4,0,4,0,9,10,4,4,3,2,3,1,7,8,0,0
11,1467,4,0,4,0,9,10,4,4,3,2,3,1,7,8,0,0
11,1467,4,0,4,0,9,10,4,4,3,2,3,1,7,8,0,0
11,1467,4,0,4,0,9,10,4,4,3,2,3,1,7,8,0,0
11,1467,4,0,4,0,9,10,4,4,3,2,3,1,7,8,0,0
11,1467,4,0,4,0,9,10,4,4,3,2,3,1,7,8,0,0
11,1467,4,0,4,0,9,10,4,4,3,2,3,1,8,8,8,0
11,1467,4,0,4,0,10,10,4,4,3,3,4,2,8,7,8,0
11,1467,4,0,4,0,10,10,4,4,3,3,4,2,8,8,8,1
11,1467,4,0,4,0,10,10,4,4,3,3,4,2,8,8,9,1
11,1467,4,0,4,0,10,10,4,4,3,3,4,2,8,7,9,1
11,1467,4,0,4,0,10,10,4,4,3,3,4,2,8,7,9,1
11,1467,4,0,4,0,10,10,4,4,3,3,4,2,8,7,9,1
11,1467,4,0,4,0,10,10,4,4,3,3,4,2,8,7,5,0
11,1467,4,0,4,0,10,10,4,4,3,3,4,2,8,7,5,0
11,1467,4,0,4,0,10,9,4,4,3,3,4,2,8,7,5,0
11,1467,4,0,4,0,9,9,4,4,3,3,3,2,8,7,5,0
11,1467,4,0,4,0,9,9,4,4,3,3,3,2,8,7,0,0
11,1467,4,0,4,0,9,9,4,4,3,3,3,2,8,6,0,0
11,1467,4,0,4,0,9,9,4,4,3,3,3,2,8,6,0,0
11,1467,4,0,4,0,9,9,4,4,3,3,3,2,8,6,0,0
11,1467,4,0,4,0,9,9,4,4,3,3,3,2,8,6,0,0
11,1467,4,0,4,0,9,9,4,4,3,3,3,2,8,6,0,0
11,1467,4,0,4,0,9,9,4,4,3,3,3,2,7,6,0,0
12,1468,4,0,3,0,8,9,3,4,2,3,2,2,7,6,0,0
12,1468,4,0,3,0,8,9,3,4,2,3,2,2,7,6,0,0
12,1468,4,0,3,0,8,9,3,4,2,3,2,2,7,6,0,0
12,1468,4,0,3,0,8,9,3,4,2,3,2,2,7,6,0,0
12,1468,4,0,3,0,8,9,3,4,2,3,2,2,7,6,0,0
12,1468,4,0,3,0,8,9,3,4,2,3,2,2,7,6,0,0
12,1468,4,0,3,0,8,9,3,4,2,3,3,2,10,6,0,0
12,1468,4,0,3,0,8,9,3,3,2,2,3,2,10,6,0,0
12,1468,4,0,3,0,8,9,3,3,2,2,3,2,10,6,0,0
12,1468,4,0,3,0,8,9,3,3,2,2,3,2,10,6,0,0
12,1468,4,0,3,0,8,9,3,3,2,2,3,2,10,6,0,0
12,1468,4,0,3,0,8,9,3,3,2,2,3,2,10,6,0,0
12,1468,4,0,3,0,8,9,3,3,2,2,3,2,10,6,0,0
12,1468,4,0,3,0,8,9,3,3,2,2,3,2,10,6,0,0
12,1468,4,0,3,0,8,9,3,3,2,2,3,2,10,6,0,0
12,1468,4,0,3,0,8,9,3,3,2,2,2,2,8,6,0,0
12,1468,4,0,3,0,8,9,3,3,2,2,2,2,8,6,0,0
12,1468,4,0,3,0,8,9,3,3,2,2,2,2,8,6,0,0
12,1468,4,0,3,0,8,9,3,3,2,2,2,2,8,5,0,0
12,1468,4,0,3,0,8,9,3,3,2,2,2,2,8,5,0,0
12,1468,4,0,3,0,8,9,3,3,2,2,2,2,8,5,0,0
12,1468,4,0,3,0,8,9,3,3,2,2,2,2,8,5,0,0
12,1468,4,0,3,0,8,9,3,3,2,2,2,2,8,5,0,0
12,1468,4,0,3,0,8,9,3,3,2,2,2,2,7,5,0,0
13,1469,4,0,3,0,8,9,3,3,2,2,2,2,4,5,0,0
13,1469,4,0,3,0,8,9,3,3,2,2,2,2,4,5,0,0
13,1469,4,0,3,0,8,9,3,3,2,2,2,2,4,5,0,0
13,1469,4,0,3,0,8,9,3,3,2,2,2,2,4,5,0,0
13,1469,4,0,3,0,8,9,3,3,2,2,2,2,4,5,0,0
13,1469,4,0,3,0,8,9,3,3,2,2,2,2,4,5,0,0
13,1469,4,0,3,0,8,9,3,3,2,2,3,2,4,5,0,0
13,1469,4,0,3,0,8,9,3,3,2,2,3,2,5,5,0,0
13,1469,4,0,3,0,8,9,3,3,2,2,3,2,5,5,0,0
13,1469,4,0,3,0,8,9,3,3,2,2,3,2,5,5,0,0
13,1469,4,0,3,0,8,9,3,3,2,2,3,2,5,5,0,0
13,1469,4,0,3,0,8,9,3,3,2,2,3,2,5,5,0,0
13,1469,4,0,3,0,8,8,3,3,2,2,3,2,5,4,0,0
13,1469,4,0,3,0,8,8,3,3,2,2,3,2,5,4,0,0
13,1469,4,0,3,0,8,8,3,3,2,2,3,2,5,4,0,0
13,1469,4,0,3,0,8,8,3,3,2,2,2,2,4,4,0,0
13,1469,4,0,3,0,8,8,3,3,2,2,2,2,4,4,0,0
13,1469,4,0,3,0,8,8,3,3,2,1,2,2,4,4,0,0
13,1469,4,0,3,0,8,8,3,3,2,1,2,2,4,4,0,0
13,1469,4,0,3,0,8,8,3,3,2,1,2,2,4,4,0,0
13,1469,4,0,3,0,8,8,3,3,2,1,2,2,4,4,0,0
13,1469,4,0,3,0,8,8,3,3,2,1,2,2,4,4,0,0
13,1469,4,0,3,0,8,8,3,3,2,1,2,2,4,4,0,0
13,1469,4,0,3,0,8,8,3,3,2,1,2,2,4,4,0,0
14,1470,4,0,4,0,9,8,4,3,3,1,3,2,7,4,0,0
14,1470,4,0,4,0,9,8,4,3,3,1,3,2,7,4,0,0
14,1470,4,0,4,0,9,8,4,3,3,1,3,2,7,4,0,0
14,1470,4,0,4,0,9,8,4,3,3,1,3,2,7,4,0,0
14,1470,4,0,4,0,9,8,4,3,3,1,3,2,7,4,0,0
14,1470,4,0,4,0,9,8,4,3,3,1,3,2,7,4,0,0
14,1470,4,0,4,0,9,8,4,3,3,1,3,2,8,4,8,0
14,1470,4,0,4,0,10,9,4,4,3,2,4,2,8,7,8,2
14,1470,4,0,4,0,10,10,4,4,3,2,4,2,8,7,8,2
14,1470,4,0,4,0,10,10,4,4,3,3,4,2,8,8,9,2
14,1470,4,0,4,0,10,10,4,4,3,3,4,2,8,8,9,2
14,1470,4,0,4,0,10,10,4,4,3,3,4,2,8,8,9,2
14,1470,4,0,4,0,10,10,4,4,3,3,4,2,8,8,9,2
14,1470,4,0,4,0,10,10,4,4,3,2,4,2,8,9,5,2
14,1470,4,0,4,0,10,10,4,4,3,2,4,2,8,9,5,2
14,1470,4,0,4,0,10,10,4,4,3,2,4,2,8,9,5,2
14,1470,4,0,4,0,9,10,4,4,3,2,3,2,8,8,5,1
14,1470,4,0,4,0,9,10,4,4,3,2,3,2,8,7,0,1
14,1470,4,0,4,0,9,10,4,4,3,2,3,2,8,7,0,1
14,1470,4,0,4,0,9,10,4,4,3,2,3,2,8,7,0,1
14,1470,4,0,4,0,9,10,4,3,3,2,3,2,8,7,0,0
14,1470,4,0,4,0,9,10,4,3,3,2,3,2,8,7,0,0
14,1470,4,0,4,0,9,9,4,3,3,2,3,2,8,7,0,0
14,1470,4,0,4,0,9,9,4,3,3,2,3,2,7,7,0,0
15,1471,4,0,4,0,9,9,4,3,3,2,3,2,4,7,0,0
15,1471,4,0,4,0,9,9,4,3,3,2,3,2,4,7,0,0
15,1471,4,0,4,0,9,9,4,3,3,2,3,2,4,7,0,0
15,1471,4,0,4,0,9,9,4,3,3,2,3,2,4,7,0,0
15,1471,4,0,4,0,9,9,4,3,3,2,3,2,4,7,0,0
15,1471,4,0,4,0,9,9,4,3,3,2,3,2,4,7,0,0
15,1471,4,0,4,0,9,9,4,3,3,2,3,2,4,7,8,0
15,1471,4,0,4,0,10,9,4,4,3,3,4,3,5,6,8,2
15,1471,4,0,4,0,10,10,4,4,3,3,4,3,5,6,8,3
15,1471,4,0,4,0,10,10,4,4,3,3,4,3,5,6,9,4
15,1471,4,0,4,0,10,10,4,4,3,3,4,3,5,6,9,4
15,1471,4,0,4,0,10,10,4,4,3,3,4,3,5,6,9,4
15,1471,4,0,4,0,10,10,4,4,3,3,4,3,5,6,9,4
15,1471,4,0,4,0,10,10,4,4,3,3,4,3,5,6,5,4
15,1471,4,0,4,0,10,10,4,4,3,3,4,3,5,6,5,4
15,1471,4,0,4,0,10,10,4,3,3,3,4,3,4,6,5,4
15,1471,4,0,4,0,9,10,4,3,3,3,3,3,4,6,5,4
15,1471,4,0,4,0,9,10,4,3,3,3,3,3,4,6,0,4
15,1471,4,0,4,0,9,10,4,3,3,2,3,3,4,6,0,4
15,1471,4,0,4,0,9,10,4,3,3,2,3,3,4,6,0,3
15,1471,4,0,4,0,9,10,4,3,3,2,3,3,4,6,0,3
15,1471,4,0,4,0,9,10,4,3,3,1,3,3,4,6,0,3
15,1471,4,0,4,0,9,10,4,3,3,1,3,3,4,6,0,3
15,1471,4,0,4,0,9,10,4,3,3,1,3,3,4,6,0,3
16,1472,4,0,4,0,9,10,4,3,3,1,3,3,7,7,0,3
16,1472,4,0,4,0,9,10,4,3,3,1,3,3,7,7,0,3
16,1472,4,0,4,0,9,10,4,3,3,1,3,3,7,7,0,3
16,1472,4,0,4,0,9,10,4,3,3,1,3,3,7,7,0,3
16,1472,4,0,4,0,9,10,4,3,3,1,3,3,7,7,0,3
16,1472,4,0,4,0,9,10,4,3,3,1,3,3,7,7,0,3
16,1472,4,0,4,0,9,10,4,3,3,1,3,3,10,8,8,3
16,1472,4,0,4,0,10,10,4,4,3,1,4,3,10,9,8,2
16,1472,4,0,4,0,10,10,4,4,3,1,4,3,10,10,8,2
16,1472,4,0,4,0,10,10,4,4,3,2,4,3,10,10,9,3
16,1472,4,0,4,0,10,10,4,4,3,2,4,3,10,11,9,3
16,1472,4,0,4,0,10,10,4,4,3,3,4,3,10,11,9,3
16,1472,4,0,4,0,10,10,4,4,3,3,4,3,10,11,9,2
16,1472,4,0,4,0,10,10,4,4,3,3,4,3,10,11,5,2
16,1472,4,0,4,0,10,10,4,4,3,1,4,3,10,10,5,1
16,1472,4,0,4,0,10,10,4,4,3,1,4,3,8,10,5,1
16,1472,4,0,4,0,9,10,4,4,3,1,3,3,8,9,5,0
16,1472,4,0,4,0,9,10,4,4,3,1,3,3,8,7,0,0
16,1472,4,0,4,0,9,10,4,4,3,1,3,3,8,7,0,0
16,1472,4,0,4,0,9,10,4,4,3,1,3,2,8,7,0,0
16,1472,4,0,4,0,9,10,4,4,3,1,3,2,8,7,0,0
16,1472,4,0,4,0,9,10,4,4,3,1,3,2,8,7,0,0
16,1472,4,0,4,0,9,10,4,4,3,1,3,2,8,7,0,0
16,1472,4,0,4,0,9,10,4,4,3,1,3,2,7,7,0,0
17,1473,4,0,4,0,9,10,4,4,3,1,3,2,7,7,0,0
17,1473,4,0,4,0,9,10,4,4,3,1,3,2,7,7,0,0
17,1473,4,0,4,0,9,10,4,4,3,1,3,2,7,7,0,0
17,1473,4,0,4,0,9,10,4,4,3,1,3,2,7,7,0,0
17,1473,4,0,4,0,9,10,4,4,3,1,3,2,7,7,0,0
17,1473,4,0,4,0,9,10,4,4,3,1,3,2,7,7,0,0
17,1473,4,0,4,0,9,10,4,4,3,1,3,2,8,7,8,0
17,1473,4,0,4,0,10,10,4,4,3,2,4,3,8,8,8,0
17,1473,4,0,4,0,10,10,4,4,3,2,4,3,8,8,8,0
17,1473,4,0,4,0,10,10,4,3,3,2,4,3,8,8,9,0
17,1473,4,0,4,0,10,10,4,3,3,2,4,3,8,8,9,0
17,1473,4,0,4,0,10,10,4,3,3,2,4,3,8,8,9,0
17,1473,4,0,4,0,10,10,4,3,3,2,4,3,8,8,9,0
17,1473,4,0,4,0,10,10,4,3,3,2,4,3,8,8,5,0
17,1473,4,0,4,0,10,9,4,3,3,2,4,3,8,8,5,0
17,1473,4,0,4,0,10,9,4,3,3,1,4,3,8,8,5,0
17,1473,4,0,4,0,9,9,4,3,3,1,3,3,8,8,5,0
17,1473,4,0,4,0,9,9,4,3,3,1,3,3,8,8,0,0
17,1473,4,0,4,0,9,9,4,3,3,1,3,3,8,8,0,0
17,1473,4,0,4,0,9,9,4,3,3,1,3,3,8,8,0,0
17,1473,4,0,4,0,9,9,4,3,3,1,3,3,8,8,0,0
17,1473,4,0,4,0,9,9,4,3,3,1,3,3,8,8,0,0
17,1473,4,0,4,0,9,9,4,3,3,1,3,3,8,8,0,0
17,1473,4,0,4,0,9,9,4,3,3,1,3,3,7,8,0,0
18,1474,4,0,4,0,9,9,4,3,3,1,3,3,7,8,0,0
18,1474,4,0,4,0,9,9,4,3,3,1,3,3,7,8,0,0
18,1474,4,0,4,0,9,9,4,3,3,1,3,3,7,8,0,0
18,1474,4,0,4,0,9,9,4,3,3,1,3,3,7,8,0,0
18,1474,4,0,4,0,9,9,4,3,3,1,3,3,7,8,0,0
18,1474,4,0,4,0,9,9,4,3,3,1,3,3,7,8,0,0
18,1474,4,0,4,0,9,9,4,3,3,1,3,3,8,8,8,0
18,1474,4,0,4,0,10,9,4,3,3,2,4,4,8,8,8,1
18,1474,4,0,4,0,10,10,4,4,3,3,4,4,8,8,8,1
18,1474,4,0,4,0,10,10,4,4,3,3,4,4,8,8,9,2
18,1474,4,0,4,0,10,10,4,4,3,3,4,4,8,8,9,2
18,1474,4,0,4,0,10,10,4,4,3,3,4,4,8,8,9,2
18,1474,4,0,4,0,10,10,4,4,3,2,4,4,8,8,9,2
18,1474,4,0,4,0,10,10,4,4,3,2,4,4,8,8,5,1
18,1474,4,0,4,0,10,10,4,4,3,3,4,4,8,8,5,1
18,1474,4,0,4,0,10,10,4,4,3,3,4,4,8,8,5,1
18,1474,4,0,4,0,9,10,4,4,3,3,3,4,8,8,5,1
18,1474,4,0,4,0,9,10,4,4,3,3,3,4,8,8,0,1
18,1474,4,0,4,0,9,10,4,4,3,3,3,4,8,8,0,1
18,1474,4,0,4,0,9,10,4,4,3,3,3,4,8,8,0,1
18,1474,4,0,4,0,9,10,4,4,3,3,3,4,8,8,0,1
18,1474,4,0,4,0,9,10,4,4,3,3,3,4,8,8,0,1
18,1474,4,0,4,0,9,10,4,4,3,3,3,4,8,8,0,1
18,1474,4,0,4,0,9,10,4,4,3,3,3,4,7,8,0,1
19,1475,4,0,3,0,8,10,3,4,2,3,2,4,7,8,0,1
19,1475,4,0,3,0,8,10,3,4,2,3,2,4,7,8,0,1
19,1475,4,0,3,0,8,10,3,4,2,3,2,4,7,8,0,1
19,1475,4,0,3,0,8,10,3,4,2,3,2,4,7,8,0,1
19,1475,4,0,3,0,8,10,3,4,2,3,2,4,7,8,0,1
19,1475,4,0,3,0,8,10,3,4,2,3,2,4,7,8,0,1
19,1475,4,0,3,0,8,10,3,4,2,3,3,4,10,8,0,1
19,1475,4,0,3,0,8,8,3,4,2,3,3,4,10,7,0,0
19,1475,4,0,3,0,8,8,3,4,2,3,3,4,10,7,0,0
19,1475,4,0,3,0,8,8,3,4,2,3,3,4,10,7,0,0
19,1475,4,0,3,0,8,8,3,4,2,3,3,4,10,7,0,0
19,1475,4,0,3,0,8,8,3,4,2,3,3,4,10,7,0,0
19,1475,4,0,3,0,8,8,3,4,2,3,3,4,10,7,0,0
19,1475,4,0,3,0,8,8,3,4,2,3,3,4,10,7,0,0
19,1475,4,0,3,0,8,8,3,4,2,3,3,4,10,6,0,0
19,1475,4,0,3,0,8,8,3,4,2,3,2,4,8,6,0,0
19,1475,4,0,3,0,8,8,3,4,2,3,2,4,8,6,0,0
19,1475,4,0,3,0,8,8,3,4,2,3,2,4,8,5,0,0
19,1475,4,0,3,0,8,8,3,4,2,3,2,4,8,5,0,0
19,1475,4,0,3,0,8,8,3,4,2,3,2,4,8,5,0,0
19,1475,4,0,3,0,8,8,3,4,2,3,2,3,8,5,0,0
19,1475,4,0,3,0,8,8,3,4,2,3,2,3,8,5,0,0
19,1475,4,0,3,0,8,8,3,4,2,3,2,3,8,5,0,0
19,1475,4,0,3,0,8,8,3,4,2,3,2,3,7,5,0,0
20,1476,4,0,3,0,8,8,3,4,2,3,2,3,4,5,0,0
20,1476,4,0,3,0,8,8,3,4,2,3,2,3,4,5,0,0
20,1476,4,0,3,0,8,8,3,4,2,3,2,3,4,5,0,0
20,1476,4,0,3,0,8,8,3,4,2,3,2,3,4,5,0,0
20,1476,4,0,3,0,8,8,3,4,2,3,2,3,4,5,0,0
20,1476,4,0,3,0,8,8,3,4,2,3,2,3,4,5,0,0
20,1476,4,0,3,0,8,8,3,4,2,3,3,3,4,5,0,0
20,1476,4,0,3,0,8,8,3,4,2,3,3,2,5,5,0,0
20,1476,4,0,3,0,8,8,3,4,2,2,3,2,5,5,0,0
20,1476,4,0,3,0,8,8,3,4,2,2,3,2,5,5,0,0
20,1476,4,0,3,0,8,8,3,4,2,2,3,2,5,5,0,0
20,1476,4,0,3,0,8,8,3,4,2,2,3,2,5,5,0,0
20,1476,4,0,3,0,8,8,3,4,2,2,3,2,5,5,0,0
20,1476,4,0,3,0,8,8,3,4,2,2,3,2,5,5,0,0
20,1476,4,0,3,0,8,8,3,4,2,2,3,2,5,5,0,0
20,1476,4,0,3,0,8,8,3,4,2,2,2,2,4,5,0,0
20,1476,4,0,3,0,8,8,3,4,2,1,2,2,4,5,0,0
20,1476,4,0,3,0,8,8,3,4,2,1,2,2,4,5,0,0
20,1476,4,0,3,0,8,8,3,3,2,1,2,2,4,5,0,0
20,1476,4,0,3,0,8,8,3,3,2,1,2,2,4,5,0,0
20,1476,4,0,3,0,8,8,3,3,2,1,2,2,4,5,0,0
20,1476,4,0,3,0,8,8,3,3,2,1,2,2,4,5,0,0
20,1476,4,0,3,0,8,8,3,3,2,1,2,2,4,5,0,0
20,1476,4,0,3,0,8,8,3,3,2,1,2,2,4,5,0,0
21,1477,4,0,4,0,9,8,4,3,3,1,3,2,7,5,0,0
21,1477,4,0,4,0,9,8,4,3,3,1,3,2,7,5,0,0
21,1477,4,0,4,0,9,8,4,3,3,1,3,2,7,5,0,0
21,1477,4,0,4,0,9,8,4,3,3,1,3,2,7,5,0,0
21,1477,4,0,4,0,9,8,4,3,3,1,3,2,7,5,0,0
21,1477,4,0,4,0,9,8,4,3,3,1,3,2,7,5,0,0
21,1477,4,0,4,0,9,8,4,3,3,1,3,2,8,5,8,0
21,1477,4,0,4,0,10,9,4,3,3,3,4,3,8,8,8,1
21,1477,4,0,4,0,10,10,4,4,3,3,4,3,8,8,8,1
21,1477,4,0,4,0,10,10,4,4,3,3,4,3,8,8,9,1
21,1477,4,0,4,0,10,10,4,3,3,3,4,3,8,8,9,1
21,1477,4,0,4,0,10,10,4,4,3,3,4,3,8,8,9,1
21,1477,4,0,4,0,10,10,4,3,3,3,4,3,8,8,9,1
21,1477,4,0,4,0,10,10,4,4,3,3,4,3,8,8,5,1
21,1477,4,0,4,0,10,10,4,4,3,3,4,2,8,9,5,1
21,1477,4,0,4,0,10,10,4,4,3,3,4,2,8,9,5,1
21,1477,4,0,4,0,9,10,4,4,3,3,3,1,8,9,5,1
21,1477,4,0,4,0,9,10,4,4,3,3,3,1,8,8,0,0
21,1477,4,0,4,0,9,10,4,3,3,3,3,1,8,8,0,0
21,1477,4,0,4,0,9,10,4,3,3,3,3,1,8,8,0,0
21,1477,4,0,4,0,9,10,4,3,3,3,3,1,8,8,0,0
21,1477,4,0,4,0,9,9,4,2,3,2,3,1,8,8,0,0
21,1477,4,0,4,0,9,9,4,2,3,2,3,1,8,8,0,0
21,1477,4,0,4,0,9,9,4,2,3,2,3,1,7,8,0,0
22,1478,4,0,4,0,9,9,4,2,3,2,3,1,4,8,0,0
22,1478,4,0,4,0,9,9,4,2,3,2,3,1,4,8,0,0
22,1478,4,0,4,0,9,9,4,2,3,2,3,1,4,8,0,0
22,1478,4,0,4,0,9,9,4,2,3,2,3,1,4,8,0,0
22,1478,4,0,4,0,9,9,4,2,3,2,3,1,4,8,0,0
22,1478,4,0,4,0,9,9,4,2,3,2,3,1,4,8,0,0
22,1478,4,0,4,0,9,9,4,2,3,2,3,1,4,8,8,0
22,1478,4,0,4,0,10,9,4,3,3,3,4,2,5,6,8,5
22,1478,4,0,4,0,10,10,4,4,3,3,4,2,5,6,8,6
22,1478,4,0,4,0,10,10,4,4,3,3,4,2,5,6,9,7
22,1478,4,0,4,0,10,10,4,3,3,3,4,2,5,7,9,8
22,1478,4,0,4,1,10,9,4,3,3,3,4,2,5,7,9,8
22,1478,4,0,4,1,10,9,4,3,3,3,4,2,5,6,9,6
22,1478,4,0,4,1,10,9,4,3,3,3,4,2,5,6,5,6
22,1478,4,0,4,1,10,8,4,3,3,3,4,2,5,6,5,6
22,1478,4,0,4,1,10,8,4,2,3,3,4,2,4,6,5,3
22,1478,4,0,4,1,9,8,4,2,3,3,3,2,4,6,5,3
22,1478,4,0,4,0,9,8,4,2,3,3,3,2,4,6,0,3
22,1478,4,0,4,0,9,8,4,2,3,3,3,2,4,6,0,3
22,1478,4,0,4,0,9,8,4,2,3,3,3,2,4,6,0,3
22,1478,4,0,4,0,9,8,4,2,3,3,3,2,4,6,0,3
22,1478,4,0,4,0,9,8,4,2,3,3,3,2,4,6,0,3
22,1478,4,0,4,0,9,8,4,2,3,3,3,2,4,6,0,3
22,1478,4,0,4,0,9,8,4,2,3,3,3,2,4,6,0,3
23,1479,4,0,4,0,9,8,4,2,3,3,3,2,7,7,0,3
23,1479,4,0,4,0,9,8,4,2,3,3,3,2,7,7,0,3
23,1479,4,0,4,0,9,8,4,2,3,3,3,2,7,7,0,3
23,1479,4,0,4,0,9,8,4,2,3,3,3,2,7,7,0,3
23,1479,4,0,4,0,9,8,4,2,3,3,3,2,7,7,0,3
23,1479,4,0,4,0,9,8,4,2,3,3,3,2,7,7,0,3
23,1479,4,0,4,0,9,8,4,2,3,3,3,2,10,8,8,3
23,1479,4,0,4,0,10,10,4,3,3,2,4,3,10,9,8,2
23,1479,4,0,4,0,10,10,4,3,3,2,4,3,10,10,8,2
23,1479,4,0,4,0,10,10,4,4,3,2,4,3,10,10,9,2
23,1479,4,0,4,0,10,10,4,4,3,3,4,3,10,10,9,2
23,1479,4,0,4,0,10,10,4,4,3,3,4,3,10,10,9,2
23,1479,4,0,4,0,10,10,4,4,3,3,4,3,10,9,9,1
23,1479,4,0,4,0,10,10,4,4,3,3,4,3,10,9,5,0
23,1479,4,0,4,0,10,10,4,4,3,3,4,3,10,9,5,0
23,1479,4,0,4,0,10,10,4,4,3,3,4,3,8,9,5,0
23,1479,4,0,4,0,9,10,4,4,3,3,3,3,8,9,5,0
23,1479,4,0,4,0,9,10,4,4,3,3,3,3,8,8,0,0
23,1479,4,0,4,0,9,10,4,4,3,3,3,3,8,8,0,0
23,1479,4,0,4,0,9,10,4,4,3,3,3,3,8,8,0,0
23,1479,4,0,4,0,9,10,4,4,3,3,3,3,8,8,0,0
23,1479,4,0,4,0,9,10,4,4,3,3,3,3,8,8,0,0
23,1479,4,0,4,0,9,10,4,4,3,3,3,3,8,8,0,0
23,1479,4,0,4,0,9,10,4,4,3,3,3,3,7,8,0,0
24,1480,4,0,4,0,9,10,4,4,3,3,3,3,7,8,0,0
24,1480,4,0,4,0,9,10,4,4,3,3,3,3,7,8,0,0
24,1480,4,0,4,0,9,10,4,4,3,3,3,3,7,8,0,0
24,1480,4,0,4,0,9,10,4,4,3,3,3,3,7,8,0,0
24,1480,4,0,4,0,9,10,4,4,3,3,3,3,7,8,0,0
24,1480,4,0,4,0,9,10,4,4,3,3,3,3,7,8,0,0
24,1480,4,0,4,0,9,10,4,4,3,3,3,3,8,8,8,0
24,1480,4,0,4,0,10,10,4,4,3,3,4,4,8,8,8,0
24,1480,4,0,4,0,10,10,4,4,3,3,4,4,8,8,8,0
24,1480,4,0,4,0,10,10,4,4,3,3,4,4,8,8,9,0
24,1480,4,0,4,0,10,10,4,4,3,2,4,4,8,7,9,0
24,1480,4,0,4,0,10,10,4,4,3,2,4,4,8,7,9,0
24,1480,4,0,4,0,10,10,4,4,3,2,4,4,8,7,9,0
24,1480,4,0,4,0,10,10,4,4,3,2,4,4,8,7,5,0
24,1480,4,0,4,0,10,10,4,4,3,2,4,4,8,7,5,0
24,1480,4,0,4,0,10,10,4,4,3,2,4,4,8,7,5,0
24,1480,4,0,4,0,9,10,4,4,3,2,3,4,8,7,5,0
24,1480,4,0,4,0,9,10,4,4,3,2,3,4,8,7,0,0
24,1480,4,0,4,0,9,10,4,4,3,2,3,4,8,7,0,0
24,1480,4,0,4,0,9,10,4,4,3,2,3,4,8,7,0,0
24,1480,4,0,4,0,9,10,4,4,3,2,3,4,8,7,0,0
24,1480,4,0,4,0,9,10,4,4,3,2,3,4,8,7,0,0
24,1480,4,0,4,0,9,10,4,3,3,2,3,4,8,7,0,0
24,1480,4,0,4,0,9,10,4,3,3,2,3,4,7,7,0,0
25,1481,4,0,4,0,9,10,4,3,3,2,3,4,7,7,0,0
25,1481,4,0,4,0,9,10,4,3,3,2,3,4,7,7,0,0
25,1481,4,0,4,0,9,10,4,3,3,2,3,4,7,7,0,0
25,1481,4,0,4,0,9,10,4,3,3,2,3,4,7,7,0,0
25,1481,4,0,4,0,9,10,4,3,3,2,3,4,7,7,0,0
25,1481,4,0,4,0,9,10,4,3,3,2,3,4,7,7,0,0
25,1481,4,0,4,0,9,10,4,3,3,2,3,4,8,7,8,0
25,1481,4,0,4,0,10,10,4,3,3,3,4,4,8,8,8,1
25,1481,4,0,4,0,10,10,4,4,3,3,4,4,8,8,8,1
25,1481,4,0,4,0,10,10,4,4,3,3,4,4,8,8,9,2
25,1481,4,0,4,0,10,10,4,4,3,3,4,4,8,8,9,3
25,1481,4,0,4,0,10,10,4,4,3,3,4,4,8,8,9,4
25,1481,4,0,4,0,10,10,4,4,3,3,4,4,8,8,9,4
25,1481,4,0,4,0,10,10,4,4,3,3,4,4,8,8,5,4
25,1481,4,0,4,0,10,10,4,4,3,3,4,4,8,8,5,4
25,1481,4,0,4,0,10,10,4,4,3,3,4,4,8,8,5,2
25,1481,4,0,4,0,9,10,4,4,3,3,3,4,8,8,5,2
25,1481,4,0,4,0,9,10,4,3,3,2,3,4,8,8,0,2
25,1481,4,0,4,0,9,10,4,3,3,2,3,4,8,8,0,2
25,1481,4,0,4,0,9,10,4,3,3,2,3,4,8,8,0,1
25,1481,4,0,4,0,9,10,4,3,3,2,3,4,8,8,0,1
25,1481,4,0,4,0,9,10,4,3,3,2,3,3,8,8,0,1
25,1481,4,0,4,0,9,10,4,3,3,2,3,3,8,8,0,1
25,1481,4,0,4,0,9,10,4,3,3,2,3,3,7,8,0,1
26,1482,4,0,3,0,8,10,3,3,2,2,2,3,7,8,0,1
26,1482,4,0,3,0,8,10,3,3,2,2,2,3,7,8,0,1
26,1482,4,0,3,0,8,10,3,3,2,2,2,3,7,8,0,1
26,1482,4,0,3,0,8,10,3,3,2,2,2,3,7,8,0,1
26,1482,4,0,3,0,8,10,3,3,2,2,2,3,7,8,0,1
26,1482,4,0,3,0,8,10,3,3,2,2,2,3,7,8,0,1
26,1482,4,0,3,0,8,10,3,3,2,2,3,3,10,8,0,1
26,1482,4,0,3,0,8,10,3,3,2,2,3,3,10,8,0,0
26,1482,4,0,3,0,8,10,3,3,2,2,3,2,10,8,0,0
26,1482,4,0,3,0,8,10,3,3,2,2,3,2,10,8,0,0
26,1482,4,0,3,0,8,10,3,2,2,1,3,2,10,8,0,0
26,1482,4,0,3,0,8,10,3,2,2,1,3,2,10,8,0,0
26,1482,4,0,3,0,8,10,3,2,2,1,3,2,10,8,0,0
26,1482,4,0,3,0,8,10,3,2,2,1,3,2,10,8,0,0
26,1482,4,0,3,0,8,10,3,2,2,1,3,2,10,8,0,0
26,1482,4,0,3,0,8,10,3,2,2,1,2,2,8,7,0,0
26,1482,4,0,3,0,8,10,3,2,2,1,2,2,8,7,0,0
26,1482,4,0,3,0,8,10,3,2,2,1,2,2,8,7,0,0
26,1482,4,0,3,0,8,10,3,2,2,1,2,2,8,7,0,0
26,1482,4,0,3,0,8,10,3,1,2,1,2,2,8,7,0,0
26,1482,4,0,3,0,8,10,3,1,2,1,2,2,8,7,0,0
26,1482,4,0,3,0,8,10,3,1,2,1,2,2,8,7,0,0
26,1482,4,0,3,0,8,10,3,1,2,1,2,2,8,7,0,0
26,1482,4,0,3,0,8,10,3,1,2,1,2,2,7,7,0,0
27,1483,4,0,3,0,8,10,3,1,2,1,2,2,4,7,0,0
27,1483,4,0,3,0,8,10,3,1,2,1,2,2,4,7,0,0
27,1483,4,0,3,0,8,10,3,1,2,1,2,2,4,7,0,0
27,1483,4,0,3,0,8,10,3,1,2,1,2,2,4,7,0,0
27,1483,4,0,3,0,8,10,3,1,2,1,2,2,4,7,0,0
27,1483,4,0,3,0,8,10,3,1,2,1,2,2,4,7,0,0
27,1483,4,0,3,0,8,10,3,1,2,1,3,2,4,7,0,0
27,1483,4,0,3,0,8,10,3,1,2,1,3,2,5,7,0,0
27,1483,4,0,3,0,8,10,3,1,2,1,3,2,5,7,0,0
27,1483,4,0,3,0,8,10,3,1,2,1,3,2,5,7,0,0
27,1483,4,0,3,0,8,10,3,1,2,1,3,2,5,7,0,0
27,1483,4,0,3,0,8,10,3,1,2,1,3,2,5,7,0,0
27,1483,4,0,3,0,8,10,3,1,2,1,3,2,5,7,0,0
27,1483,4,0,3,0,8,10,3,1,2,1,3,2,5,7,0,0
27,1483,4,0,3,0,8,10,3,1,2,1,3,2,5,7,0,0
27,1483,4,0,3,0,8,10,3,1,2,1,2,2,4,7,0,0
27,1483,4,0,3,0,8,10,3,1,2,1,2,2,4,7,0,0
27,1483,4,0,3,0,8,10,3,1,2,1,2,2,4,7,0,0
27,1483,4,0,3,0,8,10,3,1,2,1,2,2,4,7,0,0
27,1483,4,0,3,0,8,10,3,1,2,1,2,2,4,7,0,0
27,1483,4,0,3,0,8,10,3,1,2,1,2,2,4,7,0,0
27,1483,4,0,3,0,8,10,3,1,2,1,2,2,4,7,0,0
27,1483,4,0,3,0,8,10,3,1,2,1,2,2,4,7,0,0
27,1483,4,0,3,0,8,10,3,1,2,1,2,2,4,7,0,0
0,1484,4,0,4,0,9,10,4,1,3,1,3,2,7,7,0,0
0,1484,4,0,4,0,9,10,4,1,3,1,3,2,7,7,0,0
0,1484,4,0,4,0,9,10,4,1,3,1,3,2,7,7,0,0
0,1484,4,0,4,0,9,10,4,1,3,1,3,2,7,7,0,0
0,1484,4,0,4,0,9,10,4,1,3,1,3,2,7,7,0,0
0,1484,4,0,4,0,9,10,4,1,3,1,3,2,7,7,0,0
0,1484,4,0,4,0,9,10,4,1,3,1,3,2,8,7,8,0
0,1484,4,0,4,0,10,9,4,3,3,1,4,3,8,8,8,2
0,1484,4,0,4,0,10,10,4,4,3,1,4,3,8,8,8,2
0,1484,4,0,4,0,10,10,4,4,3,1,4,3,8,8,9,2
0,1484,4,0,4,0,10,10,4,4,3,1,4,3,8,8,9,2
0,1484,4,0,4,0,10,10,4,4,3,2,4,3,8,8,9,2
0,1484,4,0,4,0,10,10,4,4,3,2,4,3,8,8,9,2
0,1484,4,0,4,0,10,10,4,4,3,2,4,3,8,9,5,2
0,1484,4,0,4,0,10,10,4,4,3,1,4,3,8,9,5,1
0,1484,4,0,4,0,10,10,4,4,3,1,4,3,8,8,5,0
0,1484,4,0,4,0,9,10,4,4,3,1,3,2,8,8,5,0
0,1484,4,0,4,0,9,10,4,4,3,1,3,2,8,8,0,0
0,1484,4,0,4,0,9,10,4,4,3,1,3,2,8,8,0,0
0,1484,4,0,4,0,9,10,4,4,3,1,3,2,8,8,0,0
0,1484,4,0,4,0,9,10,4,4,3,1,3,2,8,8,0,0
0,1484,4,0,4,0,9,10,4,4,3,1,3,2,8,8,0,0
0,1484,4,0,4,0,9,10,4,4,3,1,3,2,8,8,0,0
0,1484,4,0,4,0,9,10,4,4,3,1,3,2,7,8,0,0
1,1485,4,0,4,0,9,10,4,4,3,1,3,2,4,8,0,0
1,1485,4,0,4,0,9,10,4,4,3,1,3,2,4,8,0,0
1,1485,4,0,4,0,9,10,4,4,3,1,3,2,4,8,0,0
1,1485,4,0,4,0,9,10,4,4,3,1,3,2,4,8,0,0
1,1485,4,0,4,0,9,10,4,4,3,1,3,2,4,8,0,0
1,1485,4,0,4,0,9,10,4,4,3,1,3,2,4,8,0,0
1,1485,4,0,4,0,9,10,4,4,3,1,3,2,4,8,8,0
1,1485,4,0,4,0,10,10,4,4,3,3,4,3,5,7,8,1
1,1485,4,0,4,0,10,10,4,4,3,3,4,3,5,7,8,1
1,1485,4,0,4,0,10,10,4,4,3,3,4,3,5,7,9,2
1,1485,4,0,4,0,10,10,4,4,3,2,4,3,5,7,9,2
1,1485,4,0,4,0,10,9,4,4,3,2,4,3,5,6,9,2
1,1485,4,0,4,0,10,9,4,4,3,3,4,3,5,6,9,2
1,1485,4,0,4,0,10,10,4,4,3,1,4,3,5,6,5,2
1,1485,4,0,4,0,10,9,4,4,3,1,4,3,5,6,5,1
1,1485,4,0,4,0,10,9,4,4,3,2,4,3,4,6,5,1
1,1485,4,0,4,0,9,9,4,4,3,2,3,3,4,6,5,1
1,1485,4,0,4,0,9,9,4,4,3,2,3,3,4,6,0,1
1,1485,4,0,4,0,9,9,4,4,3,2,3,3,4,6,0,1
1,1485,4,0,4,0,9,9,4,4,3,2,3,3,4,6,0,1
1,1485,4,0,4,0,9,9,4,4,3,2,3,3,4,6,0,1
1,1485,4,0,4,0,9,9,4,4,3,2,3,2,4,6,0,1
1,1485,4,0,4,0,9,9,4,4,3,2,3,2,4,6,0,1
1,1485,4,0,4,0,9,9,4,4,3,2,3,2,4,6,0,1
2,1486,4,0,4,0,9,9,4,4,3,2,3,2,7,7,0,1
2,1486,4,0,4,0,9,9,4,4,3,2,3,2,7,7,0,1
2,1486,4,0,4,0,9,9,4,4,3,2,3,2,7,7,0,1
2,1486,4,0,4,0,9,9,4,4,3,2,3,2,7,7,0,1
2,1486,4,0,4,0,9,9,4,4,3,2,3,2,7,7,0,1
2,1486,4,0,4,0,9,9,4,4,3,2,3,2,7,7,0,1
2,1486,4,0,4,0,9,9,4,4,3,2,3,2,10,7,8,1
2,1486,4,0,4,0,10,9,4,3,3,2,4,2,10,10,8,1
2,1486,4,0,4,0,10,10,4,4,3,2,4,2,10,10,8,1
2,1486,4,0,4,0,10,10,4,4,3,2,4,2,10,10,9,1
2,1486,4,0,4,0,10,10,4,4,3,3,4,2,10,11,9,1
2,1486,4,0,4,0,10,10,4,4,3,3,4,2,10,11,9,1
2,1486,4,0,4,0,10,10,4,4,3,3,4,2,10,11,9,1
2,1486,4,0,4,0,10,10,4,4,3,3,4,2,10,10,5,0
2,1486,4,0,4,0,10,10,4,4,3,3,4,2,10,10,5,0
2,1486,4,0,4,0,10,9,4,4,3,3,4,2,8,9,5,0
2,1486,4,0,4,0,9,9,4,4,3,3,3,2,8,9,5,0
2,1486,4,0,4,0,9,9,4,4,3,3,3,2,8,9,0,0
2,1486,4,0,4,0,9,9,4,3,3,3,3,2,8,9,0,0
2,1486,4,0,4,0,9,9,4,3,3,3,3,2,8,8,0,0
2,1486,4,0,4,0,9,9,4,3,3,3,3,2,8,7,0,0
2,1486,4,0,4,0,9,9,4,3,3,3,3,2,8,7,0,0
2,1486,4,0,4,0,9,9,4,3,3,3,3,2,8,7,0,0
2,1486,4,0,4,0,9,9,4,3,3,3,3,2,7,7,0,0
3,1487,4,0,4,0,9,9,4,3,3,3,3,2,7,7,0,0
3,1487,4,0,4,0,9,9,4,3,3,3,3,2,7,7,0,0
3,1487,4,0,4,0,9,9,4,3,3,3,3,2,7,7,0,0
3,1487,4,0,4,0,9,9,4,3,3,3,3,2,7,7,0,0
3,1487,4,0,4,0,9,9,4,3,3,3,3,2,7,7,0,0
3,1487,4,0,4,0,9,9,4,3,3,3,3,2,7,7,0,0
3,1487,4,0,4,0,9,9,4,3,3,3,3,2,8,7,8,0
3,1487,4,0,4,0,10,9,4,3,3,1,4,3,8,8,8,0
3,1487,4,0,4,0,10,10,4,3,3,1,4,3,8,7,8,0
3,1487,4,0,4,0,10,10,4,3,3,1,4,3,8,8,9,0
3,1487,4,0,4,0,10,10,4,3,3,1,4,3,8,8,9,0
3,1487,4,0,4,0,10,10,4,3,3,1,4,3,8,8,9,0
3,1487,4,0,4,0,10,10,4,3,3,1,4,3,8,8,9,0
3,1487,4,0,4,0,10,10,4,3,3,1,4,3,8,8,5,0
3,1487,4,0,4,0,10,10,4,3,3,1,4,3,8,8,5,0
3,1487,4,0,4,0,10,10,4,3,3,1,4,3,8,8,5,0
3,1487,4,0,4,0,9,10,4,3,3,1,3,3,8,8,5,0
3,1487,4,0,4,0,9,10,4,3,3,1,3,3,8,8,0,0
3,1487,4,0,4,0,9,10,4,3,3,1,3,3,8,8,0,0
3,1487,4,0,4,0,9,10,4,3,3,1,3,3,8,8,0,0
3,1487,4,0,4,0,9,10,4,3,3,1,3,3,8,8,0,0
3,1487,4,0,4,0,9,10,4,3,3,1,3,3,8,8,0,0
3,1487,4,0,4,0,9,10,4,3,3,1,3,3,8,7,0,0
3,1487,4,0,4,0,9,10,4,3,3,1,3,3,7,7,0,0
4,1488,4,0,4,0,9,10,4,3,3,1,3,3,7,7,0,0
4,1488,4,0,4,0,9,10,4,3,3,1,3,3,7,7,0,0
4,1488,4,0,4,0,9,10,4,3,3,1,3,3,7,7,0,0
4,1488,4,0,4,0,9,10,4,3,3,1,3,3,7,7,0,0
4,1488,4,0,4,0,9,10,4,3,3,1,3,3,7,7,0,0
4,1488,4,0,4,0,9,10,4,3,3,1,3,3,7,7,0,0
4,1488,4,0,4,0,9,10,4,3,3,1,3,3,8,7,8,0
4,1488,4,0,4,0,10,10,4,3,3,2,4,3,8,8,8,1
4,1488,4,0,4,0,10,10,4,4,3,3,4,3,8,8,8,1
4,1488,4,0,4,0,10,10,4,4,3,3,4,3,8,8,9,1
4,1488,4,0,4,0,10,10,4,4,3,2,4,3,8,8,9,1
4,1488,4,0,4,0,10,10,4,4,3,3,4,3,8,7,9,1
4,1488,4,0,4,0,10,10,4,4,3,3,4,2,8,8,9,1
4,1488,4,0,4,0,10,10,4,4,3,3,4,2,8,8,5,1
4,1488,4,0,4,0,10,10,4,4,3,3,4,2,8,8,5,1
4,1488,4,0,4,0,10,10,4,4,3,2,4,2,8,8,5,1
4,1488,4,0,4,0,9,10,4,4,3,2,3,2,8,8,5,1
4,1488,4,0,4,0,9,10,4,4,3,2,3,2,8,8,0,1
4,1488,4,0,4,0,9,10,4,4,3,2,3,2,8,7,0,1
4,1488,4,0,4,0,9,10,4,4,3,2,3,2,8,7,0,1
4,1488,4,0,4,0,9,10,4,4,3,2,3,2,8,7,0,1
4,1488,4,0,4,0,9,10,4,4,3,2,3,2,8,7,0,1
4,1488,4,0,4,0,9,10,4,4,3,2,3,2,8,7,0,1
4,1488,4,0,4,0,9,10,4,4,3,2,3,2,7,7,0,1
5,1489,4,0,3,0,8,10,3,4,2,2,2,2,7,7,0,1
5,1489,4,0,3,0,8,10,3,4,2,2,2,2,7,7,0,1
5,1489,4,0,3,0,8,10,3,4,2,2,2,2,7,7,0,1
5,1489,4,0,3,0,8,10,3,4,2,2,2,2,7,7,0,1
5,1489,4,0,3,0,8,10,3,4,2,2,2,2,7,7,0,1
5,1489,4,0,3,0,8,10,3,4,2,2,2,2,7,7,0,1
5,1489,4,0,3,0,8,10,3,4,2,2,3,2,10,7,0,1
5,1489,4,0,3,0,8,10,3,4,2,2,3,2,10,6,0,0
5,1489,4,0,3,0,8,10,3,4,2,2,3,2,10,6,0,0
5,1489,4,0,3,0,8,10,3,4,2,2,3,2,10,6,0,0
5,1489,4,0,3,0,8,10,3,4,2,2,3,2,10,6,0,0
5,1489,4,0,3,0,8,10,3,4,2,2,3,2,10,6,0,0
5,1489,4,0,3,0,8,10,3,4,2,2,3,2,10,6,0,0
5,1489,4,0,3,0,8,10,3,4,2,2,3,2,10,6,0,0
5,1489,4,0,3,0,8,10,3,4,2,2,3,2,10,6,0,0
5,1489,4,0,3,0,8,10,3,4,2,2,2,2,8,6,0,0
5,1489,4,0,3,0,8,10,3,4,2,2,2,2,8,6,0,0
5,1489,4,0,3,0,8,10,3,3,2,1,2,2,8,6,0,0
5,1489,4,0,3,0,8,10,3,3,2,1,2,2,8,6,0,0
5,1489,4,0,3,0,8,10,3,3,2,1,2,2,8,6,0,0
5,1489,4,0,3,0,8,9,3,3,2,1,2,2,8,6,0,0
5,1489,4,0,3,0,8,8,3,3,2,1,2,2,8,5,0,0
5,1489,4,0,3,0,8,8,3,3,2,1,2,2,8,5,0,0
5,1489,4,0,3,0,8,8,3,3,2,1,2,2,7,5,0,0
6,1490,4,0,3,0,8,8,3,3,2,1,2,2,4,5,0,0
6,1490,4,0,3,0,8,8,3,3,2,1,2,2,4,5,0,0
6,1490,4,0,3,0,8,8,3,3,2,1,2,2,4,5,0,0
6,1490,4,0,3,0,8,8,3,3,2,1,2,2,4,5,0,0
6,1490,4,0,3,0,8,8,3,3,2,1,2,2,4,5,0,0
6,1490,4,0,3,0,8,8,3,3,2,1,2,2,4,5,0,0
6,1490,4,0,3,0,8,8,3,3,2,1,3,2,4,5,0,0
6,1490,4,0,3,0,8,7,3,2,2,1,3,2,5,5,0,0
6,1490,4,0,3,0,8,7,3,2,2,1,3,2,5,5,0,0
6,1490,4,0,3,0,8,7,3,2,2,1,3,2,5,5,0,0
6,1490,4,0,3,0,8,7,3,2,2,1,3,2,5,5,0,0
6,1490,4,0,3,0,8,7,3,2,2,1,3,2,5,5,0,0
6,1490,4,0,3,0,8,7,3,2,2,1,3,2,5,5,0,0
6,1490,4,0,3,0,8,7,3,2,2,1,3,2,5,5,0,0
6,1490,4,0,3,0,8,7,3,2,2,0,3,2,5,5,0,0
6,1490,4,0,3,0,8,7,3,2,2,0,2,2,4,5,0,0
6,1490,4,0,3,0,8,7,3,2,2,0,2,2,4,5,0,0
6,1490,4,0,3,0,8,7,3,2,2,0,2,2,4,5,0,0
6,1490,4,0,3,0,8,7,3,2,2,0,2,2,4,5,0,0
6,1490,4,0,3,0,8,7,3,2,2,0,2,2,4,5,0,0
6,1490,4,0,3,0,8,7,3,2,2,0,2,2,4,5,0,0
6,1490,4,0,3,0,8,7,3,2,2,0,2,2,4,5,0,0
6,1490,4,0,3,0,8,7,3,2,2,0,2,2,4,5,0,0
6,1490,4,0,3,0,8,7,3,2,2,0,2,2,4,5,0,0
7,1491,4,0,4,0,9,7,4,2,3,0,3,2,7,5,0,0
7,1491,4,0,4,0,9,7,4,2,3,0,3,2,7,5,0,0
7,1491,4,0,4,0,9,7,4,2,3,0,3,2,7,5,0,0
7,1491,4,0,4,0,9,7,4,2,3,0,3,2,7,5,0,0
7,1491,4,0,4,0,9,7,4,2,3,0,3,2,7,5,0,0
7,1491,4,0,4,0,9,7,4,2,3,0,3,2,7,5,0,0
7,1491,4,0,4,0,9,7,4,2,3,0,3,2,8,5,8,0
7,1491,4,0,4,0,10,9,4,4,3,1,4,2,8,7,8,1
7,1491,4,0,4,0,10,9,4,4,3,2,4,2,8,8,8,1
7,1491,4,0,4,0,10,10,4,4,3,3,4,2,8,8,9,1
7,1491,4,0,4,0,10,10,4,3,3,3,4,1,8,8,9,1
7,1491,4,0,4,0,10,10,4,4,3,3,4,1,8,8,9,1
7,1491,4,0,4,0,10,10,4,4,3,3,4,1,8,8,9,1
7,1491,4,0,4,0,10,9,4,4,3,3,4,1,8,7,5,1
7,1491,4,0,4,0,10,9,4,4,3,3,4,1,8,7,5,1
7,1491,4,0,4,0,10,9,4,4,3,3,4,1,8,7,5,1
7,1491,4,0,4,0,9,9,4,4,3,3,3,1,8,7,5,1
7,1491,4,0,4,0,9,9,4,3,3,2,3,1,8,8,0,1
7,1491,4,0,4,0,9,9,4,3,3,2,3,1,8,7,0,0
7,1491,4,0,4,0,9,9,4,3,3,2,3,1,8,7,0,0
7,1491,4,0,4,0,9,9,4,3,3,2,3,1,8,7,0,0
7,1491,4,0,4,0,9,9,4,3,3,2,3,1,8,7,0,0
7,1491,4,0,4,0,9,9,4,3,3,2,3,1,8,7,0,0
7,1491,4,0,4,0,9,9,4,3,3,2,3,1,7,7,0,0
8,1492,4,0,4,0,9,9,4,3,3,2,3,1,4,7,0,0
8,1492,4,0,4,0,9,9,4,3,3,2,3,1,4,7,0,0
8,1492,4,0,4,0,9,9,4,3,3,2,3,1,4,7,0,0
8,1492,4,0,4,0,9,9,4,3,3,2,3,1,4,7,0,0
8,1492,4,0,4,0,9,9,4,3,3,2,3,1,4,7,0,0
8,1492,4,0,4,0,9,9,4,3,3,2,3,1,4,7,0,0
8,1492,4,0,4,0,9,9,4,3,3,2,3,1,4,7,8,0
8,1492,4,0,4,0,10,8,4,4,3,3,4,2,5,7,8,2
8,1492,4,0,4,0,10,8,4,4,3,3,4,2,5,6,8,3
8,1492,4,0,4,0,10,10,4,4,3,3,4,2,5,6,9,3
8,1492,4,0,4,0,10,10,4,4,3,3,4,2,5,6,9,3
8,1492,4,0,4,0,10,10,4,4,3,3,4,2,5,6,9,3
8,1492,4,0,4,0,10,10,4,4,3,3,4,2,5,6,9,3
8,1492,4,0,4,0,10,10,4,3,3,3,4,2,5,6,5,3
8,1492,4,0,4,0,10,9,4,3,3,3,4,2,5,6,5,3
8,1492,4,0,4,0,10,9,4,3,3,2,4,2,4,6,5,3
8,1492,4,0,4,0,9,9,4,3,3,2,3,2,4,6,5,3
8,1492,4,0,4,0,9,9,4,3,3,2,3,2,4,6,0,3
8,1492,4,0,4,0,9,8,4,3,3,2,3,2,4,6,0,3
8,1492,4,0,4,0,9,8,4,3,3,2,3,2,4,6,0,3
8,1492,4,0,4,0,9,8,4,3,3,2,3,2,4,6,0,3
8,1492,4,0,4,0,9,8,4,3,3,2,3,2,4,6,0,3
8,1492,4,0,4,0,9,8,4,3,3,2,3,2,4,6,0,3
8,1492,4,0,4,0,9,8,4,3,3,2,3,2,4,6,0,3
9,1493,4,0,4,0,9,8,4,3,3,2,3,2,7,7,0,3
9,1493,4,0,4,0,9,8,4,3,3,2,3,2,7,7,0,3
9,1493,4,0,4,0,9,8,4,3,3,2,3,2,7,7,0,3
9,1493,4,0,4,0,9,8,4,3,3,2,3,2,7,7,0,3
9,1493,4,0,4,0,9,8,4,3,3,2,3,2,7,7,0,3
9,1493,4,0,4,0,9,8,4,3,3,2,3,2,7,7,0,3
9,1493,4,0,4,0,9,8,4,3,3,2,3,2,10,7,8,3
9,1493,4,0,4,0,10,10,4,4,3,1,4,3,10,10,8,1
9,1493,4,0,4,0,10,10,4,4,3,1,4,3,10,10,8,2
9,1493,4,0,4,0,10,10,4,4,3,2,4,3,10,10,9,2
9,1493,4,0,4,0,10,10,4,4,3,3,4,3,10,10,9,3
9,1493,4,0,4,0,10,10,4,4,3,3,4,3,10,10,9,3
9,1493,4,0,4,0,10,10,4,4,3,3,4,3,10,10,9,3
9,1493,4,0,4,0,10,10,4,4,3,3,4,3,10,10,5,3
9,1493,4,0,4,0,10,10,4,4,3,3,4,3,10,11,5,3
9,1493,4,0,4,0,10,9,4,4,3,2,4,3,8,10,5,3
9,1493,4,0,4,0,9,9,4,4,3,2,3,3,8,10,5,3
9,1493,4,0,4,0,9,9,4,4,3,2,3,3,8,9,0,2
9,1493,4,0,4,0,9,9,4,4,3,2,3,3,8,9,0,2
9,1493,4,0,4,0,9,9,4,4,3,2,3,3,8,9,0,2
9,1493,4,0,4,0,9,9,4,4,3,2,3,3,8,8,0,2
9,1493,4,0,4,0,9,9,4,4,3,2,3,3,8,8,0,2
9,1493,4,0,4,0,9,9,4,4,3,2,3,3,8,8,0,1
9,1493,4,0,4,0,9,9,4,4,3,2,3,3,7,8,0,1
10,1494,4,0,4,0,9,9,4,4,3,2,3,3,7,8,0,1
10,1494,4,0,4,0,9,9,4,4,3,2,3,3,7,8,0,1
10,1494,4,0,4,0,9,9,4,4,3,2,3,3,7,8,0,1
10,1494,4,0,4,0,9,9,4,4,3,2,3,3,7,8,0,1
10,1494,4,0,4,0,9,9,4,4,3,2,3,3,7,8,0,1
10,1494,4,0,4,0,9,9,4,4,3,2,3,3,7,8,0,1
10,1494,4,0,4,0,9,9,4,4,3,2,3,3,8,8,8,1
10,1494,4,0,4,0,10,9,4,4,3,3,4,4,8,8,8,0
10,1494,4,0,4,0,10,10,4,4,3,3,4,4,8,8,8,0
10,1494,4,0,4,0,10,10,4,4,3,2,4,4,8,8,9,0
10,1494,4,0,4,0,10,10,4,3,3,2,4,4,8,8,9,0
10,1494,4,0,4,0,10,10,4,3,3,2,4,4,8,8,9,0
10,1494,4,0,4,0,10,9,4,3,3,2,4,4,8,8,9,0
10,1494,4,0,4,0,10,9,4,3,3,2,4,4,8,8,5,0
10,1494,4,0,4,0,10,10,4,3,3,2,4,4,8,8,5,0
10,1494,4,0,4,0,10,10,4,3,3,2,4,4,8,7,5,0
10,1494,4,0,4,0,9,10,4,3,3,2,3,4,8,7,5,0
10,1494,4,0,4,0,9,10,4,3,3,2,3,4,8,7,0,0
10,1494,4,0,4,0,9,9,4,3,3,2,3,4,8,7,0,0
10,1494,4,0,4,0,9,9,4,3,3,2,3,4,8,7,0,0
10,1494,4,0,4,0,9,9,4,3,3,2,3,4,8,7,0,0
10,1494,4,0,4,0,9,9,4,3,3,2,3,4,8,7,0,0
10,1494,4,0,4,0,9,9,4,3,3,2,3,4,8,7,0,0
10,1494,4,0,4,0,9,9,4,3,3,2,3,4,7,7,0,0
11,1495,4,0,4,0,9,9,4,3,3,2,3,4,7,7,0,0
11,1495,4,0,4,0,9,9,4,3,3,2,3,4,7,7,0,0
11,1495,4,0,4,0,9,9,4,3,3,2,3,4,7,7,0,0
11,1495,4,0,4,0,9,9,4,3,3,2,3,4,7,7,0,0
11,1495,4,0,4,0,9,9,4,3,3,2,3,4,7,7,0,0
11,1495,4,0,4,0,9,9,4,3,3,2,3,4,7,7,0,0
11,1495,4,0,4,0,9,9,4,3,3,2,3,4,8,7,8,0
11,1495,4,0,4,0,10,9,4,4,3,3,4,4,8,8,8,0
11,1495,4,0,4,0,10,10,4,4,3,3,4,4,8,8,8,1
11,1495,4,0,4,0,10,10,4,4,3,3,4,4,8,8,9,1
11,1495,4,0,4,0,10,10,4,4,3,3,4,4,8,9,9,1
11,1495,4,0,4,0,10,9,4,4,3,3,4,4,8,9,9,1
11,1495,4,0,4,0,10,9,4,4,3,3,4,4,8,9,9,1
11,1495,4,0,4,0,10,9,4,4,3,3,4,4,8,9,5,1
11,1495,4,0,4,0,10,9,4,4,3,3,4,4,8,7,5,0
11,1495,4,0,4,0,10,9,4,4,3,3,4,4,8,7,5,0
11,1495,4,0,4,0,9,9,4,4,3,3,3,4,8,7,5,0
11,1495,4,0,4,0,9,9,4,3,3,3,3,4,8,7,0,0
11,1495,4,0,4,0,9,8,4,3,3,3,3,4,8,7,0,0
11,1495,4,0,4,0,9,7,4,3,3,2,3,4,8,6,0,0
11,1495,4,0,4,0,9,7,4,3,3,2,3,4,8,6,0,0
11,1495,4,0,4,0,9,7,4,3,3,2,3,3,8,6,0,0
11,1495,4,0,4,0,9,7,4,3,3,2,3,3,8,6,0,0
11,1495,4,0,4,0,9,7,4,3,3,2,3,3,7,6,0,0
12,1496,4,0,3,0,8,7,3,3,2,2,2,3,7,6,0,0
12,1496,4,0,3,0,8,7,3,3,2,2,2,3,7,6,0,0
12,1496,4,0,3,0,8,7,3,3,2,2,2,3,7,6,0,0
12,1496,4,0,3,0,8,7,3,3,2,2,2,3,7,6,0,0
12,1496,4,0,3,0,8,7,3,3,2,2,2,3,7,6,0,0
12,1496,4,0,3,0,8,7,3,3,2,2,2,3,7,6,0,0
12,1496,4,0,3,0,8,7,3,3,2,2,3,3,10,6,0,0
12,1496,4,0,3,0,8,7,3,3,2,2,3,3,10,5,0,0
12,1496,4,0,3,0,8,7,3,3,2,2,3,3,10,5,0,0
12,1496,4,0,3,0,8,7,3,3,2,2,3,3,10,5,0,0
12,1496,4,0,3,0,8,7,3,3,2,2,3,3,10,5,0,0
12,1496,4,0,3,0,8,7,3,3,2,2,3,3,10,5,0,0
12,1496,4,0,3,0,8,7,3,3,2,2,3,3,10,5,0,0
12,1496,4,0,3,0,8,7,3,3,2,2,3,3,10,5,0,0
12,1496,4,0,3,0,8,7,3,3,2,2,3,3,10,5,0,0
12,1496,4,0,3,0,8,7,3,3,2,2,2,3,8,5,0,0
12,1496,4,0,3,0,8,7,3,3,2,2,2,3,8,5,0,0
12,1496,4,0,3,0,8,7,3,3,2,2,2,3,8,5,0,0
12,1496,4,0,3,0,8,7,3,3,2,2,2,3,8,5,0,0
12,1496,4,0,3,0,8,7,3,3,2,2,2,3,8,5,0,0
12,1496,4,0,3,0,8,7,3,3,2,2,2,3,8,5,0,0
12,1496,4,0,3,0,8,7,3,3,2,2,2,3,8,5,0,0
12,1496,4,0,3,0,8,7,3,3,2,2,2,3,8,5,0,0
12,1496,4,0,3,0,8,7,3,3,2,2,2,3,7,5,0,0
13,1497,4,0,3,0,8,7,3,3,2,2,2,3,4,5,0,0
13,1497,4,0,3,0,8,7,3,3,2,2,2,3,4,5,0,0
13,1497,4,0,3,0,8,7,3,3,2,2,2,3,4,5,0,0
13,1497,4,0,3,0,8,7,3,3,2,2,2,3,4,5,0,0
13,1497,4,0,3,0,8,7,3,3,2,2,2,3,4,5,0,0
13,1497,4,0,3,0,8,7,3,3,2,2,2,3,4,5,0,0
13,1497,4,0,3,0,8,7,3,3,2,2,3,3,4,5,0,0
13,1497,4,0,3,0,8,7,3,3,2,2,3,3,5,5,0,0
13,1497,4,0,3,0,8,7,3,3,2,2,3,3,5,5,0,0
13,1497,4,0,3,0,8,7,3,3,2,2,3,3,5,5,0,0
13,1497,4,0,3,0,8,7,3,3,2,2,3,3,5,5,0,0
13,1497,4,0,3,0,8,7,3,3,2,2,3,3,5,5,0,0
13,1497,4,0,3,0,8,7,3,3,2,2,3,3,5,5,0,0
13,1497,4,0,3,0,8,7,3,3,2,2,3,3,5,5,0,0
13,1497,4,0,3,0,8,7,3,3,2,2,3,3,5,5,0,0
13,1497,4,0,3,0,8,7,3,3,2,2,2,3,4,5,0,0
13,1497,4,0,3,0,8,7,3,3,2,2,2,3,4,5,0,0
13,1497,4,0,3,0,8,7,3,3,2,2,2,3,4,5,0,0
13,1497,4,0,3,0,8,7,3,3,2,2,2,3,4,5,0,0
13,1497,4,0,3,0,8,7,3,3,2,2,2,3,4,5,0,0
13,1497,4,0,3,0,8,7,3,3,2,2,2,3,4,5,0,0
13,1497,4,0,3,0,8,7,3,3,2,2,2,3,4,5,0,0
13,1497,4,0,3,0,8,7,3,3,2,2,2,3,4,5,0,0
13,1497,4,0,3,0,8,7,3,3,2,2,2,3,4,5,0,0
14,1498,4,0,4,0,9,7,4,3,3,2,3,3,7,5,0,0
14,1498,4,0,4,0,9,7,4,3,3,2,3,3,7,5,0,0
14,1498,4,0,4,0,9,7,4,3,3,2,3,3,7,5,0,0
14,1498,4,0,4,0,9,7,4,3,3,2,3,3,7,5,0,0
14,1498,4,0,4,0,9,7,4,3,3,2,3,3,7,5,0,0
14,1498,4,0,4,0,9,7,4,3,3,2,3,3,7,5,0,0
14,1498,4,0,4,0,9,7,4,3,3,2,3,3,8,5,8,0
14,1498,4,0,4,0,10,9,4,4,3,3,4,4,8,6,8,2
14,1498,4,0,4,0,10,10,4,4,3,3,4,4,8,6,8,2
14,1498,4,0,4,0,10,10,4,4,3,3,4,4,8,8,9,2
14,1498,4,0,4,0,10,10,4,3,3,3,4,4,8,8,9,2
14,1498,4,0,4,0,10,10,4,3,3,3,4,4,8,8,9,2
14,1498,4,0,4,0,10,10,4,3,3,3,4,4,8,8,9,2
14,1498,4,0,4,0,10,10,4,2,3,3,4,4,8,6,5,2
14,1498,4,0,4,0,10,10,4,2,3,3,4,3,8,6,5,2
14,1498,4,0,4,0,10,10,4,2,3,3,4,3,8,6,5,2
14,1498,4,0,4,0,9,10,4,2,3,3,3,3,8,6,5,2
14,1498,4,0,4,0,9,10,4,2,3,3,3,3,8,6,0,2
14,1498,4,0,4,0,9,10,4,2,3,3,3,3,8,6,0,2
14,1498,4,0,4,0,9,10,4,2,3,3,3,3,8,6,0,1
14,1498,4,0,4,0,9,10,4,2,3,3,3,3,8,6,0,1
14,1498,4,0,4,0,9,10,4,2,3,3,3,3,8,6,0,0
14,1498,4,0,4,0,9,10,4,2,3,3,3,3,8,6,0,0
14,1498,4,0,4,0,9,10,4,2,3,3,3,3,7,6,0,0
15,1499,4,0,4,0,9,10,4,2,3,3,3,3,4,6,0,0
15,1499,4,0,4,0,9,10,4,2,3,3,3,3,4,6,0,0
15,1499,4,0,4,0,9,10,4,2,3,3,3,3,4,6,0,0
15,1499,4,0,4,0,9,10,4,2,3,3,3,3,4,6,0,0
15,1499,4,0,4,0,9,10,4,2,3,3,3,3,4,6,0,0
15,1499,4,0,4,0,9,10,4,2,3,3,3,3,4,6,0,0
15,1499,4,0,4,0,9,10,4,2,3,3,3,3,4,6,8,0
15,1499,4,0,4,0,10,9,4,4,3,3,4,4,5,6,8,2
15,1499,4,0,4,0,10,10,4,4,3,3,4,3,5,6,8,3
15,1499,4,0,4,0,10,10,4,4,3,3,4,3,5,6,9,4
15,1499,4,0,4,0,10,10,4,4,3,3,4,3,5,6,9,4
15,1499,4,0,4,0,10,10,4,4,3,3,4,3,5,6,9,4
15,1499,4,0,4,0,10,10,4,4,3,3,4,2,5,6,9,4
15,1499,4,0,4,0,10,10,4,4,3,3,4,2,5,5,5,4
15,1499,4,0,4,0,10,10,4,4,3,3,4,2,5,5,5,4
15,1499,4,0,4,0,10,10,4,3,3,3,4,2,4,5,5,3
15,1499,4,0,4,0,9,9,4,3,3,3,3,2,4,5,5,3
15,1499,4,0,4,0,9,9,4,3,3,3,3,2,4,5,0,3
15,1499,4,0,4,0,9,9,4,3,3,3,3,2,4,5,0,3
15,1499,4,0,4,0,9,9,4,3,3,3,3,2,4,5,0,2
15,1499,4,0,4,0,9,9,4,3,3,3,3,2,4,5,0,1
15,1499,4,0,4,0,9,9,4,2,3,3,3,2,4,5,0,1
15,1499,4,0,4,0,9,9,4,2,3,3,3,2,4,5,0,1
15,1499,4,0,4,0,9,9,4,2,3,3,3,2,4,5,0,1
16,1500,4,0,4,0,9,9,4,2,3,3,3,2,7,6,0,1
16,1500,4,0,4,0,9,9,4,2,3,3,3,2,7,6,0,1
16,1500,4,0,4,0,9,9,4,2,3,3,3,2,7,6,0,1
16,1500,4,0,4,0,9,9,4,2,3,3,3,2,7,6,0,1
16,1500,4,0,4,0,9,9,4,2,3,3,3,2,7,6,0,1
16,1500,4,0,4,0,9,9,4,2,3,3,3,2,7,6,0,1
16,1500,4,0,4,0,9,9,4,2,3,3,3,2,10,6,8,1
16,1500,4,0,4,0,10,10,4,3,3,3,4,3,10,10,8,1
16,1500,4,0,4,0,10,10,4,3,3,3,4,3,10,10,8,1
16,1500,4,0,4,0,10,10,4,4,3,3,4,3,10,10,9,2
16,1500,4,0,4,0,10,10,4,4,3,3,4,3,10,10,9,2
16,1500,4,0,4,0,10,10,4,4,3,3,4,2,10,10,9,2
16,1500,4,0,4,0,10,10,4,4,3,3,4,2,10,11,9,2
16,1500,4,0,4,0,10,10,4,4,3,3,4,2,10,11,5,2
16,1500,4,0,4,0,10,10,4,3,3,3,4,2,10,11,5,2
16,1500,4,0,4,0,10,10,4,3,3,3,4,2,8,11,5,2
16,1500,4,0,4,0,9,10,4,3,3,3,3,2,8,11,5,2
16,1500,4,0,4,0,9,10,4,3,3,3,3,2,8,11,0,2
16,1500,4,0,4,0,9,10,4,3,3,3,3,2,8,10,0,1
16,1500,4,0,4,0,9,10,4,3,3,3,3,2,8,10,0,1
16,1500,4,0,4,0,9,10,4,3,3,3,3,2,8,10,0,1
16,1500,4,0,4,0,9,10,4,2,3,3,3,2,8,10,0,1
16,1500,4,0,4,0,9,10,4,2,3,3,3,2,8,10,0,1
16,1500,4,0,4,0,9,10,4,2,3,3,3,2,7,10,0,1
17,1501,4,0,4,0,9,10,4,2,3,3,3,2,7,10,0,1
17,1501,4,0,4,0,9,10,4,2,3,3,3,2,7,10,0,1
17,1501,4,0,4,0,9,10,4,2,3,3,3,2,7,10,0,1
17,1501,4,0,4,0,9,10,4,2,3,3,3,2,7,10,0,1
17,1501,4,0,4,0,9,10,4,2,3,3,3,2,7,10,0,1
17,1501,4,0,4,0,9,10,4,2,3,3,3,2,7,10,0,1
17,1501,4,0,4,0,9,10,4,2,3,3,3,2,8,10,8,1
17,1501,4,0,4,0,10,10,4,2,3,3,4,2,8,8,8,1
17,1501,4,0,4,0,10,10,4,2,3,3,4,2,8,8,8,1
17,1501,4,0,4,0,10,10,4,2,3,3,4,2,8,8,9,0
17,1501,4,0,4,0,10,10,4,2,3,3,4,2,8,8,9,0
17,1501,4,0,4,0,10,10,4,2,3,3,4,2,8,8,9,0
17,1501,4,0,4,0,10,10,4,2,3,3,4,2,8,8,9,0
17,1501,4,0,4,0,10,10,4,2,3,3,4,2,8,8,5,0
17,1501,4,0,4,0,10,10,4,2,3,3,4,2,8,8,5,0
17,1501,4,0,4,0,10,10,4,2,3,3,4,2,8,8,5,0
17,1501,4,0,4,0,9,10,4,2,3,3,3,2,8,8,5,0
17,1501,4,0,4,0,9,10,4,1,3,3,3,2,8,8,0,0
17,1501,4,0,4,0,9,10,4,1,3,3,3,2,8,8,0,0
17,1501,4,0,4,0,9,10,4,1,3,3,3,2,8,8,0,0
17,1501,4,0,4,0,9,10,4,1,3,3,3,2,8,8,0,0
17,1501,4,0,4,0,9,10,4,1,3,3,3,2,8,7,0,0
17,1501,4,0,4,0,9,10,4,1,3,3,3,1,8,7,0,0
17,1501,4,0,4,0,9,10,4,1,3,3,3,1,7,7,0,0
18,1502,4,0,4,0,9,10,4,1,3,3,3,1,7,7,0,0
18,1502,4,0,4,0,9,10,4,1,3,3,3,1,7,7,0,0
18,1502,4,0,4,0,9,10,4,1,3,3,3,1,7,7,0,0
18,1502,4,0,4,0,9,10,4,1,3,3,3,1,7,7,0,0
18,1502,4,0,4,0,9,10,4,1,3,3,3,1,7,7,0,0
18,1502,4,0,4,0,9,10,4,1,3,3,3,1,7,7,0,0
18,1502,4,0,4,0,9,10,4,1,3,3,3,1,8,7,8,0
18,1502,4,0,4,0,10,10,4,2,3,3,4,2,8,8,8,1
18,1502,4,0,4,0,10,10,4,4,3,3,4,2,8,8,8,1
18,1502,4,0,4,0,10,10,4,4,3,3,4,2,8,8,9,2
18,1502,4,0,4,0,10,10,4,4,3,3,4,2,8,8,9,2
18,1502,4,0,4,0,10,10,4,4,3,3,4,2,8,8,9,2
18,1502,4,0,4,0,10,10,4,4,3,3,4,2,8,8,9,2
18,1502,4,0,4,0,10,10,4,4,3,3,4,2,8,8,5,2
18,1502,4,0,4,0,10,10,4,3,3,3,4,2,8,9,5,2
18,1502,4,0,4,0,10,10,4,3,3,3,4,2,8,9,5,2
18,1502,4,0,4,0,9,10,4,3,3,3,3,2,8,8,5,1
18,1502,4,0,4,0,9,10,4,3,3,3,3,2,8,8,0,1
18,1502,4,0,4,0,9,10,4,3,3,3,3,2,8,7,0,1
18,1502,4,0,4,0,9,10,4,3,3,3,3,2,8,7,0,0
18,1502,4,0,4,0,9,10,4,3,3,3,3,2,8,7,0,0
18,1502,4,0,4,0,9,10,4,3,3,3,3,2,8,7,0,0
18,1502,4,0,4,0,9,10,4,3,3,3,3,2,8,7,0,0
18,1502,4,0,4,0,9,10,4,3,3,3,3,2,7,7,0,0
19,1503,4,0,3,0,8,10,3,3,2,3,2,2,7,7,0,0
19,1503,4,0,3,0,8,10,3,3,2,3,2,2,7,7,0,0
19,1503,4,0,3,0,8,10,3,3,2,3,2,2,7,7,0,0
19,1503,4,0,3,0,8,10,3,3,2,3,2,2,7,7,0,0
19,1503,4,0,3,0,8,10,3,3,2,3,2,2,7,7,0,0
19,1503,4,0,3,0,8,10,3,3,2,3,2,2,7,7,0,0
19,1503,4,0,3,0,8,10,3,3,2,3,3,2,10,7,0,0
19,1503,4,0,3,0,8,10,3,2,2,3,3,2,10,7,0,0
19,1503,4,0,3,0,8,10,3,2,2,3,3,2,10,7,0,0
19,1503,4,0,3,0,8,10,3,2,2,3,3,2,10,7,0,0
19,1503,4,0,3,0,8,10,3,2,2,3,3,2,10,7,0,0
19,1503,4,0,3,0,8,10,3,2,2,3,3,2,10,7,0,0
19,1503,4,0,3,0,8,10,3,2,2,3,3,2,10,7,0,0
19,1503,4,0,3,0,8,10,3,2,2,3,3,2,10,7,0,0
19,1503,4,0,3,0,8,10,3,2,2,3,3,2,10,7,0,0
19,1503,4,0,3,0,8,10,3,2,2,3,2,2,8,7,0,0
19,1503,4,0,3,0,8,10,3,2,2,3,2,2,8,7,0,0
19,1503,4,0,3,0,8,10,3,2,2,3,2,2,8,7,0,0
19,1503,4,0,3,0,8,10,3,2,2,3,2,2,8,7,0,0
19,1503,4,0,3,0,8,10,3,2,2,3,2,2,8,7,0,0
19,1503,4,0,3,0,8,10,3,2,2,3,2,2,8,7,0,0
19,1503,4,0,3,0,8,10,3,2,2,3,2,2,8,7,0,0
19,1503,4,0,3,0,8,10,3,2,2,3,2,2,8,7,0,0
19,1503,4,0,3,0,8,10,3,2,2,3,2,2,7,7,0,0
20,1504,4,0,3,0,8,10,3,2,2,3,2,2,4,7,0,0
20,1504,4,0,3,0,8,10,3,2,2,3,2,2,4,7,0,0
20,1504,4,0,3,0,8,10,3,2,2,3,2,2,4,7,0,0
20,1504,4,0,3,0,8,10,3,2,2,3,2,2,4,7,0,0
20,1504,4,0,3,0,8,10,3,2,2,3,2,2,4,7,0,0
20,1504,4,0,3,0,8,10,3,2,2,3,2,2,4,7,0,0
20,1504,4,0,3,0,8,10,3,2,2,3,3,2,4,7,0,0
20,1504,4,0,3,0,8,10,3,2,2,3,3,2,5,7,0,0
20,1504,4,0,3,0,8,10,3,2,2,2,3,2,5,7,0,0
20,1504,4,0,3,0,8,10,3,2,2,2,3,2,5,6,0,0
20,1504,4,0,3,0,8,10,3,2,2,2,3,2,5,6,0,0
20,1504,4,0,3,0,8,10,3,2,2,2,3,2,5,6,0,0
20,1504,4,0,3,0,8,10,3,2,2,2,3,2,5,6,0,0
20,1504,4,0,3,0,8,10,3,2,2,2,3,2,5,6,0,0
20,1504,4,0,3,0,8,10,3,2,2,2,3,2,5,6,0,0
20,1504,4,0,3,0,8,10,3,2,2,2,2,1,4,6,0,0
20,1504,4,0,3,0,8,10,3,2,2,2,2,1,4,6,0,0
20,1504,4,0,3,0,8,10,3,2,2,2,2,1,4,6,0,0
20,1504,4,0,3,0,8,10,3,2,2,2,2,1,4,6,0,0
20,1504,4,0,3,0,8,10,3,2,2,2,2,1,4,6,0,0
20,1504,4,0,3,0,8,10,3,2,2,2,2,1,4,6,0,0
20,1504,4,0,3,0,8,9,3,2,2,2,2,1,4,5,0,0
20,1504,4,0,3,0,8,9,3,2,2,2,2,1,4,5,0,0
20,1504,4,0,3,0,8,9,3,2,2,2,2,1,4,5,0,0
21,1505,4,0,4,0,9,9,4,2,3,2,3,1,7,5,0,0
21,1505,4,0,4,0,9,9,4,2,3,2,3,1,7,5,0,0
21,1505,4,0,4,0,9,9,4,2,3,2,3,1,7,5,0,0
21,1505,4,0,4,0,9,9,4,2,3,2,3,1,7,5,0,0
21,1505,4,0,4,0,9,9,4,2,3,2,3,1,7,5,0,0
21,1505,4,0,4,0,9,9,4,2,3,2,3,1,7,5,0,0
21,1505,4,0,4,0,9,9,4,2,3,2,3,1,8,5,8,0
21,1505,4,0,4,0,10,9,4,4,3,3,4,2,8,8,8,1
21,1505,4,0,4,0,10,10,4,4,3,3,4,2,8,8,8,1
21,1505,4,0,4,0,10,10,4,4,3,3,4,2,8,8,9,1
21,1505,4,0,4,0,10,10,4,4,3,3,4,2,8,8,9,1
21,1505,4,0,4,0,10,10,4,4,3,3,4,2,8,8,9,1
21,1505,4,0,4,0,10,10,4,4,3,3,4,2,8,8,9,1
21,1505,4,0,4,0,10,10,4,4,3,3,4,2,8,9,5,1
21,1505,4,0,4,0,10,10,4,4,3,3,4,2,8,8,5,0
21,1505,4,0,4,0,10,10,4,4,3,3,4,2,8,8,5,0
21,1505,4,0,4,0,9,10,4,4,3,3,3,2,8,8,5,0
21,1505,4,0,4,0,9,10,4,4,3,3,3,2,8,8,0,0
21,1505,4,0,4,0,9,10,4,4,3,3,3,2,8,8,0,0
21,1505,4,0,4,0,9,10,4,4,3,3,3,2,8,8,0,0
21,1505,4,0,4,0,9,10,4,4,3,3,3,2,8,8,0,0
21,1505,4,0,4,0,9,10,4,4,3,2,3,2,8,8,0,0
21,1505,4,0,4,0,9,10,4,4,3,2,3,2,8,8,0,0
21,1505,4,0,4,0,9,10,4,4,3,2,3,2,7,8,0,0
22,1506,4,0,4,0,9,10,4,4,3,2,3,2,4,8,0,0
22,1506,4,0,4,0,9,10,4,4,3,2,3,2,4,8,0,0
22,1506,4,0,4,0,9,10,4,4,3,2,3,2,4,8,0,0
22,1506,4,0,4,0,9,10,4,4,3,2,3,2,4,8,0,0
22,1506,4,0,4,0,9,10,4,4,3,2,3,2,4,8,0,0
22,1506,4,0,4,0,9,10,4,4,3,2,3,2,4,8,0,0
22,1506,4,0,4,0,9,10,4,4,3,2,3,2,4,8,8,0
22,1506,4,0,4,0,10,9,4,4,3,3,4,3,5,7,8,5
22,1506,4,0,4,0,10,10,4,4,3,3,4,3,5,7,8,6
22,1506,4,0,4,0,10,10,4,4,3,2,4,3,5,7,9,7
22,1506,4,0,4,0,10,10,4,4,3,2,4,3,5,7,9,8
22,1506,4,0,4,0,10,10,4,4,3,1,4,3,5,7,9,8
22,1506,4,0,4,0,10,10,4,4,3,1,4,3,5,7,9,8
22,1506,4,0,4,0,10,10,4,4,3,1,4,3,5,7,5,8
22,1506,4,0,4,0,10,10,4,4,3,1,4,3,5,6,5,8
22,1506,4,0,4,0,10,10,4,4,3,1,4,3,4,6,5,6
22,1506,4,0,4,0,9,10,4,4,3,1,3,3,4,6,5,6
22,1506,4,0,4,0,9,10,4,3,3,1,3,3,4,6,0,6
22,1506,4,0,4,0,9,10,4,3,3,1,3,3,4,6,0,6
22,1506,4,0,4,0,9,10,4,3,3,1,3,3,4,6,0,5
22,1506,4,0,4,0,9,10,4,3,3,1,3,3,4,6,0,5
22,1506,4,0,4,0,9,10,4,3,3,1,3,3,4,6,0,5
22,1506,4,0,4,0,9,10,4,3,3,1,3,3,4,6,0,5
22,1506,4,0,4,0,9,10,4,3,3,1,3,3,4,6,0,5
23,1507,4,0,4,0,9,10,4,3,3,1,3,3,7,7,0,5
23,1507,4,0,4,0,9,10,4,3,3,1,3,3,7,7,0,5
23,1507,4,0,4,0,9,10,4,3,3,1,3,3,7,7,0,5
23,1507,4,0,4,0,9,10,4,3,3,1,3,3,7,7,0,5
23,1507,4,0,4,0,9,10,4,3,3,1,3,3,7,7,0,5
23,1507,4,0,4,0,9,10,4,3,3,1,3,3,7,7,0,5
23,1507,4,0,4,0,9,10,4,3,3,1,3,3,10,10,8,5
23,1507,4,0,4,0,10,10,4,3,3,1,4,4,10,8,8,3
23,1507,4,0,4,0,10,10,4,3,3,1,4,4,10,10,8,3
23,1507,4,0,4,0,10,10,4,4,3,1,4,4,10,10,9,2
23,1507,4,0,4,0,10,10,4,4,3,2,4,4,10,9,9,1
23,1507,4,0,4,0,10,10,4,4,3,2,4,4,10,8,9,0
23,1507,4,0,4,0,10,10,4,4,3,2,4,4,10,9,9,0
23,1507,4,0,4,0,10,10,4,4,3,2,4,4,10,9,5,0
23,1507,4,0,4,0,10,10,4,4,3,2,4,4,10,9,5,0
23,1507,4,0,4,0,10,10,4,4,3,2,4,4,8,8,5,0
23,1507,4,0,4,0,9,10,4,4,3,2,3,4,8,8,5,0
23,1507,4,0,4,0,9,10,4,4,3,2,3,4,8,8,0,0
23,1507,4,0,4,0,9,10,4,4,3,2,3,4,8,8,0,0
23,1507,4,0,4,0,9,10,4,4,3,2,3,4,8,8,0,0
23,1507,4,0,4,0,9,10,4,4,3,2,3,4,8,8,0,0
23,1507,4,0,4,0,9,10,4,4,3,2,3,4,8,8,0,0
23,1507,4,0,4,0,9,10,4,4,3,2,3,3,8,8,0,0
23,1507,4,0,4,0,9,10,4,4,3,2,3,3,7,8,0,0
24,1508,4,0,4,0,9,10,4,4,3,2,3,3,7,8,0,0
24,1508,4,0,4,0,9,10,4,4,3,2,3,3,7,8,0,0
24,1508,4,0,4,0,9,10,4,4,3,2,3,3,7,8,0,0
24,1508,4,0,4,0,9,10,4,4,3,2,3,3,7,8,0,0
24,1508,4,0,4,0,9,10,4,4,3,2,3,3,7,8,0,0
24,1508,4,0,4,0,9,10,4,4,3,2,3,3,7,8,0,0
24,1508,4,0,4,0,9,10,4,4,3,2,3,3,8,8,8,0
24,1508,4,0,4,0,10,10,4,4,3,3,4,4,8,7,8,0
24,1508,4,0,4,0,10,10,4,4,3,3,4,4,8,8,8,0
24,1508,4,0,4,0,10,10,4,4,3,2,4,4,8,8,9,0
24,1508,4,0,4,0,10,10,4,4,3,2,4,4,8,8,9,0
24,1508,4,0,4,0,10,10,4,4,3,2,4,4,8,8,9,0
24,1508,4,0,4,0,10,10,4,4,3,2,4,4,8,8,9,0
24,1508,4,0,4,0,10,10,4,4,3,2,4,4,8,8,5,0
24,1508,4,0,4,0,10,10,4,4,3,2,4,4,8,8,5,0
24,1508,4,0,4,0,10,10,4,4,3,2,4,4,8,8,5,0
24,1508,4,0,4,0,9,10,4,4,3,2,3,4,8,7,5,0
24,1508,4,0,4,0,9,10,4,4,3,2,3,4,8,7,0,0
24,1508,4,0,4,0,9,10,4,4,3,2,3,4,8,7,0,0
24,1508,4,0,4,0,9,10,4,4,3,2,3,4,8,7,0,0
24,1508,4,0,4,0,9,10,4,4,3,2,3,4,8,7,0,0
24,1508,4,0,4,0,9,10,4,4,3,2,3,4,8,7,0,0
24,1508,4,0,4,0,9,10,4,4,3,2,3,4,8,6,0,0
24,1508,4,0,4,0,9,10,4,4,3,2,3,4,7,6,0,0
25,1509,4,0,4,0,9,10,4,4,3,2,3,4,7,6,0,0
25,1509,4,0,4,0,9,10,4,4,3,2,3,4,7,6,0,0
25,1509,4,0,4,0,9,10,4,4,3,2,3,4,7,6,0,0
25,1509,4,0,4,0,9,10,4,4,3,2,3,4,7,6,0,0
25,1509,4,0,4,0,9,10,4,4,3,2,3,4,7,6,0,0
25,1509,4,0,4,0,9,10,4,4,3,2,3,4,7,6,0,0
25,1509,4,0,4,0,9,10,4,4,3,2,3,4,8,6,8,0
25,1509,4,0,4,0,10,10,4,4,3,3,4,4,8,7,8,1
25,1509,4,0,4,0,10,10,4,4,3,3,4,4,8,8,8,1
25,1509,4,0,4,0,10,10,4,4,3,3,4,4,8,8,9,2
25,1509,4,0,4,0,10,10,4,4,3,3,4,4,8,8,9,3
25,1509,4,0,4,0,10,10,4,4,3,3,4,4,8,8,9,4
25,1509,4,0,4,0,10,10,4,4,3,3,4,4,8,9,9,4
25,1509,4,0,4,0,10,10,4,4,3,3,4,4,8,9,5,4
25,1509,4,0,4,0,10,10,4,3,3,3,4,4,8,9,5,4
25,1509,4,0,4,0,10,10,4,3,3,3,4,4,8,8,5,1
25,1509,4,0,4,0,9,10,4,3,3,3,3,4,8,8,5,1
25,1509,4,0,4,0,9,10,4,3,3,3,3,4,8,8,0,1
25,1509,4,0,4,0,9,10,4,3,3,2,3,4,8,8,0,1
25,1509,4,0,4,0,9,10,4,3,3,2,3,4,8,8,0,1
25,1509,4,0,4,0,9,10,4,3,3,2,3,4,8,8,0,1
25,1509,4,0,4,0,9,10,4,3,3,2,3,4,8,8,0,1
25,1509,4,0,4,0,9,10,4,3,3,2,3,4,8,8,0,1
25,1509,4,0,4,0,9,10,4,3,3,2,3,4,7,8,0,1
26,1510,4,0,3,0,8,10,3,3,2,2,2,4,7,8,0,1
26,1510,4,0,3,0,8,10,3,3,2,2,2,4,7,8,0,1
26,1510,4,0,3,0,8,10,3,3,2,2,2,4,7,8,0,1
26,1510,4,0,3,0,8,10,3,3,2,2,2,4,7,8,0,1
26,1510,4,0,3,0,8,10,3,3,2,2,2,4,7,8,0,1
26,1510,4,0,3,0,8,10,3,3,2,2,2,4,7,8,0,1
26,1510,4,0,3,0,8,10,3,3,2,2,3,4,10,8,0,1
26,1510,4,0,3,0,8,9,3,2,2,1,3,3,10,6,0,1
26,1510,4,0,3,0,8,9,3,2,2,1,3,3,10,6,0,1
26,1510,4,0,3,0,8,9,3,2,2,1,3,3,10,6,0,1
26,1510,4,0,3,0,8,9,3,2,2,1,3,3,10,6,0,1
26,1510,4,0,3,0,8,9,3,2,2,1,3,3,10,6,0,0
26,1510,4,0,3,0,8,9,3,2,2,1,3,3,10,6,0,0
26,1510,4,0,3,0,8,9,3,2,2,1,3,3,10,6,0,0
26,1510,4,0,3,0,8,9,3,2,2,1,3,3,10,6,0,0
26,1510,4,0,3,0,8,9,3,2,2,1,2,3,8,6,0,0
26,1510,4,0,3,0,8,9,3,2,2,1,2,3,8,6,0,0
26,1510,4,0,3,0,8,9,3,2,2,1,2,3,8,6,0,0
26,1510,4,0,3,0,8,9,3,2,2,1,2,3,8,6,0,0
26,1510,4,0,3,0,8,9,3,2,2,1,2,3,8,6,0,0
26,1510,4,0,3,0,8,9,3,2,2,1,2,3,8,6,0,0
26,1510,4,0,3,0,8,9,3,2,2,1,2,3,8,6,0,0
26,1510,4,0,3,0,8,9,3,2,2,1,2,3,8,5,0,0
26,1510,4,0,3,0,8,9,3,2,2,1,2,3,7,5,0,0
27,1511,4,0,3,0,8,9,3,2,2,1,2,3,4,5,0,0
27,1511,4,0,3,0,8,9,3,2,2,1,2,3,4,5,0,0
27,1511,4,0,3,0,8,9,3,2,2,1,2,3,4,5,0,0
27,1511,4,0,3,0,8,9,3,2,2,1,2,3,4,5,0,0
27,1511,4,0,3,0,8,9,3,2,2,1,2,3,4,5,0,0
27,1511,4,0,3,0,8,9,3,2,2,1,2,3,4,5,0,0
27,1511,4,0,3,0,8,9,3,2,2,1,3,3,4,5,0,0
27,1511,4,0,3,0,8,9,3,2,2,1,3,3,5,5,0,0
27,1511,4,0,3,0,8,9,3,1,2,1,3,2,5,5,0,0
27,1511,4,0,3,0,8,9,3,1,2,1,3,2,5,5,0,0
27,1511,4,0,3,0,8,9,3,1,2,1,3,2,5,5,0,0
27,1511,4,0,3,0,8,9,3,1,2,1,3,2,5,5,0,0
27,1511,4,0,3,0,8,9,3,1,2,1,3,2,5,5,0,0
27,1511,4,0,3,0,8,9,3,1,2,1,3,2,5,5,0,0
27,1511,4,0,3,0,8,9,3,1,2,1,3,2,5,5,0,0
27,1511,4,0,3,0,8,9,3,1,2,1,2,2,4,5,0,0
27,1511,4,0,3,0,8,9,3,1,2,1,2,2,4,5,0,0
27,1511,4,0,3,0,8,9,3,1,2,1,2,2,4,5,0,0
27,1511,4,0,3,0,8,9,3,1,2,1,2,2,4,5,0,0
27,1511,4,0,3,0,8,9,3,1,2,1,2,2,4,5,0,0
27,1511,4,0,3,0,8,9,3,1,2,1,2,2,4,5,0,0
27,1511,4,0,3,0,8,8,3,1,2,1,2,2,4,5,0,0
27,1511,4,0,3,0,8,8,3,1,2,1,2,2,4,5,0,0
27,1511,4,0,3,0,8,8,3,1,2,1,2,2,4,5,0,0
0,1512,4,0,4,0,9,8,4,1,3,1,3,2,7,5,0,0
0,1512,4,0,4,0,9,8,4,1,3,1,3,2,7,5,0,0
0,1512,4,0,4,0,9,8,4,1,3,1,3,2,7,5,0,0
0,1512,4,0,4,0,9,8,4,1,3,1,3,2,7,5,0,0
0,1512,4,0,4,0,9,8,4,1,3,1,3,2,7,5,0,0
0,1512,4,0,4,0,9,8,4,1,3,1,3,2,7,5,0,0
0,1512,4,0,4,0,9,8,4,1,3,1,3,2,8,5,8,0
0,1512,4,0,4,0,10,9,4,3,3,1,4,3,8,8,8,2
0,1512,4,0,4,0,10,10,4,4,3,1,4,3,8,8,8,2
0,1512,4,0,4,0,10,10,4,4,3,1,4,3,8,8,9,2
0,1512,4,0,4,0,10,10,4,4,3,1,4,3,8,8,9,2
0,1512,4,0,4,0,10,10,4,4,3,2,4,3,8,8,9,2
0,1512,4,0,4,0,10,10,4,4,3,2,4,2,8,8,9,2
0,1512,4,0,4,0,10,10,4,3,3,2,4,2,8,8,5,2
0,1512,4,0,4,0,10,9,4,3,3,1,4,2,8,8,5,2
0,1512,4,0,4,0,10,9,4,3,3,1,4,2,8,8,5,2
0,1512,4,0,4,0,9,9,4,3,3,1,3,2,8,8,5,1
0,1512,4,0,4,0,9,9,4,3,3,1,3,2,8,8,0,1
0,1512,4,0,4,0,9,9,4,3,3,1,3,2,8,8,0,1
0,1512,4,0,4,0,9,9,4,3,3,1,3,2,8,8,0,1
0,1512,4,0,4,0,9,9,4,3,3,1,3,2,8,8,0,1
0,1512,4,0,4,0,9,9,4,3,3,1,3,2,8,8,0,1
0,1512,4,0,4,0,9,9,4,3,3,1,3,2,8,8,0,1
0,1512,4,0,4,0,9,9,4,3,3,1,3,2,7,8,0,1
1,1513,4,0,4,0,9,9,4,3,3,1,3,2,4,8,0,1
1,1513,4,0,4,0,9,9,4,3,3,1,3,2,4,8,0,1
1,1513,4,0,4,0,9,9,4,3,3,1,3,2,4,8,0,1
1,1513,4,0,4,0,9,9,4,3,3,1,3,2,4,8,0,1
1,1513,4,0,4,0,9,9,4,3,3,1,3,2,4,8,0,1
1,1513,4,0,4,0,9,9,4,3,3,1,3,2,4,8,0,1
1,1513,4,0,4,0,9,9,4,3,3,1,3,2,4,8,8,1
1,1513,4,0,4,0,10,9,4,3,3,3,4,2,5,7,8,2
1,1513,4,0,4,0,10,10,4,4,3,3,4,2,5,7,8,2
1,1513,4,0,4,0,10,10,4,4,3,2,4,2,5,7,9,3
1,1513,4,0,4,0,10,10,4,4,3,3,4,1,5,7,9,3
1,1513,4,0,4,0,10,10,4,4,3,2,4,1,5,7,9,2
1,1513,4,0,4,0,10,10,4,4,3,3,4,1,5,7,9,2
1,1513,4,0,4,0,10,10,4,4,3,3,4,1,5,7,5,2
1,1513,4,0,4,0,10,10,4,4,3,3,4,1,5,7,5,2
1,1513,4,0,4,0,10,9,4,4,3,3,4,1,4,7,5,2
1,1513,4,0,4,0,9,8,4,4,3,2,3,0,4,6,5,2
1,1513,4,0,4,0,9,8,4,4,3,2,3,0,4,6,0,2
1,1513,4,0,4,0,9,8,4,4,3,2,3,0,4,6,0,2
1,1513,4,0,4,0,9,8,4,4,3,2,3,0,4,6,0,2
1,1513,4,0,4,0,9,8,4,4,3,2,3,0,4,6,0,2
1,1513,4,0,4,0,9,8,4,3,3,2,3,0,4,6,0,2
1,1513,4,0,4,0,9,8,4,2,3,2,3,0,4,6,0,1
1,1513,4,0,4,0,9,8,4,1,3,2,3,0,4,6,0,1
2,1514,4,0,4,0,9,8,4,1,3,2,3,0,7,7,0,1
2,1514,4,0,4,0,9,8,4,1,3,2,3,0,7,7,0,1
2,1514,4,0,4,0,9,8,4,1,3,2,3,0,7,7,0,1
2,1514,4,0,4,0,9,8,4,1,3,2,3,0,7,7,0,1
2,1514,4,0,4,0,9,8,4,1,3,2,3,0,7,7,0,1
2,1514,4,0,4,0,9,8,4,1,3,2,3,0,7,7,0,1
2,1514,4,0,4,0,9,8,4,1,3,2,3,0,10,7,8,1
2,1514,4,0,4,0,10,9,4,1,3,1,4,1,10,10,8,1
2,1514,4,0,4,0,10,10,4,2,3,1,4,1,10,10,8,1
2,1514,4,0,4,0,10,10,4,1,3,1,4,1,10,10,9,1
2,1514,4,0,4,0,10,10,4,2,3,1,4,1,10,10,9,1
2,1514,4,0,4,0,10,10,4,2,3,1,4,1,10,10,9,1
2,1514,4,0,4,0,10,10,4,2,3,1,4,1,10,11,9,1
2,1514,4,0,4,0,10,10,4,2,3,1,4,1,10,11,5,1
2,1514,4,0,4,0,10,10,4,2,3,1,4,1,10,10,5,1
2,1514,4,0,4,0,10,10,4,2,3,1,4,1,8,10,5,1
2,1514,4,0,4,0,9,10,4,2,3,1,3,1,8,9,5,0
2,1514,4,0,4,0,9,10,4,2,3,1,3,1,8,9,0,0
2,1514,4,0,4,0,9,10,4,2,3,1,3,1,8,9,0,0
2,1514,4,0,4,0,9,10,4,2,3,1,3,1,8,9,0,0
2,1514,4,0,4,0,9,10,4,2,3,1,3,1,8,9,0,0
2,1514,4,0,4,0,9,10,4,2,3,1,3,1,8,9,0,0
2,1514,4,0,4,0,9,10,4,2,3,1,3,1,8,8,0,0
2,1514,4,0,4,0,9,10,4,2,3,1,3,1,7,8,0,0
3,1515,4,0,4,0,9,10,4,2,3,1,3,1,7,8,0,0
3,1515,4,0,4,0,9,10,4,2,3,1,3,1,7,8,0,0
3,1515,4,0,4,0,9,10,4,2,3,1,3,1,7,8,0,0
3,1515,4,0,4,0,9,10,4,2,3,1,3,1,7,8,0,0
3,1515,4,0,4,0,9,10,4,2,3,1,3,1,7,8,0,0
3,1515,4,0,4,0,9,10,4,2,3,1,3,1,7,8,0,0
3,1515,4,0,4,0,9,10,4,2,3,1,3,1,8,8,8,0
3,1515,4,0,4,0,10,10,4,3,3,1,4,2,8,8,8,0
3,1515,4,0,4,0,10,10,4,3,3,1,4,2,8,8,8,0
3,1515,4,0,4,0,10,10,4,3,3,1,4,2,8,8,9,0
3,1515,4,0,4,0,10,10,4,3,3,1,4,2,8,8,9,0
3,1515,4,0,4,0,10,10,4,3,3,1,4,2,8,7,9,0
3,1515,4,0,4,0,10,10,4,3,3,1,4,2,8,7,9,0
3,1515,4,0,4,0,10,10,4,3,3,1,4,2,8,7,5,0
3,1515,4,0,4,0,10,10,4,3,3,1,4,2,8,7,5,0
3,1515,4,0,4,0,10,10,4,3,3,1,4,2,8,7,5,0
3,1515,4,0,4,0,9,10,4,3,3,1,3,2,8,7,5,0
3,1515,4,0,4,0,9,10,4,3,3,1,3,2,8,7,0,0
3,1515,4,0,4,0,9,10,4,3,3,1,3,2,8,7,0,0
3,1515,4,0,4,0,9,10,4,3,3,1,3,2,8,7,0,0
3,1515,4,0,4,0,9,10,4,3,3,1,3,2,8,6,0,0
3,1515,4,0,4,0,9,10,4,3,3,1,3,2,8,6,0,0
3,1515,4,0,4,0,9,10,4,3,3,1,3,2,8,6,0,0
3,1515,4,0,4,0,9,10,4,3,3,1,3,2,7,6,0,0
4,1516,4,0,4,0,9,10,4,3,3,1,3,2,7,6,0,0
4,1516,4,0,4,0,9,10,4,3,3,1,3,2,7,6,0,0
4,1516,4,0,4,0,9,10,4,3,3,1,3,2,7,6,0,0
4,1516,4,0,4,0,9,10,4,3,3,1,3,2,7,6,0,0
4,1516,4,0,4,0,9,10,4,3,3,1,3,2,7,6,0,0
4,1516,4,0,4,0,9,10,4,3,3,1,3,2,7,6,0,0
4,1516,4,0,4,0,9,10,4,3,3,1,3,2,8,6,8,0
4,1516,4,0,4,0,10,10,4,3,3,2,4,3,8,7,8,1
4,1516,4,0,4,0,10,10,4,4,3,3,4,3,8,8,8,1
4,1516,4,0,4,0,10,10,4,4,3,3,4,3,8,8,9,1
4,1516,4,0,4,0,10,10,4,4,3,3,4,3,8,8,9,1
4,1516,4,0,4,0,10,10,4,4,3,3,4,3,8,8,9,1
4,1516,4,0,4,0,10,10,4,4,3,3,4,3,8,8,9,1
4,1516,4,0,4,0,10,10,4,4,3,3,4,3,8,8,5,1
4,1516,4,0,4,0,10,10,4,3,3,3,4,3,8,8,5,1
4,1516,4,0,4,0,10,10,4,2,3,3,4,3,8,8,5,1
4,1516,4,0,4,0,9,10,4,2,3,2,3,3,8,8,5,1
4,1516,4,0,4,0,9,10,4,2,3,2,3,3,8,8,0,1
4,1516,4,0,4,0,9,10,4,2,3,2,3,3,8,8,0,1
4,1516,4,0,4,0,9,10,4,2,3,2,3,3,8,8,0,1
4,1516,4,0,4,0,9,10,4,2,3,2,3,3,8,8,0,1
4,1516,4,0,4,0,9,10,4,2,3,1,3,3,8,8,0,1
4,1516,4,0,4,0,9,10,4,2,3,1,3,3,8,8,0,1
4,1516,4,0,4,0,9,10,4,2,3,1,3,3,7,8,0,1
5,1517,4,0,3,0,8,10,3,2,2,1,2,3,7,8,0,1
5,1517,4,0,3,0,8,10,3,2,2,1,2,3,7,8,0,1
5,1517,4,0,3,0,8,10,3,2,2,1,2,3,7,8,0,1
5,1517,4,0,3,0,8,10,3,2,2,1,2,3,7,8,0,1
5,1517,4,0,3,0,8,10,3,2,2,1,2,3,7,8,0,1
5,1517,4,0,3,0,8,10,3,2,2,1,2,3,7,8,0,1
5,1517,4,0,3,0,8,10,3,2,2,1,3,3,10,8,0,1
5,1517,4,0,3,0,8,10,3,2,2,1,3,2,10,8,0,0
5,1517,4,0,3,0,8,10,3,2,2,1,3,2,10,8,0,0
5,1517,4,0,3,0,8,9,3,2,2,1,3,2,10,8,0,0
5,1517,4,0,3,0,8,9,3,2,2,1,3,2,10,8,0,0
5,1517,4,0,3,0,8,9,3,1,2,1,3,2,10,8,0,0
5,1517,4,0,3,0,8,8,3,1,2,1,3,2,10,7,0,0
5,1517,4,0,3,0,8,8,3,1,2,1,3,2,10,6,0,0
5,1517,4,0,3,0,8,8,3,1,2,1,3,2,10,6,0,0
5,1517,4,0,3,0,8,8,3,1,2,1,2,1,8,6,0,0
5,1517,4,0,3,0,8,8,3,1,2,1,2,1,8,6,0,0
5,1517,4,0,3,0,8,8,3,1,2,1,2,1,8,6,0,0
5,1517,4,0,3,0,8,8,3,1,2,1,2,1,8,6,0,0
5,1517,4,0,3,0,8,8,3,1,2,1,2,1,8,5,0,0
5,1517,4,0,3,0,8,8,3,1,2,1,2,1,8,5,0,0
5,1517,4,0,3,0,8,8,3,1,2,1,2,1,8,5,0,0
5,1517,4,0,3,0,8,8,3,1,2,1,2,1,8,5,0,0
5,1517,4,0,3,0,8,8,3,1,2,1,2,1,7,5,0,0
6,1518,4,0,3,0,8,8,3,1,2,1,2,1,4,5,0,0
6,1518,4,0,3,0,8,8,3,1,2,1,2,1,4,5,0,0
6,1518,4,0,3,0,8,8,3,1,2,1,2,1,4,5,0,0
6,1518,4,0,3,0,8,8,3,1,2,1,2,1,4,5,0,0
6,1518,4,0,3,0,8,8,3,1,2,1,2,1,4,5,0,0
6,1518,4,0,3,0,8,8,3,1,2,1,2,1,4,5,0,0
6,1518,4,0,3,0,8,8,3,1,2,1,3,1,4,5,0,0
6,1518,4,0,3,0,8,8,3,0,2,1,3,1,5,5,0,0
6,1518,4,0,3,0,8,8,3,0,2,1,3,1,5,5,0,0
6,1518,4,0,3,0,8,8,3,0,2,1,3,1,5,5,0,0
6,1518,4,0,3,0,8,8,3,0,2,1,3,1,5,5,0,0
6,1518,4,0,3,0,8,8,3,0,2,1,3,1,5,5,0,0
6,1518,4,0,3,0,8,8,3,0,2,1,3,1,5,5,0,0
6,1518,4,0,3,0,8,8,3,0,2,1,3,1,5,5,0,0
6,1518,4,0,3,0,8,8,3,0,2,1,3,1,5,5,0,0
6,1518,4,0,3,0,8,8,3,0,2,1,2,1,4,5,0,0
6,1518,4,0,3,0,8,8,3,0,2,1,2,1,4,5,0,0
6,1518,4,0,3,0,8,8,3,0,2,1,2,1,4,5,0,0
6,1518,4,0,3,0,8,8,3,0,2,1,2,1,4,5,0,0
6,1518,4,0,3,0,8,8,3,0,2,1,2,1,4,5,0,0
6,1518,4,0,3,0,8,8,3,0,2,1,2,1,4,5,0,0
6,1518,4,0,3,0,8,8,3,0,2,1,2,1,4,5,0,0
6,1518,4,0,3,0,8,8,3,0,2,1,2,1,4,5,0,0
6,1518,4,0,3,0,8,8,3,0,2,1,2,1,4,5,0,0
7,1519,4,0,4,0,9,8,4,0,3,1,3,1,7,5,0,0
7,1519,4,0,4,0,9,8,4,0,3,1,3,1,7,5,0,0
7,1519,4,0,4,0,9,8,4,0,3,1,3,1,7,5,0,0
7,1519,4,0,4,0,9,8,4,0,3,1,3,1,7,5,0,0
7,1519,4,0,4,0,9,8,4,0,3,1,3,1,7,5,0,0
7,1519,4,0,4,0,9,8,4,0,3,1,3,1,7,5,0,0
7,1519,4,0,4,0,9,8,4,0,3,1,3,1,8,5,8,0
7,1519,4,0,4,0,10,8,4,2,3,2,4,2,8,7,8,1
7,1519,4,0,4,0,10,8,4,2,3,3,4,2,8,8,8,1
7,1519,4,0,4,0,10,9,4,4,3,3,4,2,8,8,9,1
7,1519,4,0,4,0,10,10,4,4,3,3,4,2,8,8,9,1
7,1519,4,0,4,0,10,10,4,4,3,3,4,2,8,8,9,1
7,1519,4,0,4,0,10,10,4,4,3,3,4,2,8,8,9,1
7,1519,4,0,4,0,10,8,4,3,3,3,4,2,8,8,5,1
7,1519,4,0,4,0,10,8,4,3,3,3,4,2,8,7,5,1
7,1519,4,0,4,0,10,8,4,2,3,3,4,2,8,7,5,1
7,1519,4,0,4,0,9,8,4,2,3,3,3,2,8,8,5,1
7,1519,4,0,4,0,9,8,4,2,3,3,3,2,8,7,0,0
7,1519,4,0,4,0,9,7,4,2,3,3,3,2,8,7,0,0
7,1519,4,0,4,0,9,7,4,2,3,3,3,2,8,7,0,0
7,1519,4,0,4,0,9,7,4,2,3,2,3,2,8,6,0,0
7,1519,4,0,4,0,9,7,4,2,3,2,3,2,8,6,0,0
7,1519,4,0,4,0,9,7,4,2,3,2,3,2,8,6,0,0
7,1519,4,0,4,0,9,7,4,2,3,2,3,2,7,6,0,0
8,1520,4,0,4,0,9,7,4,2,3,2,3,2,4,6,0,0
8,1520,4,0,4,0,9,7,4,2,3,2,3,2,4,6,0,0
8,1520,4,0,4,0,9,7,4,2,3,2,3,2,4,6,0,0
8,1520,4,0,4,0,9,7,4,2,3,2,3,2,4,6,0,0
8,1520,4,0,4,0,9,7,4,2,3,2,3,2,4,6,0,0
8,1520,4,0,4,0,9,7,4,2,3,2,3,2,4,6,0,0
8,1520,4,0,4,0,9,7,4,2,3,2,3,2,4,6,8,0
8,1520,4,0,4,0,10,9,4,3,3,2,4,3,5,6,8,2
8,1520,4,0,4,0,10,9,4,4,3,3,4,3,5,6,8,3
8,1520,4,0,4,0,10,10,4,4,3,3,4,3,5,6,9,3
8,1520,4,0,4,0,10,10,4,4,3,3,4,3,5,6,9,3
8,1520,4,0,4,0,10,10,4,4,3,3,4,3,5,6,9,3
8,1520,4,0,4,0,10,10,4,4,3,3,4,3,5,6,9,3
8,1520,4,0,4,0,10,10,4,4,3,3,4,3,5,6,5,3
8,1520,4,0,4,0,10,9,4,4,3,3,4,3,5,6,5,3
8,1520,4,0,4,0,10,9,4,3,3,3,4,3,4,6,5,2
8,1520,4,0,4,0,9,9,4,3,3,3,3,3,4,6,5,2
8,1520,4,0,4,0,9,9,4,2,3,3,3,3,4,6,0,2
8,1520,4,0,4,0,9,9,4,1,3,3,3,3,4,6,0,2
8,1520,4,0,4,0,9,9,4,1,3,3,3,3,4,6,0,1
8,1520,4,0,4,0,9,9,4,1,3,3,3,3,4,6,0,1
8,1520,4,0,4,0,9,9,4,1,3,3,3,3,4,6,0,1
8,1520,4,0,4,0,9,9,4,1,3,3,3,3,4,6,0,1
8,1520,4,0,4,0,9,9,4,1,3,3,3,3,4,6,0,1
9,1521,4,0,4,0,9,9,4,1,3,3,3,3,7,7,0,1
9,1521,4,0,4,0,9,9,4,1,3,3,3,3,7,7,0,1
9,1521,4,0,4,0,9,9,4,1,3,3,3,3,7,7,0,1
9,1521,4,0,4,0,9,9,4,1,3,3,3,3,7,7,0,1
9,1521,4,0,4,0,9,9,4,1,3,3,3,3,7,7,0,1
9,1521,4,0,4,0,9,9,4,1,3,3,3,3,7,7,0,1
9,1521,4,0,4,0,9,9,4,1,3,3,3,3,10,7,8,1
9,1521,4,0,4,0,10,10,4,2,3,2,4,4,10,10,8,1
9,1521,4,0,4,0,10,10,4,2,3,1,4,4,10,10,8,2
9,1521,4,0,4,0,10,10,4,3,3,1,4,4,10,10,9,2
9,1521,4,0,4,0,10,10,4,4,3,1,4,4,10,11,9,3
9,1521,4,0,4,0,10,10,4,4,3,1,4,4,10,11,9,3
9,1521,4,0,4,0,10,10,4,4,3,1,4,4,10,11,9,3
9,1521,4,0,4,0,10,10,4,4,3,1,4,4,10,11,5,3
9,1521,4,0,4,0,10,10,4,4,3,1,4,4,10,11,5,3
9,1521,4,0,4,0,10,10,4,4,3,1,4,4,8,11,5,3
9,1521,4,0,4,0,9,10,4,4,3,1,3,4,8,10,5,2
9,1521,4,0,4,0,9,10,4,4,3,1,3,4,8,10,0,2
9,1521,4,0,4,0,9,9,4,4,3,1,3,4,8,10,0,2
9,1521,4,0,4,0,9,9,4,4,3,1,3,4,8,10,0,2
9,1521,4,0,4,0,9,9,4,3,3,1,3,4,8,10,0,2
9,1521,4,0,4,0,9,9,4,3,3,1,3,4,8,8,0,1
9,1521,4,0,4,0,9,9,4,2,3,1,3,4,8,8,0,1
9,1521,4,0,4,0,9,9,4,2,3,1,3,4,7,8,0,1
10,1522,4,0,4,0,9,9,4,2,3,1,3,4,7,8,0,1
10,1522,4,0,4,0,9,9,4,2,3,1,3,4,7,8,0,1
10,1522,4,0,4,0,9,9,4,2,3,1,3,4,7,8,0,1
10,1522,4,0,4,0,9,9,4,2,3,1,3,4,7,8,0,1
10,1522,4,0,4,0,9,9,4,2,3,1,3,4,7,8,0,1
10,1522,4,0,4,0,9,9,4,2,3,1,3,4,7,8,0,1
10,1522,4,0,4,0,9,9,4,2,3,1,3,4,8,8,8,1
10,1522,4,0,4,0,10,9,4,2,3,1,4,4,8,8,8,1
10,1522,4,0,4,0,10,10,4,2,3,1,4,4,8,8,8,1
10,1522,4,0,4,0,10,10,4,2,3,1,4,4,8,8,9,1
10,1522,4,0,4,0,10,10,4,2,3,1,4,4,8,8,9,1
10,1522,4,0,4,0,10,10,4,2,3,1,4,4,8,8,9,1
10,1522,4,0,4,0,10,10,4,2,3,1,4,4,8,8,9,1
10,1522,4,0,4,0,10,10,4,2,3,1,4,4,8,8,5,1
10,1522,4,0,4,0,10,10,4,2,3,1,4,4,8,8,5,1
10,1522,4,0,4,0,10,9,4,2,3,1,4,4,8,8,5,1
10,1522,4,0,4,0,9,9,4,2,3,1,3,4,8,8,5,1
10,1522,4,0,4,0,9,9,4,2,3,1,3,4,8,8,0,1
10,1522,4,0,4,0,9,9,4,2,3,1,3,4,8,8,0,1
10,1522,4,0,4,0,9,9,4,2,3,1,3,4,8,8,0,1
10,1522,4,0,4,0,9,9,4,2,3,1,3,3,8,8,0,1
10,1522,4,0,4,0,9,8,4,2,3,1,3,3,8,8,0,1
10,1522,4,0,4,0,9,8,4,2,3,1,3,2,8,8,0,1
10,1522,4,0,4,0,9,8,4,2,3,1,3,2,7,8,0,1
11,1523,4,0,4,0,9,8,4,2,3,1,3,2,7,8,0,1
11,1523,4,0,4,0,9,8,4,2,3,1,3,2,7,8,0,1
11,1523,4,0,4,0,9,8,4,2,3,1,3,2,7,8,0,1
11,1523,4,0,4,0,9,8,4,2,3,1,3,2,7,8,0,1
11,1523,4,0,4,0,9,8,4,2,3,1,3,2,7,8,0,1
11,1523,4,0,4,0,9,8,4,2,3,1,3,2,7,8,0,1
11,1523,4,0,4,0,9,8,4,2,3,1,3,2,8,8,8,1
11,1523,4,0,4,0,10,9,4,2,3,3,4,3,8,8,8,1
11,1523,4,0,4,0,10,10,4,3,3,3,4,3,8,8,8,2
11,1523,4,0,4,0,10,10,4,4,3,2,4,3,8,8,9,2
11,1523,4,0,4,0,10,10,4,4,3,3,4,3,8,8,9,2
11,1523,4,0,4,0,10,10,4,4,3,3,4,3,8,8,9,2
11,1523,4,0,4,0,10,10,4,4,3,3,4,3,8,8,9,2
11,1523,4,0,4,0,10,9,4,4,3,3,4,3,8,8,5,2
11,1523,4,0,4,0,10,9,4,4,3,3,4,3,8,8,5,2
11,1523,4,0,4,0,10,9,4,3,3,3,4,3,8,8,5,2
11,1523,4,0,4,0,9,9,4,3,3,3,3,3,8,8,5,2
11,1523,4,0,4,0,9,9,4,3,3,2,3,3,8,8,0,1
11,1523,4,0,4,0,9,9,4,3,3,2,3,3,8,8,0,1
11,1523,4,0,4,0,9,9,4,3,3,2,3,3,8,8,0,1
11,1523,4,0,4,0,9,9,4,3,3,2,3,3,8,8,0,1
11,1523,4,0,4,0,9,9,4,3,3,2,3,3,8,8,0,1
11,1523,4,0,4,0,9,9,4,3,3,2,3,3,8,8,0,1
11,1523,4,0,4,0,9,9,4,3,3,2,3,3,7,8,0,1
12,1524,4,0,3,0,8,9,3,3,2,2,2,3,7,8,0,1
12,1524,4,0,3,0,8,9,3,3,2,2,2,3,7,8,0,1
12,1524,4,0,3,0,8,9,3,3,2,2,2,3,7,8,0,1
12,1524,4,0,3,0,8,9,3,3,2,2,2,3,7,8,0,1
12,1524,4,0,3,0,8,9,3,3,2,2,2,3,7,8,0,1
12,1524,4,0,3,0,8,9,3,3,2,2,2,3,7,8,0,1
12,1524,4,0,3,0,8,9,3,3,2,2,3,3,10,9,0,1
12,1524,4,0,3,0,8,8,3,1,2,1,3,1,10,8,0,1
12,1524,4,0,3,0,8,8,3,1,2,1,3,1,10,8,0,1
12,1524,4,0,3,0,8,8,3,1,2,1,3,1,10,7,0,0
12,1524,4,0,3,0,8,8,3,1,2,1,3,1,10,7,0,0
12,1524,4,0,3,0,8,8,3,1,2,1,3,1,10,7,0,0
12,1524,4,0,3,0,8,8,3,1,2,1,3,1,10,7,0,0
12,1524,4,0,3,0,8,8,3,1,2,1,3,1,10,7,0,0
12,1524,4,0,3,0,8,8,3,1,2,1,3,1,10,7,0,0
12,1524,4,0,3,0,8,8,3,1,2,1,2,1,8,7,0,0
12,1524,4,0,3,0,8,8,3,1,2,1,2,1,8,7,0,0
12,1524,4,0,3,0,8,8,3,1,2,0,2,1,8,7,0,0
12,1524,4,0,3,0,8,8,3,1,2,0,2,1,8,7,0,0
12,1524,4,0,3,0,8,8,3,1,2,0,2,1,8,7,0,0
12,1524,4,0,3,0,8,8,3,1,2,0,2,1,8,7,0,0
12,1524,4,0,3,0,8,8,3,1,2,0,2,1,8,7,0,0
12,1524,4,0,3,0,8,8,3,1,2,0,2,1,8,7,0,0
12,1524,4,0,3,0,8,8,3,1,2,0,2,1,7,7,0,0
13,1525,4,0,3,0,8,8,3,1,2,0,2,1,4,7,0,0
13,1525,4,0,3,0,8,8,3,1,2,0,2,1,4,7,0,0
13,1525,4,0,3,0,8,8,3,1,2,0,2,1,4,7,0,0
13,1525,4,0,3,0,8,8,3,1,2,0,2,1,4,7,0,0
13,1525,4,0,3,0,8,8,3,1,2,0,2,1,4,7,0,0
13,1525,4,0,3,0,8,8,3,1,2,0,2,1,4,7,0,0
13,1525,4,0,3,0,8,8,3,1,2,0,3,1,4,7,0,0
13,1525,4,0,3,0,8,8,3,1,2,0,3,0,5,7,0,0
13,1525,4,0,3,0,8,8,3,1,2,0,3,0,5,7,0,0
13,1525,4,0,3,0,8,8,3,1,2,0,3,0,5,7,0,0
13,1525,4,0,3,0,8,8,3,1,2,0,3,0,5,7,0,0
13,1525,4,0,3,0,8,8,3,1,2,0,3,0,5,7,0,0
13,1525,4,0,3,0,8,8,3,1,2,0,3,0,5,7,0,0
13,1525,4,0,3,0,8,8,3,1,2,0,3,0,5,7,0,0
13,1525,4,0,3,0,8,8,3,1,2,0,3,0,5,7,0,0
13,1525,4,0,3,0,8,8,3,1,2,0,2,0,4,7,0,0
13,1525,4,0,3,0,8,8,3,1,2,0,2,0,4,7,0,0
13,1525,4,0,3,0,8,8,3,1,2,0,2,0,4,7,0,0
13,1525,4,0,3,0,8,8,3,1,2,0,2,0,4,7,0,0
13,1525,4,0,3,0,8,8,3,1,2,0,2,0,4,7,0,0
13,1525,4,0,3,0,8,8,3,1,2,0,2,0,4,7,0,0
13,1525,4,0,3,0,8,8,3,1,2,0,2,0,4,7,0,0
13,1525,4,0,3,0,8,8,3,1,2,0,2,0,4,7,0,0
13,1525,4,0,3,0,8,8,3,1,2,0,2,0,4,7,0,0
14,1526,4,0,4,0,9,8,4,1,3,0,3,0,7,7,0,0
14,1526,4,0,4,0,9,8,4,1,3,0,3,0,7,7,0,0
14,1526,4,0,4,0,9,8,4,1,3,0,3,0,7,7,0,0
14,1526,4,0,4,0,9,8,4,1,3,0,3,0,7,7,0,0
14,1526,4,0,4,0,9,8,4,1,3,0,3,0,7,7,0,0
14,1526,4,0,4,0,9,8,4,1,3,0,3,0,7,7,0,0
14,1526,4,0,4,0,9,8,4,1,3,0,3,0,8,7,8,0
14,1526,4,0,4,0,10,10,4,3,3,0,4,1,8,8,8,2
14,1526,4,0,4,0,10,10,4,3,3,0,4,1,8,8,8,2
14,1526,4,0,4,0,10,10,4,4,3,0,4,1,8,8,9,2
14,1526,4,0,4,0,10,10,4,4,3,0,4,1,8,7,9,2
14,1526,4,0,4,0,10,9,4,4,3,0,4,1,8,8,9,2
14,1526,4,0,4,0,10,9,4,3,3,0,4,1,8,8,9,2
14,1526,4,0,4,0,10,9,4,2,3,0,4,1,8,8,5,2
14,1526,4,0,4,0,10,10,4,2,3,0,4,1,8,8,5,2
14,1526,4,0,4,0,10,10,4,2,3,0,4,1,8,9,5,2
14,1526,4,0,4,0,9,10,4,2,3,0,3,1,8,9,5,2
14,1526,4,0,4,0,9,10,4,2,3,0,3,1,8,9,0,2
14,1526,4,0,4,0,9,10,4,2,3,0,3,1,8,8,0,1
14,1526,4,0,4,0,9,10,4,2,3,0,3,1,8,8,0,1
14,1526,4,0,4,0,9,10,4,2,3,0,3,1,8,8,0,1
14,1526,4,0,4,0,9,10,4,2,3,0,3,1,8,8,0,1
14,1526,4,0,4,0,9,10,4,2,3,0,3,1,8,8,0,1
14,1526,4,0,4,0,9,10,4,2,3,0,3,1,7,8,0,1
15,1527,4,0,4,0,9,10,4,2,3,0,3,1,4,8,0,1
15,1527,4,0,4,0,9,10,4,2,3,0,3,1,4,8,0,1
15,1527,4,0,4,0,9,10,4,2,3,0,3,1,4,8,0,1
15,1527,4,0,4,0,9,10,4,2,3,0,3,1,4,8,0,1
15,1527,4,0,4,0,9,10,4,2,3,0,3,1,4,8,0,1
15,1527,4,0,4,0,9,10,4,2,3,0,3,1,4,8,0,1
15,1527,4,0,4,0,9,10,4,2,3,0,3,1,4,8,8,1
15,1527,4,0,4,0,10,10,4,2,3,3,4,2,5,8,8,3
15,1527,4,0,4,0,10,10,4,3,3,3,4,2,5,8,8,4
15,1527,4,0,4,0,10,10,4,4,3,3,4,2,5,8,9,5
15,1527,4,0,4,0,10,10,4,4,3,2,4,2,5,7,9,5
15,1527,4,0,4,0,10,10,4,3,3,3,4,2,5,7,9,5
15,1527,4,0,4,0,10,10,4,3,3,3,4,2,5,7,9,5
15,1527,4,0,4,0,10,9,4,3,3,3,4,2,5,7,5,5
15,1527,4,0,4,0,10,9,4,3,3,3,4,2,5,7,5,5
15,1527,4,0,4,0,10,9,4,2,3,2,4,2,4,7,5,5
15,1527,4,0,4,0,9,9,4,1,3,2,3,2,4,7,5,5
15,1527,4,0,4,0,9,9,4,1,3,2,3,2,4,7,0,5
15,1527,4,0,4,0,9,9,4,1,3,2,3,2,4,7,0,5
15,1527,4,0,4,0,9,9,4,1,3,2,3,2,4,7,0,5
15,1527,4,0,4,0,9,9,4,1,3,1,3,2,4,7,0,4
15,1527,4,0,4,0,9,9,4,1,3,1,3,2,4,7,0,3
15,1527,4,0,4,0,9,9,4,1,3,0,3,2,4,7,0,3
15,1527,4,0,4,0,9,9,4,1,3,0,3,2,4,7,0,3
16,1528,4,0,4,0,9,9,4,1,3,0,3,2,7,7,0,3
16,1528,4,0,4,0,9,9,4,1,3,0,3,2,7,7,0,3
16,1528,4,0,4,0,9,9,4,1,3,0,3,2,7,7,0,3
16,1528,4,0,4,0,9,9,4,1,3,0,3,2,7,7,0,3
16,1528,4,0,4,0,9,9,4,1,3,0,3,2,7,7,0,3
16,1528,4,0,4,0,9,9,4,1,3,0,3,2,7,7,0,3
16,1528,4,0,4,0,9,9,4,1,3,0,3,2,10,9,8,3
16,1528,4,0,4,0,10,10,4,2,3,0,4,2,10,8,8,2
16,1528,4,0,4,0,10,10,4,2,3,0,4,2,10,10,8,2
16,1528,4,0,4,0,10,10,4,3,3,0,4,2,10,10,9,3
16,1528,4,0,4,0,10,10,4,3,3,0,4,2,10,10,9,3
16,1528,4,0,4,0,10,10,4,4,3,0,4,2,10,10,9,2
16,1528,4,0,4,0,10,10,4,4,3,0,4,2,10,10,9,2
16,1528,4,0,4,0,10,10,4,4,3,0,4,2,10,9,5,2
16,1528,4,0,4,0,10,10,4,2,3,0,4,2,10,9,5,1
16,1528,4,0,4,0,10,10,4,2,3,0,4,2,8,9,5,1
16,1528,4,0,4,0,9,10,4,2,3,0,3,2,8,7,5,0
16,1528,4,0,4,0,9,10,4,2,3,0,3,2,8,7,0,0
16,1528,4,0,4,0,9,10,4,2,3,0,3,2,8,7,0,0
16,1528,4,0,4,0,9,10,4,2,3,0,3,2,8,7,0,0
16,1528,4,0,4,0,9,10,4,2,3,0,3,2,8,7,0,0
16,1528,4,0,4,0,9,10,4,2,3,0,3,2,8,7,0,0
16,1528,4,0,4,0,9,10,4,2,3,0,3,2,8,7,0,0
16,1528,4,0,4,0,9,10,4,2,3,0,3,2,7,7,0,0
17,1529,4,0,4,0,9,10,4,2,3,0,3,2,7,7,0,0
17,1529,4,0,4,0,9,10,4,2,3,0,3,2,7,7,0,0
17,1529,4,0,4,0,9,10,4,2,3,0,3,2,7,7,0,0
17,1529,4,0,4,0,9,10,4,2,3,0,3,2,7,7,0,0
17,1529,4,0,4,0,9,10,4,2,3,0,3,2,7,7,0,0
17,1529,4,0,4,0,9,10,4,2,3,0,3,2,7,7,0,0
17,1529,4,0,4,0,9,10,4,2,3,0,3,2,8,7,8,0
17,1529,4,0,4,0,10,10,4,3,3,0,4,3,8,8,8,0
17,1529,4,0,4,0,10,10,4,3,3,0,4,3,8,8,8,0
17,1529,4,0,4,0,10,10,4,2,3,0,4,3,8,8,9,0
17,1529,4,0,4,0,10,10,4,2,3,0,4,2,8,8,9,0
17,1529,4,0,4,0,10,10,4,2,3,0,4,2,8,8,9,0
17,1529,4,0,4,0,10,10,4,2,3,0,4,2,8,8,9,0
17,1529,4,0,4,0,10,10,4,2,3,0,4,2,8,8,5,0
17,1529,4,0,4,0,10,10,4,2,3,0,4,2,8,8,5,0
17,1529,4,0,4,0,10,10,4,2,3,0,4,2,8,8,5,0
17,1529,4,0,4,0,9,9,4,2,3,0,3,2,8,7,5,0
17,1529,4,0,4,0,9,9,4,2,3,0,3,2,8,7,0,0
17,1529,4,0,4,0,9,9,4,2,3,0,3,2,8,7,0,0
17,1529,4,0,4,0,9,9,4,2,3,0,3,2,8,7,0,0
17,1529,4,0,4,0,9,9,4,2,3,0,3,1,8,7,0,0
17,1529,4,0,4,0,9,9,4,2,3,0,3,1,8,7,0,0
17,1529,4,0,4,0,9,9,4,2,3,0,3,1,8,7,0,0
17,1529,4,0,4,0,9,9,4,2,3,0,3,1,7,7,0,0
18,1530,4,0,4,0,9,9,4,2,3,0,3,1,7,7,0,0
18,1530,4,0,4,0,9,9,4,2,3,0,3,1,7,7,0,0
18,1530,4,0,4,0,9,9,4,2,3,0,3,1,7,7,0,0
18,1530,4,0,4,0,9,9,4,2,3,0,3,1,7,7,0,0
18,1530,4,0,4,0,9,9,4,2,3,0,3,1,7,7,0,0
18,1530,4,0,4,0,9,9,4,2,3,0,3,1,7,7,0,0
18,1530,4,0,4,0,9,9,4,2,3,0,3,1,8,7,8,0
18,1530,4,0,4,0,10,8,4,1,3,1,4,2,8,8,8,1
18,1530,4,0,4,0,10,10,4,1,3,3,4,2,8,8,8,1
18,1530,4,0,4,0,10,10,4,2,3,3,4,2,8,8,9,2
18,1530,4,0,4,0,10,10,4,3,3,3,4,2,8,8,9,2
18,1530,4,0,4,0,10,10,4,4,3,3,4,2,8,7,9,2
18,1530,4,0,4,0,10,10,4,4,3,3,4,2,8,8,9,2
18,1530,4,0,4,0,10,10,4,4,3,3,4,2,8,9,5,2
18,1530,4,0,4,0,10,10,4,3,3,3,4,2,8,9,5,2
18,1530,4,0,4,0,10,10,4,2,3,2,4,2,8,7,5,1
18,1530,4,0,4,0,9,10,4,2,3,1,3,2,8,7,5,1
18,1530,4,0,4,0,9,10,4,2,3,1,3,2,8,7,0,1
18,1530,4,0,4,0,9,10,4,2,3,1,3,2,8,7,0,0
18,1530,4,0,4,0,9,10,4,2,3,1,3,2,8,7,0,0
18,1530,4,0,4,0,9,10,4,2,3,1,3,2,8,7,0,0
18,1530,4,0,4,0,9,10,4,1,3,0,3,2,8,7,0,0
18,1530,4,0,4,0,9,10,4,1,3,0,3,2,8,7,0,0
18,1530,4,0,4,0,9,10,4,1,3,0,3,2,7,7,0,0
19,1531,4,0,3,0,8,10,3,1,2,0,2,2,7,7,0,0
19,1531,4,0,3,0,8,10,3,1,2,0,2,2,7,7,0,0
19,1531,4,0,3,0,8,10,3,1,2,0,2,2,7,7,0,0
19,1531,4,0,3,0,8,10,3,1,2,0,2,2,7,7,0,0
19,1531,4,0,3,0,8,10,3,1,2,0,2,2,7,7,0,0
19,1531,4,0,3,0,8,10,3,1,2,0,2,2,7,7,0,0
19,1531,4,0,3,0,8,10,3,1,2,0,3,2,10,7,0,0
19,1531,4,0,3,0,8,8,3,1,2,0,3,2,10,5,0,0
19,1531,4,0,3,0,8,8,3,1,2,0,3,2,10,5,0,0
19,1531,4,0,3,0,8,8,3,1,2,0,3,2,10,5,0,0
19,1531,4,0,3,0,8,8,3,1,2,0,3,2,10,5,0,0
19,1531,4,0,3,0,8,8,3,1,2,0,3,2,10,5,0,0
19,1531,4,0,3,0,8,8,3,1,2,0,3,2,10,5,0,0
19,1531,4,0,3,0,8,8,3,1,2,0,3,2,10,5,0,0
19,1531,4,0,3,0,8,8,3,1,2,0,3,2,10,5,0,0
19,1531,4,0,3,0,8,8,3,1,2,0,2,2,8,5,0,0
19,1531,4,0,3,0,8,8,3,1,2,0,2,2,8,5,0,0
19,1531,4,0,3,0,8,8,3,1,2,0,2,2,8,5,0,0
19,1531,4,0,3,0,8,8,3,1,2,0,2,2,8,5,0,0
19,1531,4,0,3,0,8,8,3,1,2,0,2,2,8,5,0,0
19,1531,4,0,3,0,8,8,3,1,2,0,2,2,8,5,0,0
19,1531,4,0,3,0,8,8,3,1,2,0,2,2,8,5,0,0
19,1531,4,0,3,0,8,8,3,1,2,0,2,2,8,5,0,0
19,1531,4,0,3,0,8,8,3,1,2,0,2,2,7,5,0,0
20,1532,4,0,3,0,8,8,3,1,2,0,2,2,4,5,0,0
20,1532,4,0,3,0,8,8,3,1,2,0,2,2,4,5,0,0
20,1532,4,0,3,0,8,8,3,1,2,0,2,2,4,5,0,0
20,1532,4,0,3,0,8,8,3,1,2,0,2,2,4,5,0,0
20,1532,4,0,3,0,8,8,3,1,2,0,2,2,4,5,0,0
20,1532,4,0,3,0,8,8,3,1,2,0,2,2,4,5,0,0
20,1532,4,0,3,0,8,8,3,1,2,0,3,2,4,5,0,0
20,1532,4,0,3,0,8,8,3,1,2,0,3,2,5,5,0,0
20,1532,4,0,3,0,8,8,3,1,2,0,3,2,5,5,0,0
20,1532,4,0,3,0,8,8,3,1,2,0,3,2,5,5,0,0
20,1532,4,0,3,0,8,8,3,1,2,0,3,2,5,5,0,0
20,1532,4,0,3,0,8,8,3,1,2,0,3,2,5,5,0,0
20,1532,4,0,3,0,8,8,3,1,2,0,3,2,5,5,0,0
20,1532,4,0,3,0,8,8,3,1,2,0,3,2,5,5,0,0
20,1532,4,0,3,0,8,8,3,1,2,0,3,2,5,5,0,0
20,1532,4,0,3,0,8,8,3,1,2,0,2,2,4,5,0,0
20,1532,4,0,3,0,8,7,3,1,2,0,2,2,4,4,0,0
20,1532,4,0,3,0,8,7,3,1,2,0,2,2,4,4,0,0
20,1532,4,0,3,0,8,7,3,1,2,0,2,2,4,4,0,0
20,1532,4,0,3,0,8,7,3,1,2,0,2,2,4,4,0,0
20,1532,4,0,3,0,8,7,3,1,2,0,2,2,4,4,0,0
20,1532,4,0,3,0,8,7,3,1,2,0,2,2,4,4,0,0
20,1532,4,0,3,0,8,7,3,1,2,0,2,2,4,4,0,0
20,1532,4,0,3,0,8,7,3,1,2,0,2,2,4,4,0,0
21,1533,4,0,4,0,9,7,4,1,3,0,3,2,7,4,0,0
21,1533,4,0,4,0,9,7,4,1,3,0,3,2,7,4,0,0
21,1533,4,0,4,0,9,7,4,1,3,0,3,2,7,4,0,0
21,1533,4,0,4,0,9,7,4,1,3,0,3,2,7,4,0,0
21,1533,4,0,4,0,9,7,4,1,3,0,3,2,7,4,0,0
21,1533,4,0,4,0,9,7,4,1,3,0,3,2,7,4,0,0
21,1533,4,0,4,0,9,7,4,1,3,0,3,2,8,4,8,0
21,1533,4,0,4,0,10,8,4,3,3,1,4,3,8,5,8,1
21,1533,4,0,4,0,10,9,4,4,3,2,4,3,8,5,8,1
21,1533,4,0,4,0,10,10,4,4,3,3,4,3,8,6,9,1
21,1533,4,0,4,0,10,10,4,4,3,3,4,3,8,6,9,1
21,1533,4,0,4,0,10,10,4,4,3,3,4,3,8,6,9,1
21,1533,4,0,4,0,10,9,4,4,3,1,4,3,8,6,9,1
21,1533,4,0,4,0,10,8,4,4,3,1,4,2,8,5,5,1
21,1533,4,0,4,0,10,8,4,4,3,1,4,2,8,5,5,1
21,1533,4,0,4,0,10,8,4,4,3,1,4,2,8,5,5,1
21,1533,4,0,4,0,9,8,4,4,3,1,3,1,8,5,5,1
21,1533,4,0,4,0,9,8,4,4,3,1,3,1,8,5,0,1
21,1533,4,0,4,0,9,8,4,4,3,1,3,1,8,5,0,1
21,1533,4,0,4,0,9,8,4,4,3,1,3,1,8,5,0,1
21,1533,4,0,4,0,9,8,4,4,3,1,3,1,8,5,0,0
21,1533,4,0,4,0,9,8,4,4,3,1,3,1,8,5,0,0
21,1533,4,0,4,0,9,8,4,4,3,1,3,1,8,5,0,0
21,1533,4,0,4,0,9,8,4,4,3,1,3,1,7,5,0,0
22,1534,4,0,4,0,9,8,4,4,3,1,3,1,4,5,0,0
22,1534,4,0,4,0,9,8,4,4,3,1,3,1,4,5,0,0
22,1534,4,0,4,0,9,8,4,4,3,1,3,1,4,5,0,0
22,1534,4,0,4,0,9,8,4,4,3,1,3,1,4,5,0,0
22,1534,4,0,4,0,9,8,4,4,3,1,3,1,4,5,0,0
22,1534,4,0,4,0,9,8,4,4,3,1,3,1,4,5,0,0
22,1534,4,0,4,0,9,8,4,4,3,1,3,1,4,5,8,0
22,1534,4,0,4,0,10,9,4,4,3,3,4,2,5,5,8,5
22,1534,4,0,4,0,10,10,4,4,3,3,4,2,5,6,8,6
22,1534,4,0,4,0,10,10,4,4,3,3,4,2,5,6,9,7
22,1534,4,0,4,0,10,9,4,4,3,3,4,2,5,6,9,8
22,1534,4,0,4,0,10,10,4,4,3,3,4,2,5,6,9,8
22,1534,4,0,4,0,10,10,4,4,3,2,4,2,5,5,9,7
22,1534,4,0,4,0,10,9,4,4,3,2,4,2,5,5,5,7
22,1534,4,0,4,0,10,9,4,4,3,2,4,2,5,5,5,7
22,1534,4,0,4,0,10,9,4,4,3,2,4,2,4,5,5,4
22,1534,4,0,4,0,9,9,4,4,3,2,3,2,4,5,5,4
22,1534,4,0,4,0,9,9,4,4,3,2,3,2,4,5,0,4
22,1534,4,0,4,0,9,9,4,4,3,2,3,2,4,5,0,4
22,1534,4,0,4,0,9,9,4,4,3,2,3,2,4,5,0,3
22,1534,4,0,4,0,9,9,4,4,3,2,3,2,4,5,0,3
22,1534,4,0,4,0,9,9,4,4,3,2,3,2,4,5,0,3
22,1534,4,0,4,0,9,9,4,4,3,1,3,2,4,5,0,3
22,1534,4,0,4,0,9,9,4,4,3,1,3,2,4,5,0,3
23,1535,4,0,4,0,9,9,4,4,3,1,3,2,7,7,0,3
23,1535,4,0,4,0,9,9,4,4,3,1,3,2,7,7,0,3
23,1535,4,0,4,0,9,9,4,4,3,1,3,2,7,7,0,3
23,1535,4,0,4,0,9,9,4,4,3,1,3,2,7,7,0,3
23,1535,4,0,4,0,9,9,4,4,3,1,3,2,7,7,0,3
23,1535,4,0,4,0,9,9,4,4,3,1,3,2,7,7,0,3
23,1535,4,0,4,0,9,9,4,4,3,1,3,2,10,7,8,3
23,1535,4,0,4,0,10,9,4,4,3,2,4,3,10,10,8,0
23,1535,4,0,4,0,10,10,4,4,3,2,4,3,10,10,8,0
23,1535,4,0,4,0,10,10,4,4,3,3,4,3,10,10,9,0
23,1535,4,0,4,0,10,10,4,4,3,3,4,3,10,10,9,0
23,1535,4,0,4,0,10,10,4,4,3,3,4,3,10,10,9,0
23,1535,4,0,4,0,10,9,4,4,3,3,4,3,10,10,9,0
23,1535,4,0,4,0,10,9,4,4,3,3,4,3,10,10,5,0
23,1535,4,0,4,0,10,9,4,4,3,3,4,3,10,10,5,0
23,1535,4,0,4,0,10,9,4,4,3,3,4,3,8,10,5,0
23,1535,4,0,4,0,9,9,4,4,3,3,3,3,8,10,5,0
23,1535,4,0,4,0,9,9,4,4,3,3,3,3,8,9,0,0
23,1535,4,0,4,0,9,9,4,4,3,3,3,3,8,9,0,0
23,1535,4,0,4,0,9,9,4,4,3,3,3,2,8,9,0,0
23,1535,4,0,4,0,9,9,4,4,3,3,3,2,8,9,0,0
23,1535,4,0,4,0,9,9,4,4,3,3,3,2,8,9,0,0
23,1535,4,0,4,0,9,9,4,4,3,3,3,2,8,9,0,0
23,1535,4,0,4,0,9,9,4,4,3,3,3,2,7,9,0,0
24,1536,4,0,4,0,9,9,4,4,3,3,3,2,7,9,0,0
24,1536,4,0,4,0,9,9,4,4,3,3,3,2,7,9,0,0
24,1536,4,0,4,0,9,9,4,4,3,3,3,2,7,9,0,0
24,1536,4,0,4,0,9,9,4,4,3,3,3,2,7,9,0,0
24,1536,4,0,4,0,9,9,4,4,3,3,3,2,7,9,0,0
24,1536,4,0,4,0,9,9,4,4,3,3,3,2,7,9,0,0
24,1536,4,0,4,0,9,9,4,4,3,3,3,2,8,9,8,0
24,1536,4,0,4,0,10,8,4,4,3,3,4,3,8,8,8,0
24,1536,4,0,4,0,10,10,4,4,3,3,4,3,8,8,8,0
24,1536,4,0,4,0,10,10,4,4,3,3,4,3,8,8,9,0
24,1536,4,0,4,0,10,10,4,4,3,3,4,3,8,8,9,0
24,1536,4,0,4,0,10,10,4,4,3,3,4,3,8,8,9,0
24,1536,4,0,4,0,10,10,4,4,3,3,4,3,8,8,9,0
24,1536,4,0,4,0,10,10,4,4,3,3,4,2,8,8,5,0
24,1536,4,0,4,0,10,10,4,4,3,3,4,1,8,8,5,0
24,1536,4,0,4,0,10,10,4,3,3,3,4,1,8,7,5,0
24,1536,4,0,4,0,9,10,4,3,3,3,3,1,8,7,5,0
24,1536,4,0,4,0,9,10,4,3,3,3,3,1,8,7,0,0
24,1536,4,0,4,0,9,10,4,3,3,3,3,1,8,7,0,0
24,1536,4,0,4,0,9,10,4,3,3,3,3,1,8,7,0,0
24,1536,4,0,4,0,9,10,4,3,3,3,3,1,8,7,0,0
24,1536,4,0,4,0,9,10,4,3,3,3,3,1,8,7,0,0
24,1536,4,0,4,0,9,10,4,3,3,3,3,1,8,6,0,0
24,1536,4,0,4,0,9,10,4,3,3,3,3,1,7,6,0,0
25,1537,4,0,4,0,9,10,4,3,3,3,3,1,7,6,0,0
25,1537,4,0,4,0,9,10,4,3,3,3,3,1,7,6,0,0
25,1537,4,0,4,0,9,10,4,3,3,3,3,1,7,6,0,0
25,1537,4,0,4,0,9,10,4,3,3,3,3,1,7,6,0,0
25,1537,4,0,4,0,9,10,4,3,3,3,3,1,7,6,0,0
25,1537,4,0,4,0,9,10,4,3,3,3,3,1,7,6,0,0
25,1537,4,0,4,0,9,10,4,3,3,3,3,1,8,6,8,0
25,1537,4,0,4,0,10,10,4,4,3,2,4,2,8,8,8,1
25,1537,4,0,4,0,10,10,4,4,3,3,4,2,8,8,8,1
25,1537,4,0,4,0,10,10,4,4,3,3,4,2,8,8,9,2
25,1537,4,0,4,0,10,9,4,4,3,3,4,2,8,8,9,3
25,1537,4,0,4,0,10,10,4,4,3,3,4,2,8,9,9,4
25,1537,4,0,4,0,10,10,4,4,3,3,4,2,8,8,9,4
25,1537,4,0,4,0,10,10,4,3,3,3,4,2,8,8,5,4
25,1537,4,0,4,0,10,10,4,3,3,3,4,2,8,6,5,3
25,1537,4,0,4,0,10,10,4,3,3,3,4,2,8,6,5,1
25,1537,4,0,4,0,9,10,4,3,3,3,3,2,8,6,5,1
25,1537,4,0,4,0,9,10,4,3,3,3,3,2,8,6,0,1
25,1537,4,0,4,0,9,10,4,3,3,3,3,2,8,6,0,1
25,1537,4,0,4,0,9,9,4,3,3,3,3,2,8,6,0,1
25,1537,4,0,4,0,9,9,4,3,3,3,3,2,8,6,0,1
25,1537,4,0,4,0,9,8,4,3,3,3,3,2,8,6,0,1
25,1537,4,0,4,0,9,8,4,3,3,3,3,2,8,6,0,1
25,1537,4,0,4,0,9,8,4,3,3,3,3,2,7,6,0,1
26,1538,4,0,3,0,8,8,3,3,2,3,2,2,7,6,0,1
26,1538,4,0,3,0,8,8,3,3,2,3,2,2,7,6,0,1
26,1538,4,0,3,0,8,8,3,3,2,3,2,2,7,6,0,1
26,1538,4,0,3,0,8,8,3,3,2,3,2,2,7,6,0,1
26,1538,4,0,3,0,8,8,3,3,2,3,2,2,7,6,0,1
26,1538,4,0,3,0,8,8,3,3,2,3,2,2,7,6,0,1
26,1538,4,0,3,0,8,8,3,3,2,3,3,2,10,6,0,1
26,1538,4,0,3,0,8,8,3,3,2,3,3,2,10,6,0,0
26,1538,4,0,3,0,8,8,3,3,2,3,3,2,10,6,0,0
26,1538,4,0,3,0,8,8,3,3,2,3,3,2,10,6,0,0
26,1538,4,0,3,0,8,8,3,3,2,3,3,2,10,6,0,0
26,1538,4,0,3,0,8,8,3,3,2,3,3,1,10,6,0,0
26,1538,4,0,3,0,8,8,3,3,2,3,3,1,10,6,0,0
26,1538,4,0,3,0,8,8,3,3,2,3,3,1,10,6,0,0
26,1538,4,0,3,0,8,7,3,3,2,3,3,1,10,5,0,0
26,1538,4,0,3,0,8,7,3,3,2,3,2,1,8,5,0,0
26,1538,4,0,3,0,8,7,3,3,2,3,2,1,8,5,0,0
26,1538,4,0,3,0,8,7,3,3,2,3,2,1,8,5,0,0
26,1538,4,0,3,0,8,7,3,3,2,3,2,1,8,5,0,0
26,1538,4,0,3,0,8,7,3,3,2,3,2,1,8,5,0,0
26,1538,4,0,3,0,8,7,3,3,2,3,2,1,8,5,0,0
26,1538,4,0,3,0,8,7,3,3,2,3,2,1,8,5,0,0
26,1538,4,0,3,0,8,7,3,3,2,3,2,1,8,5,0,0
26,1538,4,0,3,0,8,7,3,3,2,3,2,1,7,5,0,0
27,1539,4,0,3,0,8,7,3,3,2,3,2,1,4,5,0,0
27,1539,4,0,3,0,8,7,3,3,2,3,2,1,4,5,0,0
27,1539,4,0,3,0,8,7,3,3,2,3,2,1,4,5,0,0
27,1539,4,0,3,0,8,7,3,3,2,3,2,1,4,5,0,0
27,1539,4,0,3,0,8,7,3,3,2,3,2,1,4,5,0,0
27,1539,4,0,3,0,8,7,3,3,2,3,2,1,4,5,0,0
27,1539,4,0,3,0,8,7,3,3,2,3,3,1,4,5,0,0
27,1539,4,0,3,0,8,7,3,2,2,3,3,1,5,5,0,0
27,1539,4,0,3,0,8,7,3,2,2,3,3,1,5,5,0,0
27,1539,4,0,3,0,8,7,3,2,2,3,3,1,5,5,0,0
27,1539,4,0,3,0,8,6,3,2,2,3,3,1,5,5,0,0
27,1539,4,0,3,0,8,6,3,2,2,3,3,1,5,5,0,0
27,1539,4,0,3,0,8,6,3,2,2,3,3,1,5,4,0,0
27,1539,4,0,3,0,8,6,3,2,2,3,3,1,5,4,0,0
27,1539,4,0,3,0,8,6,3,2,2,3,3,1,5,4,0,0
27,1539,4,0,3,0,8,6,3,2,2,3,2,1,4,4,0,0
27,1539,4,0,3,0,8,6,3,2,2,3,2,1,4,4,0,0
27,1539,4,0,3,0,8,6,3,2,2,3,2,1,4,4,0,0
27,1539,4,0,3,0,8,6,3,2,2,3,2,1,4,4,0,0
27,1539,4,0,3,0,8,6,3,2,2,3,2,1,4,4,0,0
27,1539,4,0,3,0,8,6,3,2,2,2,2,1,4,4,0,0
27,1539,4,0,3,0,8,6,3,2,2,2,2,1,4,4,0,0
27,1539,4,0,3,0,8,6,3,2,2,2,2,1,4,4,0,0
27,1539,4,0,3,0,8,6,3,2,2,2,2,1,4,4,0,0
0,1540,4,0,4,0,9,6,4,2,3,2,3,1,7,4,0,0
0,1540,4,0,4,0,9,6,4,2,3,2,3,1,7,4,0,0
0,1540,4,0,4,0,9,6,4,2,3,2,3,1,7,4,0,0
0,1540,4,0,4,0,9,6,4,2,3,2,3,1,7,4,0,0
0,1540,4,0,4,0,9,6,4,2,3,2,3,1,7,4,0,0
0,1540,4,0,4,0,9,6,4,2,3,2,3,1,7,4,0,0
0,1540,4,0,4,0,9,6,4,2,3,2,3,1,8,4,8,0
0,1540,4,0,4,0,10,9,4,4,3,2,4,2,8,5,8,2
0,1540,4,0,4,0,10,10,4,4,3,3,4,2,8,5,8,2
0,1540,4,0,4,0,10,10,4,4,3,3,4,2,8,7,9,2
0,1540,4,0,4,0,10,10,4,4,3,3,4,2,8,8,9,2
0,1540,4,0,4,0,10,10,4,4,3,3,4,2,8,8,9,2
0,1540,4,0,4,0,10,10,4,4,3,3,4,2,8,8,9,2
0,1540,4,0,4,0,10,10,4,4,3,3,4,2,8,6,5,2
0,1540,4,0,4,0,10,10,4,4,3,3,4,2,8,6,5,1
0,1540,4,0,4,0,10,9,4,4,3,3,4,2,8,5,5,1
0,1540,4,0,4,0,9,9,4,4,3,3,3,2,8,5,5,1
0,1540,4,0,4,0,9,9,4,4,3,3,3,2,8,4,0,1
0,1540,4,0,4,0,9,9,4,3,3,3,3,2,8,4,0,1
0,1540,4,0,4,0,9,9,4,3,3,3,3,2,8,4,0,1
0,1540,4,0,4,0,9,9,4,3,3,3,3,2,8,4,0,1
0,1540,4,0,4,0,9,8,4,3,3,3,3,2,8,4,0,1
0,1540,4,0,4,0,9,8,4,3,3,3,3,2,8,4,0,0
0,1540,4,0,4,0,9,8,4,3,3,3,3,2,7,4,0,0
1,1541,4,0,4,0,9,8,4,3,3,3,3,2,4,4,0,0
1,1541,4,0,4,0,9,8,4,3,3,3,3,2,4,4,0,0
1,1541,4,0,4,0,9,8,4,3,3,3,3,2,4,4,0,0
1,1541,4,0,4,0,9,8,4,3,3,3,3,2,4,4,0,0
1,1541,4,0,4,0,9,8,4,3,3,3,3,2,4,4,0,0
1,1541,4,0,4,0,9,8,4,3,3,3,3,2,4,4,0,0
1,1541,4,0,4,0,9,8,4,3,3,3,3,2,4,4,8,0
1,1541,4,0,4,0,10,10,4,4,3,3,4,3,5,5,8,1
1,1541,4,0,4,0,10,10,4,4,3,3,4,3,5,5,8,1
1,1541,4,0,4,0,10,10,4,4,3,3,4,3,5,5,9,2
1,1541,4,0,4,0,10,10,4,4,3,3,4,3,5,6,9,2
1,1541,4,0,4,0,10,10,4,4,3,3,4,3,5,6,9,2
1,1541,4,0,4,0,10,10,4,4,3,3,4,3,5,6,9,2
1,1541,4,0,4,0,10,10,4,4,3,3,4,3,5,5,5,1
1,1541,4,0,4,0,10,10,4,4,3,3,4,3,5,5,5,1
1,1541,4,0,4,0,10,10,4,4,3,3,4,3,4,5,5,1
1,1541,4,0,4,0,9,10,4,4,3,3,3,3,4,5,5,1
1,1541,4,0,4,0,9,10,4,4,3,3,3,3,4,5,0,1
1,1541,4,0,4,0,9,10,4,4,3,3,3,2,4,5,0,1
1,1541,4,0,4,0,9,10,4,4,3,3,3,2,4,5,0,0
1,1541,4,0,4,0,9,10,4,4,3,3,3,2,4,5,0,0
1,1541,4,0,4,0,9,10,4,4,3,3,3,2,4,5,0,0
1,1541,4,0,4,0,9,10,4,4,3,3,3,2,4,5,0,0
1,1541,4,0,4,0,9,10,4,4,3,3,3,2,4,5,0,0
2,1542,4,0,4,0,9,10,4,4,3,3,3,2,7,5,0,0
2,1542,4,0,4,0,9,10,4,4,3,3,3,2,7,5,0,0
2,1542,4,0,4,0,9,10,4,4,3,3,3,2,7,5,0,0
2,1542,4,0,4,0,9,10,4,4,3,3,3,2,7,5,0,0
2,1542,4,0,4,0,9,10,4,4,3,3,3,2,7,5,0,0
2,1542,4,0,4,0,9,10,4,4,3,3,3,2,7,5,0,0
2,1542,4,0,4,0,9,10,4,4,3,3,3,2,10,5,8,0
2,1542,4,0,4,0,10,10,4,4,3,3,4,1,10,10,8,1
2,1542,4,0,4,0,10,10,4,4,3,3,4,1,10,10,8,1
2,1542,4,0,4,0,10,10,4,4,3,3,4,1,10,10,9,1
2,1542,4,0,4,0,10,10,4,4,3,3,4,1,10,11,9,1
2,1542,4,0,4,0,10,10,4,4,3,3,4,1,10,10,9,1
2,1542,4,0,4,0,10,9,4,4,3,3,4,1,10,10,9,1
2,1542,4,0,4,0,10,9,4,4,3,3,4,1,10,10,5,1
2,1542,4,0,4,0,10,10,4,4,3,3,4,1,10,10,5,0
2,1542,4,0,4,0,10,10,4,4,3,3,4,1,8,10,5,0
2,1542,4,0,4,0,9,10,4,4,3,3,3,1,8,10,5,0
2,1542,4,0,4,0,9,10,4,4,3,3,3,1,8,10,0,0
2,1542,4,0,4,0,9,10,4,4,3,3,3,1,8,10,0,0
2,1542,4,0,4,0,9,10,4,4,3,3,3,1,8,10,0,0
2,1542,4,0,4,0,9,10,4,4,3,3,3,1,8,10,0,0
2,1542,4,0,4,0,9,10,4,4,3,3,3,1,8,10,0,0
2,1542,4,0,4,0,9,10,4,3,3,2,3,1,8,10,0,0
2,1542,4,0,4,0,9,10,4,3,3,2,3,1,7,10,0,0
3,1543,4,0,4,0,9,10,4,3,3,2,3,1,7,10,0,0
3,1543,4,0,4,0,9,10,4,3,3,2,3,1,7,10,0,0
3,1543,4,0,4,0,9,10,4,3,3,2,3,1,7,10,0,0
3,1543,4,0,4,0,9,10,4,3,3,2,3,1,7,10,0,0
3,1543,4,0,4,0,9,10,4,3,3,2,3,1,7,10,0,0
3,1543,4,0,4,0,9,10,4,3,3,2,3,1,7,10,0,0
3,1543,4,0,4,0,9,10,4,3,3,2,3,1,8,10,8,0
3,1543,4,0,4,0,10,9,4,4,3,2,4,2,8,9,8,0
3,1543,4,0,4,0,10,10,4,4,3,2,4,2,8,9,8,0
3,1543,4,0,4,0,10,10,4,4,3,2,4,2,8,8,9,0
3,1543,4,0,4,0,10,10,4,4,3,2,4,2,8,8,9,0
3,1543,4,0,4,0,10,10,4,3,3,2,4,2,8,8,9,0
3,1543,4,0,4,0,10,10,4,3,3,2,4,2,8,8,9,0
3,1543,4,0,4,0,10,10,4,3,3,2,4,2,8,8,5,0
3,1543,4,0,4,0,10,10,4,3,3,2,4,1,8,8,5,0
3,1543,4,0,4,0,10,10,4,3,3,2,4,1,8,8,5,0
3,1543,4,0,4,0,9,10,4,3,3,2,3,1,8,7,5,0
3,1543,4,0,4,0,9,10,4,3,3,2,3,1,8,7,0,0
3,1543,4,0,4,0,9,10,4,3,3,2,3,1,8,7,0,0
3,1543,4,0,4,0,9,10,4,3,3,2,3,1,8,7,0,0
3,1543,4,0,4,0,9,10,4,3,3,2,3,1,8,7,0,0
3,1543,4,0,4,0,9,10,4,3,3,2,3,1,8,7,0,0
3,1543,4,0,4,0,9,10,4,3,3,2,3,1,8,7,0,0
3,1543,4,0,4,0,9,10,4,3,3,2,3,1,7,7,0,0
4,1544,4,0,4,0,9,10,4,3,3,2,3,1,7,7,0,0
4,1544,4,0,4,0,9,10,4,3,3,2,3,1,7,7,0,0
4,1544,4,0,4,0,9,10,4,3,3,2,3,1,7,7,0,0
4,1544,4,0,4,0,9,10,4,3,3,2,3,1,7,7,0,0
4,1544,4,0,4,0,9,10,4,3,3,2,3,1,7,7,0,0
4,1544,4,0,4,0,9,10,4,3,3,2,3,1,7,7,0,0
4,1544,4,0,4,0,9,10,4,3,3,2,3,1,8,7,8,0
4,1544,4,0,4,0,10,10,4,3,3,3,4,2,8,8,8,1
4,1544,4,0,4,0,10,10,4,4,3,3,4,2,8,8,8,1
4,1544,4,0,4,0,10,10,4,4,3,3,4,2,8,8,9,1
4,1544,4,0,4,0,10,10,4,3,3,3,4,2,8,8,9,1
4,1544,4,0,4,0,10,10,4,4,3,3,4,2,8,8,9,1
4,1544,4,0,4,0,10,10,4,4,3,3,4,2,8,8,9,1
4,1544,4,0,4,0,10,10,4,4,3,3,4,2,8,8,5,1
4,1544,4,0,4,0,10,10,4,3,3,3,4,2,8,8,5,1
4,1544,4,0,4,0,10,10,4,3,3,3,4,2,8,8,5,1
4,1544,4,0,4,0,9,10,4,3,3,3,3,2,8,8,5,1
4,1544,4,0,4,0,9,10,4,3,3,3,3,2,8,8,0,1
4,1544,4,0,4,0,9,10,4,3,3,3,3,2,8,8,0,1
4,1544,4,0,4,0,9,10,4,3,3,3,3,2,8,8,0,1
4,1544,4,0,4,0,9,10,4,3,3,3,3,2,8,8,0,1
4,1544,4,0,4,0,9,9,4,3,3,3,3,2,8,7,0,1
4,1544,4,0,4,0,9,9,4,3,3,3,3,2,8,7,0,1
4,1544,4,0,4,0,9,9,4,3,3,3,3,2,7,7,0,1
5,1545,4,0,3,0,8,9,3,3,2,3,2,2,7,7,0,1
5,1545,4,0,3,0,8,9,3,3,2,3,2,2,7,7,0,1
5,1545,4,0,3,0,8,9,3,3,2,3,2,2,7,7,0,1
5,1545,4,0,3,0,8,9,3,3,2,3,2,2,7,7,0,1
5,1545,4,0,3,0,8,9,3,3,2,3,2,2,7,7,0,1
5,1545,4,0,3,0,8,9,3,3,2,3,2,2,7,7,0,1
5,1545,4,0,3,0,8,9,3,3,2,3,3,2,10,7,0,1
5,1545,4,0,3,0,8,8,3,3,2,1,3,2,10,6,0,0
5,1545,4,0,3,0,8,8,3,3,2,1,3,2,10,6,0,0
5,1545,4,0,3,0,8,8,3,3,2,1,3,2,10,6,0,0
5,1545,4,0,3,0,8,8,3,3,2,1,3,2,10,6,0,0
5,1545,4,0,3,0,8,8,3,3,2,1,3,2,10,6,0,0
5,1545,4,0,3,0,8,8,3,3,2,1,3,2,10,6,0,0
5,1545,4,0,3,0,8,8,3,3,2,1,3,2,10,6,0,0
5,1545,4,0,3,0,8,8,3,3,2,1,3,2,10,6,0,0
5,1545,4,0,3,0,8,8,3,3,2,1,2,2,8,6,0,0
5,1545,4,0,3,0,8,7,3,3,2,1,2,1,8,4,0,0
5,1545,4,0,3,0,8,7,3,3,2,1,2,1,8,4,0,0
5,1545,4,0,3,0,8,7,3,3,2,1,2,1,8,4,0,0
5,1545,4,0,3,0,8,7,3,3,2,1,2,1,8,4,0,0
5,1545,4,0,3,0,8,7,3,3,2,1,2,1,8,4,0,0
5,1545,4,0,3,0,8,7,3,3,2,1,2,1,8,4,0,0
5,1545,4,0,3,0,8,7,3,3,2,1,2,1,8,4,0,0
5,1545,4,0,3,0,8,7,3,3,2,1,2,1,7,4,0,0
6,1546,4,0,3,0,8,7,3,3,2,1,2,1,4,4,0,0
6,1546,4,0,3,0,8,7,3,3,2,1,2,1,4,4,0,0
6,1546,4,0,3,0,8,7,3,3,2,1,2,1,4,4,0,0
6,1546,4,0,3,0,8,7,3,3,2,1,2,1,4,4,0,0
6,1546,4,0,3,0,8,7,3,3,2,1,2,1,4,4,0,0
6,1546,4,0,3,0,8,7,3,3,2,1,2,1,4,4,0,0
6,1546,4,0,3,0,8,7,3,3,2,1,3,1,4,4,0,0
6,1546,4,0,3,0,8,6,3,3,2,1,3,1,5,4,0,0
6,1546,4,0,3,0,8,6,3,3,2,1,3,1,5,4,0,0
6,1546,4,0,3,0,8,6,3,3,2,1,3,1,5,4,0,0
6,1546,4,0,3,0,8,6,3,3,2,1,3,1,5,4,0,0
6,1546,4,0,3,0,8,6,3,3,2,1,3,1,5,4,0,0
6,1546,4,0,3,0,8,6,3,3,2,1,3,1,5,4,0,0
6,1546,4,0,3,0,8,6,3,3,2,1,3,1,5,4,0,0
6,1546,4,0,3,0,8,6,3,3,2,1,3,1,5,4,0,0
6,1546,4,0,3,0,8,6,3,3,2,1,2,1,4,4,0,0
6,1546,4,0,3,0,8,6,3,3,2,1,2,1,4,4,0,0
6,1546,4,0,3,0,8,6,3,3,2,1,2,1,4,4,0,0
6,1546,4,0,3,0,8,6,3,3,2,1,2,1,4,4,0,0
6,1546,4,0,3,0,8,6,3,3,2,1,2,1,4,4,0,0
6,1546,4,0,3,0,8,6,3,3,2,1,2,1,4,4,0,0
6,1546,4,0,3,0,8,6,3,3,2,1,2,1,4,4,0,0
6,1546,4,0,3,0,8,6,3,3,2,1,2,1,4,4,0,0
6,1546,4,0,3,0,8,6,3,3,2,1,2,1,4,4,0,0
7,1547,4,0,4,0,9,6,4,3,3,1,3,1,7,4,0,0
7,1547,4,0,4,0,9,6,4,3,3,1,3,1,7,4,0,0
7,1547,4,0,4,0,9,6,4,3,3,1,3,1,7,4,0,0
7,1547,4,0,4,0,9,6,4,3,3,1,3,1,7,4,0,0
7,1547,4,0,4,0,9,6,4,3,3,1,3,1,7,4,0,0
7,1547,4,0,4,0,9,6,4,3,3,1,3,1,7,4,0,0
7,1547,4,0,4,0,9,6,4,3,3,1,3,1,8,4,8,0
7,1547,4,0,4,0,10,9,4,4,3,3,4,2,8,4,8,1
7,1547,4,0,4,0,10,9,4,4,3,3,4,2,8,5,8,1
7,1547,4,0,4,0,10,9,4,4,3,3,4,2,8,6,9,1
7,1547,4,0,4,0,10,10,4,4,3,3,4,2,8,6,9,1
7,1547,4,0,4,0,10,10,4,4,3,3,4,2,8,7,9,1
7,1547,4,0,4,0,10,10,4,4,3,3,4,2,8,7,9,0
7,1547,4,0,4,0,10,9,4,4,3,3,4,2,8,7,5,0
7,1547,4,0,4,0,10,9,4,4,3,3,4,2,8,7,5,0
7,1547,4,0,4,0,10,9,4,4,3,3,4,2,8,7,5,0
7,1547,4,0,4,0,9,9,4,4,3,3,3,2,8,7,5,0
7,1547,4,0,4,0,9,9,4,4,3,3,3,2,8,7,0,0
7,1547,4,0,4,0,9,9,4,4,3,3,3,2,8,7,0,0
7,1547,4,0,4,0,9,9,4,4,3,3,3,2,8,7,0,0
7,1547,4,0,4,0,9,9,4,4,3,3,3,1,8,7,0,0
7,1547,4,0,4,0,9,9,4,4,3,3,3,1,8,7,0,0
7,1547,4,0,4,0,9,9,4,4,3,3,3,1,8,7,0,0
7,1547,4,0,4,0,9,9,4,4,3,3,3,1,7,7,0,0
8,1548,4,0,4,0,9,9,4,4,3,3,3,1,4,7,0,0
8,1548,4,0,4,0,9,9,4,4,3,3,3,1,4,7,0,0
8,1548,4,0,4,0,9,9,4,4,3,3,3,1,4,7,0,0
8,1548,4,0,4,0,9,9,4,4,3,3,3,1,4,7,0,0
8,1548,4,0,4,0,9,9,4,4,3,3,3,1,4,7,0,0
8,1548,4,0,4,0,9,9,4,4,3,3,3,1,4,7,0,0
8,1548,4,0,4,0,9,9,4,4,3,3,3,1,4,7,8,0
8,1548,4,0,4,0,10,9,4,4,3,2,4,2,5,5,8,2
8,1548,4,0,4,0,10,9,4,4,3,2,4,2,5,5,8,3
8,1548,4,0,4,0,10,10,4,4,3,3,4,2,5,5,9,3
8,1548,4,0,4,0,10,10,4,4,3,3,4,2,5,5,9,3
8,1548,4,0,4,0,10,10,4,4,3,3,4,2,5,5,9,3
8,1548,4,0,4,0,10,10,4,4,3,3,4,2,5,5,9,3
8,1548,4,0,4,0,10,10,4,4,3,3,4,2,5,5,5,3
8,1548,4,0,4,0,10,10,4,4,3,3,4,2,5,5,5,3
8,1548,4,0,4,0,10,10,4,4,3,3,4,2,4,5,5,1
8,1548,4,0,4,0,9,10,4,4,3,3,3,2,4,5,5,1
8,1548,4,0,4,0,9,9,4,4,3,3,3,2,4,5,0,1
8,1548,4,0,4,0,9,9,4,4,3,3,3,2,4,5,0,1
8,1548,4,0,4,0,9,9,4,4,3,3,3,2,4,5,0,1
8,1548,4,0,4,0,9,9,4,4,3,3,3,2,4,5,0,1
8,1548,4,0,4,0,9,9,4,4,3,3,3,2,4,5,0,1
8,1548,4,0,4,0,9,9,4,4,3,3,3,2,4,5,0,1
8,1548,4,0,4,0,9,9,4,4,3,3,3,2,4,5,0,1
9,1549,4,0,4,0,9,9,4,4,3,3,3,2,7,5,0,1
9,1549,4,0,4,0,9,9,4,4,3,3,3,2,7,5,0,1
9,1549,4,0,4,0,9,9,4,4,3,3,3,2,7,5,0,1
9,1549,4,0,4,0,9,9,4,4,3,3,3,2,7,5,0,1
9,1549,4,0,4,0,9,9,4,4,3,3,3,2,7,5,0,1
9,1549,4,0,4,0,9,9,4,4,3,3,3,2,7,5,0,1
9,1549,4,0,4,0,9,9,4,4,3,3,3,2,10,5,8,1
9,1549,4,0,4,0,10,9,4,4,3,3,4,3,10,10,8,1
9,1549,4,0,4,0,10,10,4,4,3,3,4,2,10,10,8,2
9,1549,4,0,4,0,10,10,4,4,3,3,4,2,10,10,9,2
9,1549,4,0,4,0,10,10,4,4,3,3,4,2,10,11,9,3
9,1549,4,0,4,0,10,10,4,4,3,3,4,2,10,11,9,3
9,1549,4,0,4,0,10,10,4,4,3,3,4,2,10,11,9,3
9,1549,4,0,4,0,10,10,4,4,3,3,4,2,10,11,5,3
9,1549,4,0,4,0,10,10,4,4,3,3,4,2,10,10,5,1
9,1549,4,0,4,0,10,10,4,4,3,3,4,2,8,10,5,1
9,1549,4,0,4,0,9,10,4,4,3,3,3,2,8,10,5,1
9,1549,4,0,4,0,9,10,4,4,3,3,3,2,8,10,0,1
9,1549,4,0,4,0,9,10,4,4,3,3,3,2,8,10,0,1
9,1549,4,0,4,0,9,10,4,4,3,3,3,2,8,9,0,1
9,1549,4,0,4,0,9,10,4,4,3,3,3,2,8,9,0,0
9,1549,4,0,4,0,9,10,4,4,3,3,3,2,8,9,0,0
9,1549,4,0,4,0,9,10,4,4,3,3,3,2,8,9,0,0
9,1549,4,0,4,0,9,10,4,4,3,3,3,2,7,9,0,0
10,1550,4,0,4,0,9,10,4,4,3,3,3,2,7,9,0,0
10,1550,4,0,4,0,9,10,4,4,3,3,3,2,7,9,0,0
10,1550,4,0,4,0,9,10,4,4,3,3,3,2,7,9,0,0
10,1550,4,0,4,0,9,10,4,4,3,3,3,2,7,9,0,0
10,1550,4,0,4,0,9,10,4,4,3,3,3,2,7,9,0,0
10,1550,4,0,4,0,9,10,4,4,3,3,3,2,7,9,0,0
10,1550,4,0,4,0,9,10,4,4,3,3,3,2,8,9,8,0
10,1550,4,0,4,0,10,10,4,4,3,1,4,2,8,9,8,0
10,1550,4,0,4,0,10,10,4,4,3,1,4,2,8,8,8,0
10,1550,4,0,4,0,10,10,4,4,3,1,4,2,8,8,9,0
10,1550,4,0,4,0,10,10,4,4,3,1,4,2,8,8,9,0
10,1550,4,0,4,0,10,10,4,4,3,2,4,2,8,7,9,0
10,1550,4,0,4,0,10,10,4,4,3,2,4,2,8,7,9,0
10,1550,4,0,4,0,10,10,4,4,3,2,4,2,8,7,5,0
10,1550,4,0,4,0,10,10,4,4,3,2,4,2,8,7,5,0
10,1550,4,0,4,0,10,10,4,4,3,2,4,2,8,7,5,0
10,1550,4,0,4,0,9,10,4,4,3,2,3,2,8,7,5,0
10,1550,4,0,4,0,9,10,4,4,3,2,3,2,8,7,0,0
10,1550,4,0,4,0,9,10,4,4,3,2,3,2,8,7,0,0
10,1550,4,0,4,0,9,10,4,4,3,2,3,2,8,7,0,0
10,1550,4,0,4,0,9,10,4,4,3,2,3,2,8,7,0,0
10,1550,4,0,4,0,9,10,4,4,3,2,3,2,8,6,0,0
10,1550,4,0,4,0,9,10,4,4,3,2,3,2,8,6,0,0
10,1550,4,0,4,0,9,10,4,4,3,2,3,2,7,6,0,0
11,1551,4,0,4,0,9,10,4,4,3,2,3,2,7,6,0,0
11,1551,4,0,4,0,9,10,4,4,3,2,3,2,7,6,0,0
11,1551,4,0,4,0,9,10,4,4,3,2,3,2,7,6,0,0
11,1551,4,0,4,0,9,10,4,4,3,2,3,2,7,6,0,0
11,1551,4,0,4,0,9,10,4,4,3,2,3,2,7,6,0,0
11,1551,4,0,4,0,9,10,4,4,3,2,3,2,7,6,0,0
11,1551,4,0,4,0,9,10,4,4,3,2,3,2,8,6,8,0
11,1551,4,0,4,0,10,10,4,4,3,3,4,3,8,6,8,0
11,1551,4,0,4,0,10,10,4,4,3,3,4,3,8,7,8,1
11,1551,4,0,4,0,10,10,4,4,3,3,4,3,8,8,9,1
11,1551,4,0,4,0,10,10,4,4,3,3,4,2,8,8,9,1
11,1551,4,0,4,0,10,10,4,4,3,3,4,2,8,9,9,1
11,1551,4,0,4,0,10,10,4,4,3,3,4,2,8,9,9,1
11,1551,4,0,4,0,10,10,4,4,3,3,4,2,8,9,5,1
11,1551,4,0,4,0,10,10,4,4,3,3,4,2,8,9,5,1
11,1551,4,0,4,0,10,10,4,4,3,3,4,2,8,7,5,0
11,1551,4,0,4,0,9,10,4,4,3,3,3,2,8,7,5,0
11,1551,4,0,4,0,9,10,4,4,3,3,3,2,8,7,0,0
11,1551,4,0,4,0,9,10,4,4,3,3,3,2,8,7,0,0
11,1551,4,0,4,0,9,10,4,4,3,3,3,2,8,7,0,0
11,1551,4,0,4,0,9,10,4,4,3,3,3,2,8,7,0,0
11,1551,4,0,4,0,9,10,4,4,3,3,3,2,8,7,0,0
11,1551,4,0,4,0,9,9,4,4,3,3,3,2,8,7,0,0
11,1551,4,0,4,0,9,9,4,4,3,3,3,2,7,7,0,0
12,1552,4,0,3,0,8,9,3,4,2,3,2,2,7,7,0,0
12,1552,4,0,3,0,8,9,3,4,2,3,2,2,7,7,0,0
12,1552,4,0,3,0,8,9,3,4,2,3,2,2,7,7,0,0
12,1552,4,0,3,0,8,9,3,4,2,3,2,2,7,7,0,0
12,1552,4,0,3,0,8,9,3,4,2,3,2,2,7,7,0,0
12,1552,4,0,3,0,8,9,3,4,2,3,2,2,7,7,0,0
12,1552,4,0,3,0,8,9,3,4,2,3,3,2,10,7,0,0
12,1552,4,0,3,0,8,9,3,4,2,3,3,2,10,6,0,0
12,1552,4,0,3,0,8,9,3,4,2,3,3,2,10,6,0,0
12,1552,4,0,3,0,8,9,3,4,2,3,3,2,10,6,0,0
12,1552,4,0,3,0,8,9,3,4,2,3,3,2,10,6,0,0
12,1552,4,0,3,0,8,9,3,4,2,3,3,2,10,6,0,0
12,1552,4,0,3,0,8,9,3,4,2,3,3,2,10,6,0,0
12,1552,4,0,3,0,8,9,3,4,2,3,3,2,10,6,0,0
12,1552,4,0,3,0,8,9,3,3,2,2,3,2,10,6,0,0
12,1552,4,0,3,0,8,9,3,3,2,2,2,2,8,6,0,0
12,1552,4,0,3,0,8,9,3,3,2,2,2,2,8,6,0,0
12,1552,4,0,3,0,8,9,3,3,2,2,2,2,8,6,0,0
12,1552,4,0,3,0,8,9,3,2,2,1,2,1,8,6,0,0
12,1552,4,0,3,0,8,9,3,2,2,0,2,1,8,6,0,0
12,1552,4,0,3,0,8,9,3,2,2,0,2,1,8,6,0,0
12,1552,4,0,3,0,8,9,3,2,2,0,2,1,8,6,0,0
12,1552,4,0,3,0,8,9,3,2,2,0,2,1,8,6,0,0
12,1552,4,0,3,0,8,9,3,2,2,0,2,1,7,6,0,0
13,1553,4,0,3,0,8,9,3,2,2,0,2,1,4,6,0,0
13,1553,4,0,3,0,8,9,3,2,2,0,2,1,4,6,0,0
13,1553,4,0,3,0,8,9,3,2,2,0,2,1,4,6,0,0
13,1553,4,0,3,0,8,9,3,2,2,0,2,1,4,6,0,0
13,1553,4,0,3,0,8,9,3,2,2,0,2,1,4,6,0,0
13,1553,4,0,3,0,8,9,3,2,2,0,2,1,4,6,0,0
13,1553,4,0,3,0,8,9,3,2,2,0,3,1,4,6,0,0
13,1553,4,0,3,0,8,9,3,2,2,0,3,1,5,5,0,0
13,1553,4,0,3,0,8,9,3,2,2,0,3,1,5,5,0,0
13,1553,4,0,3,0,8,9,3,2,2,0,3,1,5,5,0,0
13,1553,4,0,3,0,8,9,3,2,2,0,3,1,5,5,0,0
13,1553,4,0,3,0,8,9,3,2,2,0,3,1,5,5,0,0
13,1553,4,0,3,0,8,9,3,2,2,0,3,1,5,5,0,0
13,1553,4,0,3,0,8,9,3,2,2,0,3,1,5,5,0,0
13,1553,4,0,3,0,8,9,3,2,2,0,3,1,5,5,0,0
13,1553,4,0,3,0,8,9,3,2,2,0,2,1,4,5,0,0
13,1553,4,0,3,0,8,9,3,2,2,0,2,1,4,4,0,0
13,1553,4,0,3,0,8,9,3,2,2,0,2,1,4,4,0,0
13,1553,4,0,3,0,8,9,3,2,2,0,2,1,4,4,0,0
13,1553,4,0,3,0,8,9,3,2,2,0,2,1,4,4,0,0
13,1553,4,0,3,0,8,9,3,2,2,0,2,1,4,4,0,0
13,1553,4,0,3,0,8,9,3,2,2,0,2,1,4,4,0,0
13,1553,4,0,3,0,8,9,3,2,2,0,2,1,4,4,0,0
13,1553,4,0,3,0,8,9,3,2,2,0,2,1,4,4,0,0
14,1554,4,0,4,0,9,9,4,2,3,0,3,1,7,4,0,0
14,1554,4,0,4,0,9,9,4,2,3,0,3,1,7,4,0,0
14,1554,4,0,4,0,9,9,4,2,3,0,3,1,7,4,0,0
14,1554,4,0,4,0,9,9,4,2,3,0,3,1,7,4,0,0
14,1554,4,0,4,0,9,9,4,2,3,0,3,1,7,4,0,0
14,1554,4,0,4,0,9,9,4,2,3,0,3,1,7,4,0,0
14,1554,4,0,4,0,9,9,4,2,3,0,3,1,8,4,8,0
14,1554,4,0,4,0,10,7,4,4,3,0,4,2,8,8,8,2
14,1554,4,0,4,0,10,8,4,4,3,0,4,2,8,8,8,2
14,1554,4,0,4,0,10,10,4,4,3,1,4,2,8,8,9,2
14,1554,4,0,4,0,10,10,4,4,3,1,4,2,8,8,9,2
14,1554,4,0,4,0,10,10,4,4,3,1,4,2,8,8,9,2
14,1554,4,0,4,0,10,10,4,4,3,1,4,2,8,8,9,2
14,1554,4,0,4,0,10,8,4,4,3,0,4,2,8,8,5,2
14,1554,4,0,4,0,10,8,4,4,3,0,4,2,8,8,5,1
14,1554,4,0,4,0,10,8,4,4,3,0,4,2,8,8,5,1
14,1554,4,0,4,0,9,8,4,4,3,0,3,2,8,8,5,1
14,1554,4,0,4,0,9,8,4,4,3,0,3,2,8,8,0,1
14,1554,4,0,4,0,9,8,4,4,3,0,3,2,8,7,0,1
14,1554,4,0,4,0,9,8,4,4,3,0,3,2,8,7,0,0
14,1554,4,0,4,0,9,7,4,4,3,0,3,2,8,7,0,0
14,1554,4,0,4,0,9,7,4,4,3,0,3,2,8,7,0,0
14,1554,4,0,4,0,9,6,4,4,3,0,3,2,8,7,0,0
14,1554,4,0,4,0,9,6,4,4,3,0,3,2,7,7,0,0
15,1555,4,0,4,0,9,6,4,4,3,0,3,2,4,7,0,0
15,1555,4,0,4,0,9,6,4,4,3,0,3,2,4,7,0,0
15,1555,4,0,4,0,9,6,4,4,3,0,3,2,4,7,0,0
15,1555,4,0,4,0,9,6,4,4,3,0,3,2,4,7,0,0
15,1555,4,0,4,0,9,6,4,4,3,0,3,2,4,7,0,0
15,1555,4,0,4,0,9,6,4,4,3,0,3,2,4,7,0,0
15,1555,4,0,4,0,9,6,4,4,3,0,3,2,4,7,8,0
15,1555,4,0,4,0,10,9,4,3,3,3,4,3,5,7,8,2
15,1555,4,0,4,0,10,10,4,4,3,3,4,3,5,7,8,3
15,1555,4,0,4,0,10,10,4,4,3,2,4,3,5,7,9,4
15,1555,4,0,4,0,10,10,4,4,3,3,4,3,5,7,9,4
15,1555,4,0,4,0,10,10,4,4,3,3,4,3,5,7,9,4
15,1555,4,0,4,0,10,10,4,4,3,3,4,3,5,7,9,4
15,1555,4,0,4,0,10,10,4,4,3,3,4,3,5,7,5,4
15,1555,4,0,4,0,10,10,4,4,3,3,4,3,5,7,5,4
15,1555,4,0,4,0,10,10,4,4,3,2,4,3,4,7,5,3
15,1555,4,0,4,0,9,10,4,4,3,2,3,3,4,7,5,3
15,1555,4,0,4,0,9,10,4,3,3,2,3,3,4,7,0,3
15,1555,4,0,4,0,9,10,4,3,3,2,3,3,4,7,0,3
15,1555,4,0,4,0,9,10,4,3,3,2,3,3,4,7,0,2
15,1555,4,0,4,0,9,10,4,3,3,2,3,2,4,7,0,2
15,1555,4,0,4,0,9,10,4,3,3,2,3,2,4,6,0,2
15,1555,4,0,4,0,9,10,4,3,3,2,3,2,4,6,0,2
15,1555,4,0,4,0,9,10,4,3,3,2,3,2,4,6,0,2
16,1556,4,0,4,0,9,10,4,3,3,2,3,2,7,7,0,2
16,1556,4,0,4,0,9,10,4,3,3,2,3,2,7,7,0,2
16,1556,4,0,4,0,9,10,4,3,3,2,3,2,7,7,0,2
16,1556,4,0,4,0,9,10,4,3,3,2,3,2,7,7,0,2
16,1556,4,0,4,0,9,10,4,3,3,2,3,2,7,7,0,2
16,1556,4,0,4,0,9,10,4,3,3,2,3,2,7,7,0,2
16,1556,4,0,4,0,9,10,4,3,3,2,3,2,10,7,8,2
16,1556,4,0,4,0,10,9,4,4,3,0,4,3,10,10,8,1
16,1556,4,0,4,0,10,10,4,4,3,0,4,3,10,10,8,1
16,1556,4,0,4,0,10,10,4,4,3,1,4,3,10,10,9,2
16,1556,4,0,4,0,10,10,4,4,3,1,4,3,10,10,9,2
16,1556,4,0,4,0,10,10,4,4,3,2,4,3,10,11,9,2
16,1556,4,0,4,0,10,10,4,4,3,2,4,3,10,11,9,1
16,1556,4,0,4,0,10,10,4,4,3,2,4,3,10,11,5,1
16,1556,4,0,4,0,10,10,4,4,3,0,4,3,10,11,5,1
16,1556,4,0,4,0,10,10,4,3,3,0,4,3,8,10,5,0
16,1556,4,0,4,0,9,10,4,3,3,0,3,3,8,10,5,0
16,1556,4,0,4,0,9,10,4,3,3,0,3,3,8,10,0,0
16,1556,4,0,4,0,9,10,4,3,3,0,3,3,8,10,0,0
16,1556,4,0,4,0,9,10,4,3,3,0,3,3,8,10,0,0
16,1556,4,0,4,0,9,10,4,3,3,0,3,3,8,10,0,0
16,1556,4,0,4,0,9,9,4,3,3,0,3,3,8,10,0,0
16,1556,4,0,4,0,9,9,4,3,3,0,3,3,8,10,0,0
16,1556,4,0,4,0,9,9,4,3,3,0,3,3,7,10,0,0
17,1557,4,0,4,0,9,9,4,3,3,0,3,3,7,10,0,0
17,1557,4,0,4,0,9,9,4,3,3,0,3,3,7,10,0,0
17,1557,4,0,4,0,9,9,4,3,3,0,3,3,7,10,0,0
17,1557,4,0,4,0,9,9,4,3,3,0,3,3,7,10,0,0
17,1557,4,0,4,0,9,9,4,3,3,0,3,3,7,10,0,0
17,1557,4,0,4,0,9,9,4,3,3,0,3,3,7,10,0,0
17,1557,4,0,4,0,9,9,4,3,3,0,3,3,8,10,8,0
17,1557,4,0,4,0,10,7,4,4,3,0,4,4,8,9,8,0
17,1557,4,0,4,0,10,8,4,4,3,0,4,4,8,8,8,0
17,1557,4,0,4,0,10,10,4,4,3,0,4,4,8,8,9,0
17,1557,4,0,4,0,10,10,4,4,3,0,4,4,8,8,9,0
17,1557,4,0,4,0,10,10,4,4,3,0,4,4,8,7,9,0
17,1557,4,0,4,0,10,10,4,4,3,0,4,4,8,8,9,0
17,1557,4,0,4,0,10,10,4,4,3,0,4,4,8,8,5,0
17,1557,4,0,4,0,10,9,4,4,3,0,4,4,8,8,5,0
17,1557,4,0,4,0,10,9,4,4,3,0,4,4,8,8,5,0
17,1557,4,0,4,0,9,9,4,4,3,0,3,4,8,8,5,0
17,1557,4,0,4,0,9,8,4,4,3,0,3,4,8,7,0,0
17,1557,4,0,4,0,9,8,4,4,3,0,3,4,8,7,0,0
17,1557,4,0,4,0,9,8,4,4,3,0,3,4,8,7,0,0
17,1557,4,0,4,0,9,8,4,4,3,0,3,4,8,7,0,0
17,1557,4,0,4,0,9,8,4,4,3,0,3,4,8,7,0,0
17,1557,4,0,4,0,9,8,4,4,3,0,3,4,8,6,0,0
17,1557,4,0,4,0,9,8,4,4,3,0,3,4,7,6,0,0
18,1558,4,0,4,0,9,8,4,4,3,0,3,4,7,6,0,0
18,1558,4,0,4,0,9,8,4,4,3,0,3,4,7,6,0,0
18,1558,4,0,4,0,9,8,4,4,3,0,3,4,7,6,0,0
18,1558,4,0,4,0,9,8,4,4,3,0,3,4,7,6,0,0
18,1558,4,0,4,0,9,8,4,4,3,0,3,4,7,6,0,0
18,1558,4,0,4,0,9,8,4,4,3,0,3,4,7,6,0,0
18,1558,4,0,4,0,9,8,4,4,3,0,3,4,8,6,8,0
18,1558,4,0,4,0,10,8,4,4,3,1,4,4,8,8,8,1
18,1558,4,0,4,0,10,10,4,4,3,3,4,4,8,8,8,1
18,1558,4,0,4,0,10,10,4,4,3,3,4,4,8,8,9,2
18,1558,4,0,4,0,10,10,4,4,3,3,4,4,8,8,9,2
18,1558,4,0,4,0,10,10,4,4,3,3,4,3,8,8,9,2
18,1558,4,0,4,0,10,10,4,4,3,3,4,3,8,8,9,2
18,1558,4,0,4,0,10,10,4,4,3,3,4,3,8,8,5,2
18,1558,4,0,4,0,10,10,4,4,3,1,4,3,8,9,5,2
18,1558,4,0,4,0,10,10,4,4,3,1,4,3,8,9,5,2
18,1558,4,0,4,0,9,10,4,4,3,1,3,3,8,9,5,2
18,1558,4,0,4,0,9,10,4,4,3,1,3,3,8,8,0,1
18,1558,4,0,4,0,9,10,4,4,3,1,3,3,8,8,0,1
18,1558,4,0,4,0,9,10,4,4,3,1,3,3,8,8,0,1
18,1558,4,0,4,0,9,10,4,4,3,1,3,3,8,7,0,1
18,1558,4,0,4,0,9,10,4,4,3,1,3,3,8,6,0,1
18,1558,4,0,4,0,9,10,4,4,3,1,3,3,8,6,0,1
18,1558,4,0,4,0,9,10,4,4,3,1,3,3,7,6,0,1
19,1559,4,0,3,0,8,10,3,4,2,1,2,3,7,6,0,1
19,1559,4,0,3,0,8,10,3,4,2,1,2,3,7,6,0,1
19,1559,4,0,3,0,8,10,3,4,2,1,2,3,7,6,0,1
19,1559,4,0,3,0,8,10,3,4,2,1,2,3,7,6,0,1
19,1559,4,0,3,0,8,10,3,4,2,1,2,3,7,6,0,1
19,1559,4,0,3,0,8,10,3,4,2,1,2,3,7,6,0,1
19,1559,4,0,3,0,8,10,3,4,2,1,3,3,10,6,0,1
19,1559,4,0,3,0,8,9,3,4,2,1,3,3,10,6,0,0
19,1559,4,0,3,0,8,9,3,4,2,1,3,3,10,6,0,0
19,1559,4,0,3,0,8,9,3,4,2,1,3,3,10,6,0,0
19,1559,4,0,3,0,8,9,3,4,2,1,3,3,10,6,0,0
19,1559,4,0,3,0,8,9,3,4,2,1,3,3,10,6,0,0
19,1559,4,0,3,0,8,9,3,4,2,1,3,3,10,6,0,0
19,1559,4,0,3,0,8,9,3,4,2,1,3,3,10,6,0,0
19,1559,4,0,3,0,8,9,3,4,2,1,3,3,10,6,0,0
19,1559,4,0,3,0,8,8,3,4,2,1,2,3,8,6,0,0
19,1559,4,0,3,0,8,8,3,4,2,1,2,3,8,6,0,0
19,1559,4,0,3,0,8,8,3,4,2,1,2,3,8,6,0,0
19,1559,4,0,3,0,8,8,3,4,2,1,2,3,8,6,0,0
19,1559,4,0,3,0,8,8,3,4,2,1,2,3,8,6,0,0
19,1559,4,0,3,0,8,8,3,4,2,1,2,3,8,6,0,0
19,1559,4,0,3,0,8,8,3,4,2,1,2,2,8,6,0,0
19,1559,4,0,3,0,8,8,3,4,2,1,2,2,8,6,0,0
19,1559,4,0,3,0,8,8,3,4,2,1,2,2,7,6,0,0
20,1560,4,0,3,0,8,8,3,4,2,1,2,2,4,6,0,0
20,1560,4,0,3,0,8,8,3,4,2,1,2,2,4,6,0,0
20,1560,4,0,3,0,8,8,3,4,2,1,2,2,4,6,0,0
20,1560,4,0,3,0,8,8,3,4,2,1,2,2,4,6,0,0
20,1560,4,0,3,0,8,8,3,4,2,1,2,2,4,6,0,0
20,1560,4,0,3,0,8,8,3,4,2,1,2,2,4,6,0,0
20,1560,4,0,3,0,8,8,3,4,2,1,3,2,4,6,0,0
20,1560,4,0,3,0,8,7,3,4,2,1,3,1,5,6,0,0
20,1560,4,0,3,0,8,7,3,4,2,1,3,1,5,6,0,0
20,1560,4,0,3,0,8,7,3,4,2,1,3,1,5,6,0,0
20,1560,4,0,3,0,8,7,3,4,2,1,3,1,5,6,0,0
20,1560,4,0,3,0,8,7,3,4,2,0,3,1,5,6,0,0
20,1560,4,0,3,0,8,7,3,4,2,0,3,1,5,6,0,0
20,1560,4,0,3,0,8,7,3,4,2,0,3,1,5,6,0,0
20,1560,4,0,3,0,8,7,3,4,2,0,3,1,5,6,0,0
20,1560,4,0,3,0,8,7,3,4,2,0,2,1,4,6,0,0
20,1560,4,0,3,0,8,7,3,4,2,0,2,1,4,6,0,0
20,1560,4,0,3,0,8,7,3,4,2,0,2,1,4,6,0,0
20,1560,4,0,3,0,8,7,3,4,2,0,2,1,4,6,0,0
20,1560,4,0,3,0,8,7,3,4,2,0,2,1,4,6,0,0
20,1560,4,0,3,0,8,7,3,4,2,0,2,1,4,6,0,0
20,1560,4,0,3,0,8,7,3,4,2,0,2,1,4,6,0,0
20,1560,4,0,3,0,8,7,3,4,2,0,2,1,4,6,0,0
20,1560,4,0,3,0,8,7,3,4,2,0,2,1,4,6,0,0
21,1561,4,0,4,0,9,7,4,4,3,0,3,1,7,6,0,0
21,1561,4,0,4,0,9,7,4,4,3,0,3,1,7,6,0,0
21,1561,4,0,4,0,9,7,4,4,3,0,3,1,7,6,0,0
21,1561,4,0,4,0,9,7,4,4,3,0,3,1,7,6,0,0
21,1561,4,0,4,0,9,7,4,4,3,0,3,1,7,6,0,0
21,1561,4,0,4,0,9,7,4,4,3,0,3,1,7,6,0,0
21,1561,4,0,4,0,9,7,4,4,3,0,3,1,8,6,8,0
21,1561,4,0,4,0,10,9,4,4,3,3,4,2,8,8,8,1
21,1561,4,0,4,0,10,10,4,4,3,3,4,2,8,8,8,1
21,1561,4,0,4,0,10,10,4,4,3,3,4,2,8,8,9,1
21,1561,4,0,4,0,10,10,4,4,3,3,4,2,8,8,9,1
21,1561,4,0,4,0,10,10,4,4,3,3,4,2,8,8,9,1
21,1561,4,0,4,0,10,9,4,4,3,3,4,2,8,8,9,1
21,1561,4,0,4,0,10,9,4,4,3,3,4,2,8,8,5,1
21,1561,4,0,4,0,10,10,4,4,3,3,4,2,8,8,5,1
21,1561,4,0,4,0,10,10,4,4,3,2,4,2,8,8,5,1
21,1561,4,0,4,0,9,10,4,4,3,1,3,2,8,8,5,1
21,1561,4,0,4,0,9,10,4,4,3,1,3,2,8,8,0,1
21,1561,4,0,4,0,9,9,4,4,3,1,3,1,8,8,0,0
21,1561,4,0,4,0,9,9,4,4,3,1,3,1,8,8,0,0
21,1561,4,0,4,0,9,9,4,4,3,1,3,1,8,8,0,0
21,1561,4,0,4,0,9,9,4,4,3,1,3,1,8,8,0,0
21,1561,4,0,4,0,9,9,4,4,3,1,3,1,8,8,0,0
21,1561,4,0,4,0,9,9,4,4,3,1,3,1,7,8,0,0
22,1562,4,0,4,0,9,9,4,4,3,1,3,1,4,8,0,0
22,1562,4,0,4,0,9,9,4,4,3,1,3,1,4,8,0,0
22,1562,4,0,4,0,9,9,4,4,3,1,3,1,4,8,0,0
22,1562,4,0,4,0,9,9,4,4,3,1,3,1,4,8,0,0
22,1562,4,0,4,0,9,9,4,4,3,1,3,1,4,8,0,0
22,1562,4,0,4,0,9,9,4,4,3,1,3,1,4,8,0,0
22,1562,4,0,4,0,9,9,4,4,3,1,3,1,4,8,8,0
22,1562,4,0,4,0,10,9,4,4,3,3,4,2,5,8,8,5
22,1562,4,0,4,0,10,10,4,4,3,3,4,2,5,8,8,6
22,1562,4,0,4,0,10,10,4,4,3,3,4,2,5,8,9,7
22,1562,4,0,4,0,10,10,4,4,3,3,4,2,5,8,9,8
22,1562,4,0,4,0,10,10,4,4,3,3,4,2,5,8,9,7
22,1562,4,0,4,0,10,10,4,4,3,3,4,2,5,8,9,7
22,1562,4,0,4,0,10,10,4,4,3,3,4,2,5,8,5,7
22,1562,4,0,4,0,10,10,4,4,3,2,4,2,5,8,5,7
22,1562,4,0,4,0,10,9,4,4,3,2,4,2,4,8,5,5
22,1562,4,0,4,0,9,9,4,4,3,2,3,2,4,8,5,5
22,1562,4,0,4,0,9,9,4,4,3,2,3,2,4,8,0,5
22,1562,4,0,4,0,9,9,4,4,3,2,3,2,4,8,0,5
22,1562,4,0,4,0,9,9,4,4,3,2,3,2,4,8,0,5
22,1562,4,0,4,0,9,9,4,4,3,2,3,2,4,8,0,5
22,1562,4,0,4,0,9,9,4,4,3,2,3,2,4,8,0,5
22,1562,4,0,4,0,9,9,4,4,3,2,3,2,4,8,0,4
22,1562,4,0,4,0,9,9,4,4,3,2,3,2,4,8,0,4
23,1563,4,0,4,0,9,9,4,4,3,2,3,2,7,8,0,4
23,1563,4,0,4,0,9,9,4,4,3,2,3,2,7,8,0,4
23,1563,4,0,4,0,9,9,4,4,3,2,3,2,7,8,0,4
23,1563,4,0,4,0,9,9,4,4,3,2,3,2,7,8,0,4
23,1563,4,0,4,0,9,9,4,4,3,2,3,2,7,8,0,4
23,1563,4,0,4,0,9,9,4,4,3,2,3,2,7,8,0,4
23,1563,4,0,4,0,9,9,4,4,3,2,3,2,10,10,8,4
23,1563,4,0,4,0,10,7,4,4,3,3,4,3,10,10,8,3
23,1563,4,0,4,0,10,9,4,4,3,3,4,3,10,10,8,3
23,1563,4,0,4,0,10,10,4,4,3,3,4,3,10,10,9,3
23,1563,4,0,4,0,10,10,4,4,3,3,4,3,10,10,9,2
23,1563,4,0,4,0,10,10,4,4,3,3,4,3,10,9,9,1
23,1563,4,0,4,0,10,10,4,4,3,3,4,3,10,10,9,1
23,1563,4,0,4,0,10,9,4,4,3,3,4,3,10,10,5,1
23,1563,4,0,4,0,10,9,4,4,3,3,4,3,10,10,5,1
23,1563,4,0,4,0,10,9,4,4,3,3,4,3,8,9,5,0
23,1563,4,0,4,0,9,9,4,4,3,3,3,3,8,9,5,0
23,1563,4,0,4,0,9,9,4,4,3,3,3,3,8,9,0,0
23,1563,4,0,4,0,9,9,4,4,3,3,3,3,8,9,0,0
23,1563,4,0,4,0,9,8,4,4,3,3,3,3,8,9,0,0
23,1563,4,0,4,0,9,8,4,4,3,3,3,3,8,9,0,0
23,1563,4,0,4,0,9,8,4,4,3,3,3,3,8,9,0,0
23,1563,4,0,4,0,9,8,4,4,3,3,3,3,8,9,0,0
23,1563,4,0,4,0,9,8,4,4,3,3,3,3,7,9,0,0
24,1564,4,0,4,0,9,8,4,4,3,3,3,3,7,9,0,0
24,1564,4,0,4,0,9,8,4,4,3,3,3,3,7,9,0,0
24,1564,4,0,4,0,9,8,4,4,3,3,3,3,7,9,0,0
24,1564,4,0,4,0,9,8,4,4,3,3,3,3,7,9,0,0
24,1564,4,0,4,0,9,8,4,4,3,3,3,3,7,9,0,0
24,1564,4,0,4,0,9,8,4,4,3,3,3,3,7,9,0,0
24,1564,4,0,4,0,9,8,4,4,3,3,3,3,8,9,8,0
24,1564,4,0,4,0,10,9,4,4,3,1,4,3,8,9,8,0
24,1564,4,0,4,0,10,10,4,4,3,1,4,3,8,9,8,0
24,1564,4,0,4,0,10,10,4,4,3,1,4,3,8,9,9,0
24,1564,4,0,4,0,10,10,4,4,3,1,4,3,8,9,9,0
24,1564,4,0,4,0,10,9,4,4,3,1,4,3,8,9,9,0
24,1564,4,0,4,0,10,9,4,4,3,1,4,3,8,9,9,0
24,1564,4,0,4,0,10,9,4,4,3,1,4,3,8,9,5,0
24,1564,4,0,4,0,10,9,4,4,3,2,4,3,8,9,5,0
24,1564,4,0,4,0,10,9,4,4,3,2,4,3,8,9,5,0
24,1564,4,0,4,0,9,9,4,4,3,2,3,3,8,9,5,0
24,1564,4,0,4,0,9,9,4,4,3,2,3,3,8,9,0,0
24,1564,4,0,4,0,9,9,4,4,3,2,3,3,8,9,0,0
24,1564,4,0,4,0,9,9,4,4,3,2,3,3,8,9,0,0
24,1564,4,0,4,0,9,9,4,4,3,2,3,3,8,9,0,0
24,1564,4,0,4,0,9,8,4,4,3,2,3,3,8,8,0,0
24,1564,4,0,4,0,9,7,4,4,3,2,3,3,8,8,0,0
24,1564,4,0,4,0,9,7,4,4,3,2,3,3,7,8,0,0
25,1565,4,0,4,0,9,7,4,4,3,2,3,3,7,8,0,0
25,1565,4,0,4,0,9,7,4,4,3,2,3,3,7,8,0,0
25,1565,4,0,4,0,9,7,4,4,3,2,3,3,7,8,0,0
25,1565,4,0,4,0,9,7,4,4,3,2,3,3,7,8,0,0
25,1565,4,0,4,0,9,7,4,4,3,2,3,3,7,8,0,0
25,1565,4,0,4,0,9,7,4,4,3,2,3,3,7,8,0,0
25,1565,4,0,4,0,9,7,4,4,3,2,3,3,8,8,8,0
25,1565,4,0,4,0,10,9,4,4,3,3,4,4,8,8,8,1
25,1565,4,0,4,0,10,10,4,4,3,3,4,4,8,8,8,1
25,1565,4,0,4,0,10,10,4,4,3,3,4,4,8,8,9,2
25,1565,4,0,4,0,10,10,4,4,3,3,4,3,8,8,9,3
25,1565,4,0,4,0,10,10,4,4,3,3,4,3,8,9,9,4
25,1565,4,0,4,0,10,10,4,4,3,3,4,3,8,9,9,4
25,1565,4,0,4,0,10,10,4,4,3,3,4,3,8,9,5,4
25,1565,4,0,4,0,10,10,4,4,3,2,4,3,8,9,5,4
25,1565,4,0,4,0,10,10,4,4,3,2,4,3,8,9,5,2
25,1565,4,0,4,0,9,9,4,4,3,2,3,3,8,9,5,2
25,1565,4,0,4,0,9,9,4,4,3,2,3,2,8,8,0,1
25,1565,4,0,4,0,9,9,4,4,3,2,3,2,8,8,0,1
25,1565,4,0,4,0,9,9,4,4,3,2,3,2,8,8,0,1
25,1565,4,0,4,0,9,9,4,4,3,2,3,2,8,8,0,1
25,1565,4,0,4,0,9,9,4,4,3,2,3,2,8,8,0,1
25,1565,4,0,4,0,9,9,4,3,3,2,3,2,8,8,0,0
25,1565,4,0,4,0,9,9,4,3,3,2,3,2,7,8,0,0
26,1566,4,0,3,0,8,9,3,3,2,2,2,2,7,8,0,0
26,1566,4,0,3,0,8,9,3,3,2,2,2,2,7,8,0,0
26,1566,4,0,3,0,8,9,3,3,2,2,2,2,7,8,0,0
26,1566,4,0,3,0,8,9,3,3,2,2,2,2,7,8,0,0
26,1566,4,0,3,0,8,9,3,3,2,2,2,2,7,8,0,0
26,1566,4,0,3,0,8,9,3,3,2,2,2,2,7,8,0,0
26,1566,4,0,3,0,8,9,3,3,2,2,3,2,10,8,0,0
26,1566,4,0,3,0,8,7,3,3,2,2,3,2,10,7,0,0
26,1566,4,0,3,0,8,7,3,3,2,2,3,2,10,7,0,0
26,1566,4,0,3,0,8,7,3,3,2,2,3,2,10,7,0,0
26,1566,4,0,3,0,8,7,3,3,2,2,3,2,10,7,0,0
26,1566,4,0,3,0,8,7,3,3,2,2,3,2,10,7,0,0
26,1566,4,0,3,0,8,7,3,3,2,2,3,2,10,7,0,0
26,1566,4,0,3,0,8,7,3,3,2,2,3,2,10,6,0,0
26,1566,4,0,3,0,8,7,3,3,2,2,3,2,10,6,0,0
26,1566,4,0,3,0,8,7,3,3,2,2,2,2,8,6,0,0
26,1566,4,0,3,0,8,7,3,3,2,2,2,2,8,6,0,0
26,1566,4,0,3,0,8,7,3,3,2,2,2,1,8,6,0,0
26,1566,4,0,3,0,8,7,3,3,2,2,2,1,8,6,0,0
26,1566,4,0,3,0,8,7,3,3,2,2,2,1,8,6,0,0
26,1566,4,0,3,0,8,7,3,3,2,2,2,1,8,6,0,0
26,1566,4,0,3,0,8,7,3,3,2,2,2,1,8,6,0,0
26,1566,4,0,3,0,8,7,3,3,2,2,2,1,8,6,0,0
26,1566,4,0,3,0,8,7,3,3,2,2,2,1,7,6,0,0
27,1567,4,0,3,0,8,7,3,3,2,2,2,1,4,6,0,0
27,1567,4,0,3,0,8,7,3,3,2,2,2,1,4,6,0,0
27,1567,4,0,3,0,8,7,3,3,2,2,2,1,4,6,0,0
27,1567,4,0,3,0,8,7,3,3,2,2,2,1,4,6,0,0
27,1567,4,0,3,0,8,7,3,3,2,2,2,1,4,6,0,0
27,1567,4,0,3,0,8,7,3,3,2,2,2,1,4,6,0,0
27,1567,4,0,3,0,8,7,3,3,2,2,3,1,4,6,0,0
27,1567,4,0,3,0,8,7,3,3,2,2,3,1,5,6,0,0
27,1567,4,0,3,0,8,7,3,3,2,2,3,1,5,6,0,0
27,1567,4,0,3,0,8,7,3,3,2,2,3,1,5,6,0,0
27,1567,4,0,3,0,8,7,3,2,2,2,3,1,5,6,0,0
27,1567,4,0,3,0,8,7,3,2,2,2,3,1,5,6,0,0
27,1567,4,0,3,0,8,7,3,2,2,2,3,1,5,6,0,0
27,1567,4,0,3,0,8,7,3,2,2,2,3,1,5,6,0,0
27,1567,4,0,3,0,8,7,3,2,2,2,3,1,5,6,0,0
27,1567,4,0,3,0,8,7,3,2,2,2,2,1,4,6,0,0
27,1567,4,0,3,0,8,7,3,2,2,2,2,1,4,6,0,0
27,1567,4,0,3,0,8,7,3,2,2,2,2,1,4,6,0,0
27,1567,4,0,3,0,8,7,3,2,2,2,2,1,4,6,0,0
27,1567,4,0,3,0,8,7,3,2,2,2,2,1,4,6,0,0
27,1567,4,0,3,0,8,7,3,2,2,2,2,1,4,6,0,0
27,1567,4,0,3,0,8,7,3,2,2,2,2,1,4,6,0,0
27,1567,4,0,3,0,8,7,3,2,2,2,2,1,4,6,0,0
27,1567,4,0,3,0,8,7,3,2,2,2,2,1,4,6,0,0
0,1568,4,0,4,0,9,7,4,2,3,2,3,1,7,6,0,0
0,1568,4,0,4,0,9,7,4,2,3,2,3,1,7,6,0,0
0,1568,4,0,4,0,9,7,4,2,3,2,3,1,7,6,0,0
0,1568,4,0,4,0,9,7,4,2,3,2,3,1,7,6,0,0
0,1568,4,0,4,0,9,7,4,2,3,2,3,1,7,6,0,0
0,1568,4,0,4,0,9,7,4,2,3,2,3,1,7,6,0,0
0,1568,4,0,4,0,9,7,4,2,3,2,3,1,8,6,8,0
0,1568,4,0,4,0,10,8,4,4,3,2,4,2,8,8,8,2
0,1568,4,0,4,0,10,9,4,4,3,3,4,2,8,8,8,2
0,1568,4,0,4,0,10,10,4,4,3,3,4,2,8,8,9,2
0,1568,4,0,4,0,10,10,4,3,3,3,4,2,8,8,9,2
0,1568,4,0,4,0,10,10,4,4,3,3,4,2,8,8,9,2
0,1568,4,0,4,0,10,10,4,4,3,3,4,2,8,8,9,2
0,1568,4,0,4,0,10,10,4,4,3,3,4,2,8,8,5,2
0,1568,4,0,4,0,10,9,4,3,3,3,4,2,8,8,5,2
0,1568,4,0,4,0,10,9,4,3,3,3,4,2,8,8,5,2
0,1568,4,0,4,0,9,9,4,3,3,3,3,2,8,8,5,2
0,1568,4,0,4,0,9,9,4,3,3,3,3,2,8,8,0,2
0,1568,4,0,4,0,9,9,4,3,3,3,3,2,8,8,0,2
0,1568,4,0,4,0,9,9,4,3,3,3,3,2,8,8,0,1
0,1568,4,0,4,0,9,9,4,3,3,3,3,2,8,8,0,1
0,1568,4,0,4,0,9,9,4,3,3,3,3,2,8,8,0,1
0,1568,4,0,4,0,9,9,4,3,3,3,3,2,8,8,0,0
0,1568,4,0,4,0,9,9,4,3,3,3,3,2,7,8,0,0
1,1569,4,0,4,0,9,9,4,3,3,3,3,2,4,8,0,0
1,1569,4,0,4,0,9,9,4,3,3,3,3,2,4,8,0,0
1,1569,4,0,4,0,9,9,4,3,3,3,3,2,4,8,0,0
1,1569,4,0,4,0,9,9,4,3,3,3,3,2,4,8,0,0
1,1569,4,0,4,0,9,9,4,3,3,3,3,2,4,8,0,0
1,1569,4,0,4,0,9,9,4,3,3,3,3,2,4,8,0,0
1,1569,4,0,4,0,9,9,4,3,3,3,3,2,4,8,8,0
1,1569,4,0,4,0,10,8,4,4,3,3,4,3,5,8,8,1
1,1569,4,0,4,0,10,10,4,4,3,3,4,3,5,8,8,1
1,1569,4,0,4,0,10,10,4,4,3,3,4,3,5,8,9,2
1,1569,4,0,4,0,10,10,4,4,3,3,4,2,5,8,9,2
1,1569,4,0,4,0,10,10,4,4,3,3,4,2,5,8,9,2
1,1569,4,0,4,0,10,10,4,4,3,3,4,1,5,8,9,2
1,1569,4,0,4,0,10,10,4,4,3,2,4,1,5,8,5,2
1,1569,4,0,4,0,10,9,4,4,3,3,4,1,5,8,5,2
1,1569,4,0,4,0,10,9,4,4,3,3,4,1,4,8,5,2
1,1569,4,0,4,0,9,9,4,4,3,3,3,1,4,8,5,2
1,1569,4,0,4,0,9,9,4,4,3,3,3,1,4,8,0,2
1,1569,4,0,4,0,9,9,4,4,3,3,3,1,4,8,0,2
1,1569,4,0,4,0,9,9,4,4,3,3,3,1,4,8,0,2
1,1569,4,0,4,0,9,9,4,4,3,3,3,1,4,8,0,2
1,1569,4,0,4,0,9,9,4,4,3,3,3,1,4,8,0,2
1,1569,4,0,4,0,9,9,4,4,3,3,3,1,4,8,0,2
1,1569,4,0,4,0,9,9,4,4,3,3,3,1,4,8,0,2
2,1570,4,0,4,0,9,9,4,4,3,3,3,1,7,8,0,2
2,1570,4,0,4,0,9,9,4,4,3,3,3,1,7,8,0,2
2,1570,4,0,4,0,9,9,4,4,3,3,3,1,7,8,0,2
2,1570,4,0,4,0,9,9,4,4,3,3,3,1,7,8,0,2
2,1570,4,0,4,0,9,9,4,4,3,3,3,1,7,8,0,2
2,1570,4,0,4,0,9,9,4,4,3,3,3,1,7,8,0,2
2,1570,4,0,4,0,9,9,4,4,3,3,3,1,10,8,8,2
2,1570,4,0,4,0,10,9,4,4,3,3,4,1,10,10,8,2
2,1570,4,0,4,0,10,10,4,4,3,3,4,1,10,10,8,2
2,1570,4,0,4,0,10,10,4,4,3,3,4,1,10,10,9,2
2,1570,4,0,4,0,10,10,4,4,3,3,4,1,10,10,9,1
2,1570,4,0,4,0,10,10,4,4,3,3,4,1,10,11,9,1
2,1570,4,0,4,0,10,9,4,4,3,3,4,1,10,11,9,1
2,1570,4,0,4,0,10,9,4,4,3,3,4,1,10,10,5,0
2,1570,4,0,4,0,10,9,4,3,3,2,4,1,10,10,5,0
2,1570,4,0,4,0,10,9,4,3,3,2,4,1,8,10,5,0
2,1570,4,0,4,0,9,9,4,3,3,2,3,1,8,10,5,0
2,1570,4,0,4,0,9,9,4,3,3,2,3,1,8,10,0,0
2,1570,4,0,4,0,9,9,4,2,3,2,3,1,8,10,0,0
2,1570,4,0,4,0,9,8,4,2,3,2,3,1,8,10,0,0
2,1570,4,0,4,0,9,8,4,2,3,2,3,1,8,10,0,0
2,1570,4,0,4,0,9,8,4,2,3,2,3,1,8,10,0,0
2,1570,4,0,4,0,9,8,4,2,3,2,3,1,8,10,0,0
2,1570,4,0,4,0,9,8,4,2,3,2,3,1,7,10,0,0
3,1571,4,0,4,0,9,8,4,2,3,2,3,1,7,10,0,0
3,1571,4,0,4,0,9,8,4,2,3,2,3,1,7,10,0,0
3,1571,4,0,4,0,9,8,4,2,3,2,3,1,7,10,0,0
3,1571,4,0,4,0,9,8,4,2,3,2,3,1,7,10,0,0
3,1571,4,0,4,0,9,8,4,2,3,2,3,1,7,10,0,0
3,1571,4,0,4,0,9,8,4,2,3,2,3,1,7,10,0,0
3,1571,4,0,4,0,9,8,4,2,3,2,3,1,8,10,8,0
3,1571,4,0,4,0,10,9,4,3,3,2,4,1,8,10,8,0
3,1571,4,0,4,0,10,10,4,3,3,2,4,1,8,10,8,0
3,1571,4,0,4,0,10,10,4,3,3,2,4,1,8,10,9,0
3,1571,4,0,4,0,10,10,4,3,3,2,4,1,8,10,9,0
3,1571,4,0,4,0,10,10,4,3,3,2,4,1,8,10,9,0
3,1571,4,0,4,0,10,10,4,3,3,2,4,1,8,10,9,0
3,1571,4,0,4,0,10,10,4,3,3,2,4,1,8,10,5,0
3,1571,4,0,4,0,10,10,4,3,3,2,4,1,8,10,5,0
3,1571,4,0,4,0,10,10,4,3,3,2,4,1,8,10,5,0
3,1571,4,0,4,0,9,10,4,2,3,2,3,1,8,10,5,0
3,1571,4,0,4,0,9,10,4,2,3,2,3,1,8,10,0,0
3,1571,4,0,4,0,9,10,4,2,3,2,3,1,8,10,0,0
3,1571,4,0,4,0,9,10,4,2,3,2,3,1,8,10,0,0
3,1571,4,0,4,0,9,10,4,2,3,2,3,1,8,10,0,0
3,1571,4,0,4,0,9,10,4,2,3,2,3,1,8,10,0,0
3,1571,4,0,4,0,9,10,4,2,3,2,3,1,8,10,0,0
3,1571,4,0,4,0,9,10,4,2,3,2,3,1,7,10,0,0
4,1572,4,0,4,0,9,10,4,2,3,2,3,1,7,10,0,0
4,1572,4,0,4,0,9,10,4,2,3,2,3,1,7,10,0,0
4,1572,4,0,4,0,9,10,4,2,3,2,3,1,7,10,0,0
4,1572,4,0,4,0,9,10,4,2,3,2,3,1,7,10,0,0
4,1572,4,0,4,0,9,10,4,2,3,2,3,1,7,10,0,0
4,1572,4,0,4,0,9,10,4,2,3,2,3,1,7,10,0,0
4,1572,4,0,4,0,9,10,4,2,3,2,3,1,8,10,8,0
4,1572,4,0,4,0,10,9,4,2,3,3,4,2,8,9,8,1
4,1572,4,0,4,0,10,10,4,4,3,3,4,2,8,9,8,1
4,1572,4,0,4,0,10,10,4,4,3,3,4,2,8,9,9,1
4,1572,4,0,4,0,10,10,4,4,3,3,4,2,8,9,9,1
4,1572,4,0,4,0,10,10,4,4,3,3,4,2,8,9,9,1
4,1572,4,0,4,0,10,10,4,4,3,3,4,2,8,9,9,1
4,1572,4,0,4,0,10,10,4,4,3,3,4,2,8,8,5,1
4,1572,4,0,4,0,10,10,4,3,3,3,4,2,8,8,5,1
4,1572,4,0,4,0,10,10,4,3,3,3,4,2,8,8,5,1
4,1572,4,0,4,0,9,10,4,3,3,3,3,2,8,8,5,1
4,1572,4,0,4,0,9,10,4,3,3,3,3,2,8,8,0,1
4,1572,4,0,4,0,9,9,4,3,3,3,3,2,8,8,0,1
4,1572,4,0,4,0,9,8,4,3,3,2,3,2,8,8,0,1
4,1572,4,0,4,0,9,8,4,3,3,2,3,2,8,8,0,1
4,1572,4,0,4,0,9,8,4,3,3,2,3,2,8,8,0,1
4,1572,4,0,4,0,9,8,4,3,3,2,3,2,8,8,0,1
4,1572,4,0,4,0,9,8,4,3,3,2,3,2,7,8,0,1
5,1573,4,0,3,0,8,8,3,3,2,2,2,2,7,8,0,1
5,1573,4,0,3,0,8,8,3,3,2,2,2,2,7,8,0,1
5,1573,4,0,3,0,8,8,3,3,2,2,2,2,7,8,0,1
5,1573,4,0,3,0,8,8,3,3,2,2,2,2,7,8,0,1
5,1573,4,0,3,0,8,8,3,3,2,2,2,2,7,8,0,1
5,1573,4,0,3,0,8,8,3,3,2,2,2,2,7,8,0,1
5,1573,4,0,3,0,8,8,3,3,2,2,3,2,10,8,0,1
5,1573,4,0,3,0,8,8,3,2,2,2,3,2,10,7,0,0
5,1573,4,0,3,0,8,8,3,2,2,2,3,2,10,7,0,0
5,1573,4,0,3,0,8,8,3,2,2,2,3,2,10,7,0,0
5,1573,4,0,3,0,8,8,3,2,2,2,3,2,10,7,0,0
5,1573,4,0,3,0,8,8,3,2,2,2,3,2,10,7,0,0
5,1573,4,0,3,0,8,8,3,2,2,2,3,2,10,7,0,0
5,1573,4,0,3,0,8,8,3,2,2,2,3,2,10,7,0,0
5,1573,4,0,3,0,8,8,3,2,2,2,3,2,10,7,0,0
5,1573,4,0,3,0,8,8,3,2,2,2,2,2,8,7,0,0
5,1573,4,0,3,0,8,8,3,2,2,2,2,2,8,7,0,0
5,1573,4,0,3,0,8,8,3,1,2,1,2,2,8,7,0,0
5,1573,4,0,3,0,8,8,3,1,2,1,2,2,8,7,0,0
5,1573,4,0,3,0,8,8,3,1,2,1,2,1,8,7,0,0
5,1573,4,0,3,0,8,8,3,1,2,1,2,1,8,7,0,0
5,1573,4,0,3,0,8,7,3,1,2,1,2,1,8,7,0,0
5,1573,4,0,3,0,8,7,3,1,2,1,2,1,8,7,0,0
5,1573,4,0,3,0,8,7,3,1,2,1,2,1,7,7,0,0
6,1574,4,0,3,0,8,7,3,1,2,1,2,1,4,7,0,0
6,1574,4,0,3,0,8,7,3,1,2,1,2,1,4,7,0,0
6,1574,4,0,3,0,8,7,3,1,2,1,2,1,4,7,0,0
6,1574,4,0,3,0,8,7,3,1,2,1,2,1,4,7,0,0
6,1574,4,0,3,0,8,7,3,1,2,1,2,1,4,7,0,0
6,1574,4,0,3,0,8,7,3,1,2,1,2,1,4,7,0,0
6,1574,4,0,3,0,8,7,3,1,2,1,3,1,4,7,0,0
6,1574,4,0,3,0,8,7,3,0,2,1,3,1,5,7,0,0
6,1574,4,0,3,0,8,7,3,0,2,1,3,1,5,7,0,0
6,1574,4,0,3,0,8,7,3,0,2,1,3,1,5,7,0,0
6,1574,4,0,3,0,8,7,3,0,2,1,3,1,5,7,0,0
6,1574,4,0,3,0,8,7,3,0,2,1,3,1,5,7,0,0
6,1574,4,0,3,0,8,7,3,0,2,1,3,1,5,7,0,0
6,1574,4,0,3,0,8,7,3,0,2,1,3,1,5,7,0,0
6,1574,4,0,3,0,8,7,3,0,2,1,3,1,5,7,0,0
6,1574,4,0,3,0,8,7,3,0,2,1,2,1,4,7,0,0
6,1574,4,0,3,0,8,7,3,0,2,1,2,1,4,7,0,0
6,1574,4,0,3,0,8,7,3,0,2,1,2,1,4,7,0,0
6,1574,4,0,3,0,8,7,3,0,2,1,2,1,4,7,0,0
6,1574,4,0,3,0,8,6,3,0,2,1,2,1,4,7,0,0
6,1574,4,0,3,0,8,6,3,0,2,1,2,1,4,7,0,0
6,1574,4,0,3,0,8,6,3,0,2,1,2,1,4,7,0,0
6,1574,4,0,3,0,8,6,3,0,2,1,2,1,4,7,0,0
6,1574,4,0,3,0,8,6,3,0,2,1,2,1,4,7,0,0
7,1575,4,0,4,0,9,6,4,0,3,1,3,1,7,7,0,0
7,1575,4,0,4,0,9,6,4,0,3,1,3,1,7,7,0,0
7,1575,4,0,4,0,9,6,4,0,3,1,3,1,7,7,0,0
7,1575,4,0,4,0,9,6,4,0,3,1,3,1,7,7,0,0
7,1575,4,0,4,0,9,6,4,0,3,1,3,1,7,7,0,0
7,1575,4,0,4,0,9,6,4,0,3,1,3,1,7,7,0,0
7,1575,4,0,4,0,9,6,4,0,3,1,3,1,8,7,8,0
7,1575,4,0,4,0,10,9,4,2,3,2,4,2,8,8,8,1
7,1575,4,0,4,0,10,10,4,2,3,3,4,2,8,8,8,1
7,1575,4,0,4,0,10,10,4,4,3,3,4,2,8,8,9,1
7,1575,4,0,4,0,10,10,4,4,3,3,4,2,8,7,9,1
7,1575,4,0,4,0,10,10,4,4,3,2,4,2,8,8,9,1
7,1575,4,0,4,0,10,10,4,4,3,3,4,2,8,8,9,1
7,1575,4,0,4,0,10,10,4,3,3,3,4,2,8,8,5,1
7,1575,4,0,4,0,10,10,4,3,3,3,4,2,8,8,5,1
7,1575,4,0,4,0,10,10,4,3,3,3,4,2,8,8,5,1
7,1575,4,0,4,0,9,10,4,3,3,3,3,2,8,8,5,1
7,1575,4,0,4,0,9,10,4,2,3,3,3,2,8,8,0,1
7,1575,4,0,4,0,9,10,4,1,3,2,3,2,8,7,0,1
7,1575,4,0,4,0,9,10,4,1,3,2,3,2,8,7,0,1
7,1575,4,0,4,0,9,10,4,1,3,2,3,2,8,7,0,1
7,1575,4,0,4,0,9,10,4,1,3,1,3,2,8,7,0,1
7,1575,4,0,4,0,9,10,4,1,3,1,3,2,8,7,0,1
7,1575,4,0,4,0,9,10,4,1,3,1,3,2,7,7,0,1
8,1576,4,0,4,0,9,10,4,1,3,1,3,2,4,7,0,1
8,1576,4,0,4,0,9,10,4,1,3,1,3,2,4,7,0,1
8,1576,4,0,4,0,9,10,4,1,3,1,3,2,4,7,0,1
8,1576,4,0,4,0,9,10,4,1,3,1,3,2,4,7,0,1
8,1576,4,0,4,0,9,10,4,1,3,1,3,2,4,7,0,1
8,1576,4,0,4,0,9,10,4,1,3,1,3,2,4,7,0,1
8,1576,4,0,4,0,9,10,4,1,3,1,3,2,4,7,8,1
8,1576,4,0,4,0,10,10,4,1,3,3,4,3,5,7,8,3
8,1576,4,0,4,0,10,10,4,3,3,3,4,3,5,7,8,4
8,1576,4,0,4,0,10,10,4,4,3,3,4,3,5,7,9,4
8,1576,4,0,4,0,10,10,4,4,3,3,4,3,5,7,9,3
8,1576,4,0,4,0,10,10,4,4,3,3,4,3,5,7,9,3
8,1576,4,0,4,0,10,10,4,4,3,3,4,3,5,7,9,3
8,1576,4,0,4,0,10,10,4,4,3,3,4,3,5,7,5,3
8,1576,4,0,4,0,10,10,4,4,3,3,4,3,5,7,5,3
8,1576,4,0,4,0,10,10,4,3,3,3,4,3,4,6,5,2
8,1576,4,0,4,0,9,10,4,1,3,3,3,3,4,6,5,2
8,1576,4,0,4,0,9,10,4,1,3,3,3,3,4,6,0,2
8,1576,4,0,4,0,9,10,4,1,3,2,3,3,4,6,0,2
8,1576,4,0,4,0,9,10,4,1,3,2,3,3,4,6,0,2
8,1576,4,0,4,0,9,10,4,1,3,2,3,3,4,6,0,2
8,1576,4,0,4,0,9,10,4,1,3,2,3,3,4,6,0,1
8,1576,4,0,4,0,9,10,4,1,3,2,3,3,4,6,0,1
8,1576,4,0,4,0,9,10,4,1,3,2,3,3,4,6,0,1
9,1577,4,0,4,0,9,10,4,1,3,2,3,3,7,7,0,1
9,1577,4,0,4,0,9,10,4,1,3,2,3,3,7,7,0,1
9,1577,4,0,4,0,9,10,4,1,3,2,3,3,7,7,0,1
9,1577,4,0,4,0,9,10,4,1,3,2,3,3,7,7,0,1
9,1577,4,0,4,0,9,10,4,1,3,2,3,3,7,7,0,1
9,1577,4,0,4,0,9,10,4,1,3,2,3,3,7,7,0,1
9,1577,4,0,4,0,9,10,4,1,3,2,3,3,10,7,8,1
9,1577,4,0,4,0,10,10,4,2,3,1,4,3,10,9,8,1
9,1577,4,0,4,0,10,10,4,2,3,1,4,3,10,10,8,2
9,1577,4,0,4,0,10,10,4,3,3,1,4,3,10,11,9,2
9,1577,4,0,4,0,10,10,4,4,3,1,4,3,10,10,9,3
9,1577,4,0,4,0,10,10,4,4,3,1,4,3,10,10,9,3
9,1577,4,0,4,0,10,10,4,4,3,1,4,3,10,10,9,3
9,1577,4,0,4,0,10,9,4,3,3,1,4,3,10,10,5,3
9,1577,4,0,4,0,10,10,4,3,3,1,4,3,10,10,5,2
9,1577,4,0,4,0,10,9,4,3,3,1,4,3,8,10,5,1
9,1577,4,0,4,0,9,9,4,3,3,1,3,3,8,9,5,0
9,1577,4,0,4,0,9,9,4,3,3,1,3,3,8,9,0,0
9,1577,4,0,4,0,9,9,4,3,3,1,3,3,8,8,0,0
9,1577,4,0,4,0,9,9,4,3,3,1,3,3,8,8,0,0
9,1577,4,0,4,0,9,9,4,3,3,1,3,3,8,6,0,0
9,1577,4,0,4,0,9,9,4,3,3,1,3,3,8,6,0,0
9,1577,4,0,4,0,9,9,4,3,3,1,3,2,8,6,0,0
9,1577,4,0,4,0,9,9,4,3,3,1,3,2,7,6,0,0
10,1578,4,0,4,0,9,9,4,3,3,1,3,2,7,6,0,0
10,1578,4,0,4,0,9,9,4,3,3,1,3,2,7,6,0,0
10,1578,4,0,4,0,9,9,4,3,3,1,3,2,7,6,0,0
10,1578,4,0,4,0,9,9,4,3,3,1,3,2,7,6,0,0
10,1578,4,0,4,0,9,9,4,3,3,1,3,2,7,6,0,0
10,1578,4,0,4,0,9,9,4,3,3,1,3,2,7,6,0,0
10,1578,4,0,4,0,9,9,4,3,3,1,3,2,8,6,8,0
10,1578,4,0,4,0,10,10,4,4,3,1,4,2,8,8,8,0
10,1578,4,0,4,0,10,10,4,3,3,1,4,2,8,8,8,0
10,1578,4,0,4,0,10,10,4,3,3,1,4,2,8,8,9,0
10,1578,4,0,4,0,10,10,4,3,3,1,4,2,8,8,9,0
10,1578,4,0,4,0,10,10,4,3,3,1,4,2,8,8,9,0
10,1578,4,0,4,0,10,10,4,3,3,1,4,2,8,8,9,0
10,1578,4,0,4,0,10,10,4,3,3,1,4,2,8,8,5,0
10,1578,4,0,4,0,10,10,4,3,3,1,4,2,8,8,5,0
10,1578,4,0,4,0,10,10,4,3,3,1,4,2,8,8,5,0
10,1578,4,0,4,0,9,10,4,3,3,1,3,2,8,8,5,0
10,1578,4,0,4,0,9,10,4,3,3,1,3,2,8,8,0,0
10,1578,4,0,4,0,9,10,4,3,3,1,3,2,8,8,0,0
10,1578,4,0,4,0,9,9,4,3,3,1,3,2,8,7,0,0
10,1578,4,0,4,0,9,9,4,3,3,1,3,2,8,7,0,0
10,1578,4,0,4,0,9,9,4,3,3,1,3,1,8,7,0,0
10,1578,4,0,4,0,9,9,4,3,3,1,3,1,8,7,0,0
10,1578,4,0,4,0,9,9,4,3,3,1,3,1,7,7,0,0
11,1579,4,0,4,0,9,9,4,3,3,1,3,1,7,7,0,0
11,1579,4,0,4,0,9,9,4,3,3,1,3,1,7,7,0,0
11,1579,4,0,4,0,9,9,4,3,3,1,3,1,7,7,0,0
11,1579,4,0,4,0,9,9,4,3,3,1,3,1,7,7,0,0
11,1579,4,0,4,0,9,9,4,3,3,1,3,1,7,7,0,0
11,1579,4,0,4,0,9,9,4,3,3,1,3,1,7,7,0,0
11,1579,4,0,4,0,9,9,4,3,3,1,3,1,8,7,8,0
11,1579,4,0,4,0,10,9,4,3,3,3,4,2,8,8,8,0
11,1579,4,0,4,0,10,10,4,4,3,3,4,2,8,8,8,1
11,1579,4,0,4,0,10,10,4,4,3,3,4,2,8,8,9,1
11,1579,4,0,4,0,10,10,4,3,3,3,4,2,8,8,9,1
11,1579,4,0,4,0,10,10,4,4,3,3,4,2,8,9,9,1
11,1579,4,0,4,0,10,10,4,3,3,3,4,2,8,9,9,1
11,1579,4,0,4,0,10,10,4,3,3,3,4,2,8,8,5,1
11,1579,4,0,4,0,10,10,4,4,3,3,4,2,8,8,5,1
11,1579,4,0,4,0,10,10,4,4,3,3,4,2,8,8,5,1
11,1579,4,0,4,0,9,9,4,4,3,3,3,2,8,7,5,0
11,1579,4,0,4,0,9,9,4,4,3,3,3,2,8,7,0,0
11,1579,4,0,4,0,9,9,4,4,3,3,3,2,8,7,0,0
11,1579,4,0,4,0,9,9,4,4,3,3,3,2,8,7,0,0
11,1579,4,0,4,0,9,9,4,4,3,3,3,2,8,7,0,0
11,1579,4,0,4,0,9,9,4,3,3,3,3,2,8,7,0,0
11,1579,4,0,4,0,9,9,4,3,3,3,3,2,8,7,0,0
11,1579,4,0,4,0,9,9,4,3,3,3,3,2,7,7,0,0
12,1580,4,0,3,0,8,9,3,3,2,3,2,2,7,7,0,0
12,1580,4,0,3,0,8,9,3,3,2,3,2,2,7,7,0,0
12,1580,4,0,3,0,8,9,3,3,2,3,2,2,7,7,0,0
12,1580,4,0,3,0,8,9,3,3,2,3,2,2,7,7,0,0
12,1580,4,0,3,0,8,9,3,3,2,3,2,2,7,7,0,0
12,1580,4,0,3,0,8,9,3,3,2,3,2,2,7,7,0,0
12,1580,4,0,3,0,8,9,3,3,2,3,3,2,10,7,0,0
12,1580,4,0,3,0,8,9,3,2,2,2,3,2,10,6,0,0
12,1580,4,0,3,0,8,9,3,2,2,2,3,2,10,6,0,0
12,1580,4,0,3,0,8,9,3,2,2,2,3,2,10,6,0,0
12,1580,4,0,3,0,8,9,3,2,2,2,3,2,10,6,0,0
12,1580,4,0,3,0,8,9,3,2,2,2,3,2,10,6,0,0
12,1580,4,0,3,0,8,9,3,2,2,2,3,2,10,6,0,0
12,1580,4,0,3,0,8,9,3,2,2,2,3,2,10,6,0,0
12,1580,4,0,3,0,8,9,3,2,2,2,3,2,10,6,0,0
12,1580,4,0,3,0,8,9,3,2,2,2,2,2,8,6,0,0
12,1580,4,0,3,0,8,9,3,2,2,2,2,2,8,6,0,0
12,1580,4,0,3,0,8,9,3,2,2,2,2,2,8,6,0,0
12,1580,4,0,3,0,8,9,3,2,2,2,2,2,8,6,0,0
12,1580,4,0,3,0,8,9,3,2,2,2,2,2,8,6,0,0
12,1580,4,0,3,0,8,9,3,2,2,2,2,2,8,6,0,0
12,1580,4,0,3,0,8,8,3,2,2,2,2,2,8,6,0,0
12,1580,4,0,3,0,8,8,3,2,2,2,2,2,8,6,0,0
12,1580,4,0,3,0,8,8,3,2,2,2,2,2,7,6,0,0
13,1581,4,0,3,0,8,8,3,2,2,2,2,2,4,6,0,0
13,1581,4,0,3,0,8,8,3,2,2,2,2,2,4,6,0,0
13,1581,4,0,3,0,8,8,3,2,2,2,2,2,4,6,0,0
13,1581,4,0,3,0,8,8,3,2,2,2,2,2,4,6,0,0
13,1581,4,0,3,0,8,8,3,2,2,2,2,2,4,6,0,0
13,1581,4,0,3,0,8,8,3,2,2,2,2,2,4,6,0,0
13,1581,4,0,3,0,8,8,3,2,2,2,3,2,4,6,0,0
13,1581,4,0,3,0,8,8,3,2,2,1,3,2,5,6,0,0
13,1581,4,0,3,0,8,8,3,2,2,1,3,2,5,6,0,0
13,1581,4,0,3,0,8,8,3,2,2,1,3,2,5,6,0,0
13,1581,4,0,3,0,8,8,3,2,2,1,3,2,5,6,0,0
13,1581,4,0,3,0,8,8,3,2,2,1,3,2,5,6,0,0
13,1581,4,0,3,0,8,8,3,2,2,1,3,2,5,6,0,0
13,1581,4,0,3,0,8,8,3,2,2,1,3,2,5,6,0,0
13,1581,4,0,3,0,8,8,3,2,2,1,3,2,5,6,0,0
13,1581,4,0,3,0,8,8,3,2,2,1,2,2,4,6,0,0
13,1581,4,0,3,0,8,8,3,2,2,1,2,2,4,6,0,0
13,1581,4,0,3,0,8,8,3,2,2,1,2,2,4,6,0,0
13,1581,4,0,3,0,8,8,3,2,2,1,2,2,4,6,0,0
13,1581,4,0,3,0,8,8,3,2,2,1,2,2,4,6,0,0
13,1581,4,0,3,0,8,8,3,2,2,1,2,1,4,6,0,0
13,1581,4,0,3,0,8,8,3,2,2,1,2,1,4,6,0,0
13,1581,4,0,3,0,8,8,3,2,2,1,2,1,4,6,0,0
13,1581,4,0,3,0,8,8,3,2,2,1,2,1,4,6,0,0
14,1582,4,0,4,0,9,8,4,2,3,1,3,1,7,6,0,0
14,1582,4,0,4,0,9,8,4,2,3,1,3,1,7,6,0,0
14,1582,4,0,4,0,9,8,4,2,3,1,3,1,7,6,0,0
14,1582,4,0,4,0,9,8,4,2,3,1,3,1,7,6,0,0
14,1582,4,0,4,0,9,8,4,2,3,1,3,1,7,6,0,0
14,1582,4,0,4,0,9,8,4,2,3,1,3,1,7,6,0,0
14,1582,4,0,4,0,9,8,4,2,3,1,3,1,8,6,8,0
14,1582,4,0,4,0,10,9,4,4,3,1,4,2,8,8,8,2
14,1582,4,0,4,0,10,10,4,4,3,1,4,2,8,8,8,2
14,1582,4,0,4,0,10,10,4,4,3,2,4,2,8,8,9,2
14,1582,4,0,4,0,10,10,4,4,3,2,4,2,8,8,9,2
14,1582,4,0,4,0,10,10,4,4,3,2,4,2,8,8,9,2
14,1582,4,0,4,0,10,10,4,4,3,2,4,2,8,8,9,2
14,1582,4,0,4,0,10,10,4,4,3,1,4,2,8,8,5,2
14,1582,4,0,4,0,10,10,4,4,3,1,4,2,8,8,5,2
14,1582,4,0,4,0,10,10,4,4,3,1,4,2,8,8,5,1
14,1582,4,0,4,0,9,10,4,4,3,1,3,2,8,8,5,1
14,1582,4,0,4,0,9,10,4,4,3,1,3,2,8,8,0,1
14,1582,4,0,4,0,9,10,4,4,3,1,3,1,8,7,0,1
14,1582,4,0,4,0,9,10,4,4,3,1,3,1,8,7,0,1
14,1582,4,0,4,0,9,10,4,4,3,1,3,1,8,7,0,0
14,1582,4,0,4,0,9,10,4,4,3,1,3,1,8,7,0,0
14,1582,4,0,4,0,9,10,4,4,3,1,3,1,8,7,0,0
14,1582,4,0,4,0,9,10,4,4,3,1,3,1,7,7,0,0
15,1583,4,0,4,0,9,10,4,4,3,1,3,1,4,7,0,0
15,1583,4,0,4,0,9,10,4,4,3,1,3,1,4,7,0,0
15,1583,4,0,4,0,9,10,4,4,3,1,3,1,4,7,0,0
15,1583,4,0,4,0,9,10,4,4,3,1,3,1,4,7,0,0
15,1583,4,0,4,0,9,10,4,4,3,1,3,1,4,7,0,0
15,1583,4,0,4,0,9,10,4,4,3,1,3,1,4,7,0,0
15,1583,4,0,4,0,9,10,4,4,3,1,3,1,4,7,8,0
15,1583,4,0,4,0,10,10,4,4,3,3,4,2,5,7,8,2
15,1583,4,0,4,0,10,10,4,4,3,3,4,2,5,7,8,3
15,1583,4,0,4,0,10,10,4,4,3,3,4,2,5,7,9,4
15,1583,4,0,4,0,10,9,4,4,3,3,4,2,5,7,9,4
15,1583,4,0,4,0,10,10,4,4,3,3,4,2,5,7,9,4
15,1583,4,0,4,0,10,9,4,4,3,3,4,2,5,7,9,4
15,1583,4,0,4,0,10,9,4,4,3,3,4,2,5,7,5,4
15,1583,4,0,4,0,10,9,4,4,3,3,4,2,5,7,5,4
15,1583,4,0,4,0,10,10,4,4,3,3,4,2,4,7,5,3
15,1583,4,0,4,0,9,9,4,3,3,2,3,2,4,7,5,2
15,1583,4,0,4,0,9,8,4,3,3,2,3,2,4,7,0,1
15,1583,4,0,4,0,9,8,4,3,3,2,3,2,4,7,0,1
15,1583,4,0,4,0,9,8,4,3,3,2,3,2,4,7,0,1
15,1583,4,0,4,0,9,8,4,3,3,2,3,2,4,7,0,1
15,1583,4,0,4,0,9,8,4,3,3,2,3,2,4,7,0,1
15,1583,4,0,4,0,9,8,4,3,3,2,3,2,4,7,0,1
15,1583,4,0,4,0,9,8,4,3,3,2,3,2,4,7,0,1
16,1584,4,0,4,0,9,8,4,3,3,2,3,2,7,7,0,1
16,1584,4,0,4,0,9,8,4,3,3,2,3,2,7,7,0,1
16,1584,4,0,4,0,9,8,4,3,3,2,3,2,7,7,0,1
16,1584,4,0,4,0,9,8,4,3,3,2,3,2,7,7,0,1
16,1584,4,0,4,0,9,8,4,3,3,2,3,2,7,7,0,1
16,1584,4,0,4,0,9,8,4,3,3,2,3,2,7,7,0,1
16,1584,4,0,4,0,9,8,4,3,3,2,3,2,10,7,8,1
16,1584,4,0,4,0,10,9,4,4,3,1,4,3,10,10,8,1
16,1584,4,0,4,0,10,10,4,4,3,1,4,3,10,10,8,1
16,1584,4,0,4,0,10,10,4,4,3,2,4,3,10,10,9,2
16,1584,4,0,4,0,10,10,4,4,3,2,4,3,10,11,9,2
16,1584,4,0,4,0,10,10,4,4,3,3,4,3,10,11,9,2
16,1584,4,0,4,0,10,10,4,4,3,3,4,3,10,11,9,2
16,1584,4,0,4,0,10,10,4,4,3,3,4,3,10,11,5,2
16,1584,4,0,4,0,10,10,4,4,3,1,4,3,10,11,5,2
16,1584,4,0,4,0,10,10,4,4,3,1,4,3,8,10,5,2
16,1584,4,0,4,0,9,10,4,4,3,1,3,3,8,10,5,2
16,1584,4,0,4,0,9,10,4,4,3,1,3,3,8,9,0,1
16,1584,4,0,4,0,9,10,4,4,3,1,3,2,8,9,0,1
16,1584,4,0,4,0,9,10,4,4,3,1,3,2,8,9,0,1
16,1584,4,0,4,0,9,10,4,4,3,1,3,2,8,8,0,1
16,1584,4,0,4,0,9,10,4,4,3,1,3,2,8,8,0,1
16,1584,4,0,4,0,9,10,4,4,3,1,3,2,8,8,0,1
16,1584,4,0,4,0,9,10,4,4,3,1,3,2,7,8,0,1
17,1585,4,0,4,0,9,10,4,4,3,1,3,2,7,8,0,1
17,1585,4,0,4,0,9,10,4,4,3,1,3,2,7,8,0,1
17,1585,4,0,4,0,9,10,4,4,3,1,3,2,7,8,0,1
17,1585,4,0,4,0,9,10,4,4,3,1,3,2,7,8,0,1
17,1585,4,0,4,0,9,10,4,4,3,1,3,2,7,8,0,1
17,1585,4,0,4,0,9,10,4,4,3,1,3,2,7,8,0,1
17,1585,4,0,4,0,9,10,4,4,3,1,3,2,8,8,8,1
17,1585,4,0,4,0,10,9,4,4,3,2,4,3,8,8,8,1
17,1585,4,0,4,0,10,10,4,4,3,2,4,3,8,8,8,1
17,1585,4,0,4,0,10,10,4,4,3,2,4,3,8,8,9,1
17,1585,4,0,4,0,10,10,4,4,3,2,4,3,8,8,9,1
17,1585,4,0,4,0,10,10,4,4,3,2,4,3,8,8,9,1
17,1585,4,0,4,0,10,10,4,4,3,2,4,3,8,8,9,1
17,1585,4,0,4,0,10,9,4,4,3,2,4,3,8,8,5,1
17,1585,4,0,4,0,10,9,4,4,3,2,4,3,8,8,5,1
17,1585,4,0,4,0,10,9,4,4,3,2,4,3,8,8,5,1
17,1585,4,0,4,0,9,9,4,4,3,2,3,2,8,8,5,1
17,1585,4,0,4,0,9,9,4,4,3,2,3,2,8,8,0,1
17,1585,4,0,4,0,9,9,4,4,3,2,3,2,8,8,0,1
17,1585,4,0,4,0,9,9,4,4,3,2,3,2,8,8,0,1
17,1585,4,0,4,0,9,9,4,4,3,2,3,2,8,8,0,1
17,1585,4,0,4,0,9,9,4,4,3,2,3,2,8,8,0,1
17,1585,4,0,4,0,9,9,4,4,3,2,3,2,8,8,0,1
17,1585,4,0,4,0,9,9,4,4,3,2,3,2,7,8,0,1
18,1586,4,0,4,0,9,9,4,4,3,2,3,2,7,8,0,1
18,1586,4,0,4,0,9,9,4,4,3,2,3,2,7,8,0,1
18,1586,4,0,4,0,9,9,4,4,3,2,3,2,7,8,0,1
18,1586,4,0,4,0,9,9,4,4,3,2,3,2,7,8,0,1
18,1586,4,0,4,0,9,9,4,4,3,2,3,2,7,8,0,1
18,1586,4,0,4,0,9,9,4,4,3,2,3,2,7,8,0,1
18,1586,4,0,4,0,9,9,4,4,3,2,3,2,8,8,8,1
18,1586,4,0,4,0,10,7,4,4,3,3,4,3,8,8,8,2
18,1586,4,0,4,0,10,10,4,4,3,3,4,3,8,8,8,2
18,1586,4,0,4,0,10,10,4,4,3,3,4,3,8,8,9,3
18,1586,4,0,4,0,10,10,4,4,3,3,4,3,8,8,9,3
18,1586,4,0,4,0,10,10,4,4,3,2,4,3,8,8,9,3
18,1586,4,0,4,0,10,10,4,4,3,3,4,3,8,8,9,3
18,1586,4,0,4,0,10,10,4,4,3,3,4,3,8,8,5,3
18,1586,4,0,4,0,10,10,4,4,3,2,4,3,8,8,5,3
18,1586,4,0,4,0,10,10,4,4,3,2,4,3,8,8,5,3
18,1586,4,0,4,0,9,10,4,4,3,2,3,3,8,8,5,3
18,1586,4,0,4,0,9,10,4,4,3,2,3,3,8,8,0,3
18,1586,4,0,4,0,9,10,4,4,3,2,3,3,8,8,0,3
18,1586,4,0,4,0,9,9,4,4,3,2,3,3,8,8,0,2
18,1586,4,0,4,0,9,8,4,4,3,1,3,3,8,8,0,2
18,1586,4,0,4,0,9,8,4,4,3,1,3,3,8,8,0,1
18,1586,4,0,4,0,9,8,4,4,3,1,3,3,8,6,0,0
18,1586,4,0,4,0,9,8,4,4,3,1,3,3,7,6,0,0
19,1587,4,0,3,0,8,8,3,4,2,1,2,3,7,6,0,0
19,1587,4,0,3,0,8,8,3,4,2,1,2,3,7,6,0,0
19,1587,4,0,3,0,8,8,3,4,2,1,2,3,7,6,0,0
19,1587,4,0,3,0,8,8,3,4,2,1,2,3,7,6,0,0
19,1587,4,0,3,0,8,8,3,4,2,1,2,3,7,6,0,0
19,1587,4,0,3,0,8,8,3,4,2,1,2,3,7,6,0,0
19,1587,4,0,3,0,8,8,3,4,2,1,3,3,10,6,0,0
19,1587,4,0,3,0,8,7,3,4,2,1,3,3,10,6,0,0
19,1587,4,0,3,0,8,7,3,4,2,1,3,3,10,6,0,0
19,1587,4,0,3,0,8,7,3,4,2,1,3,3,10,6,0,0
19,1587,4,0,3,0,8,7,3,4,2,1,3,3,10,6,0,0
19,1587,4,0,3,0,8,7,3,4,2,1,3,3,10,6,0,0
19,1587,4,0,3,0,8,7,3,4,2,1,3,3,10,6,0,0
19,1587,4,0,3,0,8,7,3,4,2,1,3,3,10,6,0,0
19,1587,4,0,3,0,8,7,3,4,2,1,3,3,10,6,0,0
19,1587,4,0,3,0,8,7,3,4,2,1,2,3,8,6,0,0
19,1587,4,0,3,0,8,7,3,4,2,1,2,3,8,6,0,0
19,1587,4,0,3,0,8,7,3,4,2,1,2,3,8,6,0,0
19,1587,4,0,3,0,8,7,3,4,2,1,2,3,8,6,0,0
19,1587,4,0,3,0,8,6,3,4,2,1,2,3,8,6,0,0
19,1587,4,0,3,0,8,6,3,4,2,1,2,3,8,6,0,0
19,1587,4,0,3,0,8,6,3,4,2,1,2,3,8,6,0,0
19,1587,4,0,3,0,8,6,3,4,2,1,2,3,8,6,0,0
19,1587,4,0,3,0,8,6,3,4,2,1,2,3,7,6,0,0
20,1588,4,0,3,0,8,6,3,4,2,1,2,3,4,6,0,0
20,1588,4,0,3,0,8,6,3,4,2,1,2,3,4,6,0,0
20,1588,4,0,3,0,8,6,3,4,2,1,2,3,4,6,0,0
20,1588,4,0,3,0,8,6,3,4,2,1,2,3,4,6,0,0
20,1588,4,0,3,0,8,6,3,4,2,1,2,3,4,6,0,0
20,1588,4,0,3,0,8,6,3,4,2,1,2,3,4,6,0,0
20,1588,4,0,3,0,8,6,3,4,2,1,3,3,4,6,0,0
20,1588,4,0,3,0,8,6,3,4,2,1,3,3,5,6,0,0
20,1588,4,0,3,0,8,6,3,4,2,1,3,3,5,6,0,0
20,1588,4,0,3,0,8,6,3,4,2,1,3,3,5,6,0,0
20,1588,4,0,3,0,8,6,3,4,2,1,3,3,5,6,0,0
20,1588,4,0,3,0,8,6,3,4,2,1,3,3,5,6,0,0
20,1588,4,0,3,0,8,6,3,4,2,1,3,3,5,5,0,0
20,1588,4,0,3,0,8,6,3,3,2,1,3,3,5,5,0,0
20,1588,4,0,3,0,8,6,3,3,2,1,3,3,5,5,0,0
20,1588,4,0,3,0,8,6,3,3,2,1,2,2,4,5,0,0
20,1588,4,0,3,0,8,6,3,3,2,1,2,2,4,5,0,0
20,1588,4,0,3,0,8,6,3,3,2,1,2,1,4,5,0,0
20,1588,4,0,3,0,8,6,3,3,2,1,2,1,4,5,0,0
20,1588,4,0,3,0,8,6,3,3,2,1,2,1,4,5,0,0
20,1588,4,0,3,0,8,6,3,3,2,1,2,1,4,5,0,0
20,1588,4,0,3,0,8,6,3,3,2,1,2,1,4,5,0,0
20,1588,4,0,3,0,8,6,3,3,2,1,2,1,4,5,0,0
20,1588,4,0,3,0,8,6,3,3,2,1,2,1,4,5,0,0
21,1589,4,0,4,0,9,6,4,3,3,1,3,1,7,5,0,0
21,1589,4,0,4,0,9,6,4,3,3,1,3,1,7,5,0,0
21,1589,4,0,4,0,9,6,4,3,3,1,3,1,7,5,0,0
21,1589,4,0,4,0,9,6,4,3,3,1,3,1,7,5,0,0
21,1589,4,0,4,0,9,6,4,3,3,1,3,1,7,5,0,0
21,1589,4,0,4,0,9,6,4,3,3,1,3,1,7,5,0,0
21,1589,4,0,4,0,9,6,4,3,3,1,3,1,8,5,8,0
21,1589,4,0,4,0,10,9,4,3,3,3,4,1,8,6,8,1
21,1589,4,0,4,0,10,10,4,4,3,3,4,1,8,6,8,1
21,1589,4,0,4,0,10,10,4,4,3,3,4,1,8,8,9,1
21,1589,4,0,4,0,10,10,4,4,3,3,4,1,8,8,9,1
21,1589,4,0,4,0,10,10,4,4,3,3,4,1,8,8,9,1
21,1589,4,0,4,0,10,10,4,4,3,3,4,1,8,8,9,1
21,1589,4,0,4,0,10,10,4,3,3,3,4,1,8,6,5,1
21,1589,4,0,4,0,10,10,4,3,3,3,4,1,8,6,5,1
21,1589,4,0,4,0,10,10,4,3,3,3,4,1,8,6,5,1
21,1589,4,0,4,0,9,10,4,3,3,3,3,1,8,6,5,0
21,1589,4,0,4,0,9,10,4,3,3,3,3,1,8,6,0,0
21,1589,4,0,4,0,9,10,4,3,3,3,3,1,8,6,0,0
21,1589,4,0,4,0,9,10,4,3,3,3,3,1,8,6,0,0
21,1589,4,0,4,0,9,10,4,3,3,3,3,1,8,6,0,0
21,1589,4,0,4,0,9,9,4,3,3,3,3,1,8,6,0,0
21,1589,4,0,4,0,9,9,4,3,3,3,3,1,8,6,0,0
21,1589,4,0,4,0,9,9,4,3,3,3,3,1,7,6,0,0
22,1590,4,0,4,0,9,9,4,3,3,3,3,1,4,6,0,0
22,1590,4,0,4,0,9,9,4,3,3,3,3,1,4,6,0,0
22,1590,4,0,4,0,9,9,4,3,3,3,3,1,4,6,0,0
22,1590,4,0,4,0,9,9,4,3,3,3,3,1,4,6,0,0
22,1590,4,0,4,0,9,9,4,3,3,3,3,1,4,6,0,0
22,1590,4,0,4,0,9,9,4,3,3,3,3,1,4,6,0,0
22,1590,4,0,4,0,9,9,4,3,3,3,3,1,4,6,8,0
22,1590,4,0,4,0,10,9,4,4,3,2,4,2,5,6,8,5
22,1590,4,0,4,0,10,10,4,4,3,3,4,2,5,6,8,6
22,1590,4,0,4,0,10,10,4,3,3,3,4,2,5,6,9,7
22,1590,4,0,4,0,10,10,4,3,3,3,4,2,5,5,9,8
22,1590,4,0,4,0,10,10,4,3,3,3,4,2,5,6,9,8
22,1590,4,0,4,0,10,10,4,3,3,3,4,2,5,6,9,8
22,1590,4,0,4,0,10,10,4,3,3,3,4,2,5,6,5,8
22,1590,4,0,4,0,10,10,4,3,3,3,4,2,5,6,5,8
22,1590,4,0,4,0,10,10,4,3,3,3,4,2,4,6,5,5
22,1590,4,0,4,0,9,10,4,3,3,3,3,2,4,6,5,5
22,1590,4,0,4,0,9,10,4,3,3,3,3,2,4,6,0,5
22,1590,4,0,4,0,9,10,4,3,3,3,3,2,4,6,0,5
22,1590,4,0,4,0,9,10,4,3,3,3,3,2,4,5,0,4
22,1590,4,0,4,0,9,10,4,3,3,3,3,2,4,5,0,4
22,1590,4,0,4,0,9,10,4,3,3,3,3,2,4,5,0,4
22,1590,4,0,4,0,9,10,4,3,3,3,3,2,4,5,0,4
22,1590,4,0,4,0,9,10,4,3,3,3,3,2,4,5,0,4
23,1591,4,0,4,0,9,10,4,3,3,3,3,2,7,7,0,4
23,1591,4,0,4,0,9,10,4,3,3,3,3,2,7,7,0,4
23,1591,4,0,4,0,9,10,4,3,3,3,3,2,7,7,0,4
23,1591,4,0,4,0,9,10,4,3,3,3,3,2,7,7,0,4
23,1591,4,0,4,0,9,10,4,3,3,3,3,2,7,7,0,4
23,1591,4,0,4,0,9,10,4,3,3,3,3,2,7,7,0,4
23,1591,4,0,4,0,9,10,4,3,3,3,3,2,10,8,8,4
23,1591,4,0,4,0,10,10,4,4,3,3,4,2,10,10,8,2
23,1591,4,0,4,0,10,10,4,4,3,3,4,2,10,9,8,1
23,1591,4,0,4,0,10,10,4,3,3,3,4,2,10,10,9,0
23,1591,4,0,4,0,10,10,4,4,3,3,4,2,10,10,9,0
23,1591,4,0,4,0,10,10,4,4,3,3,4,2,10,10,9,0
23,1591,4,0,4,0,10,10,4,4,3,3,4,2,10,10,9,0
23,1591,4,0,4,0,10,10,4,4,3,3,4,2,10,10,5,0
23,1591,4,0,4,0,10,10,4,4,3,3,4,2,10,10,5,0
23,1591,4,0,4,0,10,10,4,4,3,2,4,2,8,10,5,0
23,1591,4,0,4,0,9,10,4,4,3,2,3,2,8,10,5,0
23,1591,4,0,4,0,9,10,4,4,3,1,3,2,8,10,0,0
23,1591,4,0,4,0,9,10,4,4,3,1,3,2,8,10,0,0
23,1591,4,0,4,0,9,10,4,4,3,1,3,2,8,10,0,0
23,1591,4,0,4,0,9,10,4,4,3,1,3,2,8,10,0,0
23,1591,4,0,4,0,9,10,4,4,3,1,3,2,8,10,0,0
23,1591,4,0,4,0,9,10,4,4,3,1,3,2,8,9,0,0
23,1591,4,0,4,0,9,10,4,4,3,1,3,2,7,9,0,0
24,1592,4,0,4,0,9,10,4,4,3,1,3,2,7,9,0,0
24,1592,4,0,4,0,9,10,4,4,3,1,3,2,7,9,0,0
24,1592,4,0,4,0,9,10,4,4,3,1,3,2,7,9,0,0
24,1592,4,0,4,0,9,10,4,4,3,1,3,2,7,9,0,0
24,1592,4,0,4,0,9,10,4,4,3,1,3,2,7,9,0,0
24,1592,4,0,4,0,9,10,4,4,3,1,3,2,7,9,0,0
24,1592,4,0,4,0,9,10,4,4,3,1,3,2,8,9,8,0
24,1592,4,0,4,0,10,10,4,4,3,2,4,2,8,8,8,0
24,1592,4,0,4,0,10,10,4,4,3,2,4,2,8,8,8,0
24,1592,4,0,4,0,10,10,4,4,3,2,4,2,8,8,9,0
24,1592,4,0,4,0,10,10,4,4,3,2,4,2,8,8,9,0
24,1592,4,0,4,0,10,10,4,4,3,2,4,2,8,8,9,0
24,1592,4,0,4,0,10,10,4,4,3,2,4,2,8,8,9,0
24,1592,4,0,4,0,10,10,4,4,3,2,4,2,8,8,5,0
24,1592,4,0,4,0,10,10,4,4,3,2,4,2,8,8,5,0
24,1592,4,0,4,0,10,10,4,4,3,2,4,2,8,8,5,0
24,1592,4,0,4,0,9,10,4,4,3,2,3,2,8,7,5,0
24,1592,4,0,4,0,9,10,4,3,3,2,3,2,8,7,0,0
24,1592,4,0,4,0,9,10,4,3,3,2,3,2,8,6,0,0
24,1592,4,0,4,0,9,10,4,3,3,2,3,2,8,6,0,0
24,1592,4,0,4,0,9,10,4,3,3,2,3,2,8,6,0,0
24,1592,4,0,4,0,9,10,4,3,3,2,3,2,8,6,0,0
24,1592,4,0,4,0,9,10,4,3,3,2,3,2,8,6,0,0
24,1592,4,0,4,0,9,10,4,3,3,2,3,2,7,6,0,0
25,1593,4,0,4,0,9,10,4,3,3,2,3,2,7,6,0,0
25,1593,4,0,4,0,9,10,4,3,3,2,3,2,7,6,0,0
25,1593,4,0,4,0,9,10,4,3,3,2,3,2,7,6,0,0
25,1593,4,0,4,0,9,10,4,3,3,2,3,2,7,6,0,0
25,1593,4,0,4,0,9,10,4,3,3,2,3,2,7,6,0,0
25,1593,4,0,4,0,9,10,4,3,3,2,3,2,7,6,0,0
25,1593,4,0,4,0,9,10,4,3,3,2,3,2,8,6,8,0
25,1593,4,0,4,0,10,10,4,3,3,2,4,3,8,7,8,1
25,1593,4,0,4,0,10,10,4,4,3,3,4,3,8,8,8,1
25,1593,4,0,4,0,10,10,4,4,3,3,4,3,8,8,9,2
25,1593,4,0,4,0,10,10,4,4,3,3,4,3,8,8,9,3
25,1593,4,0,4,0,10,10,4,4,3,3,4,3,8,8,9,4
25,1593,4,0,4,0,10,10,4,4,3,3,4,3,8,8,9,4
25,1593,4,0,4,0,10,10,4,4,3,3,4,3,8,7,5,4
25,1593,4,0,4,0,10,10,4,3,3,3,4,3,8,7,5,4
25,1593,4,0,4,0,10,10,4,3,3,3,4,3,8,7,5,2
25,1593,4,0,4,0,9,10,4,3,3,3,3,3,8,6,5,1
25,1593,4,0,4,0,9,10,4,3,3,3,3,3,8,6,0,0
25,1593,4,0,4,0,9,10,4,3,3,3,3,3,8,5,0,0
25,1593,4,0,4,0,9,10,4,3,3,3,3,3,8,5,0,0
25,1593,4,0,4,0,9,10,4,3,3,3,3,3,8,5,0,0
25,1593,4,0,4,0,9,10,4,3,3,3,3,3,8,5,0,0
25,1593,4,0,4,0,9,10,4,3,3,3,3,3,8,5,0,0
25,1593,4,0,4,0,9,10,4,3,3,3,3,3,7,5,0,0
26,1594,4,0,3,0,8,10,3,3,2,3,2,3,7,5,0,0
26,1594,4,0,3,0,8,10,3,3,2,3,2,3,7,5,0,0
26,1594,4,0,3,0,8,10,3,3,2,3,2,3,7,5,0,0
26,1594,4,0,3,0,8,10,3,3,2,3,2,3,7,5,0,0
26,1594,4,0,3,0,8,10,3,3,2,3,2,3,7,5,0,0
26,1594,4,0,3,0,8,10,3,3,2,3,2,3,7,5,0,0
26,1594,4,0,3,0,8,10,3,3,2,3,3,3,10,5,0,0
26,1594,4,0,3,0,8,10,3,3,2,2,3,3,10,5,0,0
26,1594,4,0,3,0,8,10,3,3,2,2,3,3,10,5,0,0
26,1594,4,0,3,0,8,10,3,3,2,2,3,3,10,5,0,0
26,1594,4,0,3,0,8,10,3,3,2,2,3,3,10,5,0,0
26,1594,4,0,3,0,8,10,3,3,2,2,3,3,10,5,0,0
26,1594,4,0,3,0,8,10,3,3,2,2,3,3,10,5,0,0
26,1594,4,0,3,0,8,10,3,3,2,2,3,3,10,5,0,0
26,1594,4,0,3,0,8,10,3,3,2,2,3,3,10,5,0,0
26,1594,4,0,3,0,8,10,3,3,2,2,2,3,8,5,0,0
26,1594,4,0,3,0,8,10,3,3,2,2,2,3,8,5,0,0
26,1594,4,0,3,0,8,10,3,3,2,2,2,3,8,5,0,0
26,1594,4,0,3,0,8,10,3,3,2,2,2,3,8,5,0,0
26,1594,4,0,3,0,8,10,3,3,2,2,2,3,8,5,0,0
26,1594,4,0,3,0,8,10,3,3,2,2,2,3,8,5,0,0
26,1594,4,0,3,0,8,10,3,3,2,2,2,3,8,5,0,0
26,1594,4,0,3,0,8,10,3,3,2,2,2,3,8,5,0,0
26,1594,4,0,3,0,8,10,3,3,2,2,2,3,7,5,0,0
27,1595,4,0,3,0,8,10,3,3,2,2,2,3,4,5,0,0
27,1595,4,0,3,0,8,10,3,3,2,2,2,3,4,5,0,0
27,1595,4,0,3,0,8,10,3,3,2,2,2,3,4,5,0,0
27,1595,4,0,3,0,8,10,3,3,2,2,2,3,4,5,0,0
27,1595,4,0,3,0,8,10,3,3,2,2,2,3,4,5,0,0
27,1595,4,0,3,0,8,10,3,3,2,2,2,3,4,5,0,0
27,1595,4,0,3,0,8,10,3,3,2,2,3,3,4,5,0,0
27,1595,4,0,3,0,8,9,3,3,2,1,3,3,5,5,0,0
27,1595,4,0,3,0,8,9,3,3,2,1,3,3,5,5,0,0
27,1595,4,0,3,0,8,9,3,2,2,1,3,3,5,5,0,0
27,1595,4,0,3,0,8,9,3,2,2,1,3,3,5,5,0,0
27,1595,4,0,3,0,8,9,3,2,2,1,3,3,5,5,0,0
27,1595,4,0,3,0,8,9,3,2,2,1,3,3,5,5,0,0
27,1595,4,0,3,0,8,9,3,2,2,1,3,3,5,5,0,0
27,1595,4,0,3,0,8,9,3,2,2,1,3,2,5,5,0,0
27,1595,4,0,3,0,8,9,3,2,2,1,2,2,4,5,0,0
27,1595,4,0,3,0,8,9,3,2,2,1,2,2,4,5,0,0
27,1595,4,0,3,0,8,9,3,2,2,1,2,2,4,5,0,0
27,1595,4,0,3,0,8,9,3,2,2,1,2,2,4,5,0,0
27,1595,4,0,3,0,8,9,3,2,2,1,2,2,4,5,0,0
27,1595,4,0,3,0,8,9,3,2,2,1,2,2,4,5,0,0
27,1595,4,0,3,0,8,9,3,2,2,1,2,1,4,5,0,0
27,1595,4,0,3,0,8,9,3,2,2,1,2,1,4,5,0,0
27,1595,4,0,3,0,8,9,3,2,2,1,2,1,4,5,0,0
0,1596,4,0,4,0,9,9,4,2,3,1,3,1,7,5,0,0
0,1596,4,0,4,0,9,9,4,2,3,1,3,1,7,5,0,0
0,1596,4,0,4,0,9,9,4,2,3,1,3,1,7,5,0,0
0,1596,4,0,4,0,9,9,4,2,3,1,3,1,7,5,0,0
0,1596,4,0,4,0,9,9,4,2,3,1,3,1,7,5,0,0
0,1596,4,0,4,0,9,9,4,2,3,1,3,1,7,5,0,0
0,1596,4,0,4,0,9,9,4,2,3,1,3,1,8,5,8,0
0,1596,4,0,4,0,10,9,4,4,3,1,4,2,8,8,8,2
0,1596,4,0,4,0,10,10,4,4,3,2,4,2,8,8,8,2
0,1596,4,0,4,0,10,10,4,3,3,2,4,2,8,8,9,2
0,1596,4,0,4,0,10,10,4,3,3,2,4,2,8,8,9,2
0,1596,4,0,4,0,10,10,4,4,3,2,4,2,8,8,9,2
0,1596,4,0,4,0,10,10,4,4,3,2,4,2,8,8,9,2
0,1596,4,0,4,0,10,10,4,4,3,2,4,2,8,8,5,2
0,1596,4,0,4,0,10,9,4,3,3,1,4,2,8,8,5,2
0,1596,4,0,4,0,10,9,4,3,3,1,4,2,8,8,5,2
0,1596,4,0,4,0,9,9,4,3,3,1,3,2,8,8,5,2
0,1596,4,0,4,0,9,9,4,3,3,1,3,2,8,8,0,1
0,1596,4,0,4,0,9,9,4,3,3,1,3,2,8,8,0,1
0,1596,4,0,4,0,9,9,4,3,3,1,3,1,8,8,0,1
0,1596,4,0,4,0,9,9,4,3,3,1,3,1,8,8,0,1
0,1596,4,0,4,0,9,9,4,3,3,1,3,1,8,8,0,1
0,1596,4,0,4,0,9,9,4,3,3,1,3,1,8,8,0,1
0,1596,4,0,4,0,9,9,4,3,3,1,3,1,7,8,0,1
1,1597,4,0,4,0,9,9,4,3,3,1,3,1,4,8,0,1
1,1597,4,0,4,0,9,9,4,3,3,1,3,1,4,8,0,1
1,1597,4,0,4,0,9,9,4,3,3,1,3,1,4,8,0,1
1,1597,4,0,4,0,9,9,4,3,3,1,3,1,4,8,0,1
1,1597,4,0,4,0,9,9,4,3,3,1,3,1,4,8,0,1
1,1597,4,0,4,0,9,9,4,3,3,1,3,1,4,8,0,1
1,1597,4,0,4,0,9,9,4,3,3,1,3,1,4,8,8,1
1,1597,4,0,4,0,10,9,4,3,3,3,4,1,5,7,8,1
1,1597,4,0,4,0,10,10,4,4,3,3,4,1,5,6,8,1
1,1597,4,0,4,0,10,10,4,4,3,3,4,1,5,6,9,2
1,1597,4,0,4,0,10,10,4,4,3,3,4,1,5,6,9,2
1,1597,4,0,4,0,10,10,4,4,3,3,4,1,5,6,9,2
1,1597,4,0,4,0,10,10,4,4,3,3,4,1,5,6,9,2
1,1597,4,0,4,0,10,9,4,4,3,3,4,1,5,6,5,2
1,1597,4,0,4,0,10,9,4,4,3,3,4,1,5,6,5,2
1,1597,4,0,4,0,10,8,4,4,3,3,4,0,4,6,5,2
1,1597,4,0,4,0,9,8,4,3,3,3,3,0,4,6,5,2
1,1597,4,0,4,0,9,8,4,3,3,2,3,0,4,6,0,2
1,1597,4,0,4,0,9,8,4,3,3,2,3,0,4,6,0,2
1,1597,4,0,4,0,9,8,4,3,3,2,3,0,4,6,0,2
1,1597,4,0,4,0,9,8,4,3,3,2,3,0,4,6,0,1
1,1597,4,0,4,0,9,8,4,3,3,2,3,0,4,6,0,1
1,1597,4,0,4,0,9,8,4,3,3,2,3,0,4,6,0,1
1,1597,4,0,4,0,9,8,4,3,3,2,3,0,4,6,0,1
2,1598,4,0,4,0,9,8,4,3,3,2,3,0,7,7,0,1
2,1598,4,0,4,0,9,8,4,3,3,2,3,0,7,7,0,1
2,1598,4,0,4,0,9,8,4,3,3,2,3,0,7,7,0,1
2,1598,4,0,4,0,9,8,4,3,3,2,3,0,7,7,0,1
2,1598,4,0,4,0,9,8,4,3,3,2,3,0,7,7,0,1
2,1598,4,0,4,0,9,8,4,3,3,2,3,0,7,7,0,1
2,1598,4,0,4,0,9,8,4,3,3,2,3,0,10,7,8,1
2,1598,4,0,4,0,10,9,4,4,3,2,4,1,10,10,8,1
2,1598,4,0,4,0,10,10,4,4,3,3,4,1,10,10,8,1
2,1598,4,0,4,0,10,10,4,4,3,3,4,1,10,10,9,1
2,1598,4,0,4,0,10,10,4,4,3,3,4,1,10,10,9,1
2,1598,4,0,4,0,10,10,4,4,3,3,4,1,10,9,9,0
2,1598,4,0,4,0,10,10,4,4,3,3,4,1,10,8,9,0
2,1598,4,0,4,0,10,10,4,4,3,3,4,1,10,9,5,0
2,1598,4,0,4,0,10,10,4,4,3,3,4,1,10,9,5,0
2,1598,4,0,4,0,10,9,4,4,3,3,4,1,8,8,5,0
2,1598,4,0,4,0,9,9,4,4,3,3,3,1,8,8,5,0
2,1598,4,0,4,0,9,9,4,4,3,3,3,1,8,8,0,0
2,1598,4,0,4,0,9,9,4,4,3,3,3,1,8,7,0,0
2,1598,4,0,4,0,9,9,4,4,3,3,3,1,8,6,0,0
2,1598,4,0,4,0,9,9,4,4,3,3,3,1,8,6,0,0
2,1598,4,0,4,0,9,9,4,4,3,3,3,1,8,6,0,0
2,1598,4,0,4,0,9,9,4,4,3,3,3,1,8,6,0,0
2,1598,4,0,4,0,9,9,4,4,3,3,3,1,7,6,0,0
3,1599,4,0,4,0,9,9,4,4,3,3,3,1,7,6,0,0
3,1599,4,0,4,0,9,9,4,4,3,3,3,1,7,6,0,0
3,1599,4,0,4,0,9,9,4,4,3,3,3,1,7,6,0,0
3,1599,4,0,4,0,9,9,4,4,3,3,3,1,7,6,0,0
3,1599,4,0,4,0,9,9,4,4,3,3,3,1,7,6,0,0
3,1599,4,0,4,0,9,9,4,4,3,3,3,1,7,6,0,0
3,1599,4,0,4,0,9,9,4,4,3,3,3,1,8,6,8,0
3,1599,4,0,4,0,10,8,4,3,3,3,4,2,8,8,8,0
3,1599,4,0,4,0,10,9,4,3,3,3,4,2,8,8,8,0
3,1599,4,0,4,0,10,10,4,3,3,3,4,2,8,8,9,0
3,1599,4,0,4,0,10,10,4,3,3,3,4,2,8,8,9,0
3,1599,4,0,4,0,10,10,4,3,3,3,4,2,8,8,9,0
3,1599,4,0,4,0,10,10,4,3,3,3,4,2,8,8,9,0
3,1599,4,0,4,0,10,10,4,3,3,3,4,2,8,8,5,0
3,1599,4,0,4,0,10,10,4,3,3,3,4,2,8,8,5,0
3,1599,4,0,4,0,10,8,4,3,3,3,4,2,8,8,5,0
3,1599,4,0,4,0,9,8,4,3,3,2,3,2,8,8,5,0
3,1599,4,0,4,0,9,8,4,3,3,2,3,2,8,8,0,0
3,1599,4,0,4,0,9,8,4,3,3,2,3,2,8,8,0,0
3,1599,4,0,4,0,9,8,4,3,3,2,3,2,8,8,0,0
3,1599,4,0,4,0,9,8,4,3,3,1,3,2,8,8,0,0
3,1599,4,0,4,0,9,8,4,3,3,1,3,2,8,8,0,0
3,1599,4,0,4,0,9,8,4,3,3,1,3,2,8,8,0,0
3,1599,4,0,4,0,9,8,4,3,3,1,3,2,7,8,0,0
4,1600,4,0,4,0,9,8,4,3,3,1,3,2,7,8,0,0
4,1600,4,0,4,0,9,8,4,3,3,1,3,2,7,8,0,0
4,1600,4,0,4,0,9,8,4,3,3,1,3,2,7,8,0,0
4,1600,4,0,4,0,9,8,4,3,3,1,3,2,7,8,0,0
4,1600,4,0,4,0,9,8,4,3,3,1,3,2,7,8,0,0
4,1600,4,0,4,0,9,8,4,3,3,1,3,2,7,8,0,0
4,1600,4,0,4,0,9,8,4,3,3,1,3,2,8,8,8,0
4,1600,4,0,4,0,10,10,4,3,3,2,4,2,8,8,8,1
4,1600,4,0,4,0,10,10,4,4,3,3,4,2,8,8,8,1
4,1600,4,0,4,0,10,10,4,4,3,3,4,2,8,8,9,1
4,1600,4,0,4,0,10,10,4,4,3,2,4,2,8,8,9,1
4,1600,4,0,4,0,10,9,4,4,3,3,4,2,8,8,9,1
4,1600,4,0,4,0,10,10,4,4,3,3,4,2,8,8,9,1
4,1600,4,0,4,0,10,10,4,4,3,3,4,2,8,8,5,1
4,1600,4,0,4,0,10,10,4,4,3,3,4,2,8,8,5,1
4,1600,4,0,4,0,10,10,4,4,3,2,4,2,8,8,5,1
4,1600,4,0,4,0,9,9,4,4,3,2,3,2,8,8,5,1
4,1600,4,0,4,0,9,9,4,4,3,2,3,2,8,8,0,1
4,1600,4,0,4,0,9,9,4,4,3,2,3,2,8,8,0,1
4,1600,4,0,4,0,9,9,4,4,3,2,3,2,8,8,0,1
4,1600,4,0,4,0,9,9,4,4,3,2,3,2,8,8,0,1
4,1600,4,0,4,0,9,9,4,4,3,2,3,2,8,8,0,0
4,1600,4,0,4,0,9,9,4,4,3,2,3,2,8,8,0,0
4,1600,4,0,4,0,9,9,4,4,3,2,3,2,7,8,0,0
5,1601,4,0,3,0,8,9,3,4,2,2,2,2,7,8,0,0
5,1601,4,0,3,0,8,9,3,4,2,2,2,2,7,8,0,0
5,1601,4,0,3,0,8,9,3,4,2,2,2,2,7,8,0,0
5,1601,4,0,3,0,8,9,3,4,2,2,2,2,7,8,0,0
5,1601,4,0,3,0,8,9,3,4,2,2,2,2,7,8,0,0
5,1601,4,0,3,0,8,9,3,4,2,2,2,2,7,8,0,0
5,1601,4,0,3,0,8,9,3,4,2,2,3,2,10,8,0,0
5,1601,4,0,3,0,8,7,3,3,2,2,3,2,10,7,0,0
5,1601,4,0,3,0,8,7,3,3,2,2,3,2,10,7,0,0
5,1601,4,0,3,0,8,7,3,3,2,2,3,1,10,7,0,0
5,1601,4,0,3,0,8,7,3,3,2,2,3,1,10,7,0,0
5,1601,4,0,3,0,8,7,3,3,2,2,3,1,10,7,0,0
5,1601,4,0,3,0,8,7,3,3,2,2,3,1,10,7,0,0
5,1601,4,0,3,0,8,7,3,3,2,2,3,1,10,7,0,0
5,1601,4,0,3,0,8,7,3,3,2,2,3,1,10,7,0,0
5,1601,4,0,3,0,8,7,3,3,2,2,2,1,8,7,0,0
5,1601,4,0,3,0,8,7,3,3,2,2,2,1,8,7,0,0
5,1601,4,0,3,0,8,7,3,3,2,2,2,1,8,7,0,0
5,1601,4,0,3,0,8,7,3,3,2,2,2,1,8,7,0,0
5,1601,4,0,3,0,8,7,3,3,2,2,2,1,8,7,0,0
5,1601,4,0,3,0,8,7,3,3,2,2,2,1,8,7,0,0
5,1601,4,0,3,0,8,7,3,3,2,2,2,1,8,7,0,0
5,1601,4,0,3,0,8,7,3,3,2,2,2,1,8,7,0,0
5,1601,4,0,3,0,8,7,3,3,2,2,2,1,7,7,0,0
6,1602,4,0,3,0,8,7,3,3,2,2,2,1,4,7,0,0
6,1602,4,0,3,0,8,7,3,3,2,2,2,1,4,7,0,0
6,1602,4,0,3,0,8,7,3,3,2,2,2,1,4,7,0,0
6,1602,4,0,3,0,8,7,3,3,2,2,2,1,4,7,0,0
6,1602,4,0,3,0,8,7,3,3,2,2,2,1,4,7,0,0
6,1602,4,0,3,0,8,7,3,3,2,2,2,1,4,7,0,0
6,1602,4,0,3,0,8,7,3,3,2,2,3,1,4,7,0,0
6,1602,4,0,3,0,8,7,3,3,2,2,3,1,5,7,0,0
6,1602,4,0,3,0,8,7,3,3,2,2,3,1,5,7,0,0
6,1602,4,0,3,0,8,7,3,3,2,2,3,1,5,7,0,0
6,1602,4,0,3,0,8,7,3,3,2,2,3,1,5,7,0,0
6,1602,4,0,3,0,8,7,3,3,2,2,3,1,5,7,0,0
6,1602,4,0,3,0,8,7,3,3,2,2,3,1,5,7,0,0
6,1602,4,0,3,0,8,7,3,3,2,2,3,1,5,7,0,0
6,1602,4,0,3,0,8,7,3,3,2,2,3,1,5,7,0,0
6,1602,4,0,3,0,8,7,3,3,2,2,2,1,4,7,0,0
6,1602,4,0,3,0,8,7,3,3,2,2,2,1,4,7,0,0
6,1602,4,0,3,0,8,7,3,3,2,2,2,1,4,7,0,0
6,1602,4,0,3,0,8,7,3,3,2,2,2,1,4,7,0,0
6,1602,4,0,3,0,8,7,3,3,2,2,2,1,4,7,0,0
6,1602,4,0,3,0,8,7,3,3,2,2,2,1,4,7,0,0
6,1602,4,0,3,0,8,6,3,3,2,2,2,1,4,6,0,0
6,1602,4,0,3,0,8,6,3,3,2,2,2,1,4,6,0,0
6,1602,4,0,3,0,8,6,3,3,2,2,2,1,4,6,0,0
7,1603,4,0,4,0,9,6,4,3,3,2,3,1,7,6,0,0
7,1603,4,0,4,0,9,6,4,3,3,2,3,1,7,6,0,0
7,1603,4,0,4,0,9,6,4,3,3,2,3,1,7,6,0,0
7,1603,4,0,4,0,9,6,4,3,3,2,3,1,7,6,0,0
7,1603,4,0,4,0,9,6,4,3,3,2,3,1,7,6,0,0
7,1603,4,0,4,0,9,6,4,3,3,2,3,1,7,6,0,0
7,1603,4,0,4,0,9,6,4,3,3,2,3,1,8,6,8,0
7,1603,4,0,4,0,10,8,4,4,3,3,4,1,8,6,8,1
7,1603,4,0,4,0,10,8,4,4,3,3,4,1,8,7,8,1
7,1603,4,0,4,0,10,8,4,4,3,3,4,1,8,8,9,1
7,1603,4,0,4,0,10,9,4,4,3,3,4,1,8,8,9,1
7,1603,4,0,4,0,10,10,4,4,3,2,4,1,8,7,9,1
7,1603,4,0,4,0,10,10,4,4,3,3,4,1,8,7,9,1
7,1603,4,0,4,0,10,9,4,4,3,3,4,1,8,6,5,1
7,1603,4,0,4,0,10,9,4,4,3,3,4,1,8,6,5,1
7,1603,4,0,4,0,10,9,4,4,3,3,4,1,8,6,5,1
7,1603,4,0,4,0,9,9,4,4,3,3,3,1,8,5,5,1
7,1603,4,0,4,0,9,9,4,4,3,3,3,1,8,5,0,1
7,1603,4,0,4,0,9,9,4,4,3,3,3,1,8,5,0,1
7,1603,4,0,4,0,9,9,4,4,3,3,3,1,8,5,0,1
7,1603,4,0,4,0,9,9,4,4,3,3,3,1,8,5,0,1
7,1603,4,0,4,0,9,9,4,4,3,3,3,1,8,5,0,1
7,1603,4,0,4,0,9,9,4,4,3,3,3,1,8,5,0,1
7,1603,4,0,4,0,9,9,4,4,3,3,3,1,7,5,0,1
8,1604,4,0,4,0,9,9,4,4,3,3,3,1,4,5,0,1
8,1604,4,0,4,0,9,9,4,4,3,3,3,1,4,5,0,1
8,1604,4,0,4,0,9,9,4,4,3,3,3,1,4,5,0,1
8,1604,4,0,4,0,9,9,4,4,3,3,3,1,4,5,0,1
8,1604,4,0,4,0,9,9,4,4,3,3,3,1,4,5,0,1
8,1604,4,0,4,0,9,9,4,4,3,3,3,1,4,5,0,1
8,1604,4,0,4,0,9,9,4,4,3,3,3,1,4,5,8,1
8,1604,4,0,4,0,10,9,4,4,3,3,4,2,5,5,8,2
8,1604,4,0,4,0,10,9,4,4,3,3,4,2,5,5,8,3
8,1604,4,0,4,0,10,10,4,4,3,3,4,2,5,5,9,3
8,1604,4,0,4,0,10,10,4,4,3,3,4,2,5,5,9,3
8,1604,4,0,4,0,10,10,4,4,3,3,4,2,5,5,9,3
8,1604,4,0,4,0,10,10,4,4,3,3,4,2,5,5,9,3
8,1604,4,0,4,0,10,10,4,4,3,3,4,2,5,5,5,3
8,1604,4,0,4,0,10,10,4,4,3,3,4,2,5,5,5,3
8,1604,4,0,4,0,10,9,4,4,3,3,4,2,4,5,5,0
8,1604,4,0,4,0,9,9,4,4,3,3,3,2,4,5,5,0
8,1604,4,0,4,0,9,9,4,4,3,3,3,2,4,5,0,0
8,1604,4,0,4,0,9,9,4,3,3,2,3,2,4,5,0,0
8,1604,4,0,4,0,9,9,4,3,3,2,3,2,4,5,0,0
8,1604,4,0,4,0,9,9,4,3,3,2,3,2,4,5,0,0
8,1604,4,0,4,0,9,9,4,3,3,2,3,2,4,5,0,0
8,1604,4,0,4,0,9,9,4,3,3,2,3,2,4,5,0,0
8,1604,4,0,4,0,9,9,4,3,3,2,3,2,4,5,0,0
9,1605,4,0,4,0,9,9,4,3,3,2,3,2,7,5,0,0
9,1605,4,0,4,0,9,9,4,3,3,2,3,2,7,5,0,0
9,1605,4,0,4,0,9,9,4,3,3,2,3,2,7,5,0,0
9,1605,4,0,4,0,9,9,4,3,3,2,3,2,7,5,0,0
9,1605,4,0,4,0,9,9,4,3,3,2,3,2,7,5,0,0
9,1605,4,0,4,0,9,9,4,3,3,2,3,2,7,5,0,0
9,1605,4,0,4,0,9,9,4,3,3,2,3,2,10,5,8,0
9,1605,4,0,4,0,10,9,4,4,3,2,4,3,10,10,8,1
9,1605,4,0,4,0,10,10,4,4,3,2,4,3,10,10,8,2
9,1605,4,0,4,0,10,10,4,4,3,3,4,3,10,9,9,2
9,1605,4,0,4,0,10,10,4,4,3,3,4,3,10,10,9,3
9,1605,4,0,4,0,10,10,4,4,3,3,4,3,10,10,9,3
9,1605,4,0,4,0,10,10,4,4,3,3,4,3,10,10,9,3
9,1605,4,0,4,0,10,10,4,4,3,3,4,3,10,10,5,3
9,1605,4,0,4,0,10,10,4,4,3,3,4,3,10,9,5,2
9,1605,4,0,4,0,10,10,4,4,3,3,4,3,8,9,5,2
9,1605,4,0,4,0,9,10,4,4,3,3,3,3,8,9,5,2
9,1605,4,0,4,0,9,10,4,4,3,3,3,3,8,9,0,2
9,1605,4,0,4,0,9,10,4,4,3,3,3,3,8,9,0,2
9,1605,4,0,4,0,9,10,4,4,3,3,3,3,8,9,0,2
9,1605,4,0,4,0,9,10,4,4,3,3,3,3,8,9,0,2
9,1605,4,0,4,0,9,10,4,4,3,3,3,3,8,9,0,1
9,1605,4,0,4,0,9,10,4,3,3,2,3,3,8,9,0,1
9,1605,4,0,4,0,9,10,4,3,3,2,3,3,7,9,0,0
10,1606,4,0,4,0,9,10,4,3,3,2,3,3,7,9,0,0
10,1606,4,0,4,0,9,10,4,3,3,2,3,3,7,9,0,0
10,1606,4,0,4,0,9,10,4,3,3,2,3,3,7,9,0,0
10,1606,4,0,4,0,9,10,4,3,3,2,3,3,7,9,0,0
10,1606,4,0,4,0,9,10,4,3,3,2,3,3,7,9,0,0
10,1606,4,0,4,0,9,10,4,3,3,2,3,3,7,9,0,0
10,1606,4,0,4,0,9,10,4,3,3,2,3,3,8,9,8,0
10,1606,4,0,4,0,10,10,4,4,3,2,4,4,8,7,8,0
10,1606,4,0,4,0,10,10,4,4,3,2,4,4,8,8,8,0
10,1606,4,0,4,0,10,10,4,4,3,2,4,4,8,8,9,0
10,1606,4,0,4,0,10,10,4,4,3,2,4,4,8,8,9,0
10,1606,4,0,4,0,10,10,4,4,3,2,4,3,8,8,9,0
10,1606,4,0,4,0,10,10,4,4,3,2,4,3,8,8,9,0
10,1606,4,0,4,0,10,10,4,4,3,2,4,3,8,8,5,0
10,1606,4,0,4,0,10,10,4,4,3,2,4,3,8,8,5,0
10,1606,4,0,4,0,10,10,4,3,3,2,4,3,8,8,5,0
10,1606,4,0,4,0,9,10,4,3,3,1,3,3,8,8,5,0
10,1606,4,0,4,0,9,10,4,3,3,1,3,3,8,8,0,0
10,1606,4,0,4,0,9,10,4,3,3,1,3,3,8,7,0,0
10,1606,4,0,4,0,9,10,4,3,3,1,3,3,8,7,0,0
10,1606,4,0,4,0,9,10,4,3,3,1,3,3,8,5,0,0
10,1606,4,0,4,0,9,10,4,3,3,1,3,3,8,5,0,0
10,1606,4,0,4,0,9,10,4,3,3,1,3,3,8,5,0,0
10,1606,4,0,4,0,9,10,4,3,3,1,3,3,7,5,0,0
11,1607,4,0,4,0,9,10,4,3,3,1,3,3,7,5,0,0
11,1607,4,0,4,0,9,10,4,3,3,1,3,3,7,5,0,0
11,1607,4,0,4,0,9,10,4,3,3,1,3,3,7,5,0,0
11,1607,4,0,4,0,9,10,4,3,3,1,3,3,7,5,0,0
11,1607,4,0,4,0,9,10,4,3,3,1,3,3,7,5,0,0
11,1607,4,0,4,0,9,10,4,3,3,1,3,3,7,5,0,0
11,1607,4,0,4,0,9,10,4,3,3,1,3,3,8,5,8,0
11,1607,4,0,4,0,10,9,4,3,3,3,4,4,8,8,8,0
11,1607,4,0,4,0,10,10,4,4,3,3,4,4,8,8,8,1
11,1607,4,0,4,0,10,10,4,4,3,3,4,4,8,8,9,1
11,1607,4,0,4,0,10,10,4,3,3,3,4,4,8,8,9,1
11,1607,4,0,4,0,10,10,4,4,3,3,4,4,8,8,9,1
11,1607,4,0,4,0,10,10,4,4,3,3,4,4,8,8,9,1
11,1607,4,0,4,0,10,10,4,4,3,3,4,4,8,8,5,1
11,1607,4,0,4,0,10,9,4,4,3,2,4,4,8,8,5,1
11,1607,4,0,4,0,10,8,4,3,3,1,4,4,8,8,5,1
11,1607,4,0,4,0,9,8,4,3,3,1,3,4,8,8,5,1
11,1607,4,0,4,0,9,8,4,3,3,1,3,4,8,8,0,1
11,1607,4,0,4,0,9,8,4,3,3,1,3,4,8,8,0,1
11,1607,4,0,4,0,9,8,4,3,3,1,3,4,8,7,0,1
11,1607,4,0,4,0,9,8,4,3,3,1,3,4,8,7,0,1
11,1607,4,0,4,0,9,8,4,3,3,1,3,4,8,7,0,1
11,1607,4,0,4,0,9,8,4,3,3,1,3,4,8,7,0,1
11,1607,4,0,4,0,9,8,4,3,3,1,3,4,7,7,0,1
12,1608,4,0,3,0,8,8,3,3,2,1,2,4,7,7,0,1
12,1608,4,0,3,0,8,8,3,3,2,1,2,4,7,7,0,1
12,1608,4,0,3,0,8,8,3,3,2,1,2,4,7,7,0,1
12,1608,4,0,3,0,8,8,3,3,2,1,2,4,7,7,0,1
12,1608,4,0,3,0,8,8,3,3,2,1,2,4,7,7,0,1
12,1608,4,0,3,0,8,8,3,3,2,1,2,4,7,7,0,1
12,1608,4,0,3,0,8,8,3,3,2,1,3,4,10,7,0,1
12,1608,4,0,3,0,8,8,3,2,2,1,3,3,10,6,0,0
12,1608,4,0,3,0,8,8,3,2,2,1,3,3,10,6,0,0
12,1608,4,0,3,0,8,8,3,2,2,1,3,3,10,6,0,0
12,1608,4,0,3,0,8,8,3,2,2,1,3,3,10,6,0,0
12,1608,4,0,3,0,8,8,3,2,2,1,3,3,10,6,0,0
12,1608,4,0,3,0,8,8,3,2,2,1,3,3,10,6,0,0
12,1608,4,0,3,0,8,8,3,2,2,1,3,3,10,6,0,0
12,1608,4,0,3,0,8,8,3,2,2,1,3,3,10,6,0,0
12,1608,4,0,3,0,8,8,3,2,2,1,2,3,8,6,0,0
12,1608,4,0,3,0,8,8,3,2,2,1,2,3,8,6,0,0
12,1608,4,0,3,0,8,8,3,2,2,1,2,3,8,6,0,0
12,1608,4,0,3,0,8,8,3,2,2,1,2,3,8,6,0,0
12,1608,4,0,3,0,8,8,3,2,2,1,2,3,8,6,0,0
12,1608,4,0,3,0,8,8,3,2,2,1,2,3,8,6,0,0
12,1608,4,0,3,0,8,8,3,2,2,1,2,3,8,6,0,0
12,1608,4,0,3,0,8,8,3,2,2,1,2,3,8,6,0,0
12,1608,4,0,3,0,8,8,3,2,2,1,2,3,7,6,0,0
13,1609,4,0,3,0,8,8,3,2,2,1,2,3,4,6,0,0
13,1609,4,0,3,0,8,8,3,2,2,1,2,3,4,6,0,0
13,1609,4,0,3,0,8,8,3,2,2,1,2,3,4,6,0,0
13,1609,4,0,3,0,8,8,3,2,2,1,2,3,4,6,0,0
13,1609,4,0,3,0,8,8,3,2,2,1,2,3,4,6,0,0
13,1609,4,0,3,0,8,8,3,2,2,1,2,3,4,6,0,0
13,1609,4,0,3,0,8,8,3,2,2,1,3,3,4,6,0,0
13,1609,4,0,3,0,8,7,3,2,2,1,3,1,5,6,0,0
13,1609,4,0,3,0,8,7,3,2,2,1,3,1,5,6,0,0
13,1609,4,0,3,0,8,6,3,2,2,1,3,1,5,6,0,0
13,1609,4,0,3,0,8,6,3,2,2,1,3,1,5,6,0,0
13,1609,4,0,3,0,8,6,3,2,2,1,3,1,5,6,0,0
13,1609,4,0,3,0,8,6,3,2,2,1,3,1,5,6,0,0
13,1609,4,0,3,0,8,6,3,2,2,1,3,1,5,6,0,0
13,1609,4,0,3,0,8,6,3,2,2,1,3,1,5,6,0,0
13,1609,4,0,3,0,8,6,3,2,2,1,2,1,4,6,0,0
13,1609,4,0,3,0,8,6,3,2,2,1,2,1,4,6,0,0
13,1609,4,0,3,0,8,6,3,2,2,1,2,1,4,6,0,0
13,1609,4,0,3,0,8,6,3,2,2,1,2,1,4,6,0,0
13,1609,4,0,3,0,8,6,3,2,2,1,2,0,4,6,0,0
13,1609,4,0,3,0,8,6,3,2,2,1,2,0,4,6,0,0
13,1609,4,0,3,0,8,6,3,2,2,1,2,0,4,6,0,0
13,1609,4,0,3,0,8,6,3,2,2,1,2,0,4,6,0,0
13,1609,4,0,3,0,8,6,3,2,2,1,2,0,4,6,0,0
14,1610,4,0,4,0,9,6,4,2,3,1,3,0,7,6,0,0
14,1610,4,0,4,0,9,6,4,2,3,1,3,0,7,6,0,0
14,1610,4,0,4,0,9,6,4,2,3,1,3,0,7,6,0,0
14,1610,4,0,4,0,9,6,4,2,3,1,3,0,7,6,0,0
14,1610,4,0,4,0,9,6,4,2,3,1,3,0,7,6,0,0
14,1610,4,0,4,0,9,6,4,2,3,1,3,0,7,6,0,0
14,1610,4,0,4,0,9,6,4,2,3,1,3,0,8,6,8,0
14,1610,4,0,4,0,10,9,4,3,3,1,4,1,8,7,8,2
14,1610,4,0,4,0,10,10,4,3,3,1,4,1,8,7,8,2
14,1610,4,0,4,0,10,10,4,4,3,1,4,1,8,8,9,2
14,1610,4,0,4,0,10,10,4,4,3,1,4,1,8,8,9,2
14,1610,4,0,4,0,10,10,4,4,3,1,4,1,8,9,9,2
14,1610,4,0,4,0,10,10,4,4,3,1,4,1,8,9,9,2
14,1610,4,0,4,0,10,9,4,3,3,1,4,1,8,8,5,2
14,1610,4,0,4,0,10,9,4,3,3,1,4,1,8,8,5,2
14,1610,4,0,4,0,10,9,4,3,3,1,4,1,8,8,5,2
14,1610,4,0,4,0,9,9,4,3,3,1,3,1,8,7,5,1
14,1610,4,0,4,0,9,9,4,3,3,1,3,1,8,7,0,1
14,1610,4,0,4,0,9,9,4,3,3,1,3,1,8,7,0,1
14,1610,4,0,4,0,9,9,4,3,3,1,3,1,8,7,0,1
14,1610,4,0,4,0,9,9,4,3,3,1,3,1,8,7,0,0
14,1610,4,0,4,0,9,9,4,3,3,1,3,1,8,7,0,0
14,1610,4,0,4,0,9,8,4,3,3,1,3,1,8,6,0,0
14,1610,4,0,4,0,9,8,4,3,3,1,3,1,7,6,0,0
15,1611,4,0,4,0,9,8,4,3,3,1,3,1,4,6,0,0
15,1611,4,0,4,0,9,8,4,3,3,1,3,1,4,6,0,0
15,1611,4,0,4,0,9,8,4,3,3,1,3,1,4,6,0,0
15,1611,4,0,4,0,9,8,4,3,3,1,3,1,4,6,0,0
15,1611,4,0,4,0,9,8,4,3,3,1,3,1,4,6,0,0
15,1611,4,0,4,0,9,8,4,3,3,1,3,1,4,6,0,0
15,1611,4,0,4,0,9,8,4,3,3,1,3,1,4,6,8,0
15,1611,4,0,4,0,10,9,4,3,3,3,4,2,5,5,8,2
15,1611,4,0,4,0,10,10,4,4,3,3,4,2,5,5,8,3
15,1611,4,0,4,0,10,10,4,4,3,3,4,2,5,5,9,4
15,1611,4,0,4,0,10,10,4,4,3,2,4,2,5,5,9,4
15,1611,4,0,4,0,10,10,4,4,3,2,4,2,5,6,9,4
15,1611,4,0,4,0,10,10,4,4,3,3,4,2,5,6,9,4
15,1611,4,0,4,0,10,10,4,4,3,3,4,2,5,6,5,4
15,1611,4,0,4,0,10,10,4,4,3,3,4,2,5,6,5,4
15,1611,4,0,4,0,10,10,4,4,3,3,4,2,4,6,5,2
15,1611,4,0,4,0,9,10,4,4,3,3,3,2,4,6,5,2
15,1611,4,0,4,0,9,10,4,4,3,3,3,2,4,6,0,1
15,1611,4,0,4,0,9,9,4,4,3,3,3,2,4,5,0,0
15,1611,4,0,4,0,9,9,4,4,3,3,3,2,4,5,0,0
15,1611,4,0,4,0,9,9,4,3,3,2,3,2,4,5,0,0
15,1611,4,0,4,0,9,9,4,3,3,2,3,2,4,5,0,0
15,1611,4,0,4,0,9,9,4,3,3,2,3,2,4,5,0,0
15,1611,4,0,4,0,9,9,4,3,3,2,3,2,4,5,0,0
16,1612,4,0,4,0,9,9,4,3,3,2,3,2,7,5,0,0
16,1612,4,0,4,0,9,9,4,3,3,2,3,2,7,5,0,0
16,1612,4,0,4,0,9,9,4,3,3,2,3,2,7,5,0,0
16,1612,4,0,4,0,9,9,4,3,3,2,3,2,7,5,0,0
16,1612,4,0,4,0,9,9,4,3,3,2,3,2,7,5,0,0
16,1612,4,0,4,0,9,9,4,3,3,2,3,2,7,5,0,0
16,1612,4,0,4,0,9,9,4,3,3,2,3,2,10,5,8,0
16,1612,4,0,4,0,10,9,4,4,3,2,4,3,10,10,8,1
16,1612,4,0,4,0,10,10,4,4,3,2,4,3,10,10,8,1
16,1612,4,0,4,0,10,10,4,4,3,3,4,3,10,11,9,2
16,1612,4,0,4,0,10,10,4,4,3,3,4,3,10,11,9,2
16,1612,4,0,4,0,10,10,4,4,3,3,4,3,10,11,9,2
16,1612,4,0,4,0,10,10,4,4,3,3,4,3,10,11,9,2
16,1612,4,0,4,0,10,10,4,4,3,3,4,3,10,11,5,2
16,1612,4,0,4,0,10,10,4,4,3,2,4,2,10,10,5,0
16,1612,4,0,4,0,10,10,4,4,3,2,4,2,8,10,5,0
16,1612,4,0,4,0,9,10,4,4,3,2,3,2,8,10,5,0
16,1612,4,0,4,0,9,10,4,4,3,2,3,2,8,10,0,0
16,1612,4,0,4,0,9,10,4,4,3,2,3,2,8,10,0,0
16,1612,4,0,4,0,9,10,4,4,3,2,3,2,8,10,0,0
16,1612,4,0,4,0,9,10,4,4,3,2,3,2,8,10,0,0
16,1612,4,0,4,0,9,10,4,4,3,2,3,2,8,10,0,0
16,1612,4,0,4,0,9,10,4,4,3,2,3,2,8,10,0,0
16,1612,4,0,4,0,9,10,4,4,3,2,3,2,7,10,0,0
17,1613,4,0,4,0,9,10,4,4,3,2,3,2,7,10,0,0
17,1613,4,0,4,0,9,10,4,4,3,2,3,2,7,10,0,0
17,1613,4,0,4,0,9,10,4,4,3,2,3,2,7,10,0,0
17,1613,4,0,4,0,9,10,4,4,3,2,3,2,7,10,0,0
17,1613,4,0,4,0,9,10,4,4,3,2,3,2,7,10,0,0
17,1613,4,0,4,0,9,10,4,4,3,2,3,2,7,10,0,0
17,1613,4,0,4,0,9,10,4,4,3,2,3,2,8,10,8,0
17,1613,4,0,4,0,10,9,4,2,3,3,4,3,8,9,8,0
17,1613,4,0,4,0,10,10,4,2,3,3,4,3,8,9,8,0
17,1613,4,0,4,0,10,10,4,2,3,3,4,3,8,9,9,0
17,1613,4,0,4,0,10,10,4,2,3,3,4,3,8,9,9,0
17,1613,4,0,4,0,10,10,4,2,3,3,4,3,8,9,9,0
17,1613,4,0,4,0,10,10,4,2,3,3,4,3,8,9,9,0
17,1613,4,0,4,0,10,10,4,2,3,3,4,3,8,9,5,0
17,1613,4,0,4,0,10,10,4,2,3,3,4,3,8,9,5,0
17,1613,4,0,4,0,10,10,4,2,3,3,4,3,8,9,5,0
17,1613,4,0,4,0,9,10,4,2,3,3,3,3,8,9,5,0
17,1613,4,0,4,0,9,10,4,2,3,3,3,3,8,9,0,0
17,1613,4,0,4,0,9,10,4,2,3,3,3,3,8,8,0,0
17,1613,4,0,4,0,9,10,4,2,3,3,3,3,8,7,0,0
17,1613,4,0,4,0,9,10,4,2,3,3,3,3,8,7,0,0
17,1613,4,0,4,0,9,10,4,2,3,3,3,2,8,7,0,0
17,1613,4,0,4,0,9,10,4,2,3,3,3,2,8,7,0,0
17,1613,4,0,4,0,9,10,4,2,3,3,3,2,7,7,0,0
18,1614,4,0,4,0,9,10,4,2,3,3,3,2,7,7,0,0
18,1614,4,0,4,0,9,10,4,2,3,3,3,2,7,7,0,0
18,1614,4,0,4,0,9,10,4,2,3,3,3,2,7,7,0,0
18,1614,4,0,4,0,9,10,4,2,3,3,3,2,7,7,0,0
18,1614,4,0,4,0,9,10,4,2,3,3,3,2,7,7,0,0
18,1614,4,0,4,0,9,10,4,2,3,3,3,2,7,7,0,0
18,1614,4,0,4,0,9,10,4,2,3,3,3,2,8,7,8,0
18,1614,4,0,4,0,10,9,4,3,3,2,4,3,8,8,8,1
18,1614,4,0,4,0,10,10,4,4,3,3,4,3,8,8,8,1
18,1614,4,0,4,0,10,10,4,4,3,3,4,3,8,8,9,2
18,1614,4,0,4,0,10,10,4,4,3,3,4,3,8,8,9,2
18,1614,4,0,4,0,10,10,4,4,3,3,4,3,8,8,9,2
18,1614,4,0,4,0,10,10,4,4,3,3,4,3,8,8,9,2
18,1614,4,0,4,0,10,10,4,4,3,3,4,3,8,9,5,2
18,1614,4,0,4,0,10,10,4,3,3,3,4,3,8,9,5,2
18,1614,4,0,4,0,10,10,4,3,3,3,4,3,8,8,5,1
18,1614,4,0,4,0,9,10,4,3,3,3,3,3,8,8,5,1
18,1614,4,0,4,0,9,10,4,3,3,3,3,3,8,8,0,1
18,1614,4,0,4,0,9,10,4,3,3,3,3,3,8,8,0,1
18,1614,4,0,4,0,9,10,4,3,3,3,3,3,8,8,0,1
18,1614,4,0,4,0,9,10,4,3,3,3,3,3,8,8,0,1
18,1614,4,0,4,0,9,9,4,3,3,3,3,3,8,7,0,0
18,1614,4,0,4,0,9,9,4,3,3,3,3,3,8,7,0,0
18,1614,4,0,4,0,9,9,4,3,3,3,3,3,7,7,0,0
19,1615,4,0,3,0,8,9,3,3,2,3,2,3,7,7,0,0
19,1615,4,0,3,0,8,9,3,3,2,3,2,3,7,7,0,0
19,1615,4,0,3,0,8,9,3,3,2,3,2,3,7,7,0,0
19,1615,4,0,3,0,8,9,3,3,2,3,2,3,7,7,0,0
19,1615,4,0,3,0,8,9,3,3,2,3,2,3,7,7,0,0
19,1615,4,0,3,0,8,9,3,3,2,3,2,3,7,7,0,0
19,1615,4,0,3,0,8,9,3,3,2,3,3,3,10,7,0,0
19,1615,4,0,3,0,8,9,3,3,2,3,3,3,10,7,0,0
19,1615,4,0,3,0,8,9,3,3,2,3,3,3,10,7,0,0
19,1615,4,0,3,0,8,9,3,3,2,2,3,3,10,7,0,0
19,1615,4,0,3,0,8,8,3,3,2,2,3,3,10,7,0,0
19,1615,4,0,3,0,8,8,3,3,2,2,3,3,10,7,0,0
19,1615,4,0,3,0,8,8,3,3,2,2,3,3,10,7,0,0
19,1615,4,0,3,0,8,8,3,3,2,2,3,3,10,7,0,0
19,1615,4,0,3,0,8,8,3,3,2,2,3,3,10,7,0,0
19,1615,4,0,3,0,8,8,3,3,2,2,2,3,8,7,0,0
19,1615,4,0,3,0,8,8,3,3,2,2,2,3,8,7,0,0
19,1615,4,0,3,0,8,8,3,2,2,2,2,3,8,7,0,0
19,1615,4,0,3,0,8,8,3,2,2,2,2,3,8,7,0,0
19,1615,4,0,3,0,8,8,3,2,2,2,2,3,8,7,0,0
19,1615,4,0,3,0,8,8,3,2,2,2,2,3,8,7,0,0
19,1615,4,0,3,0,8,8,3,2,2,2,2,2,8,7,0,0
19,1615,4,0,3,0,8,8,3,2,2,2,2,2,8,7,0,0
19,1615,4,0,3,0,8,8,3,2,2,2,2,2,7,7,0,0
20,1616,4,0,3,0,8,8,3,2,2,2,2,2,4,7,0,0
20,1616,4,0,3,0,8,8,3,2,2,2,2,2,4,7,0,0
20,1616,4,0,3,0,8,8,3,2,2,2,2,2,4,7,0,0
20,1616,4,0,3,0,8,8,3,2,2,2,2,2,4,7,0,0
20,1616,4,0,3,0,8,8,3,2,2,2,2,2,4,7,0,0
20,1616,4,0,3,0,8,8,3,2,2,2,2,2,4,7,0,0
20,1616,4,0,3,0,8,8,3,2,2,2,3,2,4,7,0,0
20,1616,4,0,3,0,8,8,3,2,2,2,3,2,5,6,0,0
20,1616,4,0,3,0,8,8,3,2,2,2,3,2,5,6,0,0
20,1616,4,0,3,0,8,8,3,2,2,2,3,2,5,6,0,0
20,1616,4,0,3,0,8,8,3,2,2,2,3,2,5,6,0,0
20,1616,4,0,3,0,8,8,3,2,2,2,3,2,5,6,0,0
20,1616,4,0,3,0,8,8,3,2,2,2,3,2,5,6,0,0
20,1616,4,0,3,0,8,8,3,2,2,2,3,2,5,6,0,0
20,1616,4,0,3,0,8,8,3,2,2,2,3,2,5,6,0,0
20,1616,4,0,3,0,8,8,3,2,2,2,2,2,4,6,0,0
20,1616,4,0,3,0,8,8,3,2,2,2,2,2,4,6,0,0
20,1616,4,0,3,0,8,8,3,2,2,2,2,2,4,6,0,0
20,1616,4,0,3,0,8,8,3,2,2,2,2,2,4,6,0,0
20,1616,4,0,3,0,8,8,3,2,2,2,2,2,4,6,0,0
20,1616,4,0,3,0,8,8,3,2,2,2,2,2,4,6,0,0
20,1616,4,0,3,0,8,8,3,2,2,2,2,2,4,6,0,0
20,1616,4,0,3,0,8,8,3,2,2,2,2,2,4,6,0,0
20,1616,4,0,3,0,8,8,3,2,2,2,2,2,4,6,0,0
21,1617,4,0,4,0,9,8,4,2,3,2,3,2,7,6,0,0
21,1617,4,0,4,0,9,8,4,2,3,2,3,2,7,6,0,0
21,1617,4,0,4,0,9,8,4,2,3,2,3,2,7,6,0,0
21,1617,4,0,4,0,9,8,4,2,3,2,3,2,7,6,0,0
21,1617,4,0,4,0,9,8,4,2,3,2,3,2,7,6,0,0
21,1617,4,0,4,0,9,8,4,2,3,2,3,2,7,6,0,0
21,1617,4,0,4,0,9,8,4,2,3,2,3,2,8,6,8,0
21,1617,4,0,4,0,10,10,4,4,3,3,4,2,8,8,8,1
21,1617,4,0,4,0,10,10,4,4,3,3,4,2,8,8,8,1
21,1617,4,0,4,0,10,10,4,4,3,3,4,2,8,8,9,1
21,1617,4,0,4,0,10,10,4,4,3,3,4,2,8,8,9,1
21,1617,4,0,4,0,10,9,4,4,3,3,4,2,8,8,9,1
21,1617,4,0,4,0,10,9,4,4,3,3,4,2,8,8,9,1
21,1617,4,0,4,0,10,9,4,4,3,3,4,2,8,8,5,1
21,1617,4,0,4,0,10,9,4,4,3,3,4,2,8,8,5,1
21,1617,4,0,4,0,10,9,4,4,3,2,4,2,8,8,5,1
21,1617,4,0,4,0,9,9,4,4,3,2,3,2,8,8,5,1
21,1617,4,0,4,0,9,9,4,4,3,2,3,2,8,8,0,0
21,1617,4,0,4,0,9,9,4,4,3,2,3,2,8,8,0,0
21,1617,4,0,4,0,9,9,4,4,3,2,3,2,8,8,0,0
21,1617,4,0,4,0,9,9,4,4,3,2,3,2,8,8,0,0
21,1617,4,0,4,0,9,9,4,4,3,2,3,2,8,8,0,0
21,1617,4,0,4,0,9,9,4,4,3,2,3,2,8,8,0,0
21,1617,4,0,4,0,9,9,4,4,3,2,3,2,7,8,0,0
22,1618,4,0,4,0,9,9,4,4,3,2,3,2,4,8,0,0
22,1618,4,0,4,0,9,9,4,4,3,2,3,2,4,8,0,0
22,1618,4,0,4,0,9,9,4,4,3,2,3,2,4,8,0,0
22,1618,4,0,4,0,9,9,4,4,3,2,3,2,4,8,0,0
22,1618,4,0,4,0,9,9,4,4,3,2,3,2,4,8,0,0
22,1618,4,0,4,0,9,9,4,4,3,2,3,2,4,8,0,0
22,1618,4,0,4,0,9,9,4,4,3,2,3,2,4,8,8,0
22,1618,4,0,4,0,10,9,4,4,3,3,4,3,5,7,8,5
22,1618,4,0,4,0,10,10,4,4,3,3,4,3,5,7,8,6
22,1618,4,0,4,0,10,10,4,4,3,3,4,3,5,6,9,7
22,1618,4,0,4,0,10,10,4,4,3,3,4,3,5,6,9,8
22,1618,4,0,4,0,10,10,4,3,3,3,4,3,5,6,9,8
22,1618,4,0,4,0,10,10,4,3,3,3,4,3,5,6,9,8
22,1618,4,0,4,0,10,10,4,3,3,3,4,3,5,6,5,8
22,1618,4,0,4,0,10,10,4,3,3,3,4,3,5,6,5,8
22,1618,4,0,4,0,10,10,4,3,3,3,4,3,4,6,5,6
22,1618,4,0,4,0,9,10,4,3,3,3,3,3,4,6,5,6
22,1618,4,0,4,0,9,10,4,3,3,3,3,3,4,6,0,6
22,1618,4,0,4,0,9,10,4,3,3,3,3,2,4,6,0,6
22,1618,4,0,4,0,9,10,4,3,3,3,3,2,4,6,0,6
22,1618,4,0,4,0,9,10,4,3,3,3,3,2,4,6,0,5
22,1618,4,0,4,0,9,10,4,3,3,3,3,2,4,6,0,5
22,1618,4,0,4,0,9,10,4,3,3,3,3,2,4,6,0,5
22,1618,4,0,4,0,9,10,4,3,3,3,3,2,4,6,0,5
23,1619,4,0,4,0,9,10,4,3,3,3,3,2,7,7,0,5
23,1619,4,0,4,0,9,10,4,3,3,3,3,2,7,7,0,5
23,1619,4,0,4,0,9,10,4,3,3,3,3,2,7,7,0,5
23,1619,4,0,4,0,9,10,4,3,3,3,3,2,7,7,0,5
23,1619,4,0,4,0,9,10,4,3,3,3,3,2,7,7,0,5
23,1619,4,0,4,0,9,10,4,3,3,3,3,2,7,7,0,5
23,1619,4,0,4,0,9,10,4,3,3,3,3,2,10,10,8,5
23,1619,4,0,4,0,10,10,4,2,3,2,4,3,10,9,8,3
23,1619,4,0,4,0,10,9,4,2,3,2,4,3,10,10,8,3
23,1619,4,0,4,0,10,10,4,3,3,2,4,3,10,10,9,2
23,1619,4,0,4,0,10,10,4,4,3,2,4,3,10,10,9,2
23,1619,4,0,4,0,10,10,4,4,3,2,4,3,10,8,9,0
23,1619,4,0,4,0,10,10,4,4,3,2,4,3,10,9,9,0
23,1619,4,0,4,0,10,10,4,4,3,2,4,3,10,8,5,0
23,1619,4,0,4,0,10,10,4,4,3,2,4,3,10,8,5,0
23,1619,4,0,4,0,10,10,4,4,3,2,4,3,8,8,5,0
23,1619,4,0,4,0,9,10,4,4,3,2,3,3,8,8,5,0
23,1619,4,0,4,0,9,10,4,4,3,2,3,3,8,8,0,0
23,1619,4,0,4,0,9,10,4,4,3,2,3,3,8,8,0,0
23,1619,4,0,4,0,9,10,4,4,3,1,3,3,8,8,0,0
23,1619,4,0,4,0,9,10,4,4,3,1,3,3,8,8,0,0
23,1619,4,0,4,0,9,9,4,4,3,1,3,3,8,7,0,0
23,1619,4,0,4,0,9,9,4,4,3,1,3,3,8,7,0,0
23,1619,4,0,4,0,9,9,4,4,3,1,3,3,7,7,0,0
24,1620,4,0,4,0,9,9,4,4,3,1,3,3,7,7,0,0
24,1620,4,0,4,0,9,9,4,4,3,1,3,3,7,7,0,0
24,1620,4,0,4,0,9,9,4,4,3,1,3,3,7,7,0,0
24,1620,4,0,4,0,9,9,4,4,3,1,3,3,7,7,0,0
24,1620,4,0,4,0,9,9,4,4,3,1,3,3,7,7,0,0
24,1620,4,0,4,0,9,9,4,4,3,1,3,3,7,7,0,0
24,1620,4,0,4,0,9,9,4,4,3,1,3,3,8,7,8,0
24,1620,4,0,4,0,10,10,4,4,3,2,4,4,8,7,8,0
24,1620,4,0,4,0,10,10,4,4,3,2,4,4,8,8,8,0
24,1620,4,0,4,0,10,10,4,4,3,2,4,4,8,8,9,0
24,1620,4,0,4,0,10,10,4,4,3,2,4,4,8,8,9,0
24,1620,4,0,4,0,10,10,4,4,3,2,4,4,8,8,9,0
24,1620,4,0,4,0,10,10,4,4,3,2,4,4,8,8,9,0
24,1620,4,0,4,0,10,9,4,4,3,2,4,4,8,8,5,0
24,1620,4,0,4,0,10,9,4,4,3,2,4,4,8,8,5,0
24,1620,4,0,4,0,10,9,4,4,3,2,4,4,8,8,5,0
24,1620,4,0,4,0,9,9,4,4,3,2,3,4,8,8,5,0
24,1620,4,0,4,0,9,9,4,4,3,2,3,4,8,8,0,0
24,1620,4,0,4,0,9,9,4,4,3,2,3,4,8,8,0,0
24,1620,4,0,4,0,9,9,4,4,3,1,3,4,8,8,0,0
24,1620,4,0,4,0,9,9,4,4,3,1,3,4,8,8,0,0
24,1620,4,0,4,0,9,9,4,4,3,1,3,4,8,8,0,0
24,1620,4,0,4,0,9,9,4,4,3,1,3,4,8,7,0,0
24,1620,4,0,4,0,9,9,4,4,3,1,3,4,7,7,0,0
25,1621,4,0,4,0,9,9,4,4,3,1,3,4,7,7,0,0
25,1621,4,0,4,0,9,9,4,4,3,1,3,4,7,7,0,0
25,1621,4,0,4,0,9,9,4,4,3,1,3,4,7,7,0,0
25,1621,4,0,4,0,9,9,4,4,3,1,3,4,7,7,0,0
25,1621,4,0,4,0,9,9,4,4,3,1,3,4,7,7,0,0
25,1621,4,0,4,0,9,9,4,4,3,1,3,4,7,7,0,0
25,1621,4,0,4,0,9,9,4,4,3,1,3,4,8,7,8,0
25,1621,4,0,4,0,10,9,4,4,3,2,4,4,8,8,8,1
25,1621,4,0,4,0,10,10,4,4,3,3,4,4,8,8,8,1
25,1621,4,0,4,0,10,10,4,4,3,3,4,3,8,8,9,2
25,1621,4,0,4,0,10,10,4,4,3,2,4,3,8,8,9,3
25,1621,4,0,4,0,10,10,4,4,3,3,4,3,8,8,9,4
25,1621,4,0,4,0,10,10,4,4,3,2,4,3,8,9,9,4
25,1621,4,0,4,0,10,10,4,4,3,2,4,3,8,8,5,3
25,1621,4,0,4,0,10,10,4,4,3,3,4,3,8,8,5,3
25,1621,4,0,4,0,10,10,4,4,3,2,4,3,8,8,5,1
25,1621,4,0,4,0,9,10,4,4,3,2,3,3,8,8,5,1
25,1621,4,0,4,0,9,10,4,4,3,2,3,3,8,8,0,1
25,1621,4,0,4,0,9,10,4,4,3,2,3,3,8,8,0,1
25,1621,4,0,4,0,9,10,4,4,3,2,3,3,8,8,0,0
25,1621,4,0,4,0,9,10,4,3,3,1,3,3,8,8,0,0
25,1621,4,0,4,0,9,10,4,3,3,1,3,2,8,8,0,0
25,1621,4,0,4,0,9,10,4,3,3,1,3,2,8,8,0,0
25,1621,4,0,4,0,9,10,4,3,3,1,3,2,7,8,0,0
26,1622,4,0,3,0,8,10,3,3,2,1,2,2,7,8,0,0
26,1622,4,0,3,0,8,10,3,3,2,1,2,2,7,8,0,0
26,1622,4,0,3,0,8,10,3,3,2,1,2,2,7,8,0,0
26,1622,4,0,3,0,8,10,3,3,2,1,2,2,7,8,0,0
26,1622,4,0,3,0,8,10,3,3,2,1,2,2,7,8,0,0
26,1622,4,0,3,0,8,10,3,3,2,1,2,2,7,8,0,0
26,1622,4,0,3,0,8,10,3,3,2,1,3,2,10,8,0,0
26,1622,4,0,3,0,8,9,3,2,2,1,3,2,10,7,0,0
26,1622,4,0,3,0,8,9,3,2,2,1,3,2,10,7,0,0
26,1622,4,0,3,0,8,9,3,2,2,1,3,2,10,7,0,0
26,1622,4,0,3,0,8,9,3,2,2,1,3,2,10,7,0,0
26,1622,4,0,3,0,8,9,3,2,2,1,3,2,10,7,0,0
26,1622,4,0,3,0,8,9,3,2,2,1,3,2,10,7,0,0
26,1622,4,0,3,0,8,9,3,2,2,1,3,2,10,7,0,0
26,1622,4,0,3,0,8,8,3,2,2,1,3,2,10,6,0,0
26,1622,4,0,3,0,8,8,3,2,2,1,2,2,8,6,0,0
26,1622,4,0,3,0,8,8,3,2,2,1,2,2,8,6,0,0
26,1622,4,0,3,0,8,8,3,2,2,1,2,2,8,6,0,0
26,1622,4,0,3,0,8,8,3,2,2,1,2,2,8,6,0,0
26,1622,4,0,3,0,8,8,3,2,2,1,2,2,8,6,0,0
26,1622,4,0,3,0,8,8,3,2,2,1,2,2,8,6,0,0
26,1622,4,0,3,0,8,8,3,2,2,1,2,2,8,6,0,0
26,1622,4,0,3,0,8,7,3,2,2,1,2,2,8,6,0,0
26,1622,4,0,3,0,8,7,3,2,2,1,2,2,7,6,0,0
27,1623,4,0,3,0,8,7,3,2,2,1,2,2,4,6,0,0
27,1623,4,0,3,0,8,7,3,2,2,1,2,2,4,6,0,0
27,1623,4,0,3,0,8,7,3,2,2,1,2,2,4,6,0,0
27,1623,4,0,3,0,8,7,3,2,2,1,2,2,4,6,0,0
27,1623,4,0,3,0,8,7,3,2,2,1,2,2,4,6,0,0
27,1623,4,0,3,0,8,7,3,2,2,1,2,2,4,6,0,0
27,1623,4,0,3,0,8,7,3,2,2,1,3,2,4,6,0,0
27,1623,4,0,3,0,8,7,3,2,2,1,3,2,5,6,0,0
27,1623,4,0,3,0,8,7,3,2,2,1,3,2,5,6,0,0
27,1623,4,0,3,0,8,7,3,2,2,1,3,2,5,6,0,0
27,1623,4,0,3,0,8,7,3,2,2,1,3,2,5,6,0,0
27,1623,4,0,3,0,8,7,3,2,2,1,3,2,5,6,0,0
27,1623,4,0,3,0,8,7,3,2,2,1,3,2,5,6,0,0
27,1623,4,0,3,0,8,7,3,2,2,1,3,2,5,6,0,0
27,1623,4,0,3,0,8,7,3,2,2,1,3,2,5,6,0,0
27,1623,4,0,3,0,8,7,3,2,2,1,2,2,4,6,0,0
27,1623,4,0,3,0,8,7,3,2,2,1,2,2,4,6,0,0
27,1623,4,0,3,0,8,7,3,1,2,1,2,2,4,6,0,0
27,1623,4,0,3,0,8,7,3,1,2,1,2,2,4,6,0,0
27,1623,4,0,3,0,8,7,3,1,2,1,2,2,4,6,0,0
27,1623,4,0,3,0,8,7,3,1,2,1,2,2,4,6,0,0
27,1623,4,0,3,0,8,7,3,1,2,1,2,2,4,6,0,0
27,1623,4,0,3,0,8,7,3,1,2,1,2,2,4,6,0,0
27,1623,4,0,3,0,8,7,3,1,2,1,2,2,4,6,0,0
0,1624,4,0,4,0,9,7,4,1,3,1,3,2,7,6,0,0
0,1624,4,0,4,0,9,7,4,1,3,1,3,2,7,6,0,0
0,1624,4,0,4,0,9,7,4,1,3,1,3,2,7,6,0,0
0,1624,4,0,4,0,9,7,4,1,3,1,3,2,7,6,0,0
0,1624,4,0,4,0,9,7,4,1,3,1,3,2,7,6,0,0
0,1624,4,0,4,0,9,7,4,1,3,1,3,2,7,6,0,0
0,1624,4,0,4,0,9,7,4,1,3,1,3,2,8,6,8,0
0,1624,4,0,4,0,10,8,4,3,3,1,4,3,8,6,8,2
0,1624,4,0,4,0,10,9,4,4,3,1,4,3,8,6,8,2
0,1624,4,0,4,0,10,9,4,4,3,1,4,3,8,8,9,2
0,1624,4,0,4,0,10,10,4,4,3,1,4,3,8,8,9,2
0,1624,4,0,4,0,10,10,4,3,3,2,4,3,8,8,9,2
0,1624,4,0,4,0,10,10,4,3,3,2,4,3,8,8,9,2
0,1624,4,0,4,0,10,10,4,3,3,2,4,3,8,6,5,2
0,1624,4,0,4,0,10,9,4,3,3,1,4,2,8,7,5,2
0,1624,4,0,4,0,10,8,4,3,3,1,4,2,8,6,5,2
0,1624,4,0,4,0,9,8,4,3,3,1,3,2,8,6,5,2
0,1624,4,0,4,0,9,8,4,3,3,1,3,2,8,6,0,2
0,1624,4,0,4,0,9,8,4,3,3,1,3,2,8,6,0,2
0,1624,4,0,4,0,9,8,4,3,3,1,3,2,8,6,0,1
0,1624,4,0,4,0,9,8,4,3,3,1,3,2,8,6,0,1
0,1624,4,0,4,0,9,8,4,3,3,1,3,2,8,6,0,1
0,1624,4,0,4,0,9,8,4,3,3,1,3,2,8,6,0,1
0,1624,4,0,4,0,9,8,4,3,3,1,3,2,7,6,0,1
1,1625,4,0,4,0,9,8,4,3,3,1,3,2,4,6,0,1
1,1625,4,0,4,0,9,8,4,3,3,1,3,2,4,6,0,1
1,1625,4,0,4,0,9,8,4,3,3,1,3,2,4,6,0,1
1,1625,4,0,4,0,9,8,4,3,3,1,3,2,4,6,0,1
1,1625,4,0,4,0,9,8,4,3,3,1,3,2,4,6,0,1
1,1625,4,0,4,0,9,8,4,3,3,1,3,2,4,6,0,1
1,1625,4,0,4,0,9,8,4,3,3,1,3,2,4,6,8,1
1,1625,4,0,4,0,10,8,4,1,3,3,4,3,5,5,8,1
1,1625,4,0,4,0,10,10,4,3,3,3,4,3,5,5,8,1
1,1625,4,0,4,0,10,10,4,4,3,3,4,3,5,5,9,2
1,1625,4,0,4,0,10,10,4,4,3,3,4,3,5,5,9,2
1,1625,4,0,4,0,10,10,4,4,3,3,4,3,5,5,9,2
1,1625,4,0,4,0,10,9,4,4,3,3,4,3,5,6,9,2
1,1625,4,0,4,0,10,9,4,3,3,3,4,3,5,5,5,1
1,1625,4,0,4,0,10,8,4,4,3,3,4,3,5,5,5,1
1,1625,4,0,4,0,10,8,4,4,3,3,4,2,4,5,5,1
1,1625,4,0,4,0,9,8,4,3,3,3,3,2,4,5,5,1
1,1625,4,0,4,0,9,8,4,3,3,3,3,2,4,5,0,1
1,1625,4,0,4,0,9,8,4,3,3,3,3,2,4,5,0,1
1,1625,4,0,4,0,9,8,4,3,3,3,3,2,4,5,0,1
1,1625,4,0,4,0,9,8,4,3,3,3,3,2,4,5,0,0
1,1625,4,0,4,0,9,8,4,3,3,3,3,2,4,5,0,0
1,1625,4,0,4,0,9,7,4,3,3,3,3,2,4,5,0,0
1,1625,4,0,4,0,9,7,4,3,3,3,3,2,4,5,0,0
2,1626,4,0,4,0,9,7,4,3,3,3,3,2,7,5,0,0
2,1626,4,0,4,0,9,7,4,3,3,3,3,2,7,5,0,0
2,1626,4,0,4,0,9,7,4,3,3,3,3,2,7,5,0,0
2,1626,4,0,4,0,9,7,4,3,3,3,3,2,7,5,0,0
2,1626,4,0,4,0,9,7,4,3,3,3,3,2,7,5,0,0
2,1626,4,0,4,0,9,7,4,3,3,3,3,2,7,5,0,0
2,1626,4,0,4,0,9,7,4,3,3,3,3,2,10,5,8,0
2,1626,4,0,4,0,10,9,4,3,3,2,4,3,10,9,8,1
2,1626,4,0,4,0,10,10,4,3,3,2,4,3,10,10,8,1
2,1626,4,0,4,0,10,10,4,3,3,2,4,2,10,10,9,1
2,1626,4,0,4,0,10,10,4,4,3,2,4,2,10,11,9,1
2,1626,4,0,4,0,10,10,4,4,3,2,4,2,10,11,9,1
2,1626,4,0,4,0,10,9,4,4,3,2,4,2,10,11,9,1
2,1626,4,0,4,0,10,9,4,4,3,2,4,2,10,10,5,0
2,1626,4,0,4,0,10,9,4,4,3,2,4,2,10,10,5,0
2,1626,4,0,4,0,10,9,4,4,3,2,4,2,8,10,5,0
2,1626,4,0,4,0,9,9,4,4,3,2,3,2,8,9,5,0
2,1626,4,0,4,0,9,9,4,3,3,2,3,2,8,9,0,0
2,1626,4,0,4,0,9,9,4,3,3,2,3,2,8,9,0,0
2,1626,4,0,4,0,9,9,4,3,3,2,3,2,8,9,0,0
2,1626,4,0,4,0,9,9,4,3,3,2,3,2,8,9,0,0
2,1626,4,0,4,0,9,9,4,3,3,2,3,2,8,9,0,0
2,1626,4,0,4,0,9,9,4,3,3,2,3,1,8,8,0,0
2,1626,4,0,4,0,9,9,4,3,3,2,3,1,7,8,0,0
3,1627,4,0,4,0,9,9,4,3,3,2,3,1,7,8,0,0
3,1627,4,0,4,0,9,9,4,3,3,2,3,1,7,8,0,0
3,1627,4,0,4,0,9,9,4,3,3,2,3,1,7,8,0,0
3,1627,4,0,4,0,9,9,4,3,3,2,3,1,7,8,0,0
3,1627,4,0,4,0,9,9,4,3,3,2,3,1,7,8,0,0
3,1627,4,0,4,0,9,9,4,3,3,2,3,1,7,8,0,0
3,1627,4,0,4,0,9,9,4,3,3,2,3,1,8,8,8,0
3,1627,4,0,4,0,10,10,4,3,3,2,4,2,8,8,8,0
3,1627,4,0,4,0,10,10,4,3,3,2,4,2,8,8,8,0
3,1627,4,0,4,0,10,10,4,3,3,2,4,2,8,8,9,0
3,1627,4,0,4,0,10,10,4,3,3,2,4,2,8,8,9,0
3,1627,4,0,4,0,10,10,4,3,3,2,4,2,8,8,9,0
3,1627,4,0,4,0,10,10,4,3,3,2,4,2,8,8,9,0
3,1627,4,0,4,0,10,10,4,3,3,2,4,2,8,8,5,0
3,1627,4,0,4,0,10,10,4,3,3,2,4,2,8,8,5,0
3,1627,4,0,4,0,10,9,4,2,3,2,4,2,8,8,5,0
3,1627,4,0,4,0,9,9,4,2,3,2,3,2,8,8,5,0
3,1627,4,0,4,0,9,8,4,2,3,2,3,2,8,8,0,0
3,1627,4,0,4,0,9,8,4,2,3,2,3,2,8,8,0,0
3,1627,4,0,4,0,9,8,4,2,3,1,3,2,8,7,0,0
3,1627,4,0,4,0,9,8,4,2,3,1,3,2,8,7,0,0
3,1627,4,0,4,0,9,8,4,2,3,1,3,2,8,7,0,0
3,1627,4,0,4,0,9,8,4,2,3,1,3,2,8,7,0,0
3,1627,4,0,4,0,9,8,4,2,3,1,3,2,7,7,0,0
4,1628,4,0,4,0,9,8,4,2,3,1,3,2,7,7,0,0
4,1628,4,0,4,0,9,8,4,2,3,1,3,2,7,7,0,0
4,1628,4,0,4,0,9,8,4,2,3,1,3,2,7,7,0,0
4,1628,4,0,4,0,9,8,4,2,3,1,3,2,7,7,0,0
4,1628,4,0,4,0,9,8,4,2,3,1,3,2,7,7,0,0
4,1628,4,0,4,0,9,8,4,2,3,1,3,2,7,7,0,0
4,1628,4,0,4,0,9,8,4,2,3,1,3,2,8,7,8,0
4,1628,4,0,4,0,10,9,4,2,3,2,4,3,8,8,8,1
4,1628,4,0,4,0,10,10,4,3,3,3,4,3,8,8,8,1
4,1628,4,0,4,0,10,10,4,4,3,3,4,3,8,8,9,1
4,1628,4,0,4,0,10,10,4,4,3,3,4,3,8,8,9,1
4,1628,4,0,4,0,10,10,4,4,3,3,4,3,8,8,9,1
4,1628,4,0,4,0,10,10,4,4,3,3,4,3,8,8,9,1
4,1628,4,0,4,0,10,10,4,4,3,3,4,3,8,8,5,1
4,1628,4,0,4,0,10,10,4,3,3,3,4,3,8,8,5,1
4,1628,4,0,4,0,10,10,4,3,3,3,4,3,8,8,5,1
4,1628,4,0,4,0,9,10,4,2,3,3,3,3,8,8,5,1
4,1628,4,0,4,0,9,10,4,2,3,3,3,3,8,8,0,1
4,1628,4,0,4,0,9,10,4,2,3,3,3,3,8,8,0,1
4,1628,4,0,4,0,9,10,4,2,3,3,3,3,8,8,0,1
4,1628,4,0,4,0,9,10,4,2,3,3,3,3,8,7,0,1
4,1628,4,0,4,0,9,10,4,2,3,3,3,3,8,7,0,1
4,1628,4,0,4,0,9,10,4,2,3,3,3,3,8,7,0,0
4,1628,4,0,4,0,9,10,4,2,3,3,3,3,7,7,0,0
5,1629,4,0,3,0,8,10,3,2,2,3,2,3,7,7,0,0
5,1629,4,0,3,0,8,10,3,2,2,3,2,3,7,7,0,0
5,1629,4,0,3,0,8,10,3,2,2,3,2,3,7,7,0,0
5,1629,4,0,3,0,8,10,3,2,2,3,2,3,7,7,0,0
5,1629,4,0,3,0,8,10,3,2,2,3,2,3,7,7,0,0
5,1629,4,0,3,0,8,10,3,2,2,3,2,3,7,7,0,0
5,1629,4,0,3,0,8,10,3,2,2,3,3,3,10,7,0,0
5,1629,4,0,3,0,8,9,3,2,2,1,3,3,10,7,0,0
5,1629,4,0,3,0,8,9,3,2,2,1,3,3,10,7,0,0
5,1629,4,0,3,0,8,9,3,2,2,1,3,3,10,7,0,0
5,1629,4,0,3,0,8,9,3,2,2,1,3,3,10,7,0,0
5,1629,4,0,3,0,8,9,3,2,2,0,3,3,10,7,0,0
5,1629,4,0,3,0,8,9,3,2,2,0,3,3,10,7,0,0
5,1629,4,0,3,0,8,9,3,2,2,0,3,2,10,7,0,0
5,1629,4,0,3,0,8,9,3,2,2,0,3,2,10,6,0,0
5,1629,4,0,3,0,8,9,3,2,2,0,2,2,8,6,0,0
5,1629,4,0,3,0,8,9,3,2,2,0,2,2,8,6,0,0
5,1629,4,0,3,0,8,9,3,2,2,0,2,2,8,6,0,0
5,1629,4,0,3,0,8,9,3,2,2,0,2,1,8,6,0,0
5,1629,4,0,3,0,8,9,3,2,2,0,2,1,8,5,0,0
5,1629,4,0,3,0,8,9,3,2,2,0,2,1,8,5,0,0
5,1629,4,0,3,0,8,9,3,2,2,0,2,1,8,5,0,0
5,1629,4,0,3,0,8,9,3,2,2,0,2,1,8,5,0,0
5,1629,4,0,3,0,8,9,3,2,2,0,2,1,7,5,0,0
6,1630,4,0,3,0,8,9,3,2,2,0,2,1,4,5,0,0
6,1630,4,0,3,0,8,9,3,2,2,0,2,1,4,5,0,0
6,1630,4,0,3,0,8,9,3,2,2,0,2,1,4,5,0,0
6,1630,4,0,3,0,8,9,3,2,2,0,2,1,4,5,0,0
6,1630,4,0,3,0,8,9,3,2,2,0,2,1,4,5,0,0
6,1630,4,0,3,0,8,9,3,2,2,0,2,1,4,5,0,0
6,1630,4,0,3,0,8,9,3,2,2,0,3,1,4,5,0,0
6,1630,4,0,3,0,8,8,3,2,2,0,3,0,5,5,0,0
6,1630,4,0,3,0,8,8,3,2,2,0,3,0,5,5,0,0
6,1630,4,0,3,0,8,8,3,2,2,0,3,0,5,5,0,0
6,1630,4,0,3,0,8,8,3,2,2,0,3,0,5,5,0,0
6,1630,4,0,3,0,8,8,3,2,2,0,3,0,5,5,0,0
6,1630,4,0,3,0,8,8,3,2,2,0,3,0,5,5,0,0
6,1630,4,0,3,0,8,8,3,2,2,0,3,0,5,5,0,0
6,1630,4,0,3,0,8,8,3,2,2,0,3,0,5,5,0,0
6,1630,4,0,3,0,8,8,3,2,2,0,2,0,4,5,0,0
6,1630,4,0,3,0,8,8,3,2,2,0,2,0,4,5,0,0
6,1630,4,0,3,0,8,8,3,2,2,0,2,0,4,5,0,0
6,1630,4,0,3,0,8,8,3,2,2,0,2,0,4,5,0,0
6,1630,4,0,3,0,8,8,3,2,2,0,2,0,4,5,0,0
6,1630,4,0,3,0,8,8,3,2,2,0,2,0,4,5,0,0
6,1630,4,0,3,0,8,8,3,2,2,0,2,0,4,5,0,0
6,1630,4,0,3,0,8,8,3,2,2,0,2,0,4,5,0,0
6,1630,4,0,3,0,8,8,3,2,2,0,2,0,4,5,0,0
7,1631,4,0,4,0,9,8,4,2,3,0,3,0,7,5,0,0
7,1631,4,0,4,0,9,8,4,2,3,0,3,0,7,5,0,0
7,1631,4,0,4,0,9,8,4,2,3,0,3,0,7,5,0,0
7,1631,4,0,4,0,9,8,4,2,3,0,3,0,7,5,0,0
7,1631,4,0,4,0,9,8,4,2,3,0,3,0,7,5,0,0
7,1631,4,0,4,0,9,8,4,2,3,0,3,0,7,5,0,0
7,1631,4,0,4,0,9,8,4,2,3,0,3,0,8,5,8,0
7,1631,4,0,4,0,10,9,4,4,3,1,4,1,8,8,8,1
7,1631,4,0,4,0,10,9,4,4,3,2,4,1,8,8,8,1
7,1631,4,0,4,0,10,10,4,4,3,3,4,1,8,8,9,1
7,1631,4,0,4,0,10,10,4,4,3,3,4,1,8,8,9,1
7,1631,4,0,4,0,10,10,4,4,3,3,4,1,8,8,9,1
7,1631,4,0,4,0,10,10,4,4,3,3,4,1,8,8,9,1
7,1631,4,0,4,0,10,9,4,4,3,3,4,1,8,8,5,1
7,1631,4,0,4,0,10,9,4,4,3,3,4,1,8,7,5,0
7,1631,4,0,4,0,10,9,4,4,3,3,4,1,8,7,5,0
7,1631,4,0,4,0,9,9,4,4,3,2,3,1,8,7,5,0
7,1631,4,0,4,0,9,9,4,4,3,2,3,1,8,7,0,0
7,1631,4,0,4,0,9,9,4,4,3,2,3,1,8,7,0,0
7,1631,4,0,4,0,9,9,4,4,3,2,3,1,8,7,0,0
7,1631,4,0,4,0,9,9,4,4,3,2,3,1,8,7,0,0
7,1631,4,0,4,0,9,9,4,4,3,2,3,1,8,7,0,0
7,1631,4,0,4,0,9,9,4,4,3,1,3,1,8,7,0,0
7,1631,4,0,4,0,9,9,4,4,3,1,3,1,7,7,0,0
8,1632,4,0,4,0,9,9,4,4,3,1,3,1,4,7,0,0
8,1632,4,0,4,0,9,9,4,4,3,1,3,1,4,7,0,0
8,1632,4,0,4,0,9,9,4,4,3,1,3,1,4,7,0,0
8,1632,4,0,4,0,9,9,4,4,3,1,3,1,4,7,0,0
8,1632,4,0,4,0,9,9,4,4,3,1,3,1,4,7,0,0
8,1632,4,0,4,0,9,9,4,4,3,1,3,1,4,7,0,0
8,1632,4,0,4,0,9,9,4,4,3,1,3,1,4,7,8,0
8,1632,4,0,4,0,10,8,4,3,3,2,4,2,5,6,8,2
8,1632,4,0,4,0,10,8,4,4,3,3,4,2,5,6,8,3
8,1632,4,0,4,0,10,10,4,4,3,3,4,2,5,6,9,3
8,1632,4,0,4,0,10,10,4,4,3,3,4,2,5,6,9,3
8,1632,4,0,4,0,10,10,4,4,3,3,4,2,5,6,9,3
8,1632,4,0,4,0,10,10,4,4,3,3,4,1,5,6,9,3
8,1632,4,0,4,0,10,10,4,4,3,2,4,1,5,6,5,3
8,1632,4,0,4,0,10,9,4,4,3,2,4,1,5,6,5,3
8,1632,4,0,4,0,10,9,4,3,3,2,4,1,4,6,5,3
8,1632,4,0,4,0,9,9,4,3,3,2,3,1,4,6,5,3
8,1632,4,0,4,0,9,8,4,3,3,1,3,1,4,6,0,3
8,1632,4,0,4,0,9,8,4,3,3,1,3,1,4,6,0,3
8,1632,4,0,4,0,9,8,4,2,3,1,3,1,4,6,0,2
8,1632,4,0,4,0,9,8,4,2,3,1,3,1,4,6,0,2
8,1632,4,0,4,0,9,8,4,2,3,1,3,1,4,6,0,2
8,1632,4,0,4,0,9,8,4,2,3,1,3,1,4,6,0,2
8,1632,4,0,4,0,9,8,4,2,3,1,3,1,4,6,0,2
9,1633,4,0,4,0,9,8,4,2,3,1,3,1,7,7,0,2
9,1633,4,0,4,0,9,8,4,2,3,1,3,1,7,7,0,2
9,1633,4,0,4,0,9,8,4,2,3,1,3,1,7,7,0,2
9,1633,4,0,4,0,9,8,4,2,3,1,3,1,7,7,0,2
9,1633,4,0,4,0,9,8,4,2,3,1,3,1,7,7,0,2
9,1633,4,0,4,0,9,8,4,2,3,1,3,1,7,7,0,2
9,1633,4,0,4,0,9,8,4,2,3,1,3,1,10,8,8,2
9,1633,4,0,4,0,10,10,4,3,3,1,4,2,10,9,8,2
9,1633,4,0,4,0,10,10,4,3,3,1,4,2,10,10,8,3
9,1633,4,0,4,0,10,10,4,4,3,1,4,2,10,9,9,2
9,1633,4,0,4,0,10,10,4,4,3,2,4,2,10,10,9,3
9,1633,4,0,4,0,10,10,4,4,3,2,4,2,10,11,9,3
9,1633,4,0,4,0,10,10,4,4,3,2,4,2,10,11,9,3
9,1633,4,0,4,0,10,10,4,4,3,2,4,2,10,10,5,2
9,1633,4,0,4,0,10,10,4,4,3,2,4,2,10,10,5,1
9,1633,4,0,4,0,10,10,4,4,3,2,4,2,8,9,5,1
9,1633,4,0,4,0,9,10,4,4,3,2,3,2,8,9,5,1
9,1633,4,0,4,0,9,10,4,3,3,2,3,2,8,9,0,1
9,1633,4,0,4,0,9,10,4,3,3,2,3,2,8,9,0,1
9,1633,4,0,4,0,9,9,4,3,3,2,3,2,8,8,0,1
9,1633,4,0,4,0,9,9,4,3,3,2,3,2,8,8,0,0
9,1633,4,0,4,0,9,9,4,3,3,2,3,2,8,8,0,0
9,1633,4,0,4,0,9,9,4,3,3,2,3,2,8,8,0,0
9,1633,4,0,4,0,9,9,4,3,3,2,3,2,7,8,0,0
10,1634,4,0,4,0,9,9,4,3,3,2,3,2,7,8,0,0
10,1634,4,0,4,0,9,9,4,3,3,2,3,2,7,8,0,0
10,1634,4,0,4,0,9,9,4,3,3,2,3,2,7,8,0,0
10,1634,4,0,4,0,9,9,4,3,3,2,3,2,7,8,0,0
10,1634,4,0,4,0,9,9,4,3,3,2,3,2,7,8,0,0
10,1634,4,0,4,0,9,9,4,3,3,2,3,2,7,8,0,0
10,1634,4,0,4,0,9,9,4,3,3,2,3,2,8,8,8,0
10,1634,4,0,4,0,10,9,4,4,3,2,4,3,8,8,8,0
10,1634,4,0,4,0,10,10,4,4,3,2,4,3,8,8,8,0
10,1634,4,0,4,0,10,10,4,3,3,2,4,3,8,8,9,0
10,1634,4,0,4,0,10,10,4,3,3,2,4,3,8,8,9,0
10,1634,4,0,4,0,10,10,4,3,3,2,4,3,8,8,9,0
10,1634,4,0,4,0,10,10,4,2,3,2,4,3,8,8,9,0
10,1634,4,0,4,0,10,10,4,2,3,2,4,3,8,8,5,0
10,1634,4,0,4,0,10,10,4,2,3,2,4,3,8,8,5,0
10,1634,4,0,4,0,10,10,4,2,3,2,4,3,8,8,5,0
10,1634,4,0,4,0,9,10,4,2,3,1,3,3,8,8,5,0
10,1634,4,0,4,0,9,10,4,2,3,1,3,2,8,8,0,0
10,1634,4,0,4,0,9,10,4,2,3,1,3,2,8,8,0,0
10,1634,4,0,4,0,9,10,4,2,3,1,3,1,8,8,0,0
10,1634,4,0,4,0,9,10,4,2,3,1,3,1,8,8,0,0
10,1634,4,0,4,0,9,10,4,2,3,1,3,1,8,8,0,0
10,1634,4,0,4,0,9,10,4,2,3,1,3,1,8,8,0,0
10,1634,4,0,4,0,9,10,4,2,3,1,3,1,7,8,0,0
11,1635,4,0,4,0,9,10,4,2,3,1,3,1,7,8,0,0
11,1635,4,0,4,0,9,10,4,2,3,1,3,1,7,8,0,0
11,1635,4,0,4,0,9,10,4,2,3,1,3,1,7,8,0,0
11,1635,4,0,4,0,9,10,4,2,3,1,3,1,7,8,0,0
11,1635,4,0,4,0,9,10,4,2,3,1,3,1,7,8,0,0
11,1635,4,0,4,0,9,10,4,2,3,1,3,1,7,8,0,0
11,1635,4,0,4,0,9,10,4,2,3,1,3,1,8,8,8,0
11,1635,4,0,4,0,10,9,4,1,3,2,4,2,8,8,8,0
11,1635,4,0,4,0,10,10,4,1,3,3,4,2,8,8,8,1
11,1635,4,0,4,0,10,10,4,3,3,3,4,2,8,8,9,1
11,1635,4,0,4,0,10,10,4,4,3,2,4,2,8,8,9,1
11,1635,4,0,4,0,10,10,4,4,3,3,4,2,8,9,9,1
11,1635,4,0,4,0,10,10,4,4,3,3,4,2,8,8,9,0
11,1635,4,0,4,0,10,10,4,4,3,3,4,2,8,7,5,0
11,1635,4,0,4,0,10,10,4,4,3,2,4,2,8,8,5,0
11,1635,4,0,4,0,10,10,4,4,3,2,4,2,8,8,5,0
11,1635,4,0,4,0,9,10,4,4,3,1,3,2,8,8,5,0
11,1635,4,0,4,0,9,10,4,4,3,1,3,2,8,8,0,0
11,1635,4,0,4,0,9,10,4,3,3,1,3,2,8,8,0,0
11,1635,4,0,4,0,9,10,4,3,3,1,3,2,8,8,0,0
11,1635,4,0,4,0,9,10,4,3,3,1,3,2,8,8,0,0
11,1635,4,0,4,0,9,10,4,3,3,1,3,2,8,8,0,0
11,1635,4,0,4,0,9,10,4,3,3,1,3,2,8,8,0,0
11,1635,4,0,4,0,9,10,4,3,3,1,3,2,7,8,0,0
12,1636,4,0,3,0,8,10,3,3,2,1,2,2,7,8,0,0
12,1636,4,0,3,0,8,10,3,3,2,1,2,2,7,8,0,0
12,1636,4,0,3,0,8,10,3,3,2,1,2,2,7,8,0,0
12,1636,4,0,3,0,8,10,3,3,2,1,2,2,7,8,0,0
12,1636,4,0,3,0,8,10,3,3,2,1,2,2,7,8,0,0
12,1636,4,0,3,0,8,10,3,3,2,1,2,2,7,8,0,0
12,1636,4,0,3,0,8,10,3,3,2,1,3,2,10,8,0,0
12,1636,4,0,3,0,8,10,3,3,2,0,3,2,10,8,0,0
12,1636,4,0,3,0,8,10,3,3,2,0,3,2,10,8,0,0
12,1636,4,0,3,0,8,10,3,3,2,0,3,2,10,8,0,0
12,1636,4,0,3,0,8,10,3,2,2,0,3,2,10,8,0,0
12,1636,4,0,3,0,8,10,3,2,2,0,3,2,10,8,0,0
12,1636,4,0,3,0,8,10,3,2,2,0,3,2,10,8,0,0
12,1636,4,0,3,0,8,10,3,2,2,0,3,2,10,8,0,0
12,1636,4,0,3,0,8,10,3,1,2,0,3,2,10,8,0,0
12,1636,4,0,3,0,8,10,3,1,2,0,2,2,8,8,0,0
12,1636,4,0,3,0,8,10,3,1,2,0,2,2,8,8,0,0
12,1636,4,0,3,0,8,10,3,1,2,0,2,2,8,8,0,0
12,1636,4,0,3,0,8,10,3,1,2,0,2,2,8,8,0,0
12,1636,4,0,3,0,8,10,3,1,2,0,2,2,8,8,0,0
12,1636,4,0,3,0,8,10,3,1,2,0,2,2,8,7,0,0
12,1636,4,0,3,0,8,10,3,1,2,0,2,2,8,7,0,0
12,1636,4,0,3,0,8,10,3,1,2,0,2,2,8,7,0,0
12,1636,4,0,3,0,8,10,3,1,2,0,2,2,7,7,0,0
13,1637,4,0,3,0,8,10,3,1,2,0,2,2,4,7,0,0
13,1637,4,0,3,0,8,10,3,1,2,0,2,2,4,7,0,0
13,1637,4,0,3,0,8,10,3,1,2,0,2,2,4,7,0,0
13,1637,4,0,3,0,8,10,3,1,2,0,2,2,4,7,0,0
13,1637,4,0,3,0,8,10,3,1,2,0,2,2,4,7,0,0
13,1637,4,0,3,0,8,10,3,1,2,0,2,2,4,7,0,0
13,1637,4,0,3,0,8,10,3,1,2,0,3,2,4,7,0,0
13,1637,4,0,3,0,8,10,3,1,2,0,3,2,5,7,0,0
13,1637,4,0,3,0,8,10,3,1,2,0,3,2,5,7,0,0
13,1637,4,0,3,0,8,10,3,1,2,0,3,2,5,7,0,0
13,1637,4,0,3,0,8,10,3,1,2,0,3,2,5,7,0,0
13,1637,4,0,3,0,8,10,3,1,2,0,3,2,5,7,0,0
13,1637,4,0,3,0,8,10,3,1,2,0,3,2,5,7,0,0
13,1637,4,0,3,0,8,10,3,1,2,0,3,2,5,7,0,0
13,1637,4,0,3,0,8,10,3,1,2,0,3,2,5,7,0,0
13,1637,4,0,3,0,8,10,3,1,2,0,2,2,4,7,0,0
13,1637,4,0,3,0,8,10,3,1,2,0,2,1,4,7,0,0
13,1637,4,0,3,0,8,10,3,1,2,0,2,1,4,7,0,0
13,1637,4,0,3,0,8,10,3,1,2,0,2,1,4,7,0,0
13,1637,4,0,3,0,8,10,3,1,2,0,2,1,4,7,0,0
13,1637,4,0,3,0,8,10,3,1,2,0,2,1,4,7,0,0
13,1637,4,0,3,0,8,10,3,1,2,0,2,1,4,7,0,0
13,1637,4,0,3,0,8,10,3,1,2,0,2,1,4,7,0,0
13,1637,4,0,3,0,8,10,3,1,2,0,2,1,4,7,0,0
14,1638,4,0,4,0,9,10,4,1,3,0,3,1,7,7,0,0
14,1638,4,0,4,0,9,10,4,1,3,0,3,1,7,7,0,0
14,1638,4,0,4,0,9,10,4,1,3,0,3,1,7,7,0,0
14,1638,4,0,4,0,9,10,4,1,3,0,3,1,7,7,0,0
14,1638,4,0,4,0,9,10,4,1,3,0,3,1,7,7,0,0
14,1638,4,0,4,0,9,10,4,1,3,0,3,1,7,7,0,0
14,1638,4,0,4,0,9,10,4,1,3,0,3,1,8,7,8,0
14,1638,4,0,4,0,10,10,4,3,3,0,4,2,8,8,8,2
14,1638,4,0,4,0,10,10,4,3,3,0,4,2,8,8,8,2
14,1638,4,0,4,0,10,10,4,4,3,0,4,2,8,8,9,2
14,1638,4,0,4,0,10,10,4,4,3,0,4,2,8,8,9,2
14,1638,4,0,4,0,10,10,4,4,3,0,4,2,8,8,9,2
14,1638,4,0,4,0,10,10,4,4,3,0,4,2,8,8,9,2
14,1638,4,0,4,0,10,10,4,3,3,0,4,2,8,8,5,2
14,1638,4,0,4,0,10,10,4,3,3,0,4,2,8,8,5,1
14,1638,4,0,4,0,10,10,4,3,3,0,4,2,8,8,5,1
14,1638,4,0,4,0,9,10,4,2,3,0,3,2,8,8,5,1
14,1638,4,0,4,0,9,10,4,2,3,0,3,2,8,8,0,1
14,1638,4,0,4,0,9,10,4,2,3,0,3,2,8,8,0,1
14,1638,4,0,4,0,9,10,4,2,3,0,3,2,8,8,0,0
14,1638,4,0,4,0,9,10,4,2,3,0,3,2,8,8,0,0
14,1638,4,0,4,0,9,10,4,2,3,0,3,2,8,8,0,0
14,1638,4,0,4,0,9,10,4,2,3,0,3,2,8,8,0,0
14,1638,4,0,4,0,9,10,4,2,3,0,3,2,7,8,0,0
15,1639,4,0,4,0,9,10,4,2,3,0,3,2,4,8,0,0
15,1639,4,0,4,0,9,10,4,2,3,0,3,2,4,8,0,0
15,1639,4,0,4,0,9,10,4,2,3,0,3,2,4,8,0,0
15,1639,4,0,4,0,9,10,4,2,3,0,3,2,4,8,0,0
15,1639,4,0,4,0,9,10,4,2,3,0,3,2,4,8,0,0
15,1639,4,0,4,0,9,10,4,2,3,0,3,2,4,8,0,0
15,1639,4,0,4,0,9,10,4,2,3,0,3,2,4,8,8,0
15,1639,4,0,4,0,10,10,4,2,3,3,4,3,5,8,8,2
15,1639,4,0,4,0,10,10,4,3,3,3,4,3,5,8,8,3
15,1639,4,0,4,0,10,10,4,4,3,3,4,3,5,8,9,4
15,1639,4,0,4,0,10,10,4,3,3,3,4,3,5,8,9,4
15,1639,4,0,4,0,10,10,4,4,3,2,4,3,5,8,9,4
15,1639,4,0,4,0,10,10,4,4,3,3,4,3,5,8,9,4
15,1639,4,0,4,0,10,10,4,4,3,2,4,3,5,8,5,4
15,1639,4,0,4,0,10,10,4,4,3,2,4,3,5,8,5,4
15,1639,4,0,4,0,10,10,4,4,3,2,4,3,4,8,5,2
15,1639,4,0,4,0,9,10,4,4,3,2,3,3,4,8,5,2
15,1639,4,0,4,0,9,10,4,4,3,2,3,3,4,8,0,2
15,1639,4,0,4,0,9,10,4,4,3,2,3,3,4,8,0,2
15,1639,4,0,4,0,9,10,4,4,3,1,3,3,4,8,0,2
15,1639,4,0,4,0,9,10,4,4,3,1,3,3,4,8,0,2
15,1639,4,0,4,0,9,10,4,4,3,1,3,3,4,8,0,2
15,1639,4,0,4,0,9,10,4,4,3,1,3,3,4,8,0,2
15,1639,4,0,4,0,9,10,4,4,3,1,3,3,4,8,0,2
16,1640,4,0,4,0,9,10,4,4,3,1,3,3,7,8,0,2
16,1640,4,0,4,0,9,10,4,4,3,1,3,3,7,8,0,2
16,1640,4,0,4,0,9,10,4,4,3,1,3,3,7,8,0,2
16,1640,4,0,4,0,9,10,4,4,3,1,3,3,7,8,0,2
16,1640,4,0,4,0,9,10,4,4,3,1,3,3,7,8,0,2
16,1640,4,0,4,0,9,10,4,4,3,1,3,3,7,8,0,2
16,1640,4,0,4,0,9,10,4,4,3,1,3,3,10,9,8,2
16,1640,4,0,4,0,10,10,4,4,3,2,4,3,10,8,8,2
16,1640,4,0,4,0,10,10,4,4,3,2,4,3,10,10,8,2
16,1640,4,0,4,0,10,10,4,4,3,2,4,3,10,10,9,2
16,1640,4,0,4,0,10,10,4,4,3,2,4,3,10,10,9,2
16,1640,4,0,4,0,10,10,4,4,3,3,4,3,10,10,9,2
16,1640,4,0,4,0,10,10,4,4,3,3,4,3,10,10,9,2
16,1640,4,0,4,0,10,10,4,4,3,3,4,3,10,10,5,2
16,1640,4,0,4,0,10,10,4,4,3,1,4,3,10,10,5,2
16,1640,4,0,4,0,10,10,4,4,3,1,4,3,8,10,5,2
16,1640,4,0,4,0,9,10,4,4,3,1,3,3,8,9,5,2
16,1640,4,0,4,0,9,10,4,4,3,1,3,3,8,9,0,2
16,1640,4,0,4,0,9,10,4,4,3,1,3,3,8,9,0,2
16,1640,4,0,4,0,9,10,4,4,3,1,3,3,8,9,0,1
16,1640,4,0,4,0,9,10,4,4,3,1,3,3,8,9,0,1
16,1640,4,0,4,0,9,10,4,3,3,1,3,3,8,9,0,0
16,1640,4,0,4,0,9,10,4,3,3,1,3,3,8,9,0,0
16,1640,4,0,4,0,9,10,4,3,3,1,3,3,7,9,0,0
17,1641,4,0,4,0,9,10,4,3,3,1,3,3,7,9,0,0
17,1641,4,0,4,0,9,10,4,3,3,1,3,3,7,9,0,0
17,1641,4,0,4,0,9,10,4,3,3,1,3,3,7,9,0,0
17,1641,4,0,4,0,9,10,4,3,3,1,3,3,7,9,0,0
17,1641,4,0,4,0,9,10,4,3,3,1,3,3,7,9,0,0
17,1641,4,0,4,0,9,10,4,3,3,1,3,3,7,9,0,0
17,1641,4,0,4,0,9,10,4,3,3,1,3,3,8,9,8,0
17,1641,4,0,4,0,10,10,4,4,3,1,4,4,8,9,8,0
17,1641,4,0,4,0,10,10,4,4,3,1,4,4,8,9,8,0
17,1641,4,0,4,0,10,10,4,4,3,1,4,4,8,9,9,0
17,1641,4,0,4,0,10,10,4,4,3,1,4,4,8,9,9,0
17,1641,4,0,4,0,10,10,4,4,3,1,4,4,8,9,9,0
17,1641,4,0,4,0,10,10,4,4,3,1,4,4,8,9,9,0
17,1641,4,0,4,0,10,10,4,4,3,1,4,4,8,9,5,0
17,1641,4,0,4,0,10,10,4,4,3,1,4,4,8,9,5,0
17,1641,4,0,4,0,10,10,4,4,3,1,4,4,8,9,5,0
17,1641,4,0,4,0,9,10,4,4,3,1,3,4,8,9,5,0
17,1641,4,0,4,0,9,10,4,4,3,1,3,4,8,9,0,0
17,1641,4,0,4,0,9,10,4,4,3,1,3,4,8,9,0,0
17,1641,4,0,4,0,9,10,4,3,3,1,3,4,8,9,0,0
17,1641,4,0,4,0,9,10,4,3,3,1,3,4,8,9,0,0
17,1641,4,0,4,0,9,10,4,3,3,1,3,4,8,9,0,0
17,1641,4,0,4,0,9,10,4,3,3,1,3,4,8,9,0,0
17,1641,4,0,4,0,9,10,4,3,3,1,3,4,7,9,0,0
18,1642,4,0,4,0,9,10,4,3,3,1,3,4,7,9,0,0
18,1642,4,0,4,0,9,10,4,3,3,1,3,4,7,9,0,0
18,1642,4,0,4,0,9,10,4,3,3,1,3,4,7,9,0,0
18,1642,4,0,4,0,9,10,4,3,3,1,3,4,7,9,0,0
18,1642,4,0,4,0,9,10,4,3,3,1,3,4,7,9,0,0
18,1642,4,0,4,0,9,10,4,3,3,1,3,4,7,9,0,0
18,1642,4,0,4,0,9,10,4,3,3,1,3,4,8,9,8,0
18,1642,4,0,4,0,10,10,4,2,3,2,4,4,8,9,8,1
18,1642,4,0,4,0,10,10,4,3,3,3,4,3,8,9,8,1
18,1642,4,0,4,0,10,10,4,4,3,2,4,3,8,9,9,2
18,1642,4,0,4,0,10,10,4,4,3,3,4,3,8,9,9,2
18,1642,4,0,4,0,10,10,4,4,3,3,4,2,8,9,9,2
18,1642,4,0,4,0,10,10,4,4,3,3,4,2,8,9,9,2
18,1642,4,0,4,0,10,9,4,4,3,2,4,2,8,8,5,2
18,1642,4,0,4,0,10,9,4,3,3,2,4,2,8,8,5,2
18,1642,4,0,4,0,10,9,4,3,3,2,4,2,8,8,5,2
18,1642,4,0,4,0,9,9,4,3,3,2,3,2,8,8,5,2
18,1642,4,0,4,0,9,9,4,3,3,2,3,2,8,8,0,2
18,1642,4,0,4,0,9,9,4,3,3,2,3,2,8,8,0,2
18,1642,4,0,4,0,9,9,4,3,3,2,3,2,8,8,0,2
18,1642,4,0,4,0,9,9,4,3,3,2,3,2,8,8,0,2
18,1642,4,0,4,0,9,9,4,3,3,2,3,2,8,8,0,2
18,1642,4,0,4,0,9,9,4,3,3,2,3,2,8,8,0,2
18,1642,4,0,4,0,9,9,4,3,3,2,3,2,7,8,0,2
19,1643,4,0,3,0,8,9,3,3,2,2,2,2,7,8,0,2
19,1643,4,0,3,0,8,9,3,3,2,2,2,2,7,8,0,2
19,1643,4,0,3,0,8,9,3,3,2,2,2,2,7,8,0,2
19,1643,4,0,3,0,8,9,3,3,2,2,2,2,7,8,0,2
19,1643,4,0,3,0,8,9,3,3,2,2,2,2,7,8,0,2
19,1643,4,0,3,0,8,9,3,3,2,2,2,2,7,8,0,2
19,1643,4,0,3,0,8,9,3,3,2,2,3,2,10,9,0,2
19,1643,4,0,3,0,8,9,3,2,2,1,3,2,10,8,0,0
19,1643,4,0,3,0,8,9,3,2,2,1,3,2,10,8,0,0
19,1643,4,0,3,0,8,9,3,2,2,1,3,2,10,8,0,0
19,1643,4,0,3,0,8,9,3,2,2,1,3,2,10,8,0,0
19,1643,4,0,3,0,8,9,3,1,2,1,3,2,10,8,0,0
19,1643,4,0,3,0,8,9,3,1,2,1,3,2,10,7,0,0
19,1643,4,0,3,0,8,9,3,1,2,1,3,2,10,7,0,0
19,1643,4,0,3,0,8,9,3,1,2,1,3,2,10,7,0,0
19,1643,4,0,3,0,8,9,3,1,2,1,2,2,8,7,0,0
19,1643,4,0,3,0,8,9,3,1,2,1,2,2,8,7,0,0
19,1643,4,0,3,0,8,9,3,1,2,1,2,2,8,7,0,0
19,1643,4,0,3,0,8,9,3,1,2,1,2,2,8,7,0,0
19,1643,4,0,3,0,8,9,3,1,2,1,2,2,8,7,0,0
19,1643,4,0,3,0,8,9,3,1,2,1,2,2,8,7,0,0
19,1643,4,0,3,0,8,9,3,1,2,1,2,2,8,7,0,0
19,1643,4,0,3,0,8,9,3,1,2,1,2,2,8,7,0,0
19,1643,4,0,3,0,8,9,3,1,2,1,2,2,7,7,0,0
20,1644,4,0,3,0,8,9,3,1,2,1,2,2,4,7,0,0
20,1644,4,0,3,0,8,9,3,1,2,1,2,2,4,7,0,0
20,1644,4,0,3,0,8,9,3,1,2,1,2,2,4,7,0,0
20,1644,4,0,3,0,8,9,3,1,2,1,2,2,4,7,0,0
20,1644,4,0,3,0,8,9,3,1,2,1,2,2,4,7,0,0
20,1644,4,0,3,0,8,9,3,1,2,1,2,2,4,7,0,0
20,1644,4,0,3,0,8,9,3,1,2,1,3,2,4,7,0,0
20,1644,4,0,3,0,8,9,3,1,2,1,3,2,5,7,0,0
20,1644,4,0,3,0,8,9,3,1,2,1,3,2,5,7,0,0
20,1644,4,0,3,0,8,9,3,0,2,1,3,2,5,7,0,0
20,1644,4,0,3,0,8,9,3,0,2,1,3,2,5,7,0,0
20,1644,4,0,3,0,8,9,3,0,2,1,3,2,5,7,0,0
20,1644,4,0,3,0,8,9,3,0,2,1,3,2,5,7,0,0
20,1644,4,0,3,0,8,9,3,0,2,1,3,2,5,7,0,0
20,1644,4,0,3,0,8,9,3,0,2,1,3,2,5,7,0,0
20,1644,4,0,3,0,8,9,3,0,2,1,2,2,4,7,0,0
20,1644,4,0,3,0,8,9,3,0,2,1,2,2,4,7,0,0
20,1644,4,0,3,0,8,9,3,0,2,1,2,2,4,7,0,0
20,1644,4,0,3,0,8,9,3,0,2,1,2,2,4,7,0,0
20,1644,4,0,3,0,8,9,3,0,2,1,2,2,4,7,0,0
20,1644,4,0,3,0,8,9,3,0,2,1,2,2,4,7,0,0
20,1644,4,0,3,0,8,8,3,0,2,1,2,2,4,7,0,0
20,1644,4,0,3,0,8,8,3,0,2,1,2,2,4,7,0,0
20,1644,4,0,3,0,8,8,3,0,2,1,2,2,4,7,0,0
21,1645,4,0,4,0,9,8,4,0,3,1,3,2,7,7,0,0
21,1645,4,0,4,0,9,8,4,0,3,1,3,2,7,7,0,0
21,1645,4,0,4,0,9,8,4,0,3,1,3,2,7,7,0,0
21,1645,4,0,4,0,9,8,4,0,3,1,3,2,7,7,0,0
21,1645,4,0,4,0,9,8,4,0,3,1,3,2,7,7,0,0
21,1645,4,0,4,0,9,8,4,0,3,1,3,2,7,7,0,0
21,1645,4,0,4,0,9,8,4,0,3,1,3,2,8,7,8,0
21,1645,4,0,4,0,10,9,4,2,3,1,4,2,8,8,8,1
21,1645,4,0,4,0,10,10,4,3,3,2,4,2,8,8,8,1
21,1645,4,0,4,0,10,10,4,2,3,3,4,2,8,8,9,1
21,1645,4,0,4,0,10,10,4,3,3,3,4,2,8,8,9,1
21,1645,4,0,4,0,10,10,4,4,3,3,4,2,8,7,9,1
21,1645,4,0,4,0,10,10,4,4,3,3,4,2,8,7,9,1
21,1645,4,0,4,0,10,10,4,4,3,3,4,2,8,7,5,1
21,1645,4,0,4,0,10,10,4,3,3,3,4,2,8,7,5,1
21,1645,4,0,4,0,10,10,4,3,3,2,4,2,8,7,5,1
21,1645,4,0,4,0,9,10,4,3,3,2,3,2,8,7,5,1
21,1645,4,0,4,0,9,10,4,3,3,2,3,2,8,7,0,1
21,1645,4,0,4,0,9,10,4,3,3,2,3,2,8,7,0,1
21,1645,4,0,4,0,9,10,4,3,3,2,3,2,8,7,0,1
21,1645,4,0,4,0,9,10,4,2,3,2,3,2,8,7,0,1
21,1645,4,0,4,0,9,10,4,2,3,2,3,2,8,7,0,1
21,1645,4,0,4,0,9,10,4,2,3,2,3,2,8,7,0,1
21,1645,4,0,4,0,9,10,4,2,3,2,3,2,7,7,0,1
22,1646,4,0,4,0,9,10,4,2,3,2,3,2,4,7,0,1
22,1646,4,0,4,0,9,10,4,2,3,2,3,2,4,7,0,1
22,1646,4,0,4,0,9,10,4,2,3,2,3,2,4,7,0,1
22,1646,4,0,4,0,9,10,4,2,3,2,3,2,4,7,0,1
22,1646,4,0,4,0,9,10,4,2,3,2,3,2,4,7,0,1
22,1646,4,0,4,0,9,10,4,2,3,2,3,2,4,7,0,1
22,1646,4,0,4,0,9,10,4,2,3,2,3,2,4,7,8,1
22,1646,4,0,4,0,10,9,4,3,3,3,4,3,5,7,8,5
22,1646,4,0,4,0,10,10,4,4,3,3,4,3,5,7,8,6
22,1646,4,0,4,0,10,10,4,4,3,2,4,3,5,7,9,7
22,1646,4,0,4,0,10,10,4,4,3,2,4,3,5,7,9,8
22,1646,4,0,4,0,10,10,4,4,3,3,4,3,5,7,9,8
22,1646,4,0,4,0,10,10,4,3,3,3,4,3,5,7,9,8
22,1646,4,0,4,0,10,10,4,3,3,3,4,3,5,7,5,8
22,1646,4,0,4,0,10,9,4,3,3,3,4,3,5,7,5,8
22,1646,4,0,4,0,10,9,4,2,3,2,4,3,4,7,5,5
22,1646,4,0,4,0,9,9,4,2,3,2,3,3,4,7,5,5
22,1646,4,0,4,0,9,9,4,2,3,2,3,3,4,7,0,5
22,1646,4,0,4,0,9,9,4,2,3,2,3,3,4,7,0,5
22,1646,4,0,4,0,9,9,4,2,3,2,3,2,4,7,0,5
22,1646,4,0,4,0,9,9,4,2,3,2,3,2,4,7,0,5
22,1646,4,0,4,0,9,9,4,2,3,2,3,2,4,7,0,5
22,1646,4,0,4,0,9,9,4,2,3,1,3,2,4,7,0,5
22,1646,4,0,4,0,9,9,4,2,3,1,3,2,4,7,0,5
23,1647,4,0,4,0,9,9,4,2,3,1,3,2,7,7,0,5
23,1647,4,0,4,0,9,9,4,2,3,1,3,2,7,7,0,5
23,1647,4,0,4,0,9,9,4,2,3,1,3,2,7,7,0,5
23,1647,4,0,4,0,9,9,4,2,3,1,3,2,7,7,0,5
23,1647,4,0,4,0,9,9,4,2,3,1,3,2,7,7,0,5
23,1647,4,0,4,0,9,9,4,2,3,1,3,2,7,7,0,5
23,1647,4,0,4,0,9,9,4,2,3,1,3,2,10,10,8,5
23,1647,4,0,4,0,10,8,4,2,3,1,4,2,10,10,8,4
23,1647,4,0,4,0,10,10,4,2,3,1,4,2,10,10,8,4
23,1647,4,0,4,0,10,10,4,3,3,1,4,2,10,10,9,4
23,1647,4,0,4,0,10,10,4,4,3,1,4,2,10,10,9,4
23,1647,4,0,4,0,10,10,4,4,3,1,4,2,10,7,9,0
23,1647,4,0,4,0,10,10,4,3,3,1,4,2,10,8,9,0
23,1647,4,0,4,0,10,10,4,3,3,1,4,2,10,8,5,0
23,1647,4,0,4,0,10,10,4,3,3,1,4,2,10,8,5,0
23,1647,4,0,4,0,10,10,4,3,3,1,4,2,8,8,5,0
23,1647,4,0,4,0,9,10,4,3,3,1,3,2,8,8,5,0
23,1647,4,0,4,0,9,10,4,3,3,1,3,2,8,8,0,0
23,1647,4,0,4,0,9,10,4,3,3,1,3,2,8,8,0,0
23,1647,4,0,4,0,9,10,4,2,3,1,3,2,8,8,0,0
23,1647,4,0,4,0,9,9,4,2,3,1,3,2,8,8,0,0
23,1647,4,0,4,0,9,9,4,2,3,1,3,2,8,8,0,0
23,1647,4,0,4,0,9,9,4,2,3,1,3,2,8,8,0,0
23,1647,4,0,4,0,9,9,4,2,3,1,3,2,7,8,0,0
24,1648,4,0,4,0,9,9,4,2,3,1,3,2,7,8,0,0
24,1648,4,0,4,0,9,9,4,2,3,1,3,2,7,8,0,0
24,1648,4,0,4,0,9,9,4,2,3,1,3,2,7,8,0,0
24,1648,4,0,4,0,9,9,4,2,3,1,3,2,7,8,0,0
24,1648,4,0,4,0,9,9,4,2,3,1,3,2,7,8,0,0
24,1648,4,0,4,0,9,9,4,2,3,1,3,2,7,8,0,0
24,1648,4,0,4,0,9,9,4,2,3,1,3,2,8,8,8,0
24,1648,4,0,4,0,10,8,4,3,3,1,4,3,8,8,8,0
24,1648,4,0,4,0,10,10,4,3,3,1,4,3,8,7,8,0
24,1648,4,0,4,0,10,10,4,3,3,1,4,3,8,8,9,0
24,1648,4,0,4,0,10,10,4,3,3,1,4,3,8,8,9,0
24,1648,4,0,4,0,10,10,4,3,3,1,4,3,8,8,9,0
24,1648,4,0,4,0,10,9,4,3,3,1,4,3,8,8,9,0
24,1648,4,0,4,0,10,9,4,2,3,1,4,3,8,8,5,0
24,1648,4,0,4,0,10,9,4,2,3,1,4,3,8,8,5,0
24,1648,4,0,4,0,10,9,4,2,3,1,4,3,8,8,5,0
24,1648,4,0,4,0,9,9,4,2,3,1,3,3,8,8,5,0
24,1648,4,0,4,0,9,9,4,2,3,1,3,3,8,8,0,0
24,1648,4,0,4,0,9,9,4,2,3,1,3,3,8,8,0,0
24,1648,4,0,4,0,9,9,4,2,3,1,3,3,8,8,0,0
24,1648,4,0,4,0,9,9,4,2,3,1,3,3,8,8,0,0
24,1648,4,0,4,0,9,9,4,2,3,1,3,3,8,8,0,0
24,1648,4,0,4,0,9,9,4,2,3,1,3,3,8,8,0,0
24,1648,4,0,4,0,9,9,4,2,3,1,3,3,7,8,0,0
25,1649,4,0,4,0,9,9,4,2,3,1,3,3,7,8,0,0
25,1649,4,0,4,0,9,9,4,2,3,1,3,3,7,8,0,0
25,1649,4,0,4,0,9,9,4,2,3,1,3,3,7,8,0,0
25,1649,4,0,4,0,9,9,4,2,3,1,3,3,7,8,0,0
25,1649,4,0,4,0,9,9,4,2,3,1,3,3,7,8,0,0
25,1649,4,0,4,0,9,9,4,2,3,1,3,3,7,8,0,0
25,1649,4,0,4,0,9,9,4,2,3,1,3,3,8,8,8,0
25,1649,4,0,4,0,10,10,4,2,3,2,4,3,8,8,8,1
25,1649,4,0,4,0,10,10,4,3,3,3,4,3,8,8,8,1
25,1649,4,0,4,0,10,10,4,4,3,3,4,3,8,8,9,2
25,1649,4,0,4,0,10,10,4,4,3,3,4,3,8,8,9,3
25,1649,4,0,4,0,10,10,4,4,3,3,4,3,8,8,9,4
25,1649,4,0,4,0,10,10,4,4,3,3,4,3,8,8,9,4
25,1649,4,0,4,0,10,10,4,3,3,3,4,3,8,7,5,4
25,1649,4,0,4,0,10,10,4,2,3,3,4,3,8,7,5,4
25,1649,4,0,4,0,10,10,4,2,3,2,4,3,8,7,5,2
25,1649,4,0,4,0,9,10,4,2,3,2,3,3,8,7,5,2
25,1649,4,0,4,0,9,10,4,2,3,1,3,3,8,7,0,2
25,1649,4,0,4,0,9,10,4,2,3,1,3,3,8,7,0,2
25,1649,4,0,4,0,9,10,4,2,3,1,3,3,8,7,0,1
25,1649,4,0,4,0,9,10,4,2,3,1,3,3,8,7,0,1
25,1649,4,0,4,0,9,10,4,2,3,1,3,3,8,7,0,1
25,1649,4,0,4,0,9,9,4,2,3,1,3,3,8,7,0,1
25,1649,4,0,4,0,9,9,4,2,3,1,3,3,7,7,0,1
26,1650,4,0,3,0,8,9,3,2,2,1,2,3,7,7,0,1
26,1650,4,0,3,0,8,9,3,2,2,1,2,3,7,7,0,1
26,1650,4,0,3,0,8,9,3,2,2,1,2,3,7,7,0,1
26,1650,4,0,3,0,8,9,3,2,2,1,2,3,7,7,0,1
26,1650,4,0,3,0,8,9,3,2,2,1,2,3,7,7,0,1
26,1650,4,0,3,0,8,9,3,2,2,1,2,3,7,7,0,1
26,1650,4,0,3,0,8,9,3,2,2,1,3,3,10,7,0,1
26,1650,4,0,3,0,8,9,3,2,2,0,3,2,10,5,0,0
26,1650,4,0,3,0,8,9,3,2,2,0,3,2,10,5,0,0
26,1650,4,0,3,0,8,9,3,2,2,0,3,2,10,5,0,0
26,1650,4,0,3,0,8,9,3,2,2,0,3,2,10,5,0,0
26,1650,4,0,3,0,8,9,3,2,2,0,3,2,10,5,0,0
26,1650,4,0,3,0,8,9,3,2,2,0,3,2,10,5,0,0
26,1650,4,0,3,0,8,9,3,2,2,0,3,2,10,5,0,0
26,1650,4,0,3,0,8,9,3,2,2,0,3,2,10,5,0,0
26,1650,4,0,3,0,8,9,3,2,2,0,2,2,8,5,0,0
26,1650,4,0,3,0,8,9,3,2,2,0,2,2,8,5,0,0
26,1650,4,0,3,0,8,8,3,2,2,0,2,2,8,4,0,0
26,1650,4,0,3,0,8,8,3,2,2,0,2,2,8,4,0,0
26,1650,4,0,3,0,8,8,3,2,2,0,2,2,8,4,0,0
26,1650,4,0,3,0,8,8,3,2,2,0,2,2,8,4,0,0
26,1650,4,0,3,0,8,8,3,2,2,0,2,2,8,4,0,0
26,1650,4,0,3,0,8,8,3,2,2,0,2,2,8,4,0,0
26,1650,4,0,3,0,8,8,3,2,2,0,2,2,7,4,0,0
27,1651,4,0,3,0,8,8,3,2,2,0,2,2,4,4,0,0
27,1651,4,0,3,0,8,8,3,2,2,0,2,2,4,4,0,0
27,1651,4,0,3,0,8,8,3,2,2,0,2,2,4,4,0,0
27,1651,4,0,3,0,8,8,3,2,2,0,2,2,4,4,0,0
27,1651,4,0,3,0,8,8,3,2,2,0,2,2,4,4,0,0
27,1651,4,0,3,0,8,8,3,2,2,0,2,2,4,4,0,0
27,1651,4,0,3,0,8,8,3,2,2,0,3,2,4,4,0,0
27,1651,4,0,3,0,8,8,3,2,2,0,3,2,5,4,0,0
27,1651,4,0,3,0,8,8,3,2,2,0,3,2,5,4,0,0
27,1651,4,0,3,0,8,8,3,2,2,0,3,2,5,4,0,0
27,1651,4,0,3,0,8,8,3,2,2,0,3,2,5,4,0,0
27,1651,4,0,3,0,8,8,3,2,2,0,3,2,5,4,0,0
27,1651,4,0,3,0,8,8,3,2,2,0,3,2,5,4,0,0
27,1651,4,0,3,0,8,8,3,2,2,0,3,2,5,4,0,0
27,1651,4,0,3,0,8,8,3,2,2,0,3,2,5,4,0,0
27,1651,4,0,3,0,8,8,3,2,2,0,2,2,4,4,0,0
27,1651,4,0,3,0,8,8,3,2,2,0,2,2,4,4,0,0
27,1651,4,0,3,0,8,8,3,2,2,0,2,2,4,4,0,0
27,1651,4,0,3,0,8,7,3,2,2,0,2,2,4,3,0,0
27,1651,4,0,3,0,8,7,3,2,2,0,2,2,4,3,0,0
27,1651,4,0,3,0,8,7,3,2,2,0,2,2,4,3,0,0
27,1651,4,0,3,0,8,7,3,2,2,0,2,2,4,3,0,0
27,1651,4,0,3,0,8,7,3,2,2,0,2,2,4,3,0,0
27,1651,4,0,3,0,8,7,3,2,2,0,2,2,4,3,0,0
0,1652,4,0,4,0,9,7,4,2,3,0,3,2,7,3,0,0
0,1652,4,0,4,0,9,7,4,2,3,0,3,2,7,3,0,0
0,1652,4,0,4,0,9,7,4,2,3,0,3,2,7,3,0,0
0,1652,4,0,4,0,9,7,4,2,3,0,3,2,7,3,0,0
0,1652,4,0,4,0,9,7,4,2,3,0,3,2,7,3,0,0
0,1652,4,0,4,0,9,7,4,2,3,0,3,2,7,3,0,0
0,1652,4,0,4,0,9,7,4,2,3,0,3,2,8,3,8,0
0,1652,4,0,4,0,10,9,4,4,3,0,4,3,8,5,8,2
0,1652,4,0,4,0,10,10,4,4,3,1,4,3,8,5,8,2
0,1652,4,0,4,0,10,10,4,4,3,1,4,3,8,7,9,2
0,1652,4,0,4,0,10,10,4,4,3,1,4,3,8,8,9,2
0,1652,4,0,4,0,10,10,4,4,3,2,4,3,8,8,9,2
0,1652,4,0,4,0,10,10,4,4,3,2,4,3,8,8,9,2
0,1652,4,0,4,0,10,10,4,4,3,2,4,3,8,7,5,1
0,1652,4,0,4,0,10,10,4,4,3,1,4,3,8,7,5,1
0,1652,4,0,4,0,10,9,4,4,3,1,4,3,8,6,5,1
0,1652,4,0,4,0,9,9,4,4,3,1,3,3,8,6,5,1
0,1652,4,0,4,0,9,9,4,4,3,1,3,3,8,6,0,1
0,1652,4,0,4,0,9,9,4,4,3,1,3,3,8,6,0,1
0,1652,4,0,4,0,9,9,4,4,3,1,3,3,8,6,0,1
0,1652,4,0,4,0,9,9,4,4,3,1,3,3,8,6,0,1
0,1652,4,0,4,0,9,8,4,4,3,1,3,3,8,6,0,1
0,1652,4,0,4,0,9,8,4,4,3,1,3,3,8,6,0,1
0,1652,4,0,4,0,9,8,4,4,3,1,3,3,7,6,0,1
1,1653,4,0,4,0,9,8,4,4,3,1,3,3,4,6,0,1
1,1653,4,0,4,0,9,8,4,4,3,1,3,3,4,6,0,1
1,1653,4,0,4,0,9,8,4,4,3,1,3,3,4,6,0,1
1,1653,4,0,4,0,9,8,4,4,3,1,3,3,4,6,0,1
1,1653,4,0,4,0,9,8,4,4,3,1,3,3,4,6,0,1
1,1653,4,0,4,0,9,8,4,4,3,1,3,3,4,6,0,1
1,1653,4,0,4,0,9,8,4,4,3,1,3,3,4,6,8,1
1,1653,4,0,4,0,10,9,4,3,3,3,4,3,5,5,8,1
1,1653,4,0,4,0,10,10,4,4,3,3,4,3,5,5,8,1
1,1653,4,0,4,0,10,10,4,4,3,3,4,3,5,5,9,2
1,1653,4,0,4,0,10,10,4,3,3,3,4,3,5,5,9,2
1,1653,4,0,4,0,10,10,4,4,3,3,4,3,5,5,9,2
1,1653,4,0,4,0,10,10,4,4,3,3,4,3,5,5,9,2
1,1653,4,0,4,0,10,10,4,4,3,3,4,3,5,5,5,2
1,1653,4,0,4,0,10,9,4,4,3,2,4,3,5,5,5,1
1,1653,4,0,4,0,10,9,4,4,3,2,4,2,4,5,5,0
1,1653,4,0,4,0,9,9,4,4,3,2,3,2,4,5,5,0
1,1653,4,0,4,0,9,9,4,4,3,2,3,2,4,5,0,0
1,1653,4,0,4,0,9,9,4,4,3,2,3,2,4,5,0,0
1,1653,4,0,4,0,9,8,4,4,3,2,3,2,4,5,0,0
1,1653,4,0,4,0,9,8,4,4,3,2,3,2,4,5,0,0
1,1653,4,0,4,0,9,8,4,4,3,2,3,2,4,5,0,0
1,1653,4,0,4,0,9,8,4,4,3,2,3,2,4,5,0,0
1,1653,4,0,4,0,9,8,4,4,3,2,3,2,4,5,0,0
2,1654,4,0,4,0,9,8,4,4,3,2,3,2,7,5,0,0
2,1654,4,0,4,0,9,8,4,4,3,2,3,2,7,5,0,0
2,1654,4,0,4,0,9,8,4,4,3,2,3,2,7,5,0,0
2,1654,4,0,4,0,9,8,4,4,3,2,3,2,7,5,0,0
2,1654,4,0,4,0,9,8,4,4,3,2,3,2,7,5,0,0
2,1654,4,0,4,0,9,8,4,4,3,2,3,2,7,5,0,0
2,1654,4,0,4,0,9,8,4,4,3,2,3,2,10,5,8,0
2,1654,4,0,4,0,10,9,4,4,3,2,4,3,10,10,8,1
2,1654,4,0,4,0,10,10,4,4,3,3,4,3,10,10,8,1
2,1654,4,0,4,0,10,10,4,4,3,3,4,3,10,10,9,1
2,1654,4,0,4,0,10,10,4,4,3,3,4,3,10,10,9,1
2,1654,4,0,4,0,10,9,4,4,3,3,4,3,10,10,9,0
2,1654,4,0,4,0,10,9,4,3,3,3,4,3,10,10,9,0
2,1654,4,0,4,0,10,9,4,3,3,3,4,3,10,10,5,0
2,1654,4,0,4,0,10,10,4,3,3,3,4,3,10,10,5,0
2,1654,4,0,4,0,10,9,4,3,3,3,4,3,8,9,5,0
2,1654,4,0,4,0,9,9,4,3,3,3,3,3,8,9,5,0
2,1654,4,0,4,0,9,9,4,3,3,3,3,3,8,9,0,0
2,1654,4,0,4,0,9,9,4,3,3,3,3,2,8,9,0,0
2,1654,4,0,4,0,9,9,4,3,3,3,3,2,8,9,0,0
2,1654,4,0,4,0,9,9,4,3,3,3,3,2,8,9,0,0
2,1654,4,0,4,0,9,9,4,3,3,3,3,2,8,9,0,0
2,1654,4,0,4,0,9,8,4,3,3,3,3,2,8,9,0,0
2,1654,4,0,4,0,9,8,4,3,3,3,3,2,7,9,0,0
3,1655,4,0,4,0,9,8,4,3,3,3,3,2,7,9,0,0
3,1655,4,0,4,0,9,8,4,3,3,3,3,2,7,9,0,0
3,1655,4,0,4,0,9,8,4,3,3,3,3,2,7,9,0,0
3,1655,4,0,4,0,9,8,4,3,3,3,3,2,7,9,0,0
3,1655,4,0,4,0,9,8,4,3,3,3,3,2,7,9,0,0
3,1655,4,0,4,0,9,8,4,3,3,3,3,2,7,9,0,0
3,1655,4,0,4,0,9,8,4,3,3,3,3,2,8,9,8,0
3,1655,4,0,4,0,10,8,4,4,3,3,4,3,8,8,8,0
3,1655,4,0,4,0,10,9,4,3,3,3,4,3,8,8,8,0
3,1655,4,0,4,0,10,10,4,3,3,3,4,3,8,8,9,0
3,1655,4,0,4,0,10,10,4,2,3,3,4,3,8,8,9,0
3,1655,4,0,4,0,10,10,4,2,3,3,4,3,8,8,9,0
3,1655,4,0,4,0,10,10,4,2,3,3,4,3,8,7,9,0
3,1655,4,0,4,0,10,10,4,2,3,3,4,3,8,7,5,0
3,1655,4,0,4,0,10,10,4,2,3,3,4,3,8,7,5,0
3,1655,4,0,4,0,10,10,4,2,3,3,4,3,8,7,5,0
3,1655,4,0,4,0,9,10,4,2,3,3,3,3,8,7,5,0
3,1655,4,0,4,0,9,10,4,2,3,3,3,3,8,7,0,0
3,1655,4,0,4,0,9,9,4,2,3,3,3,3,8,7,0,0
3,1655,4,0,4,0,9,9,4,2,3,3,3,3,8,7,0,0
3,1655,4,0,4,0,9,9,4,2,3,3,3,3,8,7,0,0
3,1655,4,0,4,0,9,9,4,2,3,3,3,3,8,7,0,0
3,1655,4,0,4,0,9,9,4,2,3,3,3,3,8,7,0,0
3,1655,4,0,4,0,9,9,4,2,3,3,3,3,7,7,0,0
4,1656,4,0,4,0,9,9,4,2,3,3,3,3,7,7,0,0
4,1656,4,0,4,0,9,9,4,2,3,3,3,3,7,7,0,0
4,1656,4,0,4,0,9,9,4,2,3,3,3,3,7,7,0,0
4,1656,4,0,4,0,9,9,4,2,3,3,3,3,7,7,0,0
4,1656,4,0,4,0,9,9,4,2,3,3,3,3,7,7,0,0
4,1656,4,0,4,0,9,9,4,2,3,3,3,3,7,7,0,0
4,1656,4,0,4,0,9,9,4,2,3,3,3,3,8,7,8,0
4,1656,4,0,4,0,10,8,4,3,3,3,4,4,8,8,8,1
4,1656,4,0,4,0,10,10,4,4,3,3,4,3,8,8,8,1
4,1656,4,0,4,0,10,10,4,3,3,3,4,3,8,8,9,1
4,1656,4,0,4,0,10,10,4,4,3,3,4,3,8,8,9,1
4,1656,4,0,4,0,10,10,4,4,3,3,4,3,8,8,9,1
4,1656,4,0,4,0,10,10,4,4,3,3,4,3,8,8,9,1
4,1656,4,0,4,0,10,10,4,4,3,3,4,3,8,8,5,1
4,1656,4,0,4,0,10,10,4,3,3,3,4,3,8,8,5,1
4,1656,4,0,4,0,10,10,4,2,3,3,4,3,8,8,5,1
4,1656,4,0,4,0,9,10,4,2,3,3,3,3,8,8,5,1
4,1656,4,0,4,0,9,10,4,2,3,3,3,3,8,8,0,1
4,1656,4,0,4,0,9,9,4,2,3,3,3,3,8,8,0,1
4,1656,4,0,4,0,9,9,4,2,3,3,3,3,8,8,0,1
4,1656,4,0,4,0,9,9,4,2,3,3,3,3,8,8,0,1
4,1656,4,0,4,0,9,9,4,2,3,3,3,2,8,8,0,1
4,1656,4,0,4,0,9,9,4,2,3,3,3,2,8,8,0,1
4,1656,4,0,4,0,9,9,4,2,3,3,3,2,7,8,0,1
5,1657,4,0,3,0,8,9,3,2,2,3,2,2,7,8,0,1
5,1657,4,0,3,0,8,9,3,2,2,3,2,2,7,8,0,1
5,1657,4,0,3,0,8,9,3,2,2,3,2,2,7,8,0,1
5,1657,4,0,3,0,8,9,3,2,2,3,2,2,7,8,0,1
5,1657,4,0,3,0,8,9,3,2,2,3,2,2,7,8,0,1
5,1657,4,0,3,0,8,9,3,2,2,3,2,2,7,8,0,1
5,1657,4,0,3,0,8,9,3,2,2,3,3,2,10,8,0,1
5,1657,4,0,3,0,8,8,3,1,2,3,3,1,10,8,0,1
5,1657,4,0,3,0,8,8,3,1,2,3,3,1,10,8,0,1
5,1657,4,0,3,0,8,8,3,1,2,3,3,1,10,8,0,0
5,1657,4,0,3,0,8,7,3,1,2,3,3,1,10,8,0,0
5,1657,4,0,3,0,8,7,3,1,2,3,3,1,10,8,0,0
5,1657,4,0,3,0,8,7,3,1,2,3,3,1,10,7,0,0
5,1657,4,0,3,0,8,7,3,1,2,3,3,1,10,7,0,0
5,1657,4,0,3,0,8,7,3,1,2,3,3,1,10,7,0,0
5,1657,4,0,3,0,8,7,3,1,2,3,2,1,8,7,0,0
5,1657,4,0,3,0,8,7,3,1,2,3,2,1,8,7,0,0
5,1657,4,0,3,0,8,7,3,1,2,3,2,1,8,7,0,0
5,1657,4,0,3,0,8,7,3,1,2,3,2,1,8,7,0,0
5,1657,4,0,3,0,8,7,3,1,2,2,2,1,8,7,0,0
5,1657,4,0,3,0,8,7,3,1,2,2,2,1,8,7,0,0
5,1657,4,0,3,0,8,7,3,1,2,2,2,1,8,7,0,0
5,1657,4,0,3,0,8,6,3,1,2,2,2,1,8,7,0,0
5,1657,4,0,3,0,8,6,3,1,2,2,2,1,7,7,0,0
6,1658,4,0,3,0,8,6,3,1,2,2,2,1,4,7,0,0
6,1658,4,0,3,0,8,6,3,1,2,2,2,1,4,7,0,0
6,1658,4,0,3,0,8,6,3,1,2,2,2,1,4,7,0,0
6,1658,4,0,3,0,8,6,3,1,2,2,2,1,4,7,0,0
6,1658,4,0,3,0,8,6,3,1,2,2,2,1,4,7,0,0
6,1658,4,0,3,0,8,6,3,1,2,2,2,1,4,7,0,0
6,1658,4,0,3,0,8,6,3,1,2,2,3,1,4,7,0,0
6,1658,4,0,3,0,8,6,3,1,2,2,3,1,5,7,0,0
6,1658,4,0,3,0,8,6,3,1,2,2,3,1,5,7,0,0
6,1658,4,0,3,0,8,6,3,1,2,2,3,1,5,7,0,0
6,1658,4,0,3,0,8,6,3,1,2,2,3,1,5,7,0,0
6,1658,4,0,3,0,8,6,3,1,2,2,3,1,5,7,0,0
6,1658,4,0,3,0,8,6,3,1,2,2,3,1,5,7,0,0
6,1658,4,0,3,0,8,6,3,1,2,2,3,1,5,7,0,0
6,1658,4,0,3,0,8,6,3,1,2,2,3,1,5,7,0,0
6,1658,4,0,3,0,8,6,3,1,2,2,2,1,4,7,0,0
6,1658,4,0,3,0,8,6,3,1,2,2,2,1,4,6,0,0
6,1658,4,0,3,0,8,6,3,1,2,2,2,1,4,6,0,0
6,1658,4,0,3,0,8,6,3,1,2,2,2,0,4,5,0,0
6,1658,4,0,3,0,8,6,3,1,2,2,2,0,4,5,0,0
6,1658,4,0,3,0,8,6,3,1,2,2,2,0,4,5,0,0
6,1658,4,0,3,0,8,6,3,1,2,2,2,0,4,5,0,0
6,1658,4,0,3,0,8,6,3,1,2,2,2,0,4,5,0,0
6,1658,4,0,3,0,8,6,3,1,2,2,2,0,4,5,0,0
7,1659,4,0,4,0,9,6,4,1,3,2,3,0,7,5,0,0
7,1659,4,0,4,0,9,6,4,1,3,2,3,0,7,5,0,0
7,1659,4,0,4,0,9,6,4,1,3,2,3,0,7,5,0,0
7,1659,4,0,4,0,9,6,4,1,3,2,3,0,7,5,0,0
7,1659,4,0,4,0,9,6,4,1,3,2,3,0,7,5,0,0
7,1659,4,0,4,0,9,6,4,1,3,2,3,0,7,5,0,0
7,1659,4,0,4,0,9,6,4,1,3,2,3,0,8,5,8,0
7,1659,4,0,4,0,10,9,4,3,3,3,4,1,8,5,8,1
7,1659,4,0,4,0,10,9,4,4,3,3,4,1,8,6,8,1
7,1659,4,0,4,0,10,9,4,4,3,3,4,1,8,7,9,1
7,1659,4,0,4,0,10,10,4,4,3,3,4,1,8,7,9,1
7,1659,4,0,4,0,10,10,4,4,3,3,4,1,8,8,9,1
7,1659,4,0,4,0,10,10,4,4,3,2,4,1,8,8,9,1
7,1659,4,0,4,0,10,9,4,4,3,3,4,1,8,7,5,1
7,1659,4,0,4,0,10,9,4,4,3,3,4,1,8,8,5,1
7,1659,4,0,4,0,10,9,4,4,3,3,4,1,8,7,5,0
7,1659,4,0,4,0,9,9,4,4,3,3,3,1,8,7,5,0
7,1659,4,0,4,0,9,9,4,4,3,3,3,1,8,7,0,0
7,1659,4,0,4,0,9,9,4,4,3,3,3,1,8,7,0,0
7,1659,4,0,4,0,9,9,4,4,3,3,3,1,8,7,0,0
7,1659,4,0,4,0,9,9,4,4,3,3,3,1,8,7,0,0
7,1659,4,0,4,0,9,9,4,3,3,3,3,1,8,7,0,0
7,1659,4,0,4,0,9,9,4,3,3,3,3,1,8,7,0,0
7,1659,4,0,4,0,9,9,4,3,3,3,3,1,7,7,0,0
8,1660,4,0,4,0,9,9,4,3,3,3,3,1,4,7,0,0
8,1660,4,0,4,0,9,9,4,3,3,3,3,1,4,7,0,0
8,1660,4,0,4,0,9,9,4,3,3,3,3,1,4,7,0,0
8,1660,4,0,4,0,9,9,4,3,3,3,3,1,4,7,0,0
8,1660,4,0,4,0,9,9,4,3,3,3,3,1,4,7,0,0
8,1660,4,0,4,0,9,9,4,3,3,3,3,1,4,7,0,0
8,1660,4,0,4,0,9,9,4,3,3,3,3,1,4,7,8,0
8,1660,4,0,4,0,10,9,4,4,3,3,4,2,5,7,8,2
8,1660,4,0,4,0,10,9,4,4,3,3,4,2,5,7,8,3
8,1660,4,0,4,0,10,10,4,4,3,3,4,2,5,7,9,3
8,1660,4,0,4,0,10,10,4,4,3,3,4,2,5,7,9,3
8,1660,4,0,4,0,10,10,4,4,3,3,4,2,5,7,9,3
8,1660,4,0,4,0,10,10,4,4,3,3,4,2,5,7,9,3
8,1660,4,0,4,0,10,10,4,4,3,3,4,2,5,7,5,3
8,1660,4,0,4,0,10,9,4,4,3,3,4,2,5,7,5,3
8,1660,4,0,4,0,10,9,4,4,3,3,4,2,4,7,5,2
8,1660,4,0,4,0,9,8,4,4,3,3,3,2,4,6,5,2
8,1660,4,0,4,0,9,8,4,4,3,3,3,2,4,6,0,2
8,1660,4,0,4,0,9,8,4,4,3,3,3,2,4,6,0,2
8,1660,4,0,4,0,9,8,4,4,3,3,3,2,4,6,0,2
8,1660,4,0,4,0,9,8,4,4,3,3,3,2,4,5,0,2
8,1660,4,0,4,0,9,8,4,4,3,3,3,2,4,5,0,1
8,1660,4,0,4,0,9,8,4,4,3,3,3,2,4,5,0,1
8,1660,4,0,4,0,9,8,4,4,3,3,3,2,4,5,0,1
9,1661,4,0,4,0,9,8,4,4,3,3,3,2,7,6,0,1
9,1661,4,0,4,0,9,8,4,4,3,3,3,2,7,6,0,1
9,1661,4,0,4,0,9,8,4,4,3,3,3,2,7,6,0,1
9,1661,4,0,4,0,9,8,4,4,3,3,3,2,7,6,0,1
9,1661,4,0,4,0,9,8,4,4,3,3,3,2,7,6,0,1
9,1661,4,0,4,0,9,8,4,4,3,3,3,2,7,6,0,1
9,1661,4,0,4,0,9,8,4,4,3,3,3,2,10,6,8,1
9,1661,4,0,4,0,10,9,4,4,3,3,4,3,10,9,8,1
9,1661,4,0,4,0,10,10,4,4,3,3,4,3,10,10,8,2
9,1661,4,0,4,0,10,10,4,4,3,3,4,3,10,11,9,2
9,1661,4,0,4,0,10,10,4,4,3,3,4,3,10,11,9,3
9,1661,4,0,4,0,10,10,4,4,3,3,4,3,10,11,9,3
9,1661,4,0,4,0,10,10,4,4,3,3,4,3,10,11,9,3
9,1661,4,0,4,0,10,10,4,4,3,3,4,3,10,11,5,3
9,1661,4,0,4,0,10,10,4,4,3,3,4,3,10,10,5,2
9,1661,4,0,4,0,10,10,4,4,3,3,4,3,8,10,5,2
9,1661,4,0,4,0,9,10,4,4,3,3,3,3,8,10,5,2
9,1661,4,0,4,0,9,10,4,4,3,3,3,3,8,10,0,2
9,1661,4,0,4,0,9,10,4,4,3,3,3,3,8,9,0,1
9,1661,4,0,4,0,9,10,4,4,3,3,3,3,8,8,0,0
9,1661,4,0,4,0,9,10,4,4,3,3,3,3,8,8,0,0
9,1661,4,0,4,0,9,10,4,4,3,3,3,3,8,8,0,0
9,1661,4,0,4,0,9,10,4,3,3,3,3,3,8,8,0,0
9,1661,4,0,4,0,9,10,4,3,3,3,3,3,7,8,0,0
10,1662,4,0,4,0,9,10,4,3,3,3,3,3,7,8,0,0
10,1662,4,0,4,0,9,10,4,3,3,3,3,3,7,8,0,0
10,1662,4,0,4,0,9,10,4,3,3,3,3,3,7,8,0,0
10,1662,4,0,4,0,9,10,4,3,3,3,3,3,7,8,0,0
10,1662,4,0,4,0,9,10,4,3,3,3,3,3,7,8,0,0
10,1662,4,0,4,0,9,10,4,3,3,3,3,3,7,8,0,0
10,1662,4,0,4,0,9,10,4,3,3,3,3,3,8,8,8,0
10,1662,4,0,4,0,10,10,4,3,3,2,4,3,8,5,8,0
10,1662,4,0,4,0,10,10,4,3,3,2,4,3,8,6,8,0
10,1662,4,0,4,0,10,10,4,3,3,0,4,3,8,8,9,0
10,1662,4,0,4,0,10,10,4,3,3,0,4,3,8,8,9,0
10,1662,4,0,4,0,10,10,4,3,3,0,4,3,8,8,9,0
10,1662,4,0,4,0,10,10,4,3,3,0,4,3,8,8,9,0
10,1662,4,0,4,0,10,10,4,3,3,0,4,3,8,8,5,0
10,1662,4,0,4,0,10,10,4,3,3,0,4,3,8,8,5,0
10,1662,4,0,4,0,10,10,4,3,3,0,4,3,8,8,5,0
10,1662,4,0,4,0,9,10,4,3,3,0,3,3,8,8,5,0
10,1662,4,0,4,0,9,10,4,3,3,0,3,3,8,8,0,0
10,1662,4,0,4,0,9,10,4,3,3,0,3,3,8,6,0,0
10,1662,4,0,4,0,9,10,4,3,3,0,3,3,8,6,0,0
10,1662,4,0,4,0,9,10,4,2,3,0,3,3,8,6,0,0
10,1662,4,0,4,0,9,9,4,2,3,0,3,3,8,6,0,0
10,1662,4,0,4,0,9,9,4,2,3,0,3,3,8,6,0,0
10,1662,4,0,4,0,9,9,4,2,3,0,3,3,7,6,0,0
11,1663,4,0,4,0,9,9,4,2,3,0,3,3,7,6,0,0
11,1663,4,0,4,0,9,9,4,2,3,0,3,3,7,6,0,0
11,1663,4,0,4,0,9,9,4,2,3,0,3,3,7,6,0,0
11,1663,4,0,4,0,9,9,4,2,3,0,3,3,7,6,0,0
11,1663,4,0,4,0,9,9,4,2,3,0,3,3,7,6,0,0
11,1663,4,0,4,0,9,9,4,2,3,0,3,3,7,6,0,0
11,1663,4,0,4,0,9,9,4,2,3,0,3,3,8,6,8,0
11,1663,4,0,4,0,10,10,4,2,3,2,4,4,8,8,8,0
11,1663,4,0,4,0,10,10,4,2,3,3,4,4,8,8,8,1
11,1663,4,0,4,0,10,10,4,4,3,3,4,4,8,8,9,1
11,1663,4,0,4,0,10,10,4,4,3,2,4,4,8,8,9,1
11,1663,4,0,4,0,10,10,4,3,3,3,4,4,8,9,9,1
11,1663,4,0,4,0,10,10,4,4,3,2,4,4,8,9,9,1
11,1663,4,0,4,0,10,10,4,4,3,2,4,4,8,9,5,1
11,1663,4,0,4,0,10,10,4,4,3,2,4,4,8,9,5,1
11,1663,4,0,4,0,10,10,4,4,3,2,4,3,8,8,5,0
11,1663,4,0,4,0,9,10,4,4,3,2,3,3,8,8,5,0
11,1663,4,0,4,0,9,10,4,3,3,2,3,3,8,8,0,0
11,1663,4,0,4,0,9,10,4,3,3,2,3,3,8,8,0,0
11,1663,4,0,4,0,9,10,4,2,3,2,3,3,8,7,0,0
11,1663,4,0,4,0,9,10,4,2,3,2,3,2,8,7,0,0
11,1663,4,0,4,0,9,10,4,2,3,1,3,2,8,7,0,0
11,1663,4,0,4,0,9,10,4,2,3,1,3,2,8,7,0,0
11,1663,4,0,4,0,9,10,4,2,3,1,3,2,7,7,0,0
12,1664,4,0,3,0,8,10,3,2,2,1,2,2,7,7,0,0
12,1664,4,0,3,0,8,10,3,2,2,1,2,2,7,7,0,0
12,1664,4,0,3,0,8,10,3,2,2,1,2,2,7,7,0,0
12,1664,4,0,3,0,8,10,3,2,2,1,2,2,7,7,0,0
12,1664,4,0,3,0,8,10,3,2,2,1,2,2,7,7,0,0
12,1664,4,0,3,0,8,10,3,2,2,1,2,2,7,7,0,0
12,1664,4,0,3,0,8,10,3,2,2,1,3,2,10,7,0,0
12,1664,4,0,3,0,8,10,3,2,2,1,3,2,10,4,0,0
12,1664,4,0,3,0,8,10,3,2,2,1,3,2,10,4,0,0
12,1664,4,0,3,0,8,10,3,2,2,1,3,2,10,4,0,0
12,1664,4,0,3,0,8,10,3,2,2,1,3,2,10,4,0,0
12,1664,4,0,3,0,8,10,3,2,2,1,3,2,10,4,0,0
12,1664,4,0,3,0,8,10,3,2,2,1,3,2,10,4,0,0
12,1664,4,0,3,0,8,9,3,2,2,1,3,2,10,4,0,0
12,1664,4,0,3,0,8,9,3,2,2,1,3,2,10,4,0,0
12,1664,4,0,3,0,8,9,3,2,2,1,2,2,8,4,0,0
12,1664,4,0,3,0,8,9,3,2,2,1,2,2,8,4,0,0
12,1664,4,0,3,0,8,9,3,2,2,1,2,2,8,4,0,0
12,1664,4,0,3,0,8,9,3,2,2,1,2,2,8,4,0,0
12,1664,4,0,3,0,8,9,3,2,2,1,2,2,8,4,0,0
12,1664,4,0,3,0,8,9,3,2,2,1,2,2,8,4,0,0
12,1664,4,0,3,0,8,9,3,2,2,1,2,2,8,4,0,0
12,1664,4,0,3,0,8,9,3,2,2,1,2,2,8,4,0,0
12,1664,4,0,3,0,8,9,3,2,2,1,2,2,7,4,0,0
13,1665,4,0,3,0,8,9,3,2,2,1,2,2,4,4,0,0
13,1665,4,0,3,0,8,9,3,2,2,1,2,2,4,4,0,0
13,1665,4,0,3,0,8,9,3,2,2,1,2,2,4,4,0,0
13,1665,4,0,3,0,8,9,3,2,2,1,2,2,4,4,0,0
13,1665,4,0,3,0,8,9,3,2,2,1,2,2,4,4,0,0
13,1665,4,0,3,0,8,9,3,2,2,1,2,2,4,4,0,0
13,1665,4,0,3,0,8,9,3,2,2,1,3,2,4,4,0,0
13,1665,4,0,3,0,8,9,3,2,2,1,3,2,5,4,0,0
13,1665,4,0,3,0,8,9,3,2,2,1,3,2,5,4,0,0
13,1665,4,0,3,0,8,9,3,2,2,1,3,2,5,4,0,0
13,1665,4,0,3,0,8,9,3,2,2,1,3,2,5,4,0,0
13,1665,4,0,3,0,8,7,3,2,2,1,3,2,5,4,0,0
13,1665,4,0,3,0,8,7,3,2,2,1,3,2,5,4,0,0
13,1665,4,0,3,0,8,7,3,2,2,1,3,2,5,4,0,0
13,1665,4,0,3,0,8,7,3,2,2,1,3,2,5,4,0,0
13,1665,4,0,3,0,8,7,3,2,2,1,2,2,4,4,0,0
13,1665,4,0,3,0,8,7,3,2,2,1,2,2,4,4,0,0
13,1665,4,0,3,0,8,7,3,2,2,1,2,2,4,4,0,0
13,1665,4,0,3,0,8,7,3,2,2,1,2,2,4,4,0,0
13,1665,4,0,3,0,8,7,3,2,2,1,2,2,4,4,0,0
13,1665,4,0,3,0,8,7,3,2,2,1,2,2,4,4,0,0
13,1665,4,0,3,0,8,7,3,2,2,1,2,2,4,4,0,0
13,1665,4,0,3,0,8,7,3,2,2,1,2,2,4,4,0,0
13,1665,4,0,3,0,8,7,3,2,2,1,2,2,4,4,0,0
14,1666,4,0,4,0,9,7,4,2,3,1,3,2,7,4,0,0
14,1666,4,0,4,0,9,7,4,2,3,1,3,2,7,4,0,0
14,1666,4,0,4,0,9,7,4,2,3,1,3,2,7,4,0,0
14,1666,4,0,4,0,9,7,4,2,3,1,3,2,7,4,0,0
14,1666,4,0,4,0,9,7,4,2,3,1,3,2,7,4,0,0
14,1666,4,0,4,0,9,7,4,2,3,1,3,2,7,4,0,0
14,1666,4,0,4,0,9,7,4,2,3,1,3,2,8,4,8,0
14,1666,4,0,4,0,10,9,4,4,3,1,4,1,8,6,8,2
14,1666,4,0,4,0,10,10,4,4,3,1,4,1,8,6,8,2
14,1666,4,0,4,0,10,10,4,4,3,2,4,1,8,8,9,2
14,1666,4,0,4,0,10,9,4,4,3,2,4,1,8,8,9,2
14,1666,4,0,4,0,10,10,4,4,3,2,4,1,8,8,9,2
14,1666,4,0,4,0,10,10,4,4,3,2,4,1,8,8,9,2
14,1666,4,0,4,0,10,10,4,4,3,0,4,1,8,6,5,2
14,1666,4,0,4,0,10,10,4,4,3,0,4,1,8,6,5,2
14,1666,4,0,4,0,10,10,4,4,3,0,4,1,8,6,5,2
14,1666,4,0,4,0,9,9,4,4,3,0,3,1,8,6,5,2
14,1666,4,0,4,0,9,9,4,4,3,0,3,1,8,6,0,2
14,1666,4,0,4,0,9,9,4,4,3,0,3,1,8,6,0,2
14,1666,4,0,4,0,9,9,4,4,3,0,3,1,8,6,0,2
14,1666,4,0,4,0,9,9,4,4,3,0,3,1,8,6,0,2
14,1666,4,0,4,0,9,9,4,4,3,0,3,1,8,6,0,2
14,1666,4,0,4,0,9,9,4,4,3,0,3,1,8,6,0,2
14,1666,4,0,4,0,9,9,4,4,3,0,3,1,7,6,0,2
15,1667,4,0,4,0,9,9,4,4,3,0,3,1,4,6,0,2
15,1667,4,0,4,0,9,9,4,4,3,0,3,1,4,6,0,2
15,1667,4,0,4,0,9,9,4,4,3,0,3,1,4,6,0,2
15,1667,4,0,4,0,9,9,4,4,3,0,3,1,4,6,0,2
15,1667,4,0,4,0,9,9,4,4,3,0,3,1,4,6,0,2
15,1667,4,0,4,0,9,9,4,4,3,0,3,1,4,6,0,2
15,1667,4,0,4,0,9,9,4,4,3,0,3,1,4,6,8,2
15,1667,4,0,4,0,10,8,4,4,3,3,4,2,5,6,8,2
15,1667,4,0,4,0,10,9,4,4,3,3,4,2,5,6,8,3
15,1667,4,0,4,0,10,10,4,4,3,3,4,2,5,6,9,4
15,1667,4,0,4,0,10,10,4,4,3,3,4,1,5,6,9,4
15,1667,4,0,4,0,10,10,4,4,3,2,4,1,5,6,9,4
15,1667,4,0,4,0,10,10,4,4,3,3,4,1,5,6,9,4
15,1667,4,0,4,0,10,10,4,4,3,2,4,1,5,5,5,4
15,1667,4,0,4,0,10,10,4,4,3,2,4,1,5,6,5,4
15,1667,4,0,4,0,10,10,4,4,3,2,4,1,4,6,5,3
15,1667,4,0,4,0,9,9,4,4,3,2,3,1,4,6,5,3
15,1667,4,0,4,0,9,9,4,4,3,2,3,1,4,5,0,2
15,1667,4,0,4,0,9,9,4,4,3,2,3,1,4,5,0,2
15,1667,4,0,4,0,9,9,4,4,3,2,3,1,4,5,0,2
15,1667,4,0,4,0,9,9,4,4,3,1,3,1,4,5,0,2
15,1667,4,0,4,0,9,9,4,4,3,1,3,1,4,5,0,2
15,1667,4,0,4,0,9,9,4,4,3,1,3,1,4,5,0,2
15,1667,4,0,4,0,9,9,4,4,3,1,3,1,4,5,0,2
16,1668,4,0,4,0,9,9,4,4,3,1,3,1,7,6,0,2
16,1668,4,0,4,0,9,9,4,4,3,1,3,1,7,6,0,2
16,1668,4,0,4,0,9,9,4,4,3,1,3,1,7,6,0,2
16,1668,4,0,4,0,9,9,4,4,3,1,3,1,7,6,0,2
16,1668,4,0,4,0,9,9,4,4,3,1,3,1,7,6,0,2
16,1668,4,0,4,0,9,9,4,4,3,1,3,1,7,6,0,2
16,1668,4,0,4,0,9,9,4,4,3,1,3,1,10,6,8,2
16,1668,4,0,4,0,10,10,4,4,3,1,4,2,10,10,8,1
16,1668,4,0,4,0,10,10,4,4,3,1,4,2,10,10,8,1
16,1668,4,0,4,0,10,10,4,4,3,2,4,2,10,11,9,2
16,1668,4,0,4,0,10,10,4,4,3,2,4,2,10,10,9,2
16,1668,4,0,4,0,10,10,4,4,3,3,4,2,10,10,9,2
16,1668,4,0,4,0,10,10,4,4,3,3,4,2,10,10,9,2
16,1668,4,0,4,0,10,10,4,4,3,3,4,2,10,10,5,2
16,1668,4,0,4,0,10,10,4,3,3,1,4,2,10,10,5,2
16,1668,4,0,4,0,10,10,4,3,3,1,4,1,8,10,5,2
16,1668,4,0,4,0,9,10,4,3,3,1,3,1,8,10,5,2
16,1668,4,0,4,0,9,10,4,3,3,1,3,1,8,9,0,1
16,1668,4,0,4,0,9,10,4,3,3,1,3,1,8,9,0,1
16,1668,4,0,4,0,9,10,4,3,3,1,3,1,8,9,0,1
16,1668,4,0,4,0,9,10,4,3,3,1,3,1,8,9,0,1
16,1668,4,0,4,0,9,9,4,3,3,1,3,1,8,9,0,1
16,1668,4,0,4,0,9,9,4,3,3,1,3,1,8,9,0,1
16,1668,4,0,4,0,9,9,4,3,3,1,3,1,7,9,0,1
17,1669,4,0,4,0,9,9,4,3,3,1,3,1,7,9,0,1
17,1669,4,0,4,0,9,9,4,3,3,1,3,1,7,9,0,1
17,1669,4,0,4,0,9,9,4,3,3,1,3,1,7,9,0,1
17,1669,4,0,4,0,9,9,4,3,3,1,3,1,7,9,0,1
17,1669,4,0,4,0,9,9,4,3,3,1,3,1,7,9,0,1
17,1669,4,0,4,0,9,9,4,3,3,1,3,1,7,9,0,1
17,1669,4,0,4,0,9,9,4,3,3,1,3,1,8,9,8,1
17,1669,4,0,4,0,10,9,4,4,3,1,4,2,8,8,8,1
17,1669,4,0,4,0,10,10,4,4,3,1,4,2,8,8,8,1
17,1669,4,0,4,0,10,10,4,4,3,1,4,2,8,8,9,1
17,1669,4,0,4,0,10,10,4,4,3,1,4,2,8,8,9,1
17,1669,4,0,4,0,10,10,4,4,3,1,4,2,8,8,9,1
17,1669,4,0,4,0,10,10,4,4,3,1,4,2,8,8,9,0
17,1669,4,0,4,0,10,10,4,4,3,1,4,2,8,8,5,0
17,1669,4,0,4,0,10,9,4,4,3,1,4,2,8,8,5,0
17,1669,4,0,4,0,10,8,4,4,3,1,4,2,8,8,5,0
17,1669,4,0,4,0,9,7,4,4,3,1,3,2,8,8,5,0
17,1669,4,0,4,0,9,7,4,4,3,1,3,2,8,7,0,0
17,1669,4,0,4,0,9,7,4,4,3,1,3,2,8,7,0,0
17,1669,4,0,4,0,9,7,4,4,3,1,3,2,8,7,0,0
17,1669,4,0,4,0,9,7,4,4,3,1,3,2,8,7,0,0
17,1669,4,0,4,0,9,7,4,4,3,1,3,2,8,7,0,0
17,1669,4,0,4,0,9,7,4,4,3,1,3,2,8,7,0,0
17,1669,4,0,4,0,9,7,4,4,3,1,3,2,7,7,0,0
18,1670,4,0,4,0,9,7,4,4,3,1,3,2,7,7,0,0
18,1670,4,0,4,0,9,7,4,4,3,1,3,2,7,7,0,0
18,1670,4,0,4,0,9,7,4,4,3,1,3,2,7,7,0,0
18,1670,4,0,4,0,9,7,4,4,3,1,3,2,7,7,0,0
18,1670,4,0,4,0,9,7,4,4,3,1,3,2,7,7,0,0
18,1670,4,0,4,0,9,7,4,4,3,1,3,2,7,7,0,0
18,1670,4,0,4,0,9,7,4,4,3,1,3,2,8,7,8,0
18,1670,4,0,4,0,10,10,4,4,3,2,4,3,8,8,8,1
18,1670,4,0,4,0,10,10,4,4,3,3,4,3,8,8,8,1
18,1670,4,0,4,0,10,10,4,4,3,3,4,3,8,8,9,2
18,1670,4,0,4,0,10,10,4,4,3,3,4,3,8,8,9,2
18,1670,4,0,4,0,10,10,4,4,3,3,4,3,8,8,9,2
18,1670,4,0,4,0,10,10,4,4,3,3,4,3,8,8,9,2
18,1670,4,0,4,0,10,10,4,4,3,3,4,3,8,8,5,1
18,1670,4,0,4,0,10,10,4,4,3,3,4,3,8,8,5,1
18,1670,4,0,4,0,10,10,4,3,3,3,4,3,8,8,5,1
18,1670,4,0,4,0,9,10,4,3,3,3,3,3,8,8,5,1
18,1670,4,0,4,0,9,10,4,3,3,3,3,3,8,8,0,1
18,1670,4,0,4,0,9,10,4,2,3,3,3,3,8,8,0,1
18,1670,4,0,4,0,9,10,4,2,3,3,3,3,8,8,0,1
18,1670,4,0,4,0,9,10,4,2,3,3,3,3,8,8,0,1
18,1670,4,0,4,0,9,10,4,2,3,3,3,3,8,8,0,1
18,1670,4,0,4,0,9,10,4,2,3,3,3,3,8,8,0,1
18,1670,4,0,4,0,9,10,4,2,3,3,3,3,7,8,0,1
19,1671,4,0,3,0,8,10,3,2,2,3,2,3,7,8,0,1
19,1671,4,0,3,0,8,10,3,2,2,3,2,3,7,8,0,1
19,1671,4,0,3,0,8,10,3,2,2,3,2,3,7,8,0,1
19,1671,4,0,3,0,8,10,3,2,2,3,2,3,7,8,0,1
19,1671,4,0,3,0,8,10,3,2,2,3,2,3,7,8,0,1
19,1671,4,0,3,0,8,10,3,2,2,3,2,3,7,8,0,1
19,1671,4,0,3,0,8,10,3,2,2,3,3,3,10,8,0,1
19,1671,4,0,3,0,8,8,3,2,2,2,3,3,10,7,0,1
19,1671,4,0,3,0,8,8,3,2,2,2,3,3,10,7,0,0
19,1671,4,0,3,0,8,8,3,2,2,2,3,3,10,7,0,0
19,1671,4,0,3,0,8,8,3,2,2,2,3,2,10,7,0,0
19,1671,4,0,3,0,8,8,3,2,2,2,3,2,10,7,0,0
19,1671,4,0,3,0,8,8,3,2,2,2,3,2,10,7,0,0
19,1671,4,0,3,0,8,8,3,2,2,2,3,2,10,7,0,0
19,1671,4,0,3,0,8,8,3,2,2,2,3,2,10,7,0,0
19,1671,4,0,3,0,8,8,3,2,2,2,2,2,8,7,0,0
19,1671,4,0,3,0,8,8,3,2,2,2,2,2,8,7,0,0
19,1671,4,0,3,0,8,8,3,2,2,2,2,2,8,7,0,0
19,1671,4,0,3,0,8,8,3,2,2,2,2,2,8,7,0,0
19,1671,4,0,3,0,8,8,3,2,2,2,2,2,8,7,0,0
19,1671,4,0,3,0,8,8,3,2,2,2,2,2,8,7,0,0
19,1671,4,0,3,0,8,8,3,2,2,1,2,2,8,7,0,0
19,1671,4,0,3,0,8,8,3,2,2,1,2,2,8,7,0,0
19,1671,4,0,3,0,8,8,3,2,2,1,2,2,7,7,0,0
20,1672,4,0,3,0,8,8,3,2,2,1,2,2,4,7,0,0
20,1672,4,0,3,0,8,8,3,2,2,1,2,2,4,7,0,0
20,1672,4,0,3,0,8,8,3,2,2,1,2,2,4,7,0,0
20,1672,4,0,3,0,8,8,3,2,2,1,2,2,4,7,0,0
20,1672,4,0,3,0,8,8,3,2,2,1,2,2,4,7,0,0
20,1672,4,0,3,0,8,8,3,2,2,1,2,2,4,7,0,0
20,1672,4,0,3,0,8,8,3,2,2,1,3,2,4,7,0,0
20,1672,4,0,3,0,8,8,3,2,2,1,3,1,5,6,0,0
20,1672,4,0,3,0,8,8,3,2,2,1,3,1,5,6,0,0
20,1672,4,0,3,0,8,8,3,2,2,1,3,1,5,6,0,0
20,1672,4,0,3,0,8,8,3,2,2,1,3,1,5,6,0,0
20,1672,4,0,3,0,8,8,3,2,2,1,3,1,5,6,0,0
20,1672,4,0,3,0,8,7,3,2,2,1,3,1,5,6,0,0
20,1672,4,0,3,0,8,7,3,2,2,1,3,1,5,6,0,0
20,1672,4,0,3,0,8,7,3,2,2,1,3,1,5,6,0,0
20,1672,4,0,3,0,8,7,3,2,2,1,2,1,4,6,0,0
20,1672,4,0,3,0,8,6,3,2,2,1,2,1,4,6,0,0
20,1672,4,0,3,0,8,6,3,2,2,1,2,1,4,6,0,0
20,1672,4,0,3,0,8,6,3,2,2,1,2,1,4,6,0,0
20,1672,4,0,3,0,8,6,3,2,2,1,2,1,4,6,0,0
20,1672,4,0,3,0,8,5,3,2,2,1,2,1,4,5,0,0
20,1672,4,0,3,0,8,5,3,2,2,1,2,1,4,4,0,0
20,1672,4,0,3,0,8,5,3,2,2,1,2,1,4,4,0,0
20,1672,4,0,3,0,8,5,3,2,2,1,2,1,4,4,0,0
21,1673,4,0,4,0,9,5,4,2,3,1,3,1,7,4,0,0
21,1673,4,0,4,0,9,5,4,2,3,1,3,1,7,4,0,0
21,1673,4,0,4,0,9,5,4,2,3,1,3,1,7,4,0,0
21,1673,4,0,4,0,9,5,4,2,3,1,3,1,7,4,0,0
21,1673,4,0,4,0,9,5,4,2,3,1,3,1,7,4,0,0
21,1673,4,0,4,0,9,5,4,2,3,1,3,1,7,4,0,0
21,1673,4,0,4,0,9,5,4,2,3,1,3,1,8,4,8,0
21,1673,4,0,4,0,10,8,4,4,3,2,4,2,8,5,8,1
21,1673,4,0,4,0,10,9,4,4,3,3,4,2,8,5,8,1
21,1673,4,0,4,0,10,10,4,4,3,3,4,2,8,6,9,1
21,1673,4,0,4,0,10,10,4,4,3,3,4,2,8,6,9,1
21,1673,4,0,4,0,10,10,4,4,3,3,4,2,8,6,9,1
21,1673,4,0,4,0,10,10,4,4,3,3,4,2,8,6,9,1
21,1673,4,0,4,0,10,9,4,4,3,3,4,2,8,5,5,1
21,1673,4,0,4,0,10,9,4,4,3,3,4,2,8,5,5,1
21,1673,4,0,4,0,10,9,4,4,3,3,4,2,8,5,5,1
21,1673,4,0,4,0,9,9,4,4,3,3,3,2,8,5,5,1
21,1673,4,0,4,0,9,9,4,4,3,3,3,2,8,5,0,1
21,1673,4,0,4,0,9,9,4,4,3,3,3,2,8,5,0,1
21,1673,4,0,4,0,9,9,4,4,3,3,3,2,8,5,0,1
21,1673,4,0,4,0,9,9,4,4,3,3,3,2,8,5,0,1
21,1673,4,0,4,0,9,9,4,4,3,3,3,2,8,5,0,1
21,1673,4,0,4,0,9,9,4,4,3,3,3,2,8,5,0,1
21,1673,4,0,4,0,9,9,4,4,3,3,3,2,7,5,0,1
22,1674,4,0,4,0,9,9,4,4,3,3,3,2,4,5,0,1
22,1674,4,0,4,0,9,9,4,4,3,3,3,2,4,5,0,1
22,1674,4,0,4,0,9,9,4,4,3,3,3,2,4,5,0,1
22,1674,4,0,4,0,9,9,4,4,3,3,3,2,4,5,0,1
22,1674,4,0,4,0,9,9,4,4,3,3,3,2,4,5,0,1
22,1674,4,0,4,0,9,9,4,4,3,3,3,2,4,5,0,1
22,1674,4,0,4,0,9,9,4,4,3,3,3,2,4,5,8,1
22,1674,4,0,4,0,10,9,4,4,3,3,4,2,5,5,8,5
22,1674,4,0,4,0,10,10,4,4,3,3,4,2,5,5,8,6
22,1674,4,0,4,0,10,10,4,4,3,3,4,2,5,6,9,7
22,1674,4,0,4,0,10,10,4,4,3,3,4,2,5,7,9,8
22,1674,4,0,4,0,10,10,4,4,3,3,4,2,5,6,9,8
22,1674,4,0,4,0,10,10,4,4,3,3,4,2,5,6,9,8
22,1674,4,0,4,0,10,9,4,4,3,3,4,2,5,6,5,8
22,1674,4,0,4,0,10,9,4,4,3,3,4,2,5,5,5,7
22,1674,4,0,4,0,10,10,4,4,3,3,4,2,4,5,5,5
22,1674,4,0,4,0,9,10,4,4,3,3,3,2,4,5,5,5
22,1674,4,0,4,0,9,9,4,4,3,3,3,2,4,5,0,4
22,1674,4,0,4,0,9,9,4,4,3,3,3,2,4,4,0,3
22,1674,4,0,4,0,9,9,4,4,3,1,3,2,4,4,0,3
22,1674,4,0,4,0,9,9,4,4,3,1,3,2,4,4,0,3
22,1674,4,0,4,0,9,9,4,4,3,1,3,2,4,4,0,3
22,1674,4,0,4,0,9,9,4,4,3,1,3,2,4,4,0,3
22,1674,4,0,4,0,9,9,4,4,3,1,3,2,4,4,0,3
23,1675,4,0,4,0,9,9,4,4,3,1,3,2,7,6,0,3
23,1675,4,0,4,0,9,9,4,4,3,1,3,2,7,6,0,3
23,1675,4,0,4,0,9,9,4,4,3,1,3,2,7,6,0,3
23,1675,4,0,4,0,9,9,4,4,3,1,3,2,7,6,0,3
23,1675,4,0,4,0,9,9,4,4,3,1,3,2,7,6,0,3
23,1675,4,0,4,0,9,9,4,4,3,1,3,2,7,6,0,3
23,1675,4,0,4,0,9,9,4,4,3,1,3,2,10,6,8,3
23,1675,4,0,4,0,10,10,4,3,3,2,4,3,10,10,8,0
23,1675,4,0,4,0,10,10,4,3,3,2,4,3,10,10,8,0
23,1675,4,0,4,0,10,10,4,4,3,2,4,3,10,10,9,0
23,1675,4,0,4,0,10,10,4,4,3,3,4,3,10,10,9,0
23,1675,4,0,4,0,10,10,4,4,3,3,4,3,10,10,9,0
23,1675,4,0,4,0,10,10,4,4,3,3,4,3,10,10,9,0
23,1675,4,0,4,0,10,10,4,4,3,3,4,3,10,10,5,0
23,1675,4,0,4,0,10,10,4,4,3,3,4,3,10,10,5,0
23,1675,4,0,4,0,10,10,4,4,3,3,4,3,8,10,5,0
23,1675,4,0,4,0,9,10,4,4,3,3,3,3,8,10,5,0
23,1675,4,0,4,0,9,10,4,4,3,3,3,3,8,10,0,0
23,1675,4,0,4,0,9,10,4,4,3,3,3,3,8,10,0,0
23,1675,4,0,4,0,9,9,4,4,3,3,3,3,8,9,0,0
23,1675,4,0,4,0,9,9,4,4,3,3,3,3,8,9,0,0
23,1675,4,0,4,0,9,9,4,4,3,3,3,3,8,9,0,0
23,1675,4,0,4,0,9,9,4,4,3,3,3,3,8,9,0,0
23,1675,4,0,4,0,9,9,4,4,3,3,3,3,7,9,0,0
24,1676,4,0,4,0,9,9,4,4,3,3,3,3,7,9,0,0
24,1676,4,0,4,0,9,9,4,4,3,3,3,3,7,9,0,0
24,1676,4,0,4,0,9,9,4,4,3,3,3,3,7,9,0,0
24,1676,4,0,4,0,9,9,4,4,3,3,3,3,7,9,0,0
24,1676,4,0,4,0,9,9,4,4,3,3,3,3,7,9,0,0
24,1676,4,0,4,0,9,9,4,4,3,3,3,3,7,9,0,0
24,1676,4,0,4,0,9,9,4,4,3,3,3,3,8,9,8,0
24,1676,4,0,4,0,10,8,4,3,3,3,4,4,8,9,8,0
24,1676,4,0,4,0,10,10,4,3,3,3,4,4,8,9,8,0
24,1676,4,0,4,0,10,10,4,3,3,3,4,4,8,8,9,0
24,1676,4,0,4,0,10,10,4,3,3,3,4,4,8,8,9,0
24,1676,4,0,4,0,10,9,4,3,3,3,4,4,8,8,9,0
24,1676,4,0,4,0,10,9,4,3,3,3,4,3,8,8,9,0
24,1676,4,0,4,0,10,10,4,3,3,3,4,3,8,8,5,0
24,1676,4,0,4,0,10,10,4,3,3,3,4,3,8,8,5,0
24,1676,4,0,4,0,10,10,4,3,3,3,4,3,8,8,5,0
24,1676,4,0,4,0,9,10,4,3,3,3,3,3,8,8,5,0
24,1676,4,0,4,0,9,10,4,3,3,3,3,3,8,8,0,0
24,1676,4,0,4,0,9,10,4,3,3,3,3,3,8,8,0,0
24,1676,4,0,4,0,9,10,4,3,3,3,3,3,8,8,0,0
24,1676,4,0,4,0,9,10,4,3,3,3,3,3,8,8,0,0
24,1676,4,0,4,0,9,9,4,3,3,3,3,3,8,8,0,0
24,1676,4,0,4,0,9,9,4,3,3,3,3,3,8,8,0,0
24,1676,4,0,4,0,9,9,4,3,3,3,3,3,7,8,0,0
25,1677,4,0,4,0,9,9,4,3,3,3,3,3,7,8,0,0
25,1677,4,0,4,0,9,9,4,3,3,3,3,3,7,8,0,0
25,1677,4,0,4,0,9,9,4,3,3,3,3,3,7,8,0,0
25,1677,4,0,4,0,9,9,4,3,3,3,3,3,7,8,0,0
25,1677,4,0,4,0,9,9,4,3,3,3,3,3,7,8,0,0
25,1677,4,0,4,0,9,9,4,3,3,3,3,3,7,8,0,0
25,1677,4,0,4,0,9,9,4,3,3,3,3,3,8,8,8,0
25,1677,4,0,4,0,10,9,4,4,3,2,4,4,8,8,8,1
25,1677,4,0,4,0,10,10,4,4,3,3,4,3,8,8,8,1
25,1677,4,0,4,0,10,10,4,4,3,3,4,3,8,8,9,2
25,1677,4,0,4,0,10,10,4,4,3,3,4,3,8,8,9,3
25,1677,4,0,4,0,10,10,4,3,3,3,4,3,8,8,9,4
25,1677,4,0,4,0,10,10,4,4,3,3,4,3,8,8,9,4
25,1677,4,0,4,0,10,9,4,4,3,3,4,3,8,8,5,4
25,1677,4,0,4,0,10,9,4,4,3,3,4,3,8,8,5,3
25,1677,4,0,4,0,10,9,4,4,3,3,4,3,8,8,5,1
25,1677,4,0,4,0,9,9,4,4,3,3,3,3,8,8,5,1
25,1677,4,0,4,0,9,9,4,4,3,3,3,3,8,8,0,1
25,1677,4,0,4,0,9,9,4,4,3,2,3,3,8,8,0,1
25,1677,4,0,4,0,9,9,4,4,3,2,3,3,8,8,0,1
25,1677,4,0,4,0,9,9,4,4,3,2,3,3,8,8,0,1
25,1677,4,0,4,0,9,9,4,4,3,2,3,3,8,8,0,1
25,1677,4,0,4,0,9,9,4,4,3,2,3,2,8,8,0,1
25,1677,4,0,4,0,9,9,4,4,3,2,3,2,7,8,0,1
26,1678,4,0,3,0,8,9,3,4,2,2,2,2,7,8,0,1
26,1678,4,0,3,0,8,9,3,4,2,2,2,2,7,8,0,1
26,1678,4,0,3,0,8,9,3,4,2,2,2,2,7,8,0,1
26,1678,4,0,3,0,8,9,3,4,2,2,2,2,7,8,0,1
26,1678,4,0,3,0,8,9,3,4,2,2,2,2,7,8,0,1
26,1678,4,0,3,0,8,9,3,4,2,2,2,2,7,8,0,1
26,1678,4,0,3,0,8,9,3,4,2,2,3,2,10,8,0,1
26,1678,4,0,3,0,8,9,3,4,2,2,3,2,10,8,0,0
26,1678,4,0,3,0,8,9,3,4,2,2,3,2,10,8,0,0
26,1678,4,0,3,0,8,9,3,4,2,2,3,2,10,8,0,0
26,1678,4,0,3,0,8,9,3,4,2,2,3,2,10,8,0,0
26,1678,4,0,3,0,8,9,3,4,2,2,3,2,10,8,0,0
26,1678,4,0,3,0,8,9,3,4,2,2,3,2,10,8,0,0
26,1678,4,0,3,0,8,9,3,4,2,2,3,2,10,8,0,0
26,1678,4,0,3,0,8,9,3,4,2,2,3,2,10,8,0,0
26,1678,4,0,3,0,8,9,3,4,2,2,2,2,8,8,0,0
26,1678,4,0,3,0,8,8,3,4,2,2,2,2,8,8,0,0
26,1678,4,0,3,0,8,8,3,4,2,2,2,2,8,8,0,0
26,1678,4,0,3,0,8,8,3,4,2,2,2,2,8,8,0,0
26,1678,4,0,3,0,8,8,3,4,2,2,2,2,8,8,0,0
26,1678,4,0,3,0,8,8,3,4,2,2,2,2,8,8,0,0
26,1678,4,0,3,0,8,8,3,4,2,2,2,2,8,8,0,0
26,1678,4,0,3,0,8,8,3,4,2,2,2,2,8,8,0,0
26,1678,4,0,3,0,8,8,3,4,2,2,2,2,7,8,0,0
27,1679,4,0,3,0,8,8,3,4,2,2,2,2,4,8,0,0
27,1679,4,0,3,0,8,8,3,4,2,2,2,2,4,8,0,0
27,1679,4,0,3,0,8,8,3,4,2,2,2,2,4,8,0,0
27,1679,4,0,3,0,8,8,3,4,2,2,2,2,4,8,0,0
27,1679,4,0,3,0,8,8,3,4,2,2,2,2,4,8,0,0
27,1679,4,0,3,0,8,8,3,4,2,2,2,2,4,8,0,0
27,1679,4,0,3,0,8,8,3,4,2,2,3,2,4,8,0,0
27,1679,4,0,3,0,8,8,3,4,2,2,3,2,5,7,0,0
27,1679,4,0,3,0,8,8,3,4,2,2,3,2,5,7,0,0
27,1679,4,0,3,0,8,8,3,4,2,2,3,1,5,7,0,0
27,1679,4,0,3,0,8,8,3,4,2,2,3,1,5,7,0,0
27,1679,4,0,3,0,8,8,3,4,2,2,3,0,5,7,0,0
27,1679,4,0,3,0,8,8,3,4,2,2,3,0,5,7,0,0
27,1679,4,0,3,0,8,8,3,4,2,2,3,0,5,7,0,0
27,1679,4,0,3,0,8,8,3,4,2,2,3,0,5,7,0,0
27,1679,4,0,3,0,8,8,3,4,2,2,2,0,4,7,0,0
27,1679,4,0,3,0,8,8,3,4,2,2,2,0,4,7,0,0
27,1679,4,0,3,0,8,8,3,4,2,2,2,0,4,7,0,0
27,1679,4,0,3,0,8,8,3,4,2,2,2,0,4,7,0,0
27,1679,4,0,3,0,8,8,3,4,2,2,2,0,4,7,0,0
27,1679,4,0,3,0,8,8,3,4,2,2,2,0,4,7,0,0
27,1679,4,0,3,0,8,8,3,4,2,2,2,0,4,7,0,0
27,1679,4,0,3,0,8,8,3,4,2,2,2,0,4,7,0,0
27,1679,4,0,3,0,8,8,3,4,2,2,2,0,4,7,0,0
0,1680,4,0,4,0,9,8,4,4,3,2,3,0,7,7,0,0
0,1680,4,0,4,0,9,8,4,4,3,2,3,0,7,7,0,0
0,1680,4,0,4,0,9,8,4,4,3,2,3,0,7,7,0,0
0,1680,4,0,4,0,9,8,4,4,3,2,3,0,7,7,0,0
0,1680,4,0,4,0,9,8,4,4,3,2,3,0,7,7,0,0
0,1680,4,0,4,0,9,8,4,4,3,2,3,0,7,7,0,0
0,1680,4,0,4,0,9,8,4,4,3,2,3,0,8,7,8,0
0,1680,4,0,4,0,10,8,4,4,3,3,4,1,8,8,8,2
0,1680,4,0,4,0,10,9,4,4,3,3,4,1,8,8,8,2
0,1680,4,0,4,0,10,10,4,4,3,3,4,1,8,8,9,2
0,1680,4,0,4,0,10,10,4,4,3,2,4,1,8,8,9,2
0,1680,4,0,4,0,10,10,4,4,3,3,4,1,8,8,9,2
0,1680,4,0,4,0,10,10,4,4,3,3,4,1,8,8,9,2
0,1680,4,0,4,0,10,9,4,4,3,3,4,1,8,8,5,2
0,1680,4,0,4,0,10,8,4,4,3,3,4,1,8,8,5,2
0,1680,4,0,4,0,10,8,4,4,3,3,4,1,8,8,5,2
0,1680,4,0,4,0,9,8,4,4,3,3,3,1,8,8,5,2
0,1680,4,0,4,0,9,8,4,4,3,3,3,1,8,8,0,2
0,1680,4,0,4,0,9,8,4,4,3,3,3,1,8,8,0,2
0,1680,4,0,4,0,9,8,4,4,3,3,3,1,8,8,0,2
0,1680,4,0,4,0,9,8,4,4,3,3,3,1,8,8,0,2
0,1680,4,0,4,0,9,8,4,4,3,3,3,1,8,8,0,1
0,1680,4,0,4,0,9,8,4,4,3,3,3,1,8,8,0,0
0,1680,4,0,4,0,9,8,4,4,3,3,3,1,7,8,0,0
1,1681,4,0,4,0,9,8,4,4,3,3,3,1,4,8,0,0
1,1681,4,0,4,0,9,8,4,4,3,3,3,1,4,8,0,0
1,1681,4,0,4,0,9,8,4,4,3,3,3,1,4,8,0,0
1,1681,4,0,4,0,9,8,4,4,3,3,3,1,4,8,0,0
1,1681,4,0,4,0,9,8,4,4,3,3,3,1,4,8,0,0
1,1681,4,0,4,0,9,8,4,4,3,3,3,1,4,8,0,0
1,1681,4,0,4,0,9,8,4,4,3,3,3,1,4,8,8,0
1,1681,4,0,4,0,10,9,4,4,3,3,4,1,5,7,8,1
1,1681,4,0,4,0,10,10,4,4,3,3,4,1,5,7,8,1
1,1681,4,0,4,0,10,10,4,4,3,3,4,1,5,7,9,2
1,1681,4,0,4,0,10,10,4,4,3,3,4,1,5,7,9,2
1,1681,4,0,4,0,10,10,4,4,3,3,4,1,5,7,9,2
1,1681,4,0,4,0,10,10,4,4,3,3,4,1,5,7,9,2
1,1681,4,0,4,0,10,10,4,4,3,3,4,1,5,7,5,2
1,1681,4,0,4,0,10,10,4,4,3,3,4,1,5,7,5,2
1,1681,4,0,4,0,10,10,4,4,3,3,4,0,4,7,5,2
1,1681,4,0,4,0,9,9,4,4,3,3,3,0,4,6,5,2
1,1681,4,0,4,0,9,9,4,4,3,3,3,0,4,6,0,2
1,1681,4,0,4,0,9,9,4,4,3,3,3,0,4,6,0,2
1,1681,4,0,4,0,9,9,4,4,3,3,3,0,4,6,0,1
1,1681,4,0,4,0,9,9,4,4,3,2,3,0,4,6,0,1
1,1681,4,0,4,0,9,9,4,4,3,2,3,0,4,6,0,1
1,1681,4,0,4,0,9,9,4,4,3,2,3,0,4,6,0,1
1,1681,4,0,4,0,9,9,4,4,3,2,3,0,4,6,0,1
2,1682,4,0,4,0,9,9,4,4,3,2,3,0,7,7,0,1
2,1682,4,0,4,0,9,9,4,4,3,2,3,0,7,7,0,1
2,1682,4,0,4,0,9,9,4,4,3,2,3,0,7,7,0,1
2,1682,4,0,4,0,9,9,4,4,3,2,3,0,7,7,0,1
2,1682,4,0,4,0,9,9,4,4,3,2,3,0,7,7,0,1
2,1682,4,0,4,0,9,9,4,4,3,2,3,0,7,7,0,1
2,1682,4,0,4,0,9,9,4,4,3,2,3,0,10,7,8,1
2,1682,4,0,4,0,10,8,4,4,3,3,4,1,10,10,8,1
2,1682,4,0,4,0,10,10,4,4,3,3,4,1,10,10,8,1
2,1682,4,0,4,0,10,10,4,4,3,3,4,1,10,10,9,1
2,1682,4,0,4,0,10,10,4,4,3,3,4,1,10,10,9,1
2,1682,4,0,4,0,10,10,4,4,3,3,4,1,10,11,9,1
2,1682,4,0,4,0,10,10,4,4,3,3,4,1,10,11,9,1
2,1682,4,0,4,0,10,10,4,4,3,3,4,1,10,9,5,0
2,1682,4,0,4,0,10,10,4,4,3,3,4,1,10,9,5,0
2,1682,4,0,4,0,10,10,4,4,3,3,4,1,8,9,5,0
2,1682,4,0,4,0,9,10,4,4,3,3,3,1,8,9,5,0
2,1682,4,0,4,0,9,10,4,4,3,3,3,1,8,9,0,0
2,1682,4,0,4,0,9,10,4,4,3,3,3,1,8,9,0,0
2,1682,4,0,4,0,9,9,4,4,3,3,3,1,8,8,0,0
2,1682,4,0,4,0,9,9,4,4,3,3,3,1,8,8,0,0
2,1682,4,0,4,0,9,9,4,4,3,3,3,1,8,8,0,0
2,1682,4,0,4,0,9,9,4,4,3,3,3,1,8,8,0,0
2,1682,4,0,4,0,9,9,4,4,3,3,3,1,7,8,0,0
3,1683,4,0,4,0,9,9,4,4,3,3,3,1,7,8,0,0
3,1683,4,0,4,0,9,9,4,4,3,3,3,1,7,8,0,0
3,1683,4,0,4,0,9,9,4,4,3,3,3,1,7,8,0,0
3,1683,4,0,4,0,9,9,4,4,3,3,3,1,7,8,0,0
3,1683,4,0,4,0,9,9,4,4,3,3,3,1,7,8,0,0
3,1683,4,0,4,0,9,9,4,4,3,3,3,1,7,8,0,0
3,1683,4,0,4,0,9,9,4,4,3,3,3,1,8,8,8,0
3,1683,4,0,4,0,10,10,4,4,3,3,4,2,8,8,8,0
3,1683,4,0,4,0,10,10,4,4,3,3,4,2,8,8,8,0
3,1683,4,0,4,0,10,10,4,4,3,3,4,2,8,8,9,0
3,1683,4,0,4,0,10,10,4,4,3,3,4,1,8,8,9,0
3,1683,4,0,4,0,10,10,4,4,3,3,4,1,8,8,9,0
3,1683,4,0,4,0,10,10,4,4,3,3,4,1,8,8,9,0
3,1683,4,0,4,0,10,9,4,4,3,3,4,1,8,8,5,0
3,1683,4,0,4,0,10,9,4,4,3,3,4,1,8,8,5,0
3,1683,4,0,4,0,10,8,4,4,3,3,4,1,8,7,5,0
3,1683,4,0,4,0,9,8,4,4,3,3,3,1,8,7,5,0
3,1683,4,0,4,0,9,8,4,4,3,3,3,1,8,7,0,0
3,1683,4,0,4,0,9,7,4,4,3,3,3,1,8,6,0,0
3,1683,4,0,4,0,9,7,4,4,3,3,3,1,8,6,0,0
3,1683,4,0,4,0,9,7,4,4,3,3,3,1,8,6,0,0
3,1683,4,0,4,0,9,7,4,4,3,3,3,1,8,6,0,0
3,1683,4,0,4,0,9,7,4,4,3,3,3,1,8,6,0,0
3,1683,4,0,4,0,9,7,4,4,3,3,3,1,7,6,0,0
4,1684,4,0,4,0,9,7,4,4,3,3,3,1,7,6,0,0
4,1684,4,0,4,0,9,7,4,4,3,3,3,1,7,6,0,0
4,1684,4,0,4,0,9,7,4,4,3,3,3,1,7,6,0,0
4,1684,4,0,4,0,9,7,4,4,3,3,3,1,7,6,0,0
4,1684,4,0,4,0,9,7,4,4,3,3,3,1,7,6,0,0
4,1684,4,0,4,0,9,7,4,4,3,3,3,1,7,6,0,0
4,1684,4,0,4,0,9,7,4,4,3,3,3,1,8,6,8,0
4,1684,4,0,4,0,10,9,4,4,3,2,4,2,8,8,8,1
4,1684,4,0,4,0,10,10,4,4,3,3,4,2,8,8,8,1
4,1684,4,0,4,0,10,10,4,4,3,3,4,2,8,8,9,1
4,1684,4,0,4,0,10,10,4,4,3,3,4,2,8,8,9,1
4,1684,4,0,4,0,10,9,4,4,3,3,4,2,8,8,9,1
4,1684,4,0,4,0,10,10,4,4,3,3,4,2,8,8,9,1
4,1684,4,0,4,0,10,10,4,4,3,3,4,2,8,7,5,1
4,1684,4,0,4,0,10,10,4,4,3,3,4,2,8,7,5,1
4,1684,4,0,4,0,10,10,4,4,3,3,4,2,8,7,5,1
4,1684,4,0,4,0,9,10,4,4,3,2,3,2,8,7,5,1
4,1684,4,0,4,0,9,10,4,4,3,2,3,2,8,7,0,1
4,1684,4,0,4,0,9,10,4,4,3,2,3,2,8,7,0,1
4,1684,4,0,4,0,9,10,4,4,3,2,3,2,8,7,0,1
4,1684,4,0,4,0,9,10,4,4,3,2,3,2,8,7,0,1
4,1684,4,0,4,0,9,10,4,4,3,2,3,2,8,7,0,1
4,1684,4,0,4,0,9,10,4,4,3,2,3,2,8,7,0,1
4,1684,4,0,4,0,9,10,4,4,3,2,3,2,7,7,0,1
5,1685,4,0,3,0,8,10,3,4,2,2,2,2,7,7,0,1
5,1685,4,0,3,0,8,10,3,4,2,2,2,2,7,7,0,1
5,1685,4,0,3,0,8,10,3,4,2,2,2,2,7,7,0,1
5,1685,4,0,3,0,8,10,3,4,2,2,2,2,7,7,0,1
5,1685,4,0,3,0,8,10,3,4,2,2,2,2,7,7,0,1
5,1685,4,0,3,0,8,10,3,4,2,2,2,2,7,7,0,1
5,1685,4,0,3,0,8,10,3,4,2,2,3,2,10,7,0,1
5,1685,4,0,3,0,8,8,3,4,2,2,3,2,10,6,0,0
5,1685,4,0,3,0,8,8,3,4,2,2,3,2,10,6,0,0
5,1685,4,0,3,0,8,6,3,4,2,2,3,2,10,5,0,0
5,1685,4,0,3,0,8,6,3,4,2,2,3,2,10,5,0,0
5,1685,4,0,3,0,8,6,3,4,2,2,3,2,10,5,0,0
5,1685,4,0,3,0,8,6,3,4,2,2,3,2,10,5,0,0
5,1685,4,0,3,0,8,6,3,4,2,2,3,2,10,5,0,0
5,1685,4,0,3,0,8,6,3,4,2,2,3,2,10,5,0,0
5,1685,4,0,3,0,8,6,3,4,2,2,2,2,8,5,0,0
5,1685,4,0,3,0,8,5,3,4,2,2,2,2,8,4,0,0
5,1685,4,0,3,0,8,5,3,4,2,2,2,2,8,4,0,0
5,1685,4,0,3,0,8,5,3,4,2,2,2,2,8,4,0,0
5,1685,4,0,3,0,8,5,3,4,2,2,2,2,8,4,0,0
5,1685,4,0,3,0,8,5,3,4,2,2,2,2,8,4,0,0
5,1685,4,0,3,0,8,5,3,4,2,2,2,2,8,4,0,0
5,1685,4,0,3,0,8,5,3,4,2,2,2,2,8,4,0,0
5,1685,4,0,3,0,8,5,3,4,2,2,2,2,7,4,0,0
6,1686,4,0,3,0,8,5,3,4,2,2,2,2,4,4,0,0
6,1686,4,0,3,0,8,5,3,4,2,2,2,2,4,4,0,0
6,1686,4,0,3,0,8,5,3,4,2,2,2,2,4,4,0,0
6,1686,4,0,3,0,8,5,3,4,2,2,2,2,4,4,0,0
6,1686,4,0,3,0,8,5,3,4,2,2,2,2,4,4,0,0
6,1686,4,0,3,0,8,5,3,4,2,2,2,2,4,4,0,0
6,1686,4,0,3,0,8,5,3,4,2,2,3,2,4,4,0,0
6,1686,4,0,3,0,8,5,3,4,2,2,3,2,5,4,0,0
6,1686,4,0,3,0,8,5,3,4,2,2,3,2,5,4,0,0
6,1686,4,0,3,0,8,5,3,4,2,2,3,2,5,4,0,0
6,1686,4,0,3,0,8,5,3,4,2,2,3,2,5,4,0,0
6,1686,4,0,3,0,8,5,3,4,2,2,3,2,5,4,0,0
6,1686,4,0,3,0,8,5,3,4,2,2,3,2,5,4,0,0
6,1686,4,0,3,0,8,5,3,4,2,2,3,2,5,4,0,0
6,1686,4,0,3,0,8,5,3,4,2,2,3,2,5,4,0,0
6,1686,4,0,3,0,8,5,3,4,2,2,2,2,4,4,0,0
6,1686,4,0,3,0,8,5,3,4,2,2,2,2,4,4,0,0
6,1686,4,0,3,0,8,5,3,4,2,2,2,2,4,4,0,0
6,1686,4,0,3,0,8,5,3,4,2,2,2,2,4,4,0,0
6,1686,4,0,3,0,8,5,3,4,2,2,2,2,4,4,0,0
6,1686,4,0,3,0,8,5,3,4,2,2,2,2,4,4,0,0
6,1686,4,0,3,0,8,5,3,4,2,2,2,2,4,4,0,0
6,1686,4,0,3,0,8,5,3,4,2,2,2,2,4,4,0,0
6,1686,4,0,3,0,8,5,3,4,2,2,2,2,4,4,0,0
7,1687,4,0,4,0,9,5,4,4,3,2,3,2,7,4,0,0
7,1687,4,0,4,0,9,5,4,4,3,2,3,2,7,4,0,0
7,1687,4,0,4,0,9,5,4,4,3,2,3,2,7,4,0,0
7,1687,4,0,4,0,9,5,4,4,3,2,3,2,7,4,0,0
7,1687,4,0,4,0,9,5,4,4,3,2,3,2,7,4,0,0
7,1687,4,0,4,0,9,5,4,4,3,2,3,2,7,4,0,0
7,1687,4,0,4,0,9,5,4,4,3,2,3,2,8,4,8,0
7,1687,4,0,4,0,10,8,4,4,3,3,4,3,8,5,8,1
7,1687,4,0,4,0,10,8,4,4,3,3,4,3,8,6,8,1
7,1687,4,0,4,0,10,8,4,4,3,3,4,3,8,7,9,1
7,1687,4,0,4,0,10,9,4,4,3,3,4,3,8,7,9,1
7,1687,4,0,4,0,10,9,4,4,3,3,4,3,8,8,9,1
7,1687,4,0,4,0,10,8,4,4,3,3,4,3,8,8,9,1
7,1687,4,0,4,0,10,7,4,4,3,3,4,3,8,7,5,1
7,1687,4,0,4,0,10,7,4,4,3,3,4,3,8,7,5,1
7,1687,4,0,4,0,10,7,4,4,3,3,4,3,8,7,5,1
7,1687,4,0,4,0,9,7,4,4,3,3,3,3,8,7,5,1
7,1687,4,0,4,0,9,7,4,4,3,3,3,3,8,7,0,1
7,1687,4,0,4,0,9,7,4,4,3,3,3,3,8,6,0,1
7,1687,4,0,4,0,9,7,4,4,3,3,3,3,8,6,0,1
7,1687,4,0,4,0,9,7,4,4,3,3,3,3,8,6,0,0
7,1687,4,0,4,0,9,7,4,4,3,3,3,3,8,6,0,0
7,1687,4,0,4,0,9,7,4,4,3,2,3,3,8,6,0,0
7,1687,4,0,4,0,9,7,4,4,3,2,3,3,7,6,0,0
8,1688,4,0,4,0,9,7,4,4,3,2,3,3,4,6,0,0
8,1688,4,0,4,0,9,7,4,4,3,2,3,3,4,6,0,0
8,1688,4,0,4,0,9,7,4,4,3,2,3,3,4,6,0,0
8,1688,4,0,4,0,9,7,4,4,3,2,3,3,4,6,0,0
8,1688,4,0,4,0,9,7,4,4,3,2,3,3,4,6,0,0
8,1688,4,0,4,0,9,7,4,4,3,2,3,3,4,6,0,0
8,1688,4,0,4,0,9,7,4,4,3,2,3,3,4,6,8,0
8,1688,4,0,4,0,10,9,4,4,3,3,4,4,5,6,8,2
8,1688,4,0,4,0,10,9,4,4,3,3,4,4,5,6,8,3
8,1688,4,0,4,0,10,10,4,4,3,2,4,4,5,6,9,3
8,1688,4,0,4,0,10,10,4,4,3,3,4,3,5,6,9,3
8,1688,4,0,4,0,10,10,4,4,3,3,4,3,5,6,9,3
8,1688,4,0,4,0,10,10,4,4,3,3,4,3,5,6,9,3
8,1688,4,0,4,0,10,10,4,4,3,3,4,3,5,6,5,3
8,1688,4,0,4,0,10,9,4,4,3,3,4,3,5,6,5,3
8,1688,4,0,4,0,10,9,4,4,3,3,4,3,4,6,5,3
8,1688,4,0,4,0,9,9,4,4,3,3,3,3,4,6,5,3
8,1688,4,0,4,0,9,9,4,4,3,3,3,3,4,6,0,3
8,1688,4,0,4,0,9,9,4,4,3,3,3,3,4,6,0,3
8,1688,4,0,4,0,9,9,4,4,3,2,3,3,4,6,0,2
8,1688,4,0,4,0,9,9,4,4,3,2,3,3,4,6,0,2
8,1688,4,0,4,0,9,9,4,4,3,2,3,3,4,6,0,2
8,1688,4,0,4,0,9,9,4,4,3,2,3,3,4,6,0,2
8,1688,4,0,4,0,9,9,4,4,3,2,3,3,4,6,0,2
9,1689,4,0,4,0,9,9,4,4,3,2,3,3,7,7,0,2
9,1689,4,0,4,0,9,9,4,4,3,2,3,3,7,7,0,2
9,1689,4,0,4,0,9,9,4,4,3,2,3,3,7,7,0,2
9,1689,4,0,4,0,9,9,4,4,3,2,3,3,7,7,0,2
9,1689,4,0,4,0,9,9,4,4,3,2,3,3,7,7,0,2
9,1689,4,0,4,0,9,9,4,4,3,2,3,3,7,7,0,2
9,1689,4,0,4,0,9,9,4,4,3,2,3,3,10,7,8,2
9,1689,4,0,4,0,10,10,4,4,3,3,4,4,10,10,8,1
9,1689,4,0,4,0,10,10,4,4,3,3,4,4,10,10,8,2
9,1689,4,0,4,0,10,10,4,4,3,3,4,4,10,11,9,2
9,1689,4,0,4,0,10,10,4,4,3,3,4,4,10,10,9,3
9,1689,4,0,4,0,10,10,4,4,3,3,4,4,10,10,9,3
9,1689,4,0,4,0,10,10,4,4,3,3,4,4,10,10,9,3
9,1689,4,0,4,0,10,10,4,4,3,3,4,4,10,10,5,3
9,1689,4,0,4,0,10,10,4,3,3,3,4,4,10,9,5,1
9,1689,4,0,4,0,10,10,4,3,3,3,4,4,8,9,5,1
9,1689,4,0,4,0,9,10,4,3,3,3,3,4,8,9,5,1
9,1689,4,0,4,0,9,10,4,3,3,3,3,4,8,9,0,1
9,1689,4,0,4,0,9,10,4,3,3,3,3,4,8,9,0,1
9,1689,4,0,4,0,9,10,4,3,3,3,3,4,8,9,0,1
9,1689,4,0,4,0,9,10,4,3,3,3,3,4,8,9,0,0
9,1689,4,0,4,0,9,10,4,3,3,3,3,4,8,9,0,0
9,1689,4,0,4,0,9,10,4,3,3,3,3,4,8,9,0,0
9,1689,4,0,4,0,9,10,4,3,3,3,3,4,7,9,0,0
10,1690,4,0,4,0,9,10,4,3,3,3,3,4,7,9,0,0
10,1690,4,0,4,0,9,10,4,3,3,3,3,4,7,9,0,0
10,1690,4,0,4,0,9,10,4,3,3,3,3,4,7,9,0,0
10,1690,4,0,4,0,9,10,4,3,3,3,3,4,7,9,0,0
10,1690,4,0,4,0,9,10,4,3,3,3,3,4,7,9,0,0
10,1690,4,0,4,0,9,10,4,3,3,3,3,4,7,9,0,0
10,1690,4,0,4,0,9,10,4,3,3,3,3,4,8,9,8,0
10,1690,4,0,4,0,10,10,4,4,3,3,4,4,8,7,8,0
10,1690,4,0,4,0,10,10,4,4,3,3,4,4,8,8,8,0
10,1690,4,0,4,0,10,10,4,4,3,3,4,4,8,8,9,0
10,1690,4,0,4,0,10,9,4,4,3,3,4,4,8,8,9,0
10,1690,4,0,4,0,10,10,4,3,3,3,4,4,8,8,9,0
10,1690,4,0,4,0,10,9,4,3,3,3,4,4,8,8,9,0
10,1690,4,0,4,0,10,9,4,3,3,3,4,4,8,8,5,0
10,1690,4,0,4,0,10,9,4,3,3,3,4,4,8,8,5,0
10,1690,4,0,4,0,10,9,4,3,3,3,4,4,8,8,5,0
10,1690,4,0,4,0,9,8,4,3,3,3,3,4,8,8,5,0
10,1690,4,0,4,0,9,8,4,3,3,3,3,4,8,8,0,0
10,1690,4,0,4,0,9,8,4,3,3,3,3,4,8,8,0,0
10,1690,4,0,4,0,9,8,4,3,3,3,3,4,8,8,0,0
10,1690,4,0,4,0,9,8,4,3,3,3,3,4,8,8,0,0
10,1690,4,0,4,0,9,8,4,3,3,3,3,4,8,8,0,0
10,1690,4,0,4,0,9,8,4,3,3,3,3,4,8,7,0,0
10,1690,4,0,4,0,9,8,4,3,3,3,3,4,7,7,0,0
11,1691,4,0,4,0,9,8,4,3,3,3,3,4,7,7,0,0
11,1691,4,0,4,0,9,8,4,3,3,3,3,4,7,7,0,0
11,1691,4,0,4,0,9,8,4,3,3,3,3,4,7,7,0,0
11,1691,4,0,4,0,9,8,4,3,3,3,3,4,7,7,0,0
11,1691,4,0,4,0,9,8,4,3,3,3,3,4,7,7,0,0
11,1691,4,0,4,0,9,8,4,3,3,3,3,4,7,7,0,0
11,1691,4,0,4,0,9,8,4,3,3,3,3,4,8,7,8,0
11,1691,4,0,4,0,10,9,4,4,3,3,4,4,8,8,8,0
11,1691,4,0,4,0,10,10,4,4,3,3,4,4,8,8,8,1
11,1691,4,0,4,0,10,10,4,4,3,3,4,4,8,8,9,1
11,1691,4,0,4,0,10,10,4,4,3,3,4,4,8,8,9,1
11,1691,4,0,4,0,10,10,4,4,3,3,4,4,8,7,9,1
11,1691,4,0,4,0,10,10,4,4,3,3,4,4,8,7,9,1
11,1691,4,0,4,0,10,10,4,3,3,3,4,4,8,7,5,0
11,1691,4,0,4,0,10,10,4,3,3,3,4,4,8,7,5,0
11,1691,4,0,4,0,10,9,4,3,3,3,4,4,8,6,5,0
11,1691,4,0,4,0,9,9,4,3,3,3,3,4,8,6,5,0
11,1691,4,0,4,0,9,9,4,3,3,3,3,4,8,6,0,0
11,1691,4,0,4,0,9,9,4,3,3,3,3,4,8,6,0,0
11,1691,4,0,4,0,9,9,4,3,3,3,3,4,8,6,0,0
11,1691,4,0,4,0,9,7,4,3,3,3,3,4,8,5,0,0
11,1691,4,0,4,0,9,7,4,3,3,3,3,4,8,5,0,0
11,1691,4,0,4,0,9,7,4,3,3,3,3,4,8,5,0,0
11,1691,4,0,4,0,9,7,4,3,3,3,3,4,7,5,0,0
12,1692,4,0,3,0,8,7,3,3,2,3,2,4,7,5,0,0
12,1692,4,0,3,0,8,7,3,3,2,3,2,4,7,5,0,0
12,1692,4,0,3,0,8,7,3,3,2,3,2,4,7,5,0,0
12,1692,4,0,3,0,8,7,3,3,2,3,2,4,7,5,0,0
12,1692,4,0,3,0,8,7,3,3,2,3,2,4,7,5,0,0
12,1692,4,0,3,0,8,7,3,3,2,3,2,4,7,5,0,0
12,1692,4,0,3,0,8,7,3,3,2,3,3,4,10,5,0,0
12,1692,4,0,3,0,8,6,3,3,2,3,3,2,10,5,0,0
12,1692,4,0,3,0,8,6,3,3,2,2,3,2,10,5,0,0
12,1692,4,0,3,0,8,6,3,3,2,2,3,2,10,5,0,0
12,1692,4,0,3,0,8,6,3,3,2,2,3,2,10,5,0,0
12,1692,4,0,3,0,8,6,3,3,2,2,3,2,10,5,0,0
12,1692,4,0,3,0,8,6,3,3,2,2,3,2,10,5,0,0
12,1692,4,0,3,0,8,6,3,3,2,2,3,2,10,5,0,0
12,1692,4,0,3,0,8,6,3,3,2,2,3,2,10,5,0,0
12,1692,4,0,3,0,8,6,3,3,2,1,2,2,8,5,0,0
12,1692,4,0,3,0,8,6,3,3,2,1,2,2,8,5,0,0
12,1692,4,0,3,0,8,6,3,3,2,1,2,2,8,5,0,0
12,1692,4,0,3,0,8,6,3,3,2,1,2,2,8,5,0,0
12,1692,4,0,3,0,8,6,3,3,2,1,2,2,8,5,0,0
12,1692,4,0,3,0,8,6,3,3,2,1,2,2,8,5,0,0
12,1692,4,0,3,0,8,6,3,3,2,1,2,2,8,5,0,0
12,1692,4,0,3,0,8,6,3,3,2,1,2,1,8,5,0,0
12,1692,4,0,3,0,8,6,3,3,2,1,2,1,7,5,0,0
13,1693,4,0,3,0,8,6,3,3,2,1,2,1,4,5,0,0
13,1693,4,0,3,0,8,6,3,3,2,1,2,1,4,5,0,0
13,1693,4,0,3,0,8,6,3,3,2,1,2,1,4,5,0,0
13,1693,4,0,3,0,8,6,3,3,2,1,2,1,4,5,0,0
13,1693,4,0,3,0,8,6,3,3,2,1,2,1,4,5,0,0
13,1693,4,0,3,0,8,6,3,3,2,1,2,1,4,5,0,0
13,1693,4,0,3,0,8,6,3,3,2,1,3,1,4,5,0,0
13,1693,4,0,3,0,8,6,3,3,2,1,3,1,5,5,0,0
13,1693,4,0,3,0,8,6,3,3,2,1,3,1,5,5,0,0
13,1693,4,0,3,0,8,6,3,3,2,1,3,1,5,5,0,0
13,1693,4,0,3,0,8,6,3,3,2,1,3,1,5,5,0,0
13,1693,4,0,3,0,8,6,3,3,2,1,3,1,5,5,0,0
13,1693,4,0,3,0,8,6,3,3,2,1,3,1,5,5,0,0
13,1693,4,0,3,0,8,6,3,3,2,1,3,1,5,5,0,0
13,1693,4,0,3,0,8,6,3,3,2,1,3,1,5,5,0,0
13,1693,4,0,3,0,8,6,3,3,2,1,2,1,4,5,0,0
13,1693,4,0,3,0,8,6,3,3,2,1,2,1,4,5,0,0
13,1693,4,0,3,0,8,5,3,3,2,1,2,1,4,4,0,0
13,1693,4,0,3,0,8,5,3,3,2,1,2,1,4,4,0,0
13,1693,4,0,3,0,8,5,3,3,2,1,2,1,4,4,0,0
13,1693,4,0,3,0,8,5,3,3,2,1,2,1,4,4,0,0
13,1693,4,0,3,0,8,5,3,2,2,0,2,1,4,4,0,0
13,1693,4,0,3,0,8,5,3,2,2,0,2,1,4,4,0,0
13,1693,4,0,3,0,8,5,3,2,2,0,2,1,4,4,0,0
14,1694,4,0,4,0,9,5,4,2,3,0,3,1,7,4,0,0
14,1694,4,0,4,0,9,5,4,2,3,0,3,1,7,4,0,0
14,1694,4,0,4,0,9,5,4,2,3,0,3,1,7,4,0,0
14,1694,4,0,4,0,9,5,4,2,3,0,3,1,7,4,0,0
14,1694,4,0,4,0,9,5,4,2,3,0,3,1,7,4,0,0
14,1694,4,0,4,0,9,5,4,2,3,0,3,1,7,4,0,0
14,1694,4,0,4,0,9,5,4,2,3,0,3,1,8,4,8,0
14,1694,4,0,4,0,10,8,4,4,3,0,4,1,8,5,8,2
14,1694,4,0,4,0,10,9,4,4,3,0,4,1,8,5,8,2
14,1694,4,0,4,0,10,10,4,4,3,1,4,1,8,8,9,2
14,1694,4,0,4,0,10,10,4,4,3,1,4,1,8,8,9,2
14,1694,4,0,4,0,10,10,4,4,3,1,4,1,8,8,9,2
14,1694,4,0,4,0,10,10,4,4,3,1,4,1,8,8,9,2
14,1694,4,0,4,0,10,10,4,4,3,0,4,1,8,7,5,2
14,1694,4,0,4,0,10,10,4,4,3,0,4,1,8,8,5,2
14,1694,4,0,4,0,10,10,4,4,3,0,4,1,8,7,5,1
14,1694,4,0,4,0,9,10,4,4,3,0,3,1,8,7,5,1
14,1694,4,0,4,0,9,9,4,4,3,0,3,1,8,7,0,1
14,1694,4,0,4,0,9,9,4,4,3,0,3,1,8,7,0,0
14,1694,4,0,4,0,9,9,4,4,3,0,3,1,8,6,0,0
14,1694,4,0,4,0,9,9,4,4,3,0,3,1,8,6,0,0
14,1694,4,0,4,0,9,9,4,4,3,0,3,1,8,6,0,0
14,1694,4,0,4,0,9,9,4,4,3,0,3,1,8,6,0,0
14,1694,4,0,4,0,9,9,4,4,3,0,3,1,7,6,0,0
15,1695,4,0,4,0,9,9,4,4,3,0,3,1,4,6,0,0
15,1695,4,0,4,0,9,9,4,4,3,0,3,1,4,6,0,0
15,1695,4,0,4,0,9,9,4,4,3,0,3,1,4,6,0,0
15,1695,4,0,4,0,9,9,4,4,3,0,3,1,4,6,0,0
15,1695,4,0,4,0,9,9,4,4,3,0,3,1,4,6,0,0
15,1695,4,0,4,0,9,9,4,4,3,0,3,1,4,6,0,0
15,1695,4,0,4,0,9,9,4,4,3,0,3,1,4,6,8,0
15,1695,4,0,4,0,10,9,4,3,3,3,4,2,5,6,8,2
15,1695,4,0,4,0,10,10,4,4,3,3,4,2,5,6,8,3
15,1695,4,0,4,0,10,10,4,4,3,2,4,2,5,6,9,4
15,1695,4,0,4,0,10,10,4,4,3,3,4,2,5,6,9,4
15,1695,4,0,4,0,10,10,4,4,3,3,4,2,5,6,9,4
15,1695,4,0,4,0,10,9,4,4,3,1,4,2,5,6,9,4
15,1695,4,0,4,0,10,10,4,4,3,1,4,2,5,6,5,4
15,1695,4,0,4,0,10,10,4,4,3,1,4,2,5,6,5,4
15,1695,4,0,4,0,10,10,4,4,3,1,4,2,4,6,5,3
15,1695,4,0,4,0,9,10,4,4,3,1,3,2,4,6,5,3
15,1695,4,0,4,0,9,9,4,3,3,1,3,2,4,6,0,2
15,1695,4,0,4,0,9,8,4,3,3,0,3,2,4,5,0,2
15,1695,4,0,4,0,9,8,4,3,3,0,3,2,4,5,0,2
15,1695,4,0,4,0,9,8,4,3,3,0,3,2,4,5,0,2
15,1695,4,0,4,0,9,8,4,3,3,0,3,2,4,5,0,2
15,1695,4,0,4,0,9,8,4,3,3,0,3,2,4,5,0,2
15,1695,4,0,4,0,9,8,4,3,3,0,3,2,4,5,0,2
16,1696,4,0,4,0,9,8,4,3,3,0,3,2,7,6,0,2
16,1696,4,0,4,0,9,8,4,3,3,0,3,2,7,6,0,2
16,1696,4,0,4,0,9,8,4,3,3,0,3,2,7,6,0,2
16,1696,4,0,4,0,9,8,4,3,3,0,3,2,7,6,0,2
16,1696,4,0,4,0,9,8,4,3,3,0,3,2,7,6,0,2
16,1696,4,0,4,0,9,8,4,3,3,0,3,2,7,6,0,2
16,1696,4,0,4,0,9,8,4,3,3,0,3,2,10,6,8,2
16,1696,4,0,4,0,10,9,4,4,3,0,4,3,10,9,8,2
16,1696,4,0,4,0,10,10,4,4,3,0,4,3,10,10,8,1
16,1696,4,0,4,0,10,10,4,4,3,1,4,3,10,10,9,2
16,1696,4,0,4,0,10,10,4,4,3,1,4,3,10,11,9,2
16,1696,4,0,4,0,10,10,4,4,3,2,4,3,10,11,9,2
16,1696,4,0,4,0,10,10,4,4,3,2,4,3,10,11,9,2
16,1696,4,0,4,0,10,10,4,4,3,2,4,3,10,11,5,2
16,1696,4,0,4,0,10,10,4,4,3,0,4,3,10,11,5,2
16,1696,4,0,4,0,10,10,4,4,3,0,4,3,8,11,5,2
16,1696,4,0,4,0,9,10,4,4,3,0,3,3,8,11,5,2
16,1696,4,0,4,0,9,10,4,4,3,0,3,3,8,10,0,1
16,1696,4,0,4,0,9,10,4,4,3,0,3,3,8,10,0,1
16,1696,4,0,4,0,9,10,4,4,3,0,3,3,8,10,0,1
16,1696,4,0,4,0,9,10,4,4,3,0,3,3,8,10,0,1
16,1696,4,0,4,0,9,10,4,4,3,0,3,3,8,10,0,1
16,1696,4,0,4,0,9,10,4,4,3,0,3,3,8,8,0,1
16,1696,4,0,4,0,9,10,4,4,3,0,3,3,7,8,0,1
17,1697,4,0,4,0,9,10,4,4,3,0,3,3,7,8,0,1
17,1697,4,0,4,0,9,10,4,4,3,0,3,3,7,8,0,1
17,1697,4,0,4,0,9,10,4,4,3,0,3,3,7,8,0,1
17,1697,4,0,4,0,9,10,4,4,3,0,3,3,7,8,0,1
17,1697,4,0,4,0,9,10,4,4,3,0,3,3,7,8,0,1
17,1697,4,0,4,0,9,10,4,4,3,0,3,3,7,8,0,1
17,1697,4,0,4,0,9,10,4,4,3,0,3,3,8,8,8,1
17,1697,4,0,4,0,10,10,4,3,3,1,4,4,8,7,8,1
17,1697,4,0,4,0,10,10,4,3,3,1,4,4,8,8,8,1
17,1697,4,0,4,0,10,10,4,3,3,1,4,4,8,8,9,1
17,1697,4,0,4,0,10,10,4,3,3,1,4,4,8,8,9,1
17,1697,4,0,4,0,10,10,4,3,3,1,4,4,8,8,9,0
17,1697,4,0,4,0,10,10,4,3,3,1,4,4,8,8,9,0
17,1697,4,0,4,0,10,10,4,3,3,1,4,4,8,8,5,0
17,1697,4,0,4,0,10,10,4,3,3,1,4,4,8,7,5,0
17,1697,4,0,4,0,10,10,4,3,3,1,4,4,8,7,5,0
17,1697,4,0,4,0,9,10,4,3,3,1,3,4,8,7,5,0
17,1697,4,0,4,0,9,10,4,3,3,1,3,4,8,6,0,0
17,1697,4,0,4,0,9,10,4,3,3,1,3,4,8,5,0,0
17,1697,4,0,4,0,9,10,4,3,3,1,3,4,8,5,0,0
17,1697,4,0,4,0,9,10,4,3,3,1,3,4,8,5,0,0
17,1697,4,0,4,0,9,10,4,3,3,1,3,4,8,5,0,0
17,1697,4,0,4,0,9,10,4,3,3,1,3,4,8,5,0,0
17,1697,4,0,4,0,9,10,4,3,3,1,3,4,7,5,0,0
18,1698,4,0,4,0,9,10,4,3,3,1,3,4,7,5,0,0
18,1698,4,0,4,0,9,10,4,3,3,1,3,4,7,5,0,0
18,1698,4,0,4,0,9,10,4,3,3,1,3,4,7,5,0,0
18,1698,4,0,4,0,9,10,4,3,3,1,3,4,7,5,0,0
18,1698,4,0,4,0,9,10,4,3,3,1,3,4,7,5,0,0
18,1698,4,0,4,0,9,10,4,3,3,1,3,4,7,5,0,0
18,1698,4,0,4,0,9,10,4,3,3,1,3,4,8,5,8,0
18,1698,4,0,4,0,10,10,4,3,3,2,4,4,8,7,8,1
18,1698,4,0,4,0,10,10,4,4,3,3,4,4,8,8,8,1
18,1698,4,0,4,0,10,10,4,4,3,2,4,4,8,8,9,2
18,1698,4,0,4,0,10,10,4,4,3,3,4,4,8,8,9,2
18,1698,4,0,4,0,10,10,4,4,3,3,4,3,8,8,9,2
18,1698,4,0,4,0,10,10,4,4,3,3,4,3,8,8,9,2
18,1698,4,0,4,0,10,10,4,4,3,3,4,3,8,9,5,2
18,1698,4,0,4,0,10,10,4,3,3,3,4,3,8,9,5,2
18,1698,4,0,4,0,10,10,4,3,3,3,4,3,8,8,5,1
18,1698,4,0,4,0,9,10,4,3,3,2,3,2,8,8,5,1
18,1698,4,0,4,0,9,10,4,3,3,2,3,2,8,8,0,1
18,1698,4,0,4,0,9,10,4,3,3,2,3,2,8,8,0,1
18,1698,4,0,4,0,9,10,4,3,3,2,3,2,8,8,0,1
18,1698,4,0,4,0,9,10,4,3,3,2,3,2,8,8,0,1
18,1698,4,0,4,0,9,10,4,3,3,2,3,2,8,8,0,1
18,1698,4,0,4,0,9,10,4,3,3,2,3,2,8,8,0,0
18,1698,4,0,4,0,9,10,4,3,3,2,3,2,7,8,0,0
19,1699,4,0,3,0,8,10,3,3,2,2,2,2,7,8,0,0
19,1699,4,0,3,0,8,10,3,3,2,2,2,2,7,8,0,0
19,1699,4,0,3,0,8,10,3,3,2,2,2,2,7,8,0,0
19,1699,4,0,3,0,8,10,3,3,2,2,2,2,7,8,0,0
19,1699,4,0,3,0,8,10,3,3,2,2,2,2,7,8,0,0
19,1699,4,0,3,0,8,10,3,3,2,2,2,2,7,8,0,0
19,1699,4,0,3,0,8,10,3,3,2,2,3,2,10,8,0,0
19,1699,4,0,3,0,8,10,3,2,2,1,3,2,10,8,0,0
19,1699,4,0,3,0,8,10,3,2,2,1,3,2,10,8,0,0
19,1699,4,0,3,0,8,10,3,2,2,1,3,2,10,8,0,0
19,1699,4,0,3,0,8,10,3,2,2,1,3,2,10,8,0,0
19,1699,4,0,3,0,8,10,3,2,2,1,3,2,10,8,0,0
19,1699,4,0,3,0,8,10,3,2,2,1,3,2,10,8,0,0
19,1699,4,0,3,0,8,10,3,2,2,1,3,2,10,8,0,0
19,1699,4,0,3,0,8,9,3,2,2,1,3,2,10,8,0,0
19,1699,4,0,3,0,8,8,3,2,2,1,2,2,8,8,0,0
19,1699,4,0,3,0,8,8,3,2,2,1,2,2,8,8,0,0
19,1699,4,0,3,0,8,8,3,2,2,1,2,2,8,8,0,0
19,1699,4,0,3,0,8,8,3,2,2,1,2,2,8,8,0,0
19,1699,4,0,3,0,8,8,3,2,2,1,2,2,8,7,0,0
19,1699,4,0,3,0,8,8,3,2,2,1,2,2,8,7,0,0
19,1699,4,0,3,0,8,8,3,2,2,1,2,2,8,7,0,0
19,1699,4,0,3,0,8,8,3,2,2,1,2,2,8,7,0,0
19,1699,4,0,3,0,8,8,3,2,2,1,2,2,7,7,0,0
20,1700,4,0,3,0,8,8,3,2,2,1,2,2,4,7,0,0
20,1700,4,0,3,0,8,8,3,2,2,1,2,2,4,7,0,0
20,1700,4,0,3,0,8,8,3,2,2,1,2,2,4,7,0,0
20,1700,4,0,3,0,8,8,3,2,2,1,2,2,4,7,0,0
20,1700,4,0,3,0,8,8,3,2,2,1,2,2,4,7,0,0
20,1700,4,0,3,0,8,8,3,2,2,1,2,2,4,7,0,0
20,1700,4,0,3,0,8,8,3,2,2,1,3,2,4,7,0,0
20,1700,4,0,3,0,8,8,3,2,2,1,3,2,5,7,0,0
20,1700,4,0,3,0,8,8,3,2,2,1,3,2,5,7,0,0
20,1700,4,0,3,0,8,8,3,2,2,1,3,2,5,6,0,0
20,1700,4,0,3,0,8,8,3,2,2,1,3,2,5,6,0,0
20,1700,4,0,3,0,8,8,3,1,2,1,3,2,5,6,0,0
20,1700,4,0,3,0,8,8,3,1,2,1,3,2,5,6,0,0
20,1700,4,0,3,0,8,8,3,1,2,1,3,2,5,6,0,0
20,1700,4,0,3,0,8,8,3,1,2,1,3,2,5,6,0,0
20,1700,4,0,3,0,8,8,3,1,2,1,2,1,4,6,0,0
20,1700,4,0,3,0,8,8,3,1,2,1,2,1,4,6,0,0
20,1700,4,0,3,0,8,8,3,1,2,1,2,1,4,6,0,0
20,1700,4,0,3,0,8,8,3,1,2,1,2,1,4,6,0,0
20,1700,4,0,3,0,8,8,3,1,2,1,2,1,4,6,0,0
20,1700,4,0,3,0,8,8,3,1,2,1,2,1,4,6,0,0
20,1700,4,0,3,0,8,8,3,1,2,1,2,1,4,6,0,0
20,1700,4,0,3,0,8,8,3,1,2,1,2,1,4,6,0,0
20,1700,4,0,3,0,8,8,3,1,2,1,2,1,4,6,0,0
21,1701,4,0,4,0,9,8,4,1,3,1,3,1,7,6,0,0
21,1701,4,0,4,0,9,8,4,1,3,1,3,1,7,6,0,0
21,1701,4,0,4,0,9,8,4,1,3,1,3,1,7,6,0,0
21,1701,4,0,4,0,9,8,4,1,3,1,3,1,7,6,0,0
21,1701,4,0,4,0,9,8,4,1,3,1,3,1,7,6,0,0
21,1701,4,0,4,0,9,8,4,1,3,1,3,1,7,6,0,0
21,1701,4,0,4,0,9,8,4,1,3,1,3,1,8,6,8,0
21,1701,4,0,4,0,10,10,4,3,3,2,4,2,8,8,8,1
21,1701,4,0,4,0,10,10,4,4,3,3,4,2,8,8,8,1
21,1701,4,0,4,0,10,10,4,4,3,2,4,2,8,8,9,1
21,1701,4,0,4,0,10,10,4,4,3,3,4,2,8,8,9,1
21,1701,4,0,4,0,10,10,4,4,3,3,4,2,8,8,9,1
21,1701,4,0,4,0,10,10,4,4,3,3,4,2,8,8,9,1
21,1701,4,0,4,0,10,10,4,4,3,3,4,2,8,8,5,1
21,1701,4,0,4,0,10,10,4,4,3,3,4,2,8,8,5,1
21,1701,4,0,4,0,10,10,4,4,3,3,4,2,8,8,5,1
21,1701,4,0,4,0,9,10,4,4,3,3,3,2,8,8,5,1
21,1701,4,0,4,0,9,10,4,4,3,3,3,2,8,8,0,1
21,1701,4,0,4,0,9,10,4,4,3,3,3,2,8,8,0,1
21,1701,4,0,4,0,9,10,4,3,3,3,3,2,8,8,0,0
21,1701,4,0,4,0,9,10,4,3,3,3,3,2,8,8,0,0
21,1701,4,0,4,0,9,9,4,3,3,3,3,2,8,7,0,0
21,1701,4,0,4,0,9,9,4,3,3,3,3,2,8,7,0,0
21,1701,4,0,4,0,9,9,4,3,3,3,3,2,7,7,0,0
22,1702,4,0,4,0,9,9,4,3,3,3,3,2,4,7,0,0
22,1702,4,0,4,0,9,9,4,3,3,3,3,2,4,7,0,0
22,1702,4,0,4,0,9,9,4,3,3,3,3,2,4,7,0,0
22,1702,4,0,4,0,9,9,4,3,3,3,3,2,4,7,0,0
22,1702,4,0,4,0,9,9,4,3,3,3,3,2,4,7,0,0
22,1702,4,0,4,0,9,9,4,3,3,3,3,2,4,7,0,0
22,1702,4,0,4,0,9,9,4,3,3,3,3,2,4,7,8,0
22,1702,4,0,4,0,10,9,4,4,3,1,4,3,5,7,8,5
22,1702,4,0,4,0,10,10,4,4,3,3,4,3,5,7,8,6
22,1702,4,0,4,0,10,10,4,4,3,3,4,3,5,7,9,7
22,1702,4,0,4,0,10,10,4,4,3,3,4,3,5,7,9,8
22,1702,4,0,4,0,10,10,4,4,3,3,4,3,5,7,9,8
22,1702,4,0,4,0,10,10,4,4,3,3,4,3,5,7,9,7
22,1702,4,0,4,0,10,10,4,4,3,3,4,3,5,7,5,7
22,1702,4,0,4,0,10,10,4,4,3,3,4,3,5,7,5,7
22,1702,4,0,4,0,10,10,4,4,3,3,4,3,4,6,5,5
22,1702,4,0,4,0,9,10,4,4,3,3,3,3,4,6,5,5
22,1702,4,0,4,0,9,9,4,4,3,3,3,3,4,6,0,5
22,1702,4,0,4,0,9,9,4,4,3,3,3,3,4,6,0,5
22,1702,4,0,4,0,9,9,4,4,3,3,3,3,4,6,0,5
22,1702,4,0,4,0,9,9,4,4,3,3,3,3,4,6,0,5
22,1702,4,0,4,0,9,9,4,4,3,3,3,2,4,6,0,4
22,1702,4,0,4,0,9,9,4,4,3,2,3,2,4,6,0,4
22,1702,4,0,4,0,9,9,4,4,3,2,3,2,4,6,0,4
23,1703,4,0,4,0,9,9,4,4,3,2,3,2,7,7,0,4
23,1703,4,0,4,0,9,9,4,4,3,2,3,2,7,7,0,4
23,1703,4,0,4,0,9,9,4,4,3,2,3,2,7,7,0,4
23,1703,4,0,4,0,9,9,4,4,3,2,3,2,7,7,0,4
23,1703,4,0,4,0,9,9,4,4,3,2,3,2,7,7,0,4
23,1703,4,0,4,0,9,9,4,4,3,2,3,2,7,7,0,4
23,1703,4,0,4,0,9,9,4,4,3,2,3,2,10,9,8,4
23,1703,4,0,4,0,10,10,4,4,3,2,4,3,10,9,8,1
23,1703,4,0,4,0,10,10,4,4,3,2,4,3,10,10,8,1
23,1703,4,0,4,0,10,10,4,4,3,3,4,3,10,10,9,1
23,1703,4,0,4,0,10,10,4,4,3,3,4,3,10,10,9,1
23,1703,4,0,4,0,10,10,4,4,3,2,4,3,10,10,9,1
23,1703,4,0,4,0,10,9,4,4,3,2,4,2,10,10,9,1
23,1703,4,0,4,0,10,9,4,4,3,2,4,2,10,10,5,1
23,1703,4,0,4,0,10,10,4,4,3,2,4,2,10,10,5,0
23,1703,4,0,4,0,10,10,4,4,3,2,4,2,8,10,5,0
23,1703,4,0,4,0,9,10,4,4,3,2,3,2,8,10,5,0
23,1703,4,0,4,0,9,10,4,4,3,2,3,2,8,10,0,0
23,1703,4,0,4,0,9,10,4,4,3,2,3,2,8,10,0,0
23,1703,4,0,4,0,9,10,4,4,3,2,3,2,8,10,0,0
23,1703,4,0,4,0,9,10,4,4,3,2,3,2,8,10,0,0
23,1703,4,0,4,0,9,10,4,4,3,2,3,2,8,10,0,0
23,1703,4,0,4,0,9,10,4,4,3,2,3,2,8,10,0,0
23,1703,4,0,4,0,9,10,4,4,3,2,3,2,7,10,0,0
24,1704,4,0,4,0,9,10,4,4,3,2,3,2,7,10,0,0
24,1704,4,0,4,0,9,10,4,4,3,2,3,2,7,10,0,0
24,1704,4,0,4,0,9,10,4,4,3,2,3,2,7,10,0,0
24,1704,4,0,4,0,9,10,4,4,3,2,3,2,7,10,0,0
24,1704,4,0,4,0,9,10,4,4,3,2,3,2,7,10,0,0
24,1704,4,0,4,0,9,10,4,4,3,2,3,2,7,10,0,0
24,1704,4,0,4,0,9,10,4,4,3,2,3,2,8,10,8,0
24,1704,4,0,4,0,10,10,4,4,3,3,4,3,8,8,8,0
24,1704,4,0,4,0,10,10,4,4,3,3,4,3,8,8,8,0
24,1704,4,0,4,0,10,10,4,4,3,3,4,3,8,8,9,0
24,1704,4,0,4,0,10,10,4,4,3,3,4,3,8,8,9,0
24,1704,4,0,4,0,10,10,4,4,3,3,4,3,8,8,9,0
24,1704,4,0,4,0,10,10,4,4,3,3,4,3,8,8,9,0
24,1704,4,0,4,0,10,10,4,4,3,3,4,3,8,8,5,0
24,1704,4,0,4,0,10,10,4,3,3,3,4,3,8,8,5,0
24,1704,4,0,4,0,10,9,4,3,3,3,4,3,8,8,5,0
24,1704,4,0,4,0,9,9,4,3,3,3,3,3,8,8,5,0
24,1704,4,0,4,0,9,9,4,3,3,3,3,3,8,8,0,0
24,1704,4,0,4,0,9,9,4,3,3,3,3,3,8,8,0,0
24,1704,4,0,4,0,9,9,4,3,3,3,3,3,8,8,0,0
24,1704,4,0,4,0,9,9,4,3,3,3,3,3,8,8,0,0
24,1704,4,0,4,0,9,9,4,3,3,3,3,3,8,8,0,0
24,1704,4,0,4,0,9,9,4,3,3,3,3,3,8,8,0,0
24,1704,4,0,4,0,9,9,4,3,3,3,3,3,7,8,0,0
25,1705,4,0,4,0,9,9,4,3,3,3,3,3,7,8,0,0
25,1705,4,0,4,0,9,9,4,3,3,3,3,3,7,8,0,0
25,1705,4,0,4,0,9,9,4,3,3,3,3,3,7,8,0,0
25,1705,4,0,4,0,9,9,4,3,3,3,3,3,7,8,0,0
25,1705,4,0,4,0,9,9,4,3,3,3,3,3,7,8,0,0
25,1705,4,0,4,0,9,9,4,3,3,3,3,3,7,8,0,0
25,1705,4,0,4,0,9,9,4,3,3,3,3,3,8,8,8,0
25,1705,4,0,4,0,10,9,4,4,3,3,4,3,8,8,8,1
25,1705,4,0,4,0,10,10,4,4,3,3,4,3,8,8,8,1
25,1705,4,0,4,0,10,10,4,4,3,3,4,3,8,8,9,2
25,1705,4,0,4,0,10,10,4,4,3,3,4,3,8,8,9,3
25,1705,4,0,4,0,10,10,4,4,3,3,4,3,8,8,9,4
25,1705,4,0,4,0,10,10,4,4,3,3,4,3,8,8,9,4
25,1705,4,0,4,0,10,10,4,4,3,3,4,3,8,8,5,3
25,1705,4,0,4,0,10,10,4,3,3,3,4,3,8,8,5,3
25,1705,4,0,4,0,10,10,4,3,3,3,4,3,8,8,5,1
25,1705,4,0,4,0,9,10,4,3,3,3,3,3,8,8,5,1
25,1705,4,0,4,0,9,10,4,3,3,3,3,3,8,8,0,1
25,1705,4,0,4,0,9,10,4,3,3,3,3,3,8,8,0,1
25,1705,4,0,4,0,9,10,4,3,3,3,3,3,8,8,0,1
25,1705,4,0,4,0,9,10,4,3,3,3,3,3,8,8,0,1
25,1705,4,0,4,0,9,10,4,3,3,3,3,3,8,8,0,1
25,1705,4,0,4,0,9,10,4,3,3,3,3,3,8,8,0,1
25,1705,4,0,4,0,9,10,4,3,3,3,3,3,7,8,0,1
26,1706,4,0,3,0,8,10,3,3,2,3,2,3,7,8,0,1
26,1706,4,0,3,0,8,10,3,3,2,3,2,3,7,8,0,1
26,1706,4,0,3,0,8,10,3,3,2,3,2,3,7,8,0,1
26,1706,4,0,3,0,8,10,3,3,2,3,2,3,7,8,0,1
26,1706,4,0,3,0,8,10,3,3,2,3,2,3,7,8,0,1
26,1706,4,0,3,0,8,10,3,3,2,3,2,3,7,8,0,1
26,1706,4,0,3,0,8,10,3,3,2,3,3,3,10,8,0,1
26,1706,4,0,3,0,8,8,3,3,2,3,3,2,10,6,0,0
26,1706,4,0,3,0,8,8,3,3,2,3,3,2,10,6,0,0
26,1706,4,0,3,0,8,8,3,3,2,3,3,2,10,6,0,0
26,1706,4,0,3,0,8,8,3,3,2,3,3,2,10,6,0,0
26,1706,4,0,3,0,8,8,3,3,2,3,3,2,10,6,0,0
26,1706,4,0,3,0,8,8,3,3,2,3,3,2,10,6,0,0
26,1706,4,0,3,0,8,8,3,3,2,3,3,2,10,6,0,0
26,1706,4,0,3,0,8,8,3,3,2,3,3,2,10,6,0,0
26,1706,4,0,3,0,8,8,3,3,2,3,2,2,8,6,0,0
26,1706,4,0,3,0,8,8,3,3,2,3,2,2,8,6,0,0
26,1706,4,0,3,0,8,8,3,3,2,3,2,2,8,6,0,0
26,1706,4,0,3,0,8,8,3,3,2,3,2,2,8,6,0,0
26,1706,4,0,3,0,8,8,3,3,2,3,2,2,8,6,0,0
26,1706,4,0,3,0,8,8,3,3,2,3,2,2,8,6,0,0
26,1706,4,0,3,0,8,8,3,3,2,3,2,2,8,6,0,0
26,1706,4,0,3,0,8,8,3,3,2,3,2,2,8,6,0,0
26,1706,4,0,3,0,8,8,3,3,2,3,2,2,7,6,0,0
27,1707,4,0,3,0,8,8,3,3,2,3,2,2,4,6,0,0
27,1707,4,0,3,0,8,8,3,3,2,3,2,2,4,6,0,0
27,1707,4,0,3,0,8,8,3,3,2,3,2,2,4,6,0,0
27,1707,4,0,3,0,8,8,3,3,2,3,2,2,4,6,0,0
27,1707,4,0,3,0,8,8,3,3,2,3,2,2,4,6,0,0
27,1707,4,0,3,0,8,8,3,3,2,3,2,2,4,6,0,0
27,1707,4,0,3,0,8,8,3,3,2,3,3,2,4,6,0,0
27,1707,4,0,3,0,8,7,3,3,2,2,3,1,5,5,0,0
27,1707,4,0,3,0,8,7,3,3,2,2,3,1,5,5,0,0
27,1707,4,0,3,0,8,7,3,3,2,2,3,1,5,5,0,0
27,1707,4,0,3,0,8,7,3,3,2,2,3,1,5,5,0,0
27,1707,4,0,3,0,8,7,3,3,2,1,3,1,5,5,0,0
27,1707,4,0,3,0,8,7,3,3,2,1,3,1,5,5,0,0
27,1707,4,0,3,0,8,7,3,3,2,1,3,1,5,5,0,0
27,1707,4,0,3,0,8,7,3,3,2,1,3,1,5,5,0,0
27,1707,4,0,3,0,8,7,3,3,2,1,2,1,4,5,0,0
27,1707,4,0,3,0,8,7,3,3,2,1,2,1,4,5,0,0
27,1707,4,0,3,0,8,7,3,3,2,1,2,1,4,5,0,0
27,1707,4,0,3,0,8,7,3,3,2,1,2,1,4,5,0,0
27,1707,4,0,3,0,8,7,3,3,2,1,2,1,4,5,0,0
27,1707,4,0,3,0,8,7,3,3,2,1,2,1,4,5,0,0
27,1707,4,0,3,0,8,7,3,3,2,1,2,1,4,5,0,0
27,1707,4,0,3,0,8,7,3,3,2,1,2,1,4,5,0,0
27,1707,4,0,3,0,8,7,3,3,2,1,2,1,4,5,0,0
0,1708,4,0,4,0,9,7,4,3,3,1,3,1,7,5,0,0
0,1708,4,0,4,0,9,7,4,3,3,1,3,1,7,5,0,0
0,1708,4,0,4,0,9,7,4,3,3,1,3,1,7,5,0,0
0,1708,4,0,4,0,9,7,4,3,3,1,3,1,7,5,0,0
0,1708,4,0,4,0,9,7,4,3,3,1,3,1,7,5,0,0
0,1708,4,0,4,0,9,7,4,3,3,1,3,1,7,5,0,0
0,1708,4,0,4,0,9,7,4,3,3,1,3,1,8,5,8,0
0,1708,4,0,4,0,10,9,4,4,3,2,4,2,8,7,8,2
0,1708,4,0,4,0,10,10,4,4,3,3,4,2,8,7,8,2
0,1708,4,0,4,0,10,10,4,4,3,3,4,2,8,8,9,2
0,1708,4,0,4,0,10,10,4,4,3,3,4,2,8,8,9,2
0,1708,4,0,4,0,10,10,4,4,3,3,4,2,8,8,9,2
0,1708,4,0,4,0,10,10,4,4,3,3,4,2,8,7,9,2
0,1708,4,0,4,0,10,10,4,4,3,3,4,2,8,8,5,2
0,1708,4,0,4,0,10,9,4,4,3,3,4,1,8,8,5,2
0,1708,4,0,4,0,10,9,4,4,3,3,4,1,8,8,5,2
0,1708,4,0,4,0,9,9,4,4,3,3,3,1,8,8,5,2
0,1708,4,0,4,0,9,9,4,4,3,3,3,1,8,7,0,1
0,1708,4,0,4,0,9,9,4,4,3,3,3,1,8,7,0,1
0,1708,4,0,4,0,9,9,4,4,3,3,3,1,8,7,0,0
0,1708,4,0,4,0,9,9,4,4,3,3,3,1,8,7,0,0
0,1708,4,0,4,0,9,9,4,4,3,3,3,1,8,7,0,0
0,1708,4,0,4,0,9,8,4,4,3,3,3,1,8,7,0,0
0,1708,4,0,4,0,9,8,4,4,3,3,3,1,7,7,0,0
1,1709,4,0,4,0,9,8,4,4,3,3,3,1,4,7,0,0
1,1709,4,0,4,0,9,8,4,4,3,3,3,1,4,7,0,0
1,1709,4,0,4,0,9,8,4,4,3,3,3,1,4,7,0,0
1,1709,4,0,4,0,9,8,4,4,3,3,3,1,4,7,0,0
1,1709,4,0,4,0,9,8,4,4,3,3,3,1,4,7,0,0
1,1709,4,0,4,0,9,8,4,4,3,3,3,1,4,7,0,0
1,1709,4,0,4,0,9,8,4,4,3,3,3,1,4,7,8,0
1,1709,4,0,4,0,10,9,4,4,3,2,4,2,5,5,8,1
1,1709,4,0,4,0,10,10,4,4,3,3,4,2,5,5,8,1
1,1709,4,0,4,0,10,9,4,4,3,3,4,2,5,5,9,2
1,1709,4,0,4,0,10,10,4,4,3,3,4,2,5,6,9,2
1,1709,4,0,4,0,10,10,4,4,3,3,4,2,5,6,9,2
1,1709,4,0,4,0,10,10,4,4,3,3,4,2,5,6,9,2
1,1709,4,0,4,0,10,9,4,4,3,3,4,2,5,6,5,2
1,1709,4,0,4,0,10,9,4,4,3,2,4,2,5,6,5,2
1,1709,4,0,4,0,10,9,4,3,3,2,4,2,4,5,5,1
1,1709,4,0,4,0,9,9,4,3,3,2,3,1,4,5,5,1
1,1709,4,0,4,0,9,9,4,3,3,2,3,1,4,5,0,1
1,1709,4,0,4,0,9,9,4,3,3,2,3,1,4,5,0,1
1,1709,4,0,4,0,9,9,4,3,3,2,3,1,4,5,0,1
1,1709,4,0,4,0,9,8,4,3,3,2,3,1,4,5,0,1
1,1709,4,0,4,0,9,8,4,3,3,2,3,1,4,5,0,1
1,1709,4,0,4,0,9,7,4,3,3,2,3,1,4,5,0,1
1,1709,4,0,4,0,9,7,4,3,3,2,3,1,4,5,0,1
2,1710,4,0,4,0,9,7,4,3,3,2,3,1,7,5,0,1
2,1710,4,0,4,0,9,7,4,3,3,2,3,1,7,5,0,1
2,1710,4,0,4,0,9,7,4,3,3,2,3,1,7,5,0,1
2,1710,4,0,4,0,9,7,4,3,3,2,3,1,7,5,0,1
2,1710,4,0,4,0,9,7,4,3,3,2,3,1,7,5,0,1
2,1710,4,0,4,0,9,7,4,3,3,2,3,1,7,5,0,1
2,1710,4,0,4,0,9,7,4,3,3,2,3,1,10,5,8,1
2,1710,4,0,4,0,10,8,4,2,3,1,4,1,10,7,8,1
2,1710,4,0,4,0,10,10,4,3,3,1,4,1,10,8,8,1
2,1710,4,0,4,0,10,9,4,3,3,1,4,1,10,9,9,1
2,1710,4,0,4,0,10,10,4,4,3,1,4,1,10,10,9,1
2,1710,4,0,4,0,10,10,4,3,3,1,4,1,10,10,9,1
2,1710,4,0,4,0,10,10,4,3,3,1,4,1,10,10,9,1
2,1710,4,0,4,0,10,10,4,3,3,1,4,1,10,9,5,1
2,1710,4,0,4,0,10,9,4,3,3,1,4,1,10,8,5,1
2,1710,4,0,4,0,10,8,4,3,3,1,4,1,8,8,5,1
2,1710,4,0,4,0,9,7,4,3,3,1,3,1,8,8,5,0
2,1710,4,0,4,0,9,7,4,3,3,1,3,1,8,7,0,0
2,1710,4,0,4,0,9,7,4,3,3,1,3,1,8,7,0,0
2,1710,4,0,4,0,9,7,4,3,3,1,3,1,8,7,0,0
2,1710,4,0,4,0,9,7,4,3,3,1,3,1,8,7,0,0
2,1710,4,0,4,0,9,7,4,3,3,1,3,1,8,6,0,0
2,1710,4,0,4,0,9,7,4,3,3,1,3,1,8,6,0,0
2,1710,4,0,4,0,9,7,4,3,3,1,3,1,7,6,0,0
3,1711,4,0,4,0,9,7,4,3,3,1,3,1,7,6,0,0
3,1711,4,0,4,0,9,7,4,3,3,1,3,1,7,6,0,0
3,1711,4,0,4,0,9,7,4,3,3,1,3,1,7,6,0,0
3,1711,4,0,4,0,9,7,4,3,3,1,3,1,7,6,0,0
3,1711,4,0,4,0,9,7,4,3,3,1,3,1,7,6,0,0
3,1711,4,0,4,0,9,7,4,3,3,1,3,1,7,6,0,0
3,1711,4,0,4,0,9,7,4,3,3,1,3,1,8,6,8,0
3,1711,4,0,4,0,10,9,4,4,3,1,4,2,8,8,8,0
3,1711,4,0,4,0,10,10,4,4,3,1,4,2,8,8,8,0
3,1711,4,0,4,0,10,10,4,4,3,1,4,2,8,8,9,0
3,1711,4,0,4,0,10,10,4,4,3,1,4,2,8,8,9,0
3,1711,4,0,4,0,10,10,4,4,3,1,4,2,8,8,9,0
3,1711,4,0,4,0,10,10,4,4,3,1,4,2,8,7,9,0
3,1711,4,0,4,0,10,10,4,4,3,1,4,2,8,6,5,0
3,1711,4,0,4,0,10,10,4,4,3,1,4,2,8,6,5,0
3,1711,4,0,4,0,10,10,4,4,3,1,4,2,8,6,5,0
3,1711,4,0,4,0,9,10,4,4,3,1,3,2,8,6,5,0
3,1711,4,0,4,0,9,10,4,4,3,1,3,2,8,6,0,0
3,1711,4,0,4,0,9,10,4,4,3,1,3,2,8,6,0,0
3,1711,4,0,4,0,9,10,4,4,3,1,3,2,8,5,0,0
3,1711,4,0,4,0,9,10,4,4,3,1,3,2,8,5,0,0
3,1711,4,0,4,0,9,10,4,4,3,1,3,2,8,5,0,0
3,1711,4,0,4,0,9,9,4,4,3,1,3,2,8,4,0,0
3,1711,4,0,4,0,9,9,4,4,3,1,3,2,7,4,0,0
4,1712,4,0,4,0,9,9,4,4,3,1,3,2,7,4,0,0
4,1712,4,0,4,0,9,9,4,4,3,1,3,2,7,4,0,0
4,1712,4,0,4,0,9,9,4,4,3,1,3,2,7,4,0,0
4,1712,4,0,4,0,9,9,4,4,3,1,3,2,7,4,0,0
4,1712,4,0,4,0,9,9,4,4,3,1,3,2,7,4,0,0
4,1712,4,0,4,0,9,9,4,4,3,1,3,2,7,4,0,0
4,1712,4,0,4,0,9,9,4,4,3,1,3,2,8,4,8,0
4,1712,4,0,4,0,10,9,4,3,3,2,4,3,8,8,8,1
4,1712,4,0,4,0,10,10,4,4,3,3,4,3,8,8,8,1
4,1712,4,0,4,0,10,10,4,3,3,3,4,3,8,8,9,1
4,1712,4,0,4,0,10,10,4,4,3,3,4,3,8,8,9,1
4,1712,4,0,4,0,10,8,4,4,3,3,4,3,8,8,9,1
4,1712,4,0,4,0,10,9,4,4,3,3,4,3,8,8,9,1
4,1712,4,0,4,0,10,9,4,4,3,3,4,3,8,8,5,1
4,1712,4,0,4,0,10,9,4,3,3,3,4,3,8,8,5,1
4,1712,4,0,4,0,10,8,4,3,3,2,4,3,8,7,5,1
4,1712,4,0,4,0,9,8,4,3,3,2,3,3,8,7,5,1
4,1712,4,0,4,0,9,8,4,3,3,2,3,3,8,7,0,1
4,1712,4,0,4,0,9,8,4,3,3,2,3,3,8,7,0,1
4,1712,4,0,4,0,9,8,4,3,3,2,3,3,8,7,0,1
4,1712,4,0,4,0,9,8,4,3,3,2,3,3,8,6,0,1
4,1712,4,0,4,0,9,8,4,3,3,2,3,3,8,6,0,1
4,1712,4,0,4,0,9,8,4,3,3,2,3,3,8,6,0,1
4,1712,4,0,4,0,9,8,4,3,3,2,3,3,7,6,0,1
5,1713,4,0,3,0,8,8,3,3,2,2,2,3,7,6,0,1
5,1713,4,0,3,0,8,8,3,3,2,2,2,3,7,6,0,1
5,1713,4,0,3,0,8,8,3,3,2,2,2,3,7,6,0,1
5,1713,4,0,3,0,8,8,3,3,2,3,2,3,7,6,0,1
5,1713,4,0,3,0,8,8,3,3,2,3,2,3,7,6,0,1
5,1713,4,0,3,0,8,8,3,3,2,3,2,3,7,6,0,1
5,1713,4,0,3,0,8,8,3,3,2,3,3,3,10,6,0,1
5,1713,4,0,3,0,8,7,3,2,2,2,3,3,10,4,0,0
5,1713,4,0,3,0,8,6,3,2,2,2,3,3,10,4,0,0
5,1713,4,0,3,0,8,6,3,2,2,2,3,3,10,4,0,0
5,1713,4,0,3,0,8,5,3,2,2,2,3,3,10,4,0,0
5,1713,4,0,3,0,8,5,3,2,2,2,3,2,10,4,0,0
5,1713,4,0,3,0,8,5,3,2,2,2,3,2,10,4,0,0
5,1713,4,0,3,0,8,5,3,2,2,2,3,2,10,4,0,0
5,1713,4,0,3,0,8,5,3,2,2,2,3,2,10,3,0,0
5,1713,4,0,3,0,8,5,3,2,2,2,2,2,8,3,0,0
5,1713,4,0,3,0,8,5,3,2,2,2,2,2,8,3,0,0
5,1713,4,0,3,0,8,5,3,2,2,2,2,2,8,3,0,0
5,1713,4,0,3,0,8,5,3,2,2,2,2,2,8,3,0,0
5,1713,4,0,3,0,8,5,3,2,2,2,2,2,8,3,0,0
5,1713,4,0,3,0,8,5,3,2,2,2,2,2,8,3,0,0
5,1713,4,0,3,0,8,5,3,2,2,2,2,1,8,3,0,0
5,1713,4,0,3,0,8,5,3,2,2,2,2,1,8,3,0,0
5,1713,4,0,3,0,8,5,3,2,2,2,2,1,7,3,0,0
6,1714,4,0,3,0,8,5,3,2,2,2,2,1,4,3,0,0
6,1714,4,0,3,0,8,5,3,2,2,2,2,1,4,3,0,0
6,1714,4,0,3,0,8,5,3,2,2,2,2,1,4,3,0,0
6,1714,4,0,3,0,8,5,3,2,2,2,2,1,4,3,0,0
6,1714,4,0,3,0,8,5,3,2,2,2,2,1,4,3,0,0
6,1714,4,0,3,0,8,5,3,2,2,2,2,1,4,3,0,0
6,1714,4,0,3,0,8,5,3,2,2,2,3,1,4,3,0,0
6,1714,4,0,3,0,8,5,3,2,2,2,3,1,5,2,0,0
6,1714,4,0,3,0,8,5,3,2,2,2,3,1,5,2,0,0
6,1714,4,0,3,0,8,5,3,2,2,2,3,1,5,2,0,0
6,1714,4,0,3,0,8,5,3,2,2,2,3,1,5,2,0,0
6,1714,4,0,3,0,8,5,3,2,2,2,3,1,5,2,0,0
6,1714,4,0,3,0,8,5,3,2,2,2,3,1,5,2,0,0
6,1714,4,0,3,0,8,5,3,2,2,2,3,1,5,2,0,0
6,1714,4,0,3,0,8,5,3,2,2,2,3,1,5,2,0,0
6,1714,4,0,3,0,8,5,3,2,2,2,2,1,4,2,0,0
6,1714,4,0,3,0,8,5,3,2,2,2,2,1,4,2,0,0
6,1714,4,0,3,0,8,5,3,2,2,2,2,0,4,2,0,0
6,1714,4,0,3,0,8,5,3,2,2,2,2,0,4,2,0,0
6,1714,4,0,3,0,8,5,3,2,2,2,2,0,4,2,0,0
6,1714,4,0,3,0,8,5,3,2,2,2,2,0,4,2,0,0
6,1714,4,0,3,0,8,5,3,2,2,2,2,0,4,2,0,0
6,1714,4,0,3,0,8,5,3,2,2,2,2,0,4,2,0,0
6,1714,4,0,3,0,8,5,3,2,2,2,2,0,4,2,0,0
7,1715,4,0,4,0,9,5,4,2,3,2,3,0,7,2,0,0
7,1715,4,0,4,0,9,5,4,2,3,2,3,0,7,2,0,0
7,1715,4,0,4,0,9,5,4,2,3,2,3,0,7,2,0,0
7,1715,4,0,4,0,9,5,4,2,3,2,3,0,7,2,0,0
7,1715,4,0,4,0,9,5,4,2,3,2,3,0,7,2,0,0
7,1715,4,0,4,0,9,5,4,2,3,2,3,0,7,2,0,0
7,1715,4,0,4,0,9,5,4,2,3,2,3,0,8,2,8,0
7,1715,4,0,4,0,10,8,4,4,3,3,4,1,8,3,8,1
7,1715,4,0,4,0,10,8,4,3,3,3,4,1,8,4,8,1
7,1715,4,0,4,0,10,8,4,4,3,3,4,1,8,5,9,1
7,1715,4,0,4,0,10,9,4,3,3,3,4,1,8,5,9,1
7,1715,4,0,4,0,10,9,4,4,3,3,4,1,8,6,9,1
7,1715,4,0,4,0,10,9,4,4,3,3,4,1,8,6,9,1
7,1715,4,0,4,0,10,8,4,4,3,3,4,1,8,5,5,1
7,1715,4,0,4,0,10,8,4,4,3,2,4,1,8,5,5,1
7,1715,4,0,4,0,10,8,4,4,3,2,4,1,8,5,5,1
7,1715,4,0,4,0,9,8,4,4,3,2,3,1,8,5,5,0
7,1715,4,0,4,0,9,8,4,4,3,2,3,1,8,5,0,0
7,1715,4,0,4,0,9,8,4,4,3,2,3,1,8,5,0,0
7,1715,4,0,4,0,9,8,4,4,3,2,3,1,8,5,0,0
7,1715,4,0,4,0,9,8,4,4,3,2,3,1,8,5,0,0
7,1715,4,0,4,0,9,8,4,4,3,2,3,1,8,5,0,0
7,1715,4,0,4,0,9,8,4,4,3,2,3,1,8,4,0,0
7,1715,4,0,4,0,9,8,4,4,3,2,3,1,7,4,0,0
8,1716,4,0,4,0,9,8,4,4,3,2,3,1,4,4,0,0
8,1716,4,0,4,0,9,8,4,4,3,2,3,1,4,4,0,0
8,1716,4,0,4,0,9,8,4,4,3,2,3,1,4,4,0,0
8,1716,4,0,4,0,9,8,4,4,3,2,3,1,4,4,0,0
8,1716,4,0,4,0,9,8,4,4,3,2,3,1,4,4,0,0
8,1716,4,0,4,0,9,8,4,4,3,2,3,1,4,4,0,0
8,1716,4,0,4,0,9,8,4,4,3,2,3,1,4,4,8,0
8,1716,4,0,4,0,10,10,4,2,3,3,4,2,5,5,8,2
8,1716,4,0,4,0,10,10,4,4,3,3,4,2,5,5,8,3
8,1716,4,0,4,0,10,10,4,3,3,3,4,2,5,5,9,3
8,1716,4,0,4,0,10,10,4,4,3,3,4,2,5,5,9,3
8,1716,4,0,4,0,10,10,4,3,3,3,4,2,5,5,9,3
8,1716,4,0,4,0,10,10,4,4,3,3,4,2,5,5,9,3
8,1716,4,0,4,0,10,10,4,4,3,3,4,2,5,5,5,3
8,1716,4,0,4,0,10,10,4,3,3,3,4,2,5,5,5,3
8,1716,4,0,4,0,10,10,4,3,3,3,4,2,4,5,5,0
8,1716,4,0,4,0,9,10,4,3,3,3,3,2,4,5,5,0
8,1716,4,0,4,0,9,10,4,3,3,3,3,2,4,5,0,0
8,1716,4,0,4,0,9,10,4,3,3,3,3,2,4,5,0,0
8,1716,4,0,4,0,9,10,4,3,3,3,3,2,4,5,0,0
8,1716,4,0,4,0,9,10,4,3,3,3,3,2,4,4,0,0
8,1716,4,0,4,0,9,10,4,3,3,3,3,2,4,4,0,0
8,1716,4,0,4,0,9,10,4,3,3,3,3,2,4,4,0,0
8,1716,4,0,4,0,9,10,4,3,3,3,3,2,4,4,0,0
9,1717,4,0,4,0,9,10,4,3,3,3,3,2,7,4,0,0
9,1717,4,0,4,0,9,10,4,3,3,3,3,2,7,4,0,0
9,1717,4,0,4,0,9,10,4,3,3,3,3,2,7,4,0,0
9,1717,4,0,4,0,9,10,4,3,3,3,3,2,7,4,0,0
9,1717,4,0,4,0,9,10,4,3,3,3,3,2,7,4,0,0
9,1717,4,0,4,0,9,10,4,3,3,3,3,2,7,4,0,0
9,1717,4,0,4,0,9,10,4,3,3,3,3,2,10,4,8,0
9,1717,4,0,4,0,10,8,4,3,3,2,4,3,10,9,8,1
9,1717,4,0,4,0,10,10,4,3,3,2,4,3,10,9,8,2
9,1717,4,0,4,0,10,10,4,4,3,2,4,3,10,10,9,2
9,1717,4,0,4,0,10,10,4,4,3,3,4,3,10,10,9,3
9,1717,4,0,4,0,10,10,4,4,3,3,4,3,10,10,9,3
9,1717,4,0,4,0,10,10,4,4,3,3,4,3,10,10,9,3
9,1717,4,0,4,0,10,10,4,3,3,3,4,3,10,9,5,3
9,1717,4,0,4,0,10,10,4,2,3,3,4,3,10,8,5,2
9,1717,4,0,4,0,10,10,4,2,3,3,4,3,8,8,5,2
9,1717,4,0,4,0,9,10,4,2,3,3,3,3,8,8,5,2
9,1717,4,0,4,0,9,10,4,2,3,3,3,3,8,7,0,1
9,1717,4,0,4,0,9,10,4,2,3,3,3,3,8,7,0,1
9,1717,4,0,4,0,9,10,4,2,3,3,3,3,8,7,0,1
9,1717,4,0,4,0,9,10,4,0,3,3,3,3,8,7,0,1
9,1717,4,0,4,0,9,10,4,0,3,3,3,3,8,7,0,1
9,1717,4,0,4,0,9,10,4,0,3,3,3,3,8,7,0,1
9,1717,4,0,4,0,9,10,4,0,3,3,3,3,7,7,0,1
10,1718,4,0,4,0,9,10,4,0,3,3,3,3,7,7,0,1
10,1718,4,0,4,0,9,10,4,0,3,3,3,3,7,7,0,1
10,1718,4,0,4,0,9,10,4,0,3,3,3,3,7,7,0,1
10,1718,4,0,4,0,9,10,4,0,3,3,3,3,7,7,0,1
10,1718,4,0,4,0,9,10,4,0,3,3,3,3,7,7,0,1
10,1718,4,0,4,0,9,10,4,0,3,3,3,3,7,7,0,1
10,1718,4,0,4,0,9,10,4,0,3,3,3,3,8,7,8,1
10,1718,4,0,4,0,10,9,4,1,3,2,4,4,8,8,8,0
10,1718,4,0,4,0,10,10,4,1,3,2,4,4,8,8,8,0
10,1718,4,0,4,0,10,10,4,1,3,2,4,4,8,8,9,0
10,1718,4,0,4,0,10,10,4,1,3,2,4,4,8,8,9,0
10,1718,4,0,4,0,10,10,4,1,3,2,4,4,8,8,9,0
10,1718,4,0,4,0,10,10,4,1,3,2,4,4,8,8,9,0
10,1718,4,0,4,0,10,10,4,1,3,2,4,4,8,8,5,0
10,1718,4,0,4,0,10,10,4,1,3,2,4,4,8,8,5,0
10,1718,4,0,4,0,10,10,4,1,3,2,4,4,8,8,5,0
10,1718,4,0,4,0,9,10,4,1,3,2,3,4,8,8,5,0
10,1718,4,0,4,0,9,10,4,1,3,2,3,4,8,7,0,0
10,1718,4,0,4,0,9,10,4,1,3,2,3,4,8,7,0,0
10,1718,4,0,4,0,9,10,4,1,3,2,3,4,8,7,0,0
10,1718,4,0,4,0,9,10,4,1,3,2,3,4,8,7,0,0
10,1718,4,0,4,0,9,10,4,1,3,2,3,4,8,7,0,0
10,1718,4,0,4,0,9,10,4,1,3,2,3,4,8,7,0,0
10,1718,4,0,4,0,9,10,4,1,3,2,3,4,7,7,0,0
11,1719,4,0,4,0,9,10,4,1,3,2,3,4,7,7,0,0
11,1719,4,0,4,0,9,10,4,1,3,2,3,4,7,7,0,0
11,1719,4,0,4,0,9,10,4,1,3,2,3,4,7,7,0,0
11,1719,4,0,4,0,9,10,4,1,3,2,3,4,7,7,0,0
11,1719,4,0,4,0,9,10,4,1,3,2,3,4,7,7,0,0
11,1719,4,0,4,0,9,10,4,1,3,2,3,4,7,7,0,0
11,1719,4,0,4,0,9,10,4,1,3,2,3,4,8,7,8,0
11,1719,4,0,4,0,10,9,4,2,3,3,4,4,8,8,8,0
11,1719,4,0,4,0,10,10,4,3,3,3,4,4,8,8,8,1
11,1719,4,0,4,0,10,10,4,4,3,3,4,4,8,8,9,1
11,1719,4,0,4,0,10,10,4,4,3,3,4,4,8,8,9,1
11,1719,4,0,4,0,10,10,4,4,3,3,4,4,8,8,9,1
11,1719,4,0,4,0,10,9,4,4,3,3,4,4,8,8,9,1
11,1719,4,0,4,0,10,9,4,4,3,3,4,4,8,8,5,1
11,1719,4,0,4,0,10,9,4,4,3,3,4,4,8,8,5,1
11,1719,4,0,4,0,10,8,4,4,3,3,4,4,8,8,5,1
11,1719,4,0,4,0,9,8,4,3,3,3,3,4,8,8,5,1
11,1719,4,0,4,0,9,8,4,3,3,3,3,4,8,8,0,0
11,1719,4,0,4,0,9,8,4,2,3,3,3,4,8,8,0,0
11,1719,4,0,4,0,9,8,4,2,3,3,3,4,8,8,0,0
11,1719,4,0,4,0,9,8,4,2,3,2,3,4,8,8,0,0
11,1719,4,0,4,0,9,8,4,2,3,2,3,4,8,8,0,0
11,1719,4,0,4,0,9,8,4,2,3,2,3,4,8,8,0,0
11,1719,4,0,4,0,9,8,4,2,3,2,3,4,7,8,0,0
12,1720,4,0,3,0,8,8,3,2,2,2,2,4,7,8,0,0
12,1720,4,0,3,0,8,8,3,2,2,2,2,4,7,8,0,0
12,1720,4,0,3,0,8,8,3,2,2,2,2,4,7,8,0,0
12,1720,4,0,3,0,8,8,3,2,2,2,2,4,7,8,0,0
12,1720,4,0,3,0,8,8,3,2,2,2,2,4,7,8,0,0
12,1720,4,0,3,0,8,8,3,2,2,2,2,4,7,8,0,0
12,1720,4,0,3,0,8,8,3,2,2,2,3,4,10,8,0,0
12,1720,4,0,3,0,8,7,3,2,2,2,3,3,10,7,0,0
12,1720,4,0,3,0,8,7,3,2,2,2,3,3,10,7,0,0
12,1720,4,0,3,0,8,7,3,2,2,2,3,3,10,7,0,0
12,1720,4,0,3,0,8,7,3,2,2,1,3,2,10,7,0,0
12,1720,4,0,3,0,8,7,3,2,2,1,3,2,10,7,0,0
12,1720,4,0,3,0,8,7,3,2,2,1,3,2,10,7,0,0
12,1720,4,0,3,0,8,7,3,2,2,1,3,2,10,7,0,0
12,1720,4,0,3,0,8,7,3,2,2,1,3,2,10,7,0,0
12,1720,4,0,3,0,8,7,3,2,2,1,2,2,8,6,0,0
12,1720,4,0,3,0,8,7,3,2,2,1,2,2,8,6,0,0
12,1720,4,0,3,0,8,7,3,2,2,1,2,2,8,6,0,0
12,1720,4,0,3,0,8,7,3,2,2,1,2,2,8,5,0,0
12,1720,4,0,3,0,8,7,3,2,2,1,2,2,8,5,0,0
12,1720,4,0,3,0,8,7,3,2,2,1,2,2,8,4,0,0
12,1720,4,0,3,0,8,7,3,2,2,1,2,2,8,4,0,0
12,1720,4,0,3,0,8,7,3,2,2,1,2,2,8,4,0,0
12,1720,4,0,3,0,8,7,3,2,2,1,2,2,7,4,0,0
13,1721,4,0,3,0,8,7,3,2,2,1,2,2,4,4,0,0
13,1721,4,0,3,0,8,7,3,2,2,1,2,2,4,4,0,0
13,1721,4,0,3,0,8,7,3,2,2,1,2,2,4,4,0,0
13,1721,4,0,3,0,8,7,3,2,2,1,2,2,4,4,0,0
13,1721,4,0,3,0,8,7,3,2,2,1,2,2,4,4,0,0
13,1721,4,0,3,0,8,7,3,2,2,1,2,2,4,4,0,0
13,1721,4,0,3,0,8,7,3,2,2,1,3,2,4,4,0,0
13,1721,4,0,3,0,8,7,3,2,2,1,3,2,5,4,0,0
13,1721,4,0,3,0,8,7,3,2,2,1,3,2,5,4,0,0
13,1721,4,0,3,0,8,7,3,2,2,1,3,1,5,4,0,0
13,1721,4,0,3,0,8,7,3,2,2,1,3,1,5,4,0,0
13,1721,4,0,3,0,8,7,3,2,2,1,3,1,5,4,0,0
13,1721,4,0,3,0,8,7,3,2,2,1,3,1,5,4,0,0
13,1721,4,0,3,0,8,7,3,2,2,1,3,1,5,4,0,0
13,1721,4,0,3,0,8,7,3,2,2,1,3,1,5,4,0,0
13,1721,4,0,3,0,8,7,3,2,2,1,2,1,4,4,0,0
13,1721,4,0,3,0,8,7,3,2,2,1,2,1,4,4,0,0
13,1721,4,0,3,0,8,7,3,2,2,1,2,1,4,4,0,0
13,1721,4,0,3,0,8,7,3,2,2,1,2,1,4,4,0,0
13,1721,4,0,3,0,8,7,3,2,2,1,2,1,4,4,0,0
13,1721,4,0,3,0,8,7,3,2,2,1,2,1,4,4,0,0
13,1721,4,0,3,0,8,7,3,2,2,1,2,1,4,4,0,0
13,1721,4,0,3,0,8,7,3,2,2,1,2,1,4,4,0,0
13,1721,4,0,3,0,8,7,3,2,2,1,2,1,4,4,0,0
14,1722,4,0,4,0,9,7,4,2,3,1,3,1,7,4,0,0
14,1722,4,0,4,0,9,7,4,2,3,1,3,1,7,4,0,0
14,1722,4,0,4,0,9,7,4,2,3,1,3,1,7,4,0,0
14,1722,4,0,4,0,9,7,4,2,3,1,3,1,7,4,0,0
14,1722,4,0,4,0,9,7,4,2,3,1,3,1,7,4,0,0
14,1722,4,0,4,0,9,7,4,2,3,1,3,1,7,4,0,0
14,1722,4,0,4,0,9,7,4,2,3,1,3,1,8,4,8,0
14,1722,4,0,4,0,10,9,4,4,3,1,4,2,8,6,8,2
14,1722,4,0,4,0,10,10,4,4,3,1,4,2,8,6,8,2
14,1722,4,0,4,0,10,10,4,4,3,2,4,2,8,8,9,2
14,1722,4,0,4,0,10,10,4,4,3,2,4,2,8,8,9,2
14,1722,4,0,4,0,10,10,4,4,3,2,4,2,8,8,9,2
14,1722,4,0,4,0,10,10,4,4,3,2,4,2,8,8,9,2
14,1722,4,0,4,0,10,10,4,4,3,1,4,2,8,6,5,2
14,1722,4,0,4,0,10,9,4,4,3,1,4,2,8,6,5,2
14,1722,4,0,4,0,10,9,4,4,3,1,4,2,8,6,5,1
14,1722,4,0,4,0,9,9,4,4,3,1,3,2,8,6,5,1
14,1722,4,0,4,0,9,9,4,4,3,1,3,1,8,6,0,1
14,1722,4,0,4,0,9,9,4,4,3,1,3,1,8,6,0,1
14,1722,4,0,4,0,9,9,4,4,3,1,3,1,8,6,0,0
14,1722,4,0,4,0,9,9,4,4,3,1,3,1,8,6,0,0
14,1722,4,0,4,0,9,9,4,4,3,1,3,1,8,6,0,0
14,1722,4,0,4,0,9,9,4,4,3,1,3,1,8,6,0,0
14,1722,4,0,4,0,9,9,4,4,3,1,3,1,7,6,0,0
15,1723,4,0,4,0,9,9,4,4,3,1,3,1,4,6,0,0
15,1723,4,0,4,0,9,9,4,4,3,1,3,1,4,6,0,0
15,1723,4,0,4,0,9,9,4,4,3,1,3,1,4,6,0,0
15,1723,4,0,4,0,9,9,4,4,3,1,3,1,4,6,0,0
15,1723,4,0,4,0,9,9,4,4,3,1,3,1,4,6,0,0
15,1723,4,0,4,0,9,9,4,4,3,1,3,1,4,6,0,0
15,1723,4,0,4,0,9,9,4,4,3,1,3,1,4,6,8,0
15,1723,4,0,4,0,10,8,4,4,3,3,4,2,5,6,8,2
15,1723,4,0,4,0,10,9,4,4,3,3,4,2,5,6,8,3
15,1723,4,0,4,0,10,10,4,4,3,3,4,2,5,6,9,4
15,1723,4,0,4,0,10,10,4,4,3,2,4,1,5,6,9,4
15,1723,4,0,4,0,10,10,4,4,3,3,4,1,5,6,9,4
15,1723,4,0,4,0,10,10,4,4,3,2,4,1,5,6,9,4
15,1723,4,0,4,0,10,10,4,4,3,2,4,1,5,6,5,4
15,1723,4,0,4,0,10,10,4,4,3,2,4,1,5,6,5,4
15,1723,4,0,4,0,10,10,4,4,3,2,4,1,4,6,5,1
15,1723,4,0,4,0,9,10,4,4,3,2,3,1,4,6,5,1
15,1723,4,0,4,0,9,10,4,4,3,2,3,1,4,6,0,1
15,1723,4,0,4,0,9,9,4,4,3,2,3,1,4,6,0,1
15,1723,4,0,4,0,9,9,4,4,3,2,3,1,4,6,0,1
15,1723,4,0,4,0,9,9,4,4,3,2,3,1,4,6,0,1
15,1723,4,0,4,0,9,9,4,4,3,2,3,1,4,6,0,1
15,1723,4,0,4,0,9,9,4,4,3,2,3,1,4,6,0,1
15,1723,4,0,4,0,9,9,4,4,3,2,3,1,4,6,0,1
16,1724,4,0,4,0,9,9,4,4,3,2,3,1,7,6,0,1
16,1724,4,0,4,0,9,9,4,4,3,2,3,1,7,6,0,1
16,1724,4,0,4,0,9,9,4,4,3,2,3,1,7,6,0,1
16,1724,4,0,4,0,9,9,4,4,3,2,3,1,7,6,0,1
16,1724,4,0,4,0,9,9,4,4,3,2,3,1,7,6,0,1
16,1724,4,0,4,0,9,9,4,4,3,2,3,1,7,6,0,1
16,1724,4,0,4,0,9,9,4,4,3,2,3,1,10,6,8,1
16,1724,4,0,4,0,10,9,4,3,3,3,4,2,10,10,8,1
16,1724,4,0,4,0,10,10,4,3,3,3,4,2,10,10,8,1
16,1724,4,0,4,0,10,10,4,4,3,3,4,2,10,11,9,2
16,1724,4,0,4,0,10,10,4,4,3,3,4,2,10,10,9,2
16,1724,4,0,4,0,10,10,4,4,3,3,4,2,10,11,9,2
16,1724,4,0,4,0,10,10,4,4,3,3,4,2,10,10,9,1
16,1724,4,0,4,0,10,10,4,4,3,3,4,2,10,9,5,0
16,1724,4,0,4,0,10,10,4,3,3,2,4,2,10,9,5,0
16,1724,4,0,4,0,10,10,4,2,3,2,4,2,8,9,5,0
16,1724,4,0,4,0,9,10,4,2,3,2,3,2,8,9,5,0
16,1724,4,0,4,0,9,10,4,2,3,2,3,2,8,9,0,0
16,1724,4,0,4,0,9,9,4,2,3,2,3,2,8,9,0,0
16,1724,4,0,4,0,9,9,4,2,3,2,3,2,8,9,0,0
16,1724,4,0,4,0,9,9,4,2,3,2,3,2,8,9,0,0
16,1724,4,0,4,0,9,9,4,2,3,2,3,2,8,9,0,0
16,1724,4,0,4,0,9,8,4,2,3,2,3,2,8,9,0,0
16,1724,4,0,4,0,9,8,4,2,3,2,3,2,7,9,0,0
17,1725,4,0,4,0,9,8,4,2,3,2,3,2,7,9,0,0
17,1725,4,0,4,0,9,8,4,2,3,2,3,2,7,9,0,0
17,1725,4,0,4,0,9,8,4,2,3,2,3,2,7,9,0,0
17,1725,4,0,4,0,9,8,4,2,3,2,3,2,7,9,0,0
17,1725,4,0,4,0,9,8,4,2,3,2,3,2,7,9,0,0
17,1725,4,0,4,0,9,8,4,2,3,2,3,2,7,9,0,0
17,1725,4,0,4,0,9,8,4,2,3,2,3,2,8,9,8,0
17,1725,4,0,4,0,10,9,4,3,3,1,4,3,8,8,8,0
17,1725,4,0,4,0,10,10,4,3,3,1,4,2,8,8,8,0
17,1725,4,0,4,0,10,10,4,3,3,1,4,2,8,8,9,0
17,1725,4,0,4,0,10,10,4,3,3,1,4,2,8,8,9,0
17,1725,4,0,4,0,10,10,4,3,3,1,4,2,8,8,9,0
17,1725,4,0,4,0,10,10,4,3,3,1,4,2,8,8,9,0
17,1725,4,0,4,0,10,10,4,3,3,1,4,2,8,8,5,0
17,1725,4,0,4,0,10,10,4,3,3,1,4,2,8,8,5,0
17,1725,4,0,4,0,10,10,4,2,3,1,4,2,8,8,5,0
17,1725,4,0,4,0,9,10,4,2,3,1,3,2,8,8,5,0
17,1725,4,0,4,0,9,10,4,2,3,1,3,2,8,8,0,0
17,1725,4,0,4,0,9,10,4,2,3,1,3,2,8,8,0,0
17,1725,4,0,4,0,9,10,4,1,3,1,3,2,8,8,0,0
17,1725,4,0,4,0,9,10,4,1,3,1,3,2,8,8,0,0
17,1725,4,0,4,0,9,10,4,0,3,1,3,2,8,8,0,0
17,1725,4,0,4,0,9,10,4,0,3,1,3,2,8,8,0,0
17,1725,4,0,4,0,9,10,4,0,3,1,3,2,7,8,0,0
18,1726,4,0,4,0,9,10,4,0,3,1,3,2,7,8,0,0
18,1726,4,0,4,0,9,10,4,0,3,1,3,2,7,8,0,0
18,1726,4,0,4,0,9,10,4,0,3,1,3,2,7,8,0,0
18,1726,4,0,4,0,9,10,4,0,3,1,3,2,7,8,0,0
18,1726,4,0,4,0,9,10,4,0,3,1,3,2,7,8,0,0
18,1726,4,0,4,0,9,10,4,0,3,1,3,2,7,8,0,0
18,1726,4,0,4,0,9,10,4,0,3,1,3,2,8,8,8,0
18,1726,4,0,4,0,10,9,4,0,3,2,4,3,8,8,8,1
18,1726,4,0,4,0,10,10,4,1,3,3,4,3,8,8,8,1
18,1726,4,0,4,0,10,10,4,2,3,3,4,3,8,8,9,2
18,1726,4,0,4,0,10,10,4,3,3,3,4,3,8,8,9,2
18,1726,4,0,4,0,10,10,4,4,3,3,4,3,8,8,9,2
18,1726,4,0,4,0,10,10,4,4,3,2,4,3,8,8,9,2
18,1726,4,0,4,0,10,10,4,4,3,2,4,3,8,8,5,2
18,1726,4,0,4,0,10,10,4,3,3,3,4,3,8,8,5,2
18,1726,4,0,4,0,10,10,4,3,3,3,4,3,8,8,5,2
18,1726,4,0,4,0,9,10,4,2,3,3,3,3,8,8,5,2
18,1726,4,0,4,0,9,10,4,2,3,3,3,3,8,7,0,1
18,1726,4,0,4,0,9,10,4,2,3,3,3,3,8,7,0,1
18,1726,4,0,4,0,9,9,4,2,3,3,3,3,8,7,0,1
18,1726,4,0,4,0,9,9,4,2,3,3,3,3,8,6,0,1
18,1726,4,0,4,0,9,9,4,2,3,3,3,3,8,6,0,1
18,1726,4,0,4,0,9,9,4,2,3,3,3,3,8,6,0,1
18,1726,4,0,4,0,9,9,4,2,3,3,3,3,7,6,0,1
19,1727,4,0,3,0,8,9,3,2,2,3,2,3,7,6,0,1
19,1727,4,0,3,0,8,9,3,2,2,3,2,3,7,6,0,1
19,1727,4,0,3,0,8,9,3,2,2,3,2,3,7,6,0,1
19,1727,4,0,3,0,8,9,3,2,2,3,2,3,7,6,0,1
19,1727,4,0,3,0,8,9,3,2,2,3,2,3,7,6,0,1
19,1727,4,0,3,0,8,9,3,2,2,3,2,3,7,6,0,1
19,1727,4,0,3,0,8,9,3,2,2,3,3,3,10,6,0,1
19,1727,4,0,3,0,8,8,3,2,2,3,3,3,10,6,0,0
19,1727,4,0,3,0,8,8,3,2,2,3,3,3,10,6,0,0
19,1727,4,0,3,0,8,8,3,2,2,3,3,3,10,6,0,0
19,1727,4,0,3,0,8,8,3,2,2,3,3,2,10,6,0,0
19,1727,4,0,3,0,8,8,3,2,2,3,3,2,10,6,0,0
19,1727,4,0,3,0,8,8,3,2,2,3,3,2,10,6,0,0
19,1727,4,0,3,0,8,8,3,2,2,3,3,2,10,6,0,0
19,1727,4,0,3,0,8,8,3,2,2,3,3,2,10,6,0,0
19,1727,4,0,3,0,8,8,3,2,2,3,2,2,8,6,0,0
19,1727,4,0,3,0,8,8,3,2,2,3,2,2,8,6,0,0
19,1727,4,0,3,0,8,8,3,2,2,3,2,2,8,6,0,0
19,1727,4,0,3,0,8,8,3,2,2,3,2,2,8,6,0,0
19,1727,4,0,3,0,8,8,3,2,2,3,2,2,8,6,0,0
19,1727,4,0,3,0,8,8,3,2,2,3,2,2,8,6,0,0
19,1727,4,0,3,0,8,8,3,2,2,3,2,2,8,6,0,0
19,1727,4,0,3,0,8,8,3,2,2,3,2,2,8,6,0,0
19,1727,4,0,3,0,8,8,3,2,2,3,2,2,7,6,0,0
20,1728,4,0,3,0,8,8,3,2,2,3,2,2,4,6,0,0
20,1728,4,0,3,0,8,8,3,2,2,3,2,2,4,6,0,0
20,1728,4,0,3,0,8,8,3,2,2,3,2,2,4,6,0,0
20,1728,4,0,3,0,8,8,3,2,2,3,2,2,4,6,0,0
20,1728,4,0,3,0,8,8,3,2,2,3,2,2,4,6,0,0
20,1728,4,0,3,0,8,8,3,2,2,3,2,2,4,6,0,0
20,1728,4,0,3,0,8,8,3,2,2,3,3,2,4,6,0,0
20,1728,4,0,3,0,8,6,3,2,2,3,3,2,5,5,0,0
20,1728,4,0,3,0,8,6,3,2,2,2,3,2,5,5,0,0
20,1728,4,0,3,0,8,6,3,2,2,2,3,2,5,5,0,0
20,1728,4,0,3,0,8,6,3,2,2,2,3,2,5,5,0,0
20,1728,4,0,3,0,8,6,3,2,2,2,3,2,5,5,0,0
20,1728,4,0,3,0,8,6,3,2,2,2,3,2,5,5,0,0
20,1728,4,0,3,0,8,6,3,2,2,2,3,2,5,5,0,0
20,1728,4,0,3,0,8,6,3,2,2,2,3,2,5,5,0,0
20,1728,4,0,3,0,8,6,3,2,2,2,2,2,4,5,0,0
20,1728,4,0,3,0,8,6,3,2,2,2,2,2,4,5,0,0
20,1728,4,0,3,0,8,6,3,2,2,2,2,2,4,4,0,0
20,1728,4,0,3,0,8,6,3,2,2,2,2,2,4,4,0,0
20,1728,4,0,3,0,8,6,3,2,2,2,2,2,4,4,0,0
20,1728,4,0,3,0,8,6,3,1,2,2,2,2,4,4,0,0
20,1728,4,0,3,0,8,6,3,1,2,2,2,2,4,4,0,0
20,1728,4,0,3,0,8,6,3,1,2,2,2,2,4,4,0,0
20,1728,4,0,3,0,8,6,3,1,2,2,2,2,4,4,0,0
21,1729,4,0,4,0,9,6,4,1,3,2,3,2,7,4,0,0
21,1729,4,0,4,0,9,6,4,1,3,2,3,2,7,4,0,0
21,1729,4,0,4,0,9,6,4,1,3,2,3,2,7,4,0,0
21,1729,4,0,4,0,9,6,4,1,3,2,3,2,7,4,0,0
21,1729,4,0,4,0,9,6,4,1,3,2,3,2,7,4,0,0
21,1729,4,0,4,0,9,6,4,1,3,2,3,2,7,4,0,0
21,1729,4,0,4,0,9,6,4,1,3,2,3,2,8,4,8,0
21,1729,4,0,4,0,10,9,4,3,3,3,4,2,8,5,8,1
21,1729,4,0,4,0,10,10,4,4,3,3,4,2,8,5,8,1
21,1729,4,0,4,0,10,10,4,4,3,3,4,2,8,7,9,1
21,1729,4,0,4,0,10,10,4,4,3,3,4,2,8,7,9,1
21,1729,4,0,4,0,10,10,4,3,3,3,4,2,8,7,9,1
21,1729,4,0,4,0,10,10,4,4,3,2,4,2,8,7,9,1
21,1729,4,0,4,0,10,10,4,4,3,2,4,2,8,5,5,1
21,1729,4,0,4,0,10,10,4,4,3,3,4,1,8,5,5,1
21,1729,4,0,4,0,10,10,4,4,3,3,4,1,8,5,5,1
21,1729,4,0,4,0,9,10,4,4,3,3,3,1,8,5,5,1
21,1729,4,0,4,0,9,10,4,4,3,3,3,1,8,5,0,1
21,1729,4,0,4,0,9,10,4,4,3,3,3,1,8,5,0,1
21,1729,4,0,4,0,9,10,4,4,3,3,3,1,8,5,0,1
21,1729,4,0,4,0,9,10,4,4,3,3,3,1,8,5,0,1
21,1729,4,0,4,0,9,9,4,3,3,2,3,1,8,5,0,1
21,1729,4,0,4,0,9,9,4,3,3,2,3,1,8,5,0,1
21,1729,4,0,4,0,9,9,4,3,3,2,3,1,7,5,0,1
22,1730,4,0,4,0,9,9,4,3,3,2,3,1,4,5,0,1
22,1730,4,0,4,0,9,9,4,3,3,2,3,1,4,5,0,1
22,1730,4,0,4,0,9,9,4,3,3,2,3,1,4,5,0,1
22,1730,4,0,4,0,9,9,4,3,3,2,3,1,4,5,0,1
22,1730,4,0,4,0,9,9,4,3,3,2,3,1,4,5,0,1
22,1730,4,0,4,0,9,9,4,3,3,2,3,1,4,5,0,1
22,1730,4,0,4,0,9,9,4,3,3,2,3,1,4,5,8,1
22,1730,4,0,4,0,10,9,4,4,3,3,4,2,5,5,8,5
22,1730,4,0,4,0,10,10,4,4,3,3,4,2,5,6,8,6
22,1730,4,0,4,0,10,10,4,4,3,3,4,2,5,6,9,7
22,1730,4,0,4,0,10,10,4,4,3,3,4,2,5,7,9,8
22,1730,4,0,4,0,10,10,4,4,3,3,4,2,5,7,9,8
22,1730,4,0,4,0,10,10,4,4,3,3,4,2,5,7,9,8
22,1730,4,0,4,0,10,10,4,4,3,3,4,2,5,6,5,7
22,1730,4,0,4,0,10,10,4,4,3,3,4,2,5,6,5,7
22,1730,4,0,4,0,10,10,4,4,3,3,4,2,4,6,5,5
22,1730,4,0,4,0,9,10,4,4,3,3,3,2,4,6,5,5
22,1730,4,0,4,0,9,9,4,4,3,3,3,2,4,4,0,4
22,1730,4,0,4,0,9,8,4,4,3,3,3,2,4,4,0,4
22,1730,4,0,4,0,9,8,4,4,3,3,3,2,4,4,0,4
22,1730,4,0,4,0,9,8,4,4,3,3,3,2,4,4,0,4
22,1730,4,0,4,0,9,8,4,4,3,3,3,2,4,4,0,4
22,1730,4,0,4,0,9,8,4,4,3,3,3,2,4,4,0,3
22,1730,4,0,4,0,9,8,4,4,3,3,3,2,4,4,0,3
23,1731,4,0,4,0,9,8,4,4,3,3,3,2,7,6,0,3
23,1731,4,0,4,0,9,8,4,4,3,3,3,2,7,6,0,3
23,1731,4,0,4,0,9,8,4,4,3,3,3,2,7,6,0,3
23,1731,4,0,4,0,9,8,4,4,3,3,3,2,7,6,0,3
23,1731,4,0,4,0,9,8,4,4,3,3,3,2,7,6,0,3
23,1731,4,0,4,0,9,8,4,4,3,3,3,2,7,6,0,3
23,1731,4,0,4,0,9,8,4,4,3,3,3,2,10,6,8,3
23,1731,4,0,4,0,10,10,4,4,3,3,4,3,10,9,8,0
23,1731,4,0,4,0,10,10,4,4,3,3,4,3,10,10,8,0
23,1731,4,0,4,0,10,10,4,4,3,3,4,3,10,10,9,0
23,1731,4,0,4,0,10,10,4,4,3,3,4,3,10,10,9,0
23,1731,4,0,4,0,10,10,4,4,3,3,4,3,10,10,9,0
23,1731,4,0,4,0,10,10,4,4,3,3,4,3,10,10,9,0
23,1731,4,0,4,0,10,10,4,4,3,3,4,3,10,10,5,0
23,1731,4,0,4,0,10,10,4,4,3,3,4,3,10,10,5,0
23,1731,4,0,4,0,10,10,4,4,3,3,4,3,8,10,5,0
23,1731,4,0,4,0,9,10,4,4,3,3,3,3,8,10,5,0
23,1731,4,0,4,0,9,10,4,4,3,3,3,3,8,10,0,0
23,1731,4,0,4,0,9,10,4,3,3,2,3,3,8,10,0,0
23,1731,4,0,4,0,9,10,4,3,3,2,3,3,8,9,0,0
23,1731,4,0,4,0,9,10,4,3,3,2,3,2,8,9,0,0
23,1731,4,0,4,0,9,10,4,3,3,2,3,2,8,9,0,0
23,1731,4,0,4,0,9,10,4,3,3,2,3,2,8,9,0,0
23,1731,4,0,4,0,9,10,4,3,3,2,3,2,7,9,0,0
24,1732,4,0,4,0,9,10,4,3,3,2,3,2,7,9,0,0
24,1732,4,0,4,0,9,10,4,3,3,2,3,2,7,9,0,0
24,1732,4,0,4,0,9,10,4,3,3,2,3,2,7,9,0,0
24,1732,4,0,4,0,9,10,4,3,3,2,3,2,7,9,0,0
24,1732,4,0,4,0,9,10,4,3,3,2,3,2,7,9,0,0
24,1732,4,0,4,0,9,10,4,3,3,2,3,2,7,9,0,0
24,1732,4,0,4,0,9,10,4,3,3,2,3,2,8,9,8,0
24,1732,4,0,4,0,10,9,4,4,3,1,4,3,8,8,8,0
24,1732,4,0,4,0,10,10,4,4,3,1,4,3,8,8,8,0
24,1732,4,0,4,0,10,10,4,3,3,1,4,3,8,8,9,0
24,1732,4,0,4,0,10,10,4,3,3,1,4,3,8,8,9,0
24,1732,4,0,4,0,10,10,4,3,3,1,4,3,8,8,9,0
24,1732,4,0,4,0,10,10,4,3,3,1,4,3,8,8,9,0
24,1732,4,0,4,0,10,10,4,3,3,1,4,3,8,7,5,0
24,1732,4,0,4,0,10,10,4,3,3,1,4,3,8,7,5,0
24,1732,4,0,4,0,10,10,4,3,3,1,4,3,8,6,5,0
24,1732,4,0,4,0,9,10,4,3,3,1,3,3,8,5,5,0
24,1732,4,0,4,0,9,10,4,3,3,1,3,3,8,5,0,0
24,1732,4,0,4,0,9,10,4,3,3,1,3,3,8,5,0,0
24,1732,4,0,4,0,9,10,4,3,3,1,3,3,8,5,0,0
24,1732,4,0,4,0,9,10,4,3,3,1,3,3,8,5,0,0
24,1732,4,0,4,0,9,10,4,3,3,1,3,3,8,5,0,0
24,1732,4,0,4,0,9,10,4,3,3,1,3,3,8,5,0,0
24,1732,4,0,4,0,9,10,4,3,3,1,3,3,7,5,0,0
25,1733,4,0,4,0,9,10,4,3,3,1,3,3,7,5,0,0
25,1733,4,0,4,0,9,10,4,3,3,1,3,3,7,5,0,0
25,1733,4,0,4,0,9,10,4,3,3,1,3,3,7,5,0,0
25,1733,4,0,4,0,9,10,4,3,3,1,3,3,7,5,0,0
25,1733,4,0,4,0,9,10,4,3,3,1,3,3,7,5,0,0
25,1733,4,0,4,0,9,10,4,3,3,1,3,3,7,5,0,0
25,1733,4,0,4,0,9,10,4,3,3,1,3,3,8,5,8,0
25,1733,4,0,4,0,10,10,4,3,3,2,4,2,8,8,8,1
25,1733,4,0,4,0,10,10,4,4,3,3,4,2,8,8,8,1
25,1733,4,0,4,0,10,10,4,4,3,3,4,2,8,8,9,2
25,1733,4,0,4,0,10,10,4,4,3,3,4,2,8,8,9,3
25,1733,4,0,4,0,10,10,4,4,3,3,4,2,8,8,9,4
25,1733,4,0,4,0,10,10,4,4,3,3,4,2,8,9,9,4
25,1733,4,0,4,0,10,10,4,4,3,3,4,2,8,9,5,4
25,1733,4,0,4,0,10,10,4,3,3,3,4,2,8,8,5,3
25,1733,4,0,4,0,10,10,4,3,3,3,4,2,8,8,5,1
25,1733,4,0,4,0,9,10,4,3,3,3,3,2,8,8,5,1
25,1733,4,0,4,0,9,10,4,3,3,3,3,2,8,8,0,1
25,1733,4,0,4,0,9,10,4,3,3,3,3,2,8,8,0,1
25,1733,4,0,4,0,9,10,4,3,3,3,3,2,8,8,0,1
25,1733,4,0,4,0,9,10,4,3,3,3,3,1,8,8,0,1
25,1733,4,0,4,0,9,10,4,3,3,3,3,1,8,8,0,1
25,1733,4,0,4,0,9,10,4,3,3,3,3,1,8,8,0,1
25,1733,4,0,4,0,9,10,4,3,3,3,3,1,7,8,0,1
26,1734,4,0,3,0,8,10,3,3,2,3,2,1,7,8,0,1
26,1734,4,0,3,0,8,10,3,3,2,3,2,1,7,8,0,1
26,1734,4,0,3,0,8,10,3,3,2,3,2,1,7,8,0,1
26,1734,4,0,3,0,8,10,3,3,2,3,2,1,7,8,0,1
26,1734,4,0,3,0,8,10,3,3,2,3,2,1,7,8,0,1
26,1734,4,0,3,0,8,10,3,3,2,3,2,1,7,8,0,1
26,1734,4,0,3,0,8,10,3,3,2,3,3,1,10,8,0,1
26,1734,4,0,3,0,8,10,3,3,2,2,3,0,10,6,0,0
26,1734,4,0,3,0,8,9,3,3,2,2,3,0,10,6,0,0
26,1734,4,0,3,0,8,9,3,3,2,2,3,0,10,6,0,0
26,1734,4,0,3,0,8,9,3,3,2,2,3,0,10,6,0,0
26,1734,4,0,3,0,8,9,3,3,2,2,3,0,10,6,0,0
26,1734,4,0,3,0,8,9,3,3,2,2,3,0,10,6,0,0
26,1734,4,0,3,0,8,8,3,3,2,2,3,0,10,5,0,0
26,1734,4,0,3,0,8,8,3,3,2,2,3,0,10,5,0,0
26,1734,4,0,3,0,8,8,3,3,2,2,2,0,8,5,0,0
26,1734,4,0,3,0,8,8,3,3,2,2,2,0,8,5,0,0
26,1734,4,0,3,0,8,8,3,3,2,2,2,0,8,5,0,0
26,1734,4,0,3,0,8,8,3,3,2,2,2,0,8,5,0,0
26,1734,4,0,3,0,8,8,3,3,2,2,2,0,8,5,0,0
26,1734,4,0,3,0,8,8,3,3,2,2,2,0,8,5,0,0
26,1734,4,0,3,0,8,8,3,3,2,2,2,0,8,5,0,0
26,1734,4,0,3,0,8,8,3,3,2,2,2,0,8,5,0,0
26,1734,4,0,3,0,8,8,3,3,2,2,2,0,7,5,0,0
27,1735,4,0,3,0,8,8,3,3,2,2,2,0,4,5,0,0
27,1735,4,0,3,0,8,8,3,3,2,2,2,0,4,5,0,0
27,1735,4,0,3,0,8,8,3,3,2,2,2,0,4,5,0,0
27,1735,4,0,3,0,8,8,3,3,2,2,2,0,4,5,0,0
27,1735,4,0,3,0,8,8,3,3,2,2,2,0,4,5,0,0
27,1735,4,0,3,0,8,8,3,3,2,2,2,0,4,5,0,0
27,1735,4,0,3,0,8,8,3,3,2,2,3,0,4,5,0,0
27,1735,4,0,3,0,8,7,3,3,2,2,3,0,5,5,0,0
27,1735,4,0,3,0,8,7,3,3,2,2,3,0,5,5,0,0
27,1735,4,0,3,0,8,7,3,3,2,2,3,0,5,5,0,0
27,1735,4,0,3,0,8,7,3,3,2,2,3,0,5,5,0,0
27,1735,4,0,3,0,8,7,3,3,2,2,3,0,5,5,0,0
27,1735,4,0,3,0,8,7,3,3,2,2,3,0,5,5,0,0
27,1735,4,0,3,0,8,7,3,3,2,2,3,0,5,5,0,0
27,1735,4,0,3,0,8,7,3,3,2,2,3,0,5,5,0,0
27,1735,4,0,3,0,8,7,3,3,2,2,2,0,4,5,0,0
27,1735,4,0,3,0,8,7,3,3,2,2,2,0,4,5,0,0
27,1735,4,0,3,0,8,7,3,3,2,2,2,0,4,5,0,0
27,1735,4,0,3,0,8,7,3,3,2,2,2,0,4,5,0,0
27,1735,4,0,3,0,8,7,3,3,2,2,2,0,4,5,0,0
27,1735,4,0,3,0,8,7,3,3,2,2,2,0,4,5,0,0
27,1735,4,0,3,0,8,7,3,3,2,2,2,0,4,5,0,0
27,1735,4,0,3,0,8,7,3,3,2,2,2,0,4,5,0,0
27,1735,4,0,3,0,8,7,3,3,2,2,2,0,4,5,0,0
0,1736,4,0,4,0,9,7,4,3,3,2,3,0,7,5,0,0
0,1736,4,0,4,0,9,7,4,3,3,2,3,0,7,5,0,0
0,1736,4,0,4,0,9,7,4,3,3,2,3,0,7,5,0,0
0,1736,4,0,4,0,9,7,4,3,3,2,3,0,7,5,0,0
0,1736,4,0,4,0,9,7,4,3,3,2,3,0,7,5,0,0
0,1736,4,0,4,0,9,7,4,3,3,2,3,0,7,5,0,0
0,1736,4,0,4,0,9,7,4,3,3,2,3,0,8,5,8,0
0,1736,4,0,4,0,10,9,4,3,3,3,4,1,8,6,8,2
0,1736,4,0,4,0,10,10,4,4,3,3,4,1,8,6,8,2
0,1736,4,0,4,0,10,10,4,4,3,3,4,1,8,8,9,2
0,1736,4,0,4,0,10,10,4,4,3,3,4,1,8,8,9,2
0,1736,4,0,4,0,10,10,4,4,3,3,4,1,8,8,9,2
0,1736,4,0,4,0,10,10,4,4,3,3,4,1,8,8,9,2
0,1736,4,0,4,0,10,10,4,4,3,3,4,1,8,7,5,2
0,1736,4,0,4,0,10,10,4,4,3,3,4,1,8,8,5,2
0,1736,4,0,4,0,10,9,4,4,3,3,4,1,8,7,5,2
0,1736,4,0,4,0,9,9,4,4,3,3,3,1,8,7,5,2
0,1736,4,0,4,0,9,9,4,4,3,3,3,1,8,7,0,1
0,1736,4,0,4,0,9,9,4,4,3,3,3,1,8,7,0,1
0,1736,4,0,4,0,9,9,4,4,3,3,3,1,8,7,0,1
0,1736,4,0,4,0,9,9,4,4,3,3,3,1,8,7,0,0
0,1736,4,0,4,0,9,9,4,4,3,3,3,1,8,7,0,0
0,1736,4,0,4,0,9,9,4,4,3,3,3,1,8,7,0,0
0,1736,4,0,4,0,9,9,4,4,3,3,3,1,7,7,0,0
1,1737,4,0,4,0,9,9,4,4,3,3,3,1,4,7,0,0
1,1737,4,0,4,0,9,9,4,4,3,3,3,1,4,7,0,0
1,1737,4,0,4,0,9,9,4,4,3,3,3,1,4,7,0,0
1,1737,4,0,4,0,9,9,4,4,3,3,3,1,4,7,0,0
1,1737,4,0,4,0,9,9,4,4,3,3,3,1,4,7,0,0
1,1737,4,0,4,0,9,9,4,4,3,3,3,1,4,7,0,0
1,1737,4,0,4,0,9,9,4,4,3,3,3,1,4,7,8,0
1,1737,4,0,4,0,10,9,4,4,3,2,4,2,5,7,8,1
1,1737,4,0,4,0,10,10,4,4,3,3,4,2,5,7,8,1
1,1737,4,0,4,0,10,9,4,4,3,3,4,2,5,5,9,2
1,1737,4,0,4,0,10,10,4,4,3,3,4,1,5,5,9,2
1,1737,4,0,4,0,10,9,4,4,3,3,4,1,5,5,9,2
1,1737,4,0,4,0,10,9,4,4,3,3,4,1,5,5,9,2
1,1737,4,0,4,0,10,8,4,4,3,3,4,1,5,5,5,2
1,1737,4,0,4,0,10,10,4,4,3,3,4,1,5,5,5,1
1,1737,4,0,4,0,10,10,4,4,3,2,4,1,4,5,5,1
1,1737,4,0,4,0,9,10,4,4,3,2,3,1,4,5,5,1
1,1737,4,0,4,0,9,10,4,4,3,2,3,1,4,5,0,1
1,1737,4,0,4,0,9,10,4,4,3,2,3,1,4,5,0,1
1,1737,4,0,4,0,9,10,4,4,3,2,3,1,4,5,0,1
1,1737,4,0,4,0,9,10,4,4,3,2,3,1,4,5,0,0
1,1737,4,0,4,0,9,10,4,4,3,2,3,1,4,5,0,0
1,1737,4,0,4,0,9,10,4,4,3,2,3,1,4,5,0,0
1,1737,4,0,4,0,9,10,4,4,3,2,3,1,4,5,0,0
2,1738,4,0,4,0,9,10,4,4,3,2,3,1,7,5,0,0
2,1738,4,0,4,0,9,10,4,4,3,2,3,1,7,5,0,0
2,1738,4,0,4,0,9,10,4,4,3,2,3,1,7,5,0,0
2,1738,4,0,4,0,9,10,4,4,3,2,3,1,7,5,0,0
2,1738,4,0,4,0,9,10,4,4,3,2,3,1,7,5,0,0
2,1738,4,0,4,0,9,10,4,4,3,2,3,1,7,5,0,0
2,1738,4,0,4,0,9,10,4,4,3,2,3,1,10,5,8,0
2,1738,4,0,4,0,10,8,4,3,3,3,4,2,10,10,8,1
2,1738,4,0,4,0,10,10,4,4,3,3,4,2,10,10,8,1
2,1738,4,0,4,0,10,10,4,4,3,3,4,2,10,10,9,1
2,1738,4,0,4,0,10,10,4,4,3,3,4,1,10,10,9,1
2,1738,4,0,4,0,10,10,4,4,3,3,4,1,10,10,9,1
2,1738,4,0,4,0,10,10,4,4,3,3,4,1,10,9,9,1
2,1738,4,0,4,0,10,10,4,4,3,3,4,1,10,10,5,1
2,1738,4,0,4,0,10,10,4,4,3,3,4,1,10,9,5,1
2,1738,4,0,4,0,10,9,4,4,3,3,4,1,8,8,5,0
2,1738,4,0,4,0,9,9,4,4,3,3,3,1,8,8,5,0
2,1738,4,0,4,0,9,9,4,4,3,3,3,1,8,8,0,0
2,1738,4,0,4,0,9,9,4,4,3,3,3,1,8,8,0,0
2,1738,4,0,4,0,9,9,4,4,3,3,3,1,8,8,0,0
2,1738,4,0,4,0,9,9,4,4,3,3,3,1,8,8,0,0
2,1738,4,0,4,0,9,9,4,4,3,3,3,1,8,8,0,0
2,1738,4,0,4,0,9,9,4,4,3,3,3,1,8,8,0,0
2,1738,4,0,4,0,9,9,4,4,3,3,3,1,7,8,0,0
3,1739,4,0,4,0,9,9,4,4,3,3,3,1,7,8,0,0
3,1739,4,0,4,0,9,9,4,4,3,3,3,1,7,8,0,0
3,1739,4,0,4,0,9,9,4,4,3,3,3,1,7,8,0,0
3,1739,4,0,4,0,9,9,4,4,3,3,3,1,7,8,0,0
3,1739,4,0,4,0,9,9,4,4,3,3,3,1,7,8,0,0
3,1739,4,0,4,0,9,9,4,4,3,3,3,1,7,8,0,0
3,1739,4,0,4,0,9,9,4,4,3,3,3,1,8,8,8,0
3,1739,4,0,4,0,10,9,4,4,3,2,4,2,8,8,8,0
3,1739,4,0,4,0,10,10,4,4,3,2,4,2,8,8,8,0
3,1739,4,0,4,0,10,10,4,4,3,2,4,2,8,8,9,0
3,1739,4,0,4,0,10,10,4,4,3,2,4,2,8,8,9,0
3,1739,4,0,4,0,10,10,4,4,3,2,4,2,8,8,9,0
3,1739,4,0,4,0,10,10,4,4,3,2,4,2,8,8,9,0
3,1739,4,0,4,0,10,10,4,4,3,2,4,2,8,8,5,0
3,1739,4,0,4,0,10,10,4,4,3,2,4,2,8,8,5,0
3,1739,4,0,4,0,10,10,4,4,3,2,4,2,8,8,5,0
3,1739,4,0,4,0,9,10,4,4,3,2,3,2,8,8,5,0
3,1739,4,0,4,0,9,10,4,4,3,2,3,2,8,8,0,0
3,1739,4,0,4,0,9,10,4,4,3,2,3,2,8,8,0,0
3,1739,4,0,4,0,9,10,4,4,3,2,3,2,8,8,0,0
3,1739,4,0,4,0,9,10,4,4,3,2,3,2,8,8,0,0
3,1739,4,0,4,0,9,10,4,4,3,2,3,2,8,7,0,0
3,1739,4,0,4,0,9,10,4,4,3,2,3,2,8,7,0,0
3,1739,4,0,4,0,9,10,4,4,3,2,3,2,7,7,0,0
4,1740,4,0,4,0,9,10,4,4,3,2,3,2,7,7,0,0
4,1740,4,0,4,0,9,10,4,4,3,2,3,2,7,7,0,0
4,1740,4,0,4,0,9,10,4,4,3,2,3,2,7,7,0,0
4,1740,4,0,4,0,9,10,4,4,3,2,3,2,7,7,0,0
4,1740,4,0,4,0,9,10,4,4,3,2,3,2,7,7,0,0
4,1740,4,0,4,0,9,10,4,4,3,2,3,2,7,7,0,0
4,1740,4,0,4,0,9,10,4,4,3,2,3,2,8,7,8,0
4,1740,4,0,4,0,10,9,4,4,3,2,4,1,8,8,8,1
4,1740,4,0,4,0,10,10,4,4,3,3,4,1,8,8,8,1
4,1740,4,0,4,0,10,10,4,4,3,3,4,1,8,8,9,1
4,1740,4,0,4,0,10,10,4,4,3,2,4,1,8,8,9,1
4,1740,4,0,4,0,10,10,4,4,3,3,4,1,8,8,9,1
4,1740,4,0,4,0,10,10,4,4,3,3,4,1,8,8,9,1
4,1740,4,0,4,0,10,10,4,4,3,3,4,1,8,8,5,1
4,1740,4,0,4,0,10,10,4,4,3,2,4,1,8,8,5,1
4,1740,4,0,4,0,10,9,4,4,3,2,4,1,8,7,5,1
4,1740,4,0,4,0,9,9,4,4,3,2,3,1,8,7,5,1
4,1740,4,0,4,0,9,9,4,4,3,2,3,1,8,6,0,1
4,1740,4,0,4,0,9,9,4,4,3,2,3,1,8,6,0,1
4,1740,4,0,4,0,9,9,4,4,3,2,3,1,8,6,0,1
4,1740,4,0,4,0,9,9,4,4,3,2,3,1,8,6,0,1
4,1740,4,0,4,0,9,9,4,4,3,2,3,1,8,6,0,1
4,1740,4,0,4,0,9,9,4,4,3,2,3,1,8,6,0,1
4,1740,4,0,4,0,9,9,4,4,3,2,3,1,7,6,0,1
5,1741,4,0,3,0,8,9,3,4,2,2,2,1,7,6,0,1
5,1741,4,0,3,0,8,9,3,4,2,2,2,1,7,6,0,1
5,1741,4,0,3,0,8,9,3,4,2,2,2,1,7,6,0,1
5,1741,4,0,3,0,8,9,3,4,2,2,2,1,7,6,0,1
5,1741,4,0,3,0,8,9,3,4,2,2,2,1,7,6,0,1
5,1741,4,0,3,0,8,9,3,4,2,2,2,1,7,6,0,1
5,1741,4,0,3,0,8,9,3,4,2,2,3,1,10,6,0,1
5,1741,4,0,3,0,8,8,3,4,2,2,3,0,10,5,0,0
5,1741,4,0,3,0,8,8,3,4,2,2,3,0,10,5,0,0
5,1741,4,0,3,0,8,8,3,4,2,2,3,0,10,5,0,0
5,1741,4,0,3,0,8,8,3,4,2,2,3,0,10,5,0,0
5,1741,4,0,3,0,8,8,3,4,2,2,3,0,10,5,0,0
5,1741,4,0,3,0,8,8,3,4,2,2,3,0,10,5,0,0
5,1741,4,0,3,0,8,8,3,4,2,2,3,0,10,5,0,0
5,1741,4,0,3,0,8,8,3,3,2,2,3,0,10,5,0,0
5,1741,4,0,3,0,8,8,3,3,2,2,2,0,8,5,0,0
5,1741,4,0,3,0,8,8,3,3,2,2,2,0,8,5,0,0
5,1741,4,0,3,0,8,8,3,3,2,2,2,0,8,5,0,0
5,1741,4,0,3,0,8,8,3,3,2,2,2,0,8,5,0,0
5,1741,4,0,3,0,8,8,3,3,2,2,2,0,8,5,0,0
5,1741,4,0,3,0,8,8,3,3,2,2,2,0,8,5,0,0
5,1741,4,0,3,0,8,7,3,3,2,2,2,0,8,4,0,0
5,1741,4,0,3,0,8,7,3,3,2,2,2,0,8,4,0,0
5,1741,4,0,3,0,8,7,3,3,2,2,2,0,7,4,0,0
6,1742,4,0,3,0,8,7,3,3,2,2,2,0,4,4,0,0
6,1742,4,0,3,0,8,7,3,3,2,2,2,0,4,4,0,0
6,1742,4,0,3,0,8,7,3,3,2,2,2,0,4,4,0,0
6,1742,4,0,3,0,8,7,3,3,2,2,2,0,4,4,0,0
6,1742,4,0,3,0,8,7,3,3,2,2,2,0,4,4,0,0
6,1742,4,0,3,0,8,7,3,3,2,2,2,0,4,4,0,0
6,1742,4,0,3,0,8,7,3,3,2,2,3,0,4,4,0,0
6,1742,4,0,3,0,8,7,3,3,2,2,3,0,5,3,0,0
6,1742,4,0,3,0,8,7,3,3,2,2,3,0,5,3,0,0
6,1742,4,0,3,0,8,7,3,3,2,1,3,0,5,3,0,0
6,1742,4,0,3,0,8,7,3,3,2,1,3,0,5,3,0,0
6,1742,4,0,3,0,8,7,3,3,2,1,3,0,5,3,0,0
6,1742,4,0,3,0,8,7,3,3,2,1,3,0,5,3,0,0
6,1742,4,0,3,0,8,7,3,3,2,1,3,0,5,3,0,0
6,1742,4,0,3,0,8,7,3,3,2,1,3,0,5,3,0,0
6,1742,4,0,3,0,8,7,3,3,2,1,2,0,4,3,0,0
6,1742,4,0,3,0,8,7,3,3,2,1,2,0,4,3,0,0
6,1742,4,0,3,0,8,7,3,3,2,1,2,0,4,3,0,0
6,1742,4,0,3,0,8,7,3,3,2,1,2,0,4,3,0,0
6,1742,4,0,3,0,8,7,3,3,2,1,2,0,4,3,0,0
6,1742,4,0,3,0,8,7,3,3,2,1,2,0,4,3,0,0
6,1742,4,0,3,0,8,7,3,2,2,1,2,0,4,3,0,0
6,1742,4,0,3,0,8,7,3,2,2,1,2,0,4,3,0,0
6,1742,4,0,3,0,8,7,3,2,2,1,2,0,4,3,0,0
7,1743,4,0,4,0,9,7,4,2,3,1,3,0,7,3,0,0
7,1743,4,0,4,0,9,7,4,2,3,1,3,0,7,3,0,0
7,1743,4,0,4,0,9,7,4,2,3,1,3,0,7,3,0,0
7,1743,4,0,4,0,9,7,4,2,3,1,3,0,7,3,0,0
7,1743,4,0,4,0,9,7,4,2,3,1,3,0,7,3,0,0
7,1743,4,0,4,0,9,7,4,2,3,1,3,0,7,3,0,0
7,1743,4,0,4,0,9,7,4,2,3,1,3,0,8,3,8,0
7,1743,4,0,4,0,10,8,4,4,3,2,4,1,8,5,8,1
7,1743,4,0,4,0,10,8,4,4,3,3,4,1,8,6,8,1
7,1743,4,0,4,0,10,8,4,4,3,3,4,1,8,7,9,1
7,1743,4,0,4,0,10,9,4,4,3,3,4,1,8,7,9,1
7,1743,4,0,4,0,10,9,4,4,3,2,4,1,8,8,9,1
7,1743,4,0,4,0,10,10,4,4,3,3,4,1,8,8,9,1
7,1743,4,0,4,0,10,9,4,4,3,3,4,1,8,8,5,1
7,1743,4,0,4,0,10,8,4,4,3,3,4,1,8,8,5,0
7,1743,4,0,4,0,10,8,4,4,3,3,4,1,8,8,5,0
7,1743,4,0,4,0,9,8,4,4,3,3,3,1,8,8,5,0
7,1743,4,0,4,0,9,8,4,4,3,3,3,1,8,8,0,0
7,1743,4,0,4,0,9,8,4,4,3,3,3,1,8,8,0,0
7,1743,4,0,4,0,9,8,4,4,3,3,3,1,8,8,0,0
7,1743,4,0,4,0,9,8,4,4,3,3,3,1,8,8,0,0
7,1743,4,0,4,0,9,8,4,4,3,3,3,1,8,8,0,0
7,1743,4,0,4,0,9,8,4,4,3,3,3,1,8,8,0,0
7,1743,4,0,4,0,9,8,4,4,3,3,3,1,7,8,0,0
8,1744,4,0,4,0,9,8,4,4,3,3,3,1,4,8,0,0
8,1744,4,0,4,0,9,8,4,4,3,3,3,1,4,8,0,0
8,1744,4,0,4,0,9,8,4,4,3,3,3,1,4,8,0,0
8,1744,4,0,4,0,9,8,4,4,3,3,3,1,4,8,0,0
8,1744,4,0,4,0,9,8,4,4,3,3,3,1,4,8,0,0
8,1744,4,0,4,0,9,8,4,4,3,3,3,1,4,8,0,0
8,1744,4,0,4,0,9,8,4,4,3,3,3,1,4,8,8,0
8,1744,4,0,4,0,10,9,4,4,3,3,4,2,5,5,8,2
8,1744,4,0,4,0,10,9,4,4,3,3,4,2,5,5,8,3
8,1744,4,0,4,0,10,10,4,4,3,3,4,2,5,4,9,3
8,1744,4,0,4,0,10,10,4,4,3,3,4,2,5,5,9,3
8,1744,4,0,4,0,10,10,4,4,3,3,4,2,5,6,9,3
8,1744,4,0,4,0,10,10,4,4,3,3,4,2,5,6,9,3
8,1744,4,0,4,0,10,10,4,4,3,3,4,2,5,5,5,2
8,1744,4,0,4,0,10,10,4,4,3,3,4,2,5,5,5,2
8,1744,4,0,4,0,10,10,4,4,3,3,4,2,4,5,5,2
8,1744,4,0,4,0,9,10,4,4,3,3,3,2,4,5,5,2
8,1744,4,0,4,0,9,10,4,4,3,3,3,2,4,5,0,2
8,1744,4,0,4,0,9,10,4,4,3,2,3,1,4,5,0,2
8,1744,4,0,4,0,9,10,4,4,3,2,3,1,4,5,0,2
8,1744,4,0,4,0,9,10,4,4,3,2,3,1,4,5,0,2
8,1744,4,0,4,0,9,10,4,4,3,2,3,1,4,5,0,2
8,1744,4,0,4,0,9,10,4,4,3,2,3,1,4,5,0,2
8,1744,4,0,4,0,9,10,4,4,3,2,3,1,4,5,0,2
9,1745,4,0,4,0,9,10,4,4,3,2,3,1,7,6,0,2
9,1745,4,0,4,0,9,10,4,4,3,2,3,1,7,6,0,2
9,1745,4,0,4,0,9,10,4,4,3,2,3,1,7,6,0,2
9,1745,4,0,4,0,9,10,4,4,3,2,3,1,7,6,0,2
9,1745,4,0,4,0,9,10,4,4,3,2,3,1,7,6,0,2
9,1745,4,0,4,0,9,10,4,4,3,2,3,1,7,6,0,2
9,1745,4,0,4,0,9,10,4,4,3,2,3,1,10,6,8,2
9,1745,4,0,4,0,10,8,4,3,3,2,4,2,10,10,8,1
9,1745,4,0,4,0,10,10,4,3,3,2,4,2,10,10,8,2
9,1745,4,0,4,0,10,10,4,4,3,2,4,2,10,9,9,2
9,1745,4,0,4,0,10,9,4,4,3,3,4,2,10,10,9,3
9,1745,4,0,4,0,10,10,4,4,3,3,4,2,10,10,9,3
9,1745,4,0,4,0,10,10,4,4,3,3,4,2,10,10,9,3
9,1745,4,0,4,0,10,10,4,4,3,3,4,2,10,11,5,3
9,1745,4,0,4,0,10,10,4,4,3,3,4,2,10,10,5,3
9,1745,4,0,4,0,10,10,4,4,3,3,4,2,8,10,5,3
9,1745,4,0,4,0,9,10,4,4,3,3,3,2,8,8,5,2
9,1745,4,0,4,0,9,10,4,4,3,3,3,2,8,7,0,2
9,1745,4,0,4,0,9,10,4,4,3,3,3,2,8,6,0,2
9,1745,4,0,4,0,9,10,4,4,3,3,3,2,8,6,0,1
9,1745,4,0,4,0,9,10,4,4,3,3,3,2,8,6,0,1
9,1745,4,0,4,0,9,9,4,4,3,3,3,2,8,5,0,1
9,1745,4,0,4,0,9,9,4,4,3,3,3,2,8,5,0,1
9,1745,4,0,4,0,9,9,4,4,3,3,3,2,7,5,0,1
10,1746,4,0,4,0,9,9,4,4,3,3,3,2,7,5,0,1
10,1746,4,0,4,0,9,9,4,4,3,3,3,2,7,5,0,1
10,1746,4,0,4,0,9,9,4,4,3,3,3,2,7,5,0,1
10,1746,4,0,4,0,9,9,4,4,3,3,3,2,7,5,0,1
10,1746,4,0,4,0,9,9,4,4,3,3,3,2,7,5,0,1
10,1746,4,0,4,0,9,9,4,4,3,3,3,2,7,5,0,1
10,1746,4,0,4,0,9,9,4,4,3,3,3,2,8,5,8,1
10,1746,4,0,4,0,10,9,4,3,3,3,4,3,8,8,8,0
10,1746,4,0,4,0,10,10,4,3,3,3,4,3,8,8,8,0
10,1746,4,0,4,0,10,10,4,3,3,3,4,3,8,8,9,0
10,1746,4,0,4,0,10,10,4,3,3,3,4,3,8,8,9,0
10,1746,4,0,4,0,10,10,4,3,3,3,4,2,8,8,9,0
10,1746,4,0,4,0,10,10,4,3,3,3,4,2,8,8,9,0
10,1746,4,0,4,0,10,9,4,3,3,3,4,2,8,8,5,0
10,1746,4,0,4,0,10,9,4,3,3,3,4,2,8,8,5,0
10,1746,4,0,4,0,10,8,4,3,3,2,4,2,8,8,5,0
10,1746,4,0,4,0,9,8,4,3,3,2,3,2,8,8,5,0
10,1746,4,0,4,0,9,8,4,3,3,2,3,2,8,8,0,0
10,1746,4,0,4,0,9,8,4,3,3,2,3,2,8,8,0,0
10,1746,4,0,4,0,9,8,4,3,3,2,3,2,8,8,0,0
10,1746,4,0,4,0,9,8,4,3,3,1,3,2,8,8,0,0
10,1746,4,0,4,0,9,8,4,3,3,1,3,2,8,7,0,0
10,1746,4,0,4,0,9,8,4,3,3,1,3,2,8,7,0,0
10,1746,4,0,4,0,9,8,4,3,3,1,3,2,7,7,0,0
11,1747,4,0,4,0,9,8,4,3,3,1,3,2,7,7,0,0
11,1747,4,0,4,0,9,8,4,3,3,1,3,2,7,7,0,0
11,1747,4,0,4,0,9,8,4,3,3,1,3,2,7,7,0,0
11,1747,4,0,4,0,9,8,4,3,3,1,3,2,7,7,0,0
11,1747,4,0,4,0,9,8,4,3,3,1,3,2,7,7,0,0
11,1747,4,0,4,0,9,8,4,3,3,1,3,2,7,7,0,0
11,1747,4,0,4,0,9,8,4,3,3,1,3,2,8,7,8,0
11,1747,4,0,4,0,10,10,4,3,3,2,4,3,8,7,8,0
11,1747,4,0,4,0,10,10,4,3,3,3,4,3,8,8,8,1
11,1747,4,0,4,0,10,10,4,4,3,3,4,3,8,8,9,1
11,1747,4,0,4,0,10,10,4,4,3,2,4,3,8,8,9,1
11,1747,4,0,4,0,10,10,4,4,3,3,4,3,8,9,9,1
11,1747,4,0,4,0,10,10,4,4,3,2,4,3,8,9,9,1
11,1747,4,0,4,0,10,10,4,4,3,3,4,3,8,9,5,1
11,1747,4,0,4,0,10,10,4,4,3,3,4,3,8,9,5,1
11,1747,4,0,4,0,10,10,4,4,3,3,4,3,8,8,5,1
11,1747,4,0,4,0,9,10,4,4,3,3,3,2,8,7,5,1
11,1747,4,0,4,0,9,10,4,4,3,3,3,2,8,7,0,1
11,1747,4,0,4,0,9,10,4,4,3,3,3,2,8,6,0,0
11,1747,4,0,4,0,9,9,4,4,3,3,3,2,8,6,0,0
11,1747,4,0,4,0,9,9,4,4,3,3,3,2,8,6,0,0
11,1747,4,0,4,0,9,9,4,4,3,3,3,2,8,6,0,0
11,1747,4,0,4,0,9,9,4,4,3,3,3,2,8,6,0,0
11,1747,4,0,4,0,9,9,4,4,3,3,3,2,7,6,0,0
12,1748,4,0,3,0,8,9,3,4,2,3,2,2,7,6,0,0
12,1748,4,0,3,0,8,9,3,4,2,3,2,2,7,6,0,0
12,1748,4,0,3,0,8,9,3,4,2,3,2,2,7,6,0,0
12,1748,4,0,3,0,8,9,3,4,2,3,2,2,7,6,0,0
12,1748,4,0,3,0,8,9,3,4,2,3,2,2,7,6,0,0
12,1748,4,0,3,0,8,9,3,4,2,3,2,2,7,6,0,0
12,1748,4,0,3,0,8,9,3,4,2,3,3,2,10,6,0,0
12,1748,4,0,3,0,8,8,3,3,2,0,3,1,10,6,0,0
12,1748,4,0,3,0,8,8,3,3,2,0,3,1,10,6,0,0
12,1748,4,0,3,0,8,8,3,3,2,0,3,1,10,6,0,0
12,1748,4,0,3,0,8,8,3,3,2,0,3,1,10,6,0,0
12,1748,4,0,3,0,8,8,3,3,2,0,3,1,10,6,0,0
12,1748,4,0,3,0,8,8,3,3,2,0,3,1,10,6,0,0
12,1748,4,0,3,0,8,8,3,3,2,0,3,1,10,6,0,0
12,1748,4,0,3,0,8,8,3,3,2,0,3,1,10,6,0,0
12,1748,4,0,3,0,8,8,3,3,2,0,2,1,8,6,0,0
12,1748,4,0,3,0,8,8,3,3,2,0,2,1,8,6,0,0
12,1748,4,0,3,0,8,8,3,3,2,0,2,1,8,6,0,0
12,1748,4,0,3,0,8,8,3,3,2,0,2,1,8,6,0,0
12,1748,4,0,3,0,8,8,3,3,2,0,2,1,8,6,0,0
12,1748,4,0,3,0,8,8,3,3,2,0,2,1,8,6,0,0
12,1748,4,0,3,0,8,8,3,3,2,0,2,1,8,6,0,0
12,1748,4,0,3,0,8,8,3,3,2,0,2,1,8,6,0,0
12,1748,4,0,3,0,8,8,3,3,2,0,2,1,7,6,0,0
13,1749,4,0,3,0,8,8,3,3,2,0,2,1,4,6,0,0
13,1749,4,0,3,0,8,8,3,3,2,0,2,1,4,6,0,0
13,1749,4,0,3,0,8,8,3,3,2,0,2,1,4,6,0,0
13,1749,4,0,3,0,8,8,3,3,2,0,2,1,4,6,0,0
13,1749,4,0,3,0,8,8,3,3,2,0,2,1,4,6,0,0
13,1749,4,0,3,0,8,8,3,3,2,0,2,1,4,6,0,0
13,1749,4,0,3,0,8,8,3,3,2,0,3,1,4,6,0,0
13,1749,4,0,3,0,8,8,3,2,2,0,3,0,5,5,0,0
13,1749,4,0,3,0,8,7,3,2,2,0,3,0,5,4,0,0
13,1749,4,0,3,0,8,7,3,2,2,0,3,0,5,4,0,0
13,1749,4,0,3,0,8,7,3,2,2,0,3,0,5,4,0,0
13,1749,4,0,3,0,8,7,3,2,2,0,3,0,5,4,0,0
13,1749,4,0,3,0,8,7,3,2,2,0,3,0,5,4,0,0
13,1749,4,0,3,0,8,7,3,2,2,0,3,0,5,4,0,0
13,1749,4,0,3,0,8,7,3,2,2,0,3,0,5,4,0,0
13,1749,4,0,3,0,8,7,3,2,2,0,2,0,4,4,0,0
13,1749,4,0,3,0,8,7,3,2,2,0,2,0,4,4,0,0
13,1749,4,0,3,0,8,7,3,2,2,0,2,0,4,4,0,0
13,1749,4,0,3,0,8,7,3,2,2,0,2,0,4,4,0,0
13,1749,4,0,3,0,8,7,3,2,2,0,2,0,4,4,0,0
13,1749,4,0,3,0,8,7,3,2,2,0,2,0,4,4,0,0
13,1749,4,0,3,0,8,7,3,2,2,0,2,0,4,4,0,0
13,1749,4,0,3,0,8,7,3,2,2,0,2,0,4,4,0,0
13,1749,4,0,3,0,8,7,3,2,2,0,2,0,4,4,0,0
14,1750,4,0,4,0,9,7,4,2,3,0,3,0,7,4,0,0
14,1750,4,0,4,0,9,7,4,2,3,0,3,0,7,4,0,0
14,1750,4,0,4,0,9,7,4,2,3,0,3,0,7,4,0,0
14,1750,4,0,4,0,9,7,4,2,3,0,3,0,7,4,0,0
14,1750,4,0,4,0,9,7,4,2,3,0,3,0,7,4,0,0
14,1750,4,0,4,0,9,7,4,2,3,0,3,0,7,4,0,0
14,1750,4,0,4,0,9,7,4,2,3,0,3,0,8,4,8,0
14,1750,4,0,4,0,10,9,4,4,3,0,4,1,8,6,8,2
14,1750,4,0,4,0,10,10,4,4,3,0,4,1,8,6,8,2
14,1750,4,0,4,0,10,10,4,4,3,1,4,1,8,8,9,2
14,1750,4,0,4,0,10,10,4,4,3,1,4,1,8,8,9,2
14,1750,4,0,4,0,10,10,4,4,3,1,4,1,8,8,9,2
14,1750,4,0,4,0,10,10,4,4,3,1,4,1,8,8,9,2
14,1750,4,0,4,0,10,10,4,4,3,0,4,1,8,6,5,2
14,1750,4,0,4,0,10,10,4,3,3,0,4,1,8,6,5,1
14,1750,4,0,4,0,10,10,4,3,3,0,4,1,8,7,5,1
14,1750,4,0,4,0,9,10,4,3,3,0,3,1,8,7,5,1
14,1750,4,0,4,0,9,10,4,3,3,0,3,1,8,6,0,0
14,1750,4,0,4,0,9,10,4,3,3,0,3,1,8,6,0,0
14,1750,4,0,4,0,9,9,4,3,3,0,3,1,8,6,0,0
14,1750,4,0,4,0,9,9,4,3,3,0,3,1,8,6,0,0
14,1750,4,0,4,0,9,8,4,3,3,0,3,1,8,6,0,0
14,1750,4,0,4,0,9,8,4,3,3,0,3,1,8,6,0,0
14,1750,4,0,4,0,9,8,4,3,3,0,3,1,7,6,0,0
15,1751,4,0,4,0,9,8,4,3,3,0,3,1,4,6,0,0
15,1751,4,0,4,0,9,8,4,3,3,0,3,1,4,6,0,0
15,1751,4,0,4,0,9,8,4,3,3,0,3,1,4,6,0,0
15,1751,4,0,4,0,9,8,4,3,3,0,3,1,4,6,0,0
15,1751,4,0,4,0,9,8,4,3,3,0,3,1,4,6,0,0
15,1751,4,0,4,0,9,8,4,3,3,0,3,1,4,6,0,0
15,1751,4,0,4,0,9,8,4,3,3,0,3,1,4,6,8,0
15,1751,4,0,4,0,10,9,4,2,3,3,4,2,5,5,8,2
15,1751,4,0,4,0,10,10,4,3,3,3,4,2,5,5,8,3
15,1751,4,0,4,0,10,10,4,4,3,2,4,2,5,6,9,4
15,1751,4,0,4,0,10,10,4,4,3,3,4,2,5,6,9,4
15,1751,4,0,4,0,10,10,4,4,3,3,4,2,5,6,9,4
15,1751,4,0,4,0,10,10,4,4,3,2,4,2,5,6,9,3
15,1751,4,0,4,0,10,10,4,4,3,1,4,2,5,6,5,3
15,1751,4,0,4,0,10,9,4,4,3,1,4,2,5,6,5,3
15,1751,4,0,4,0,10,9,4,3,3,1,4,2,4,6,5,2
15,1751,4,0,4,0,9,9,4,3,3,1,3,2,4,5,5,1
15,1751,4,0,4,0,9,9,4,3,3,1,3,2,4,5,0,1
15,1751,4,0,4,0,9,8,4,3,3,1,3,2,4,5,0,1
15,1751,4,0,4,0,9,8,4,3,3,0,3,2,4,5,0,1
15,1751,4,0,4,0,9,7,4,3,3,0,3,2,4,4,0,1
15,1751,4,0,4,0,9,7,4,3,3,0,3,2,4,4,0,1
15,1751,4,0,4,0,9,7,4,3,3,0,3,2,4,4,0,0
15,1751,4,0,4,0,9,7,4,3,3,0,3,2,4,4,0,0
16,1752,4,0,4,0,9,7,4,3,3,0,3,2,7,4,0,0
16,1752,4,0,4,0,9,7,4,3,3,0,3,2,7,4,0,0
16,1752,4,0,4,0,9,7,4,3,3,0,3,2,7,4,0,0
16,1752,4,0,4,0,9,7,4,3,3,0,3,2,7,4,0,0
16,1752,4,0,4,0,9,7,4,3,3,0,3,2,7,4,0,0
16,1752,4,0,4,0,9,7,4,3,3,0,3,2,7,4,0,0
16,1752,4,0,4,0,9,7,4,3,3,0,3,2,10,4,8,0
16,1752,4,0,4,0,10,9,4,3,3,0,4,3,10,6,8,1
16,1752,4,0,4,0,10,10,4,3,3,0,4,3,10,8,8,1
16,1752,4,0,4,0,10,10,4,4,3,0,4,3,10,11,9,2
16,1752,4,0,4,0,10,10,4,4,3,0,4,3,10,11,9,2
16,1752,4,0,4,0,10,10,4,4,3,1,4,3,10,11,9,2
16,1752,4,0,4,0,10,10,4,4,3,1,4,3,10,11,9,2
16,1752,4,0,4,0,10,10,4,3,3,1,4,3,10,10,5,1
16,1752,4,0,4,0,10,10,4,2,3,0,4,3,10,10,5,0
16,1752,4,0,4,0,10,10,4,2,3,0,4,3,8,8,5,0
16,1752,4,0,4,0,9,10,4,2,3,0,3,3,8,8,5,0
16,1752,4,0,4,0,9,10,4,2,3,0,3,3,8,8,0,0
16,1752,4,0,4,0,9,10,4,2,3,0,3,3,8,7,0,0
16,1752,4,0,4,0,9,10,4,2,3,0,3,3,8,7,0,0
16,1752,4,0,4,0,9,10,4,2,3,0,3,3,8,7,0,0
16,1752,4,0,4,0,9,10,4,2,3,0,3,3,8,6,0,0
16,1752,4,0,4,0,9,10,4,2,3,0,3,3,8,6,0,0
16,1752,4,0,4,0,9,10,4,2,3,0,3,3,7,6,0,0
17,1753,4,0,4,0,9,10,4,2,3,0,3,3,7,6,0,0
17,1753,4,0,4,0,9,10,4,2,3,0,3,3,7,6,0,0
17,1753,4,0,4,0,9,10,4,2,3,0,3,3,7,6,0,0
17,1753,4,0,4,0,9,10,4,2,3,0,3,3,7,6,0,0
17,1753,4,0,4,0,9,10,4,2,3,0,3,3,7,6,0,0
17,1753,4,0,4,0,9,10,4,2,3,0,3,3,7,6,0,0
17,1753,4,0,4,0,9,10,4,2,3,0,3,3,8,6,8,0
17,1753,4,0,4,0,10,10,4,3,3,0,4,3,8,7,8,0
17,1753,4,0,4,0,10,10,4,3,3,0,4,3,8,8,8,0
17,1753,4,0,4,0,10,10,4,3,3,0,4,3,8,8,9,0
17,1753,4,0,4,0,10,10,4,3,3,0,4,3,8,7,9,0
17,1753,4,0,4,0,10,10,4,3,3,0,4,3,8,8,9,0
17,1753,4,0,4,0,10,10,4,3,3,0,4,3,8,8,9,0
17,1753,4,0,4,0,10,10,4,3,3,0,4,3,8,8,5,0
17,1753,4,0,4,0,10,10,4,3,3,0,4,3,8,8,5,0
17,1753,4,0,4,0,10,10,4,3,3,0,4,3,8,8,5,0
17,1753,4,0,4,0,9,10,4,3,3,0,3,3,8,7,5,0
17,1753,4,0,4,0,9,10,4,3,3,0,3,3,8,7,0,0
17,1753,4,0,4,0,9,10,4,3,3,0,3,3,8,7,0,0
17,1753,4,0,4,0,9,10,4,3,3,0,3,3,8,7,0,0
17,1753,4,0,4,0,9,10,4,3,3,0,3,3,8,7,0,0
17,1753,4,0,4,0,9,10,4,3,3,0,3,3,8,7,0,0
17,1753,4,0,4,0,9,10,4,3,3,0,3,3,8,7,0,0
17,1753,4,0,4,0,9,10,4,3,3,0,3,3,7,7,0,0
18,1754,4,0,4,0,9,10,4,3,3,0,3,3,7,7,0,0
18,1754,4,0,4,0,9,10,4,3,3,0,3,3,7,7,0,0
18,1754,4,0,4,0,9,10,4,3,3,0,3,3,7,7,0,0
18,1754,4,0,4,0,9,10,4,3,3,0,3,3,7,7,0,0
18,1754,4,0,4,0,9,10,4,3,3,0,3,3,7,7,0,0
18,1754,4,0,4,0,9,10,4,3,3,0,3,3,7,7,0,0
18,1754,4,0,4,0,9,10,4,3,3,0,3,3,8,7,8,0
18,1754,4,0,4,0,10,10,4,3,3,1,4,4,8,7,8,1
18,1754,4,0,4,0,10,10,4,3,3,3,4,4,8,8,8,1
18,1754,4,0,4,0,10,10,4,4,3,3,4,4,8,8,9,2
18,1754,4,0,4,0,10,10,4,4,3,3,4,4,8,8,9,2
18,1754,4,0,4,0,10,10,4,4,3,3,4,4,8,8,9,2
18,1754,4,0,4,0,10,10,4,4,3,3,4,4,8,9,9,2
18,1754,4,0,4,0,10,10,4,4,3,3,4,4,8,9,5,2
18,1754,4,0,4,0,10,10,4,4,3,1,4,4,8,9,5,2
18,1754,4,0,4,0,10,10,4,4,3,1,4,4,8,7,5,1
18,1754,4,0,4,0,9,10,4,4,3,1,3,4,8,7,5,1
18,1754,4,0,4,0,9,10,4,4,3,1,3,4,8,7,0,1
18,1754,4,0,4,0,9,10,4,4,3,1,3,4,8,7,0,1
18,1754,4,0,4,0,9,10,4,4,3,1,3,4,8,7,0,1
18,1754,4,0,4,0,9,10,4,4,3,1,3,4,8,7,0,1
18,1754,4,0,4,0,9,10,4,4,3,1,3,4,8,7,0,1
18,1754,4,0,4,0,9,10,4,3,3,0,3,4,8,7,0,1
18,1754,4,0,4,0,9,10,4,3,3,0,3,4,7,7,0,1
19,1755,4,0,3,0,8,10,3,3,2,0,2,4,7,7,0,1
19,1755,4,0,3,0,8,10,3,3,2,0,2,4,7,7,0,1
19,1755,4,0,3,0,8,10,3,3,2,0,2,4,7,7,0,1
19,1755,4,0,3,0,8,10,3,3,2,0,2,4,7,7,0,1
19,1755,4,0,3,0,8,10,3,3,2,0,2,4,7,7,0,1
19,1755,4,0,3,0,8,10,3,3,2,0,2,4,7,7,0,1
19,1755,4,0,3,0,8,10,3,3,2,0,3,4,10,7,0,1
19,1755,4,0,3,0,8,9,3,3,2,0,3,3,10,7,0,0
19,1755,4,0,3,0,8,9,3,3,2,0,3,3,10,7,0,0
19,1755,4,0,3,0,8,9,3,3,2,0,3,3,10,7,0,0
19,1755,4,0,3,0,8,9,3,3,2,0,3,3,10,7,0,0
19,1755,4,0,3,0,8,9,3,3,2,0,3,3,10,7,0,0
19,1755,4,0,3,0,8,9,3,3,2,0,3,3,10,7,0,0
19,1755,4,0,3,0,8,9,3,3,2,0,3,3,10,7,0,0
19,1755,4,0,3,0,8,9,3,3,2,0,3,3,10,7,0,0
19,1755,4,0,3,0,8,9,3,3,2,0,2,2,8,7,0,0
19,1755,4,0,3,0,8,9,3,3,2,0,2,2,8,7,0,0
19,1755,4,0,3,0,8,9,3,3,2,0,2,2,8,7,0,0
19,1755,4,0,3,0,8,9,3,3,2,0,2,1,8,7,0,0
19,1755,4,0,3,0,8,9,3,3,2,0,2,1,8,7,0,0
19,1755,4,0,3,0,8,9,3,3,2,0,2,1,8,7,0,0
19,1755,4,0,3,0,8,9,3,3,2,0,2,1,8,7,0,0
19,1755,4,0,3,0,8,9,3,3,2,0,2,1,8,7,0,0
19,1755,4,0,3,0,8,9,3,3,2,0,2,1,7,7,0,0
20,1756,4,0,3,0,8,9,3,3,2,0,2,1,4,7,0,0
20,1756,4,0,3,0,8,9,3,3,2,0,2,1,4,7,0,0
20,1756,4,0,3,0,8,9,3,3,2,0,2,1,4,7,0,0
20,1756,4,0,3,0,8,9,3,3,2,0,2,1,4,7,0,0
20,1756,4,0,3,0,8,9,3,3,2,0,2,1,4,7,0,0
20,1756,4,0,3,0,8,9,3,3,2,0,2,1,4,7,0,0
20,1756,4,0,3,0,8,9,3,3,2,0,3,1,4,7,0,0
20,1756,4,0,3,0,8,9,3,2,2,0,3,1,5,6,0,0
20,1756,4,0,3,0,8,9,3,2,2,0,3,1,5,6,0,0
20,1756,4,0,3,0,8,9,3,2,2,0,3,1,5,6,0,0
20,1756,4,0,3,0,8,9,3,2,2,0,3,1,5,6,0,0
20,1756,4,0,3,0,8,8,3,2,2,0,3,1,5,6,0,0
20,1756,4,0,3,0,8,8,3,2,2,0,3,1,5,6,0,0
20,1756,4,0,3,0,8,8,3,2,2,0,3,1,5,5,0,0
20,1756,4,0,3,0,8,8,3,2,2,0,3,1,5,5,0,0
20,1756,4,0,3,0,8,8,3,2,2,0,2,1,4,5,0,0
20,1756,4,0,3,0,8,8,3,2,2,0,2,1,4,5,0,0
20,1756,4,0,3,0,8,8,3,2,2,0,2,1,4,5,0,0
20,1756,4,0,3,0,8,8,3,2,2,0,2,1,4,5,0,0
20,1756,4,0,3,0,8,8,3,2,2,0,2,1,4,5,0,0
20,1756,4,0,3,0,8,8,3,2,2,0,2,1,4,5,0,0
20,1756,4,0,3,0,8,8,3,2,2,0,2,1,4,5,0,0
20,1756,4,0,3,0,8,8,3,2,2,0,2,1,4,5,0,0
20,1756,4,0,3,0,8,8,3,2,2,0,2,1,4,5,0,0
21,1757,4,0,4,0,9,8,4,2,3,0,3,1,7,5,0,0
21,1757,4,0,4,0,9,8,4,2,3,0,3,1,7,5,0,0
21,1757,4,0,4,0,9,8,4,2,3,0,3,1,7,5,0,0
21,1757,4,0,4,0,9,8,4,2,3,0,3,1,7,5,0,0
21,1757,4,0,4,0,9,8,4,2,3,0,3,1,7,5,0,0
21,1757,4,0,4,0,9,8,4,2,3,0,3,1,7,5,0,0
21,1757,4,0,4,0,9,8,4,2,3,0,3,1,8,5,8,0
21,1757,4,0,4,0,10,8,4,4,3,1,4,2,8,8,8,1
21,1757,4,0,4,0,10,9,4,4,3,3,4,2,8,8,8,1
21,1757,4,0,4,0,10,10,4,4,3,3,4,2,8,8,9,1
21,1757,4,0,4,0,10,10,4,4,3,3,4,2,8,8,9,1
21,1757,4,0,4,0,10,10,4,4,3,3,4,2,8,8,9,1
21,1757,4,0,4,0,10,10,4,4,3,2,4,2,8,8,9,1
21,1757,4,0,4,0,10,9,4,4,3,2,4,2,8,8,5,1
21,1757,4,0,4,0,10,9,4,4,3,2,4,2,8,8,5,1
21,1757,4,0,4,0,10,9,4,4,3,2,4,2,8,8,5,1
21,1757,4,0,4,0,9,9,4,3,3,1,3,2,8,8,5,0
21,1757,4,0,4,0,9,9,4,3,3,1,3,2,8,8,0,0
21,1757,4,0,4,0,9,9,4,3,3,1,3,2,8,8,0,0
21,1757,4,0,4,0,9,9,4,3,3,1,3,2,8,8,0,0
21,1757,4,0,4,0,9,9,4,3,3,1,3,2,8,8,0,0
21,1757,4,0,4,0,9,9,4,3,3,1,3,2,8,8,0,0
21,1757,4,0,4,0,9,9,4,3,3,1,3,2,8,8,0,0
21,1757,4,0,4,0,9,9,4,3,3,1,3,2,7,8,0,0
22,1758,4,0,4,0,9,9,4,3,3,1,3,2,4,8,0,0
22,1758,4,0,4,0,9,9,4,3,3,1,3,2,4,8,0,0
22,1758,4,0,4,0,9,9,4,3,3,1,3,2,4,8,0,0
22,1758,4,0,4,0,9,9,4,3,3,1,3,2,4,8,0,0
22,1758,4,0,4,0,9,9,4,3,3,1,3,2,4,8,0,0
22,1758,4,0,4,0,9,9,4,3,3,1,3,2,4,8,0,0
22,1758,4,0,4,0,9,9,4,3,3,1,3,2,4,8,8,0
22,1758,4,0,4,0,10,9,4,2,3,3,4,3,5,7,8,5
22,1758,4,0,4,0,10,10,4,4,3,3,4,3,5,7,8,6
22,1758,4,0,4,0,10,10,4,4,3,3,4,3,5,7,9,7
22,1758,4,0,4,0,10,10,4,4,3,3,4,3,5,7,9,8
22,1758,4,0,4,0,10,10,4,4,3,3,4,3,5,7,9,8
22,1758,4,0,4,0,10,10,4,4,3,3,4,3,5,6,9,8
22,1758,4,0,4,0,10,10,4,4,3,3,4,3,5,5,5,8
22,1758,4,0,4,0,10,10,4,4,3,3,4,3,5,5,5,8
22,1758,4,0,4,0,10,10,4,3,3,3,4,3,4,5,5,5
22,1758,4,0,4,0,9,10,4,3,3,3,3,3,4,5,5,5
22,1758,4,0,4,0,9,10,4,3,3,2,3,3,4,5,0,5
22,1758,4,0,4,0,9,10,4,3,3,2,3,3,4,5,0,5
22,1758,4,0,4,0,9,10,4,3,3,2,3,3,4,5,0,4
22,1758,4,0,4,0,9,10,4,3,3,2,3,3,4,5,0,3
22,1758,4,0,4,0,9,9,4,3,3,2,3,3,4,5,0,2
22,1758,4,0,4,0,9,9,4,3,3,2,3,3,4,5,0,2
22,1758,4,0,4,0,9,9,4,3,3,2,3,3,4,5,0,2
23,1759,4,0,4,0,9,9,4,3,3,2,3,3,7,7,0,2
23,1759,4,0,4,0,9,9,4,3,3,2,3,3,7,7,0,2
23,1759,4,0,4,0,9,9,4,3,3,2,3,3,7,7,0,2
23,1759,4,0,4,0,9,9,4,3,3,2,3,3,7,7,0,2
23,1759,4,0,4,0,9,9,4,3,3,2,3,3,7,7,0,2
23,1759,4,0,4,0,9,9,4,3,3,2,3,3,7,7,0,2
23,1759,4,0,4,0,9,9,4,3,3,2,3,3,10,7,8,2
23,1759,4,0,4,0,10,10,4,4,3,1,4,4,10,10,8,1
23,1759,4,0,4,0,10,10,4,4,3,1,4,4,10,9,8,0
23,1759,4,0,4,0,10,10,4,4,3,2,4,4,10,10,9,0
23,1759,4,0,4,0,10,10,4,4,3,3,4,4,10,10,9,0
23,1759,4,0,4,0,10,10,4,3,3,2,4,4,10,9,9,0
23,1759,4,0,4,0,10,10,4,3,3,2,4,4,10,10,9,0
23,1759,4,0,4,0,10,10,4,3,3,2,4,4,10,10,5,0
23,1759,4,0,4,0,10,10,4,3,3,2,4,3,10,10,5,0
23,1759,4,0,4,0,10,10,4,3,3,2,4,3,8,10,5,0
23,1759,4,0,4,0,9,9,4,3,3,2,3,3,8,9,5,0
23,1759,4,0,4,0,9,9,4,3,3,2,3,3,8,9,0,0
23,1759,4,0,4,0,9,9,4,3,3,2,3,3,8,9,0,0
23,1759,4,0,4,0,9,9,4,3,3,2,3,3,8,8,0,0
23,1759,4,0,4,0,9,8,4,3,3,2,3,3,8,8,0,0
23,1759,4,0,4,0,9,8,4,3,3,2,3,3,8,8,0,0
23,1759,4,0,4,0,9,8,4,3,3,2,3,3,8,8,0,0
23,1759,4,0,4,0,9,8,4,3,3,2,3,3,7,8,0,0
24,1760,4,0,4,0,9,8,4,3,3,2,3,3,7,8,0,0
24,1760,4,0,4,0,9,8,4,3,3,2,3,3,7,8,0,0
24,1760,4,0,4,0,9,8,4,3,3,2,3,3,7,8,0,0
24,1760,4,0,4,0,9,8,4,3,3,2,3,3,7,8,0,0
24,1760,4,0,4,0,9,8,4,3,3,2,3,3,7,8,0,0
24,1760,4,0,4,0,9,8,4,3,3,2,3,3,7,8,0,0
24,1760,4,0,4,0,9,8,4,3,3,2,3,3,8,8,8,0
24,1760,4,0,4,0,10,10,4,4,3,2,4,3,8,8,8,0
24,1760,4,0,4,0,10,10,4,4,3,2,4,3,8,8,8,0
24,1760,4,0,4,0,10,10,4,4,3,2,4,3,8,8,9,0
24,1760,4,0,4,0,10,10,4,4,3,2,4,3,8,8,9,0
24,1760,4,0,4,0,10,10,4,4,3,2,4,3,8,8,9,0
24,1760,4,0,4,0,10,10,4,4,3,2,4,3,8,8,9,0
24,1760,4,0,4,0,10,9,4,4,3,2,4,3,8,8,5,0
24,1760,4,0,4,0,10,9,4,4,3,2,4,3,8,8,5,0
24,1760,4,0,4,0,10,9,4,3,3,1,4,3,8,8,5,0
24,1760,4,0,4,0,9,9,4,3,3,0,3,3,8,8,5,0
24,1760,4,0,4,0,9,9,4,3,3,0,3,3,8,8,0,0
24,1760,4,0,4,0,9,8,4,3,3,0,3,3,8,7,0,0
24,1760,4,0,4,0,9,8,4,3,3,0,3,3,8,7,0,0
24,1760,4,0,4,0,9,8,4,3,3,0,3,3,8,7,0,0
24,1760,4,0,4,0,9,8,4,3,3,0,3,3,8,7,0,0
24,1760,4,0,4,0,9,8,4,3,3,0,3,3,8,7,0,0
24,1760,4,0,4,0,9,8,4,3,3,0,3,3,7,7,0,0
25,1761,4,0,4,0,9,8,4,3,3,0,3,3,7,7,0,0
25,1761,4,0,4,0,9,8,4,3,3,0,3,3,7,7,0,0
25,1761,4,0,4,0,9,8,4,3,3,0,3,3,7,7,0,0
25,1761,4,0,4,0,9,8,4,3,3,0,3,3,7,7,0,0
25,1761,4,0,4,0,9,8,4,3,3,0,3,3,7,7,0,0
25,1761,4,0,4,0,9,8,4,3,3,0,3,3,7,7,0,0
25,1761,4,0,4,0,9,8,4,3,3,0,3,3,8,7,8,0
25,1761,4,0,4,0,10,8,4,2,3,1,4,4,8,8,8,1
25,1761,4,0,4,0,10,10,4,2,3,3,4,4,8,8,8,1
25,1761,4,0,4,0,10,10,4,3,3,3,4,4,8,8,9,2
25,1761,4,0,4,0,10,10,4,4,3,3,4,4,8,8,9,3
25,1761,4,0,4,0,10,10,4,4,3,3,4,4,8,8,9,4
25,1761,4,0,4,0,10,10,4,4,3,3,4,4,8,8,9,4
25,1761,4,0,4,0,10,10,4,4,3,2,4,4,8,9,5,4
25,1761,4,0,4,0,10,10,4,4,3,1,4,4,8,9,5,4
25,1761,4,0,4,0,10,10,4,4,3,0,4,4,8,9,5,2
25,1761,4,0,4,0,9,10,4,4,3,0,3,4,8,7,5,1
25,1761,4,0,4,0,9,10,4,4,3,0,3,4,8,7,0,1
25,1761,4,0,4,0,9,10,4,4,3,0,3,4,8,7,0,1
25,1761,4,0,4,0,9,10,4,4,3,0,3,4,8,7,0,1
25,1761,4,0,4,0,9,10,4,4,3,0,3,4,8,7,0,1
25,1761,4,0,4,0,9,10,4,4,3,0,3,4,8,7,0,1
25,1761,4,0,4,0,9,9,4,4,3,0,3,4,8,7,0,0
25,1761,4,0,4,0,9,9,4,4,3,0,3,4,7,7,0,0
26,1762,4,0,3,0,8,9,3,4,2,0,2,4,7,7,0,0
26,1762,4,0,3,0,8,9,3,4,2,0,2,4,7,7,0,0
26,1762,4,0,3,0,8,9,3,4,2,0,2,4,7,7,0,0
26,1762,4,0,3,0,8,9,3,4,2,0,2,4,7,7,0,0
26,1762,4,0,3,0,8,9,3,4,2,0,2,4,7,7,0,0
26,1762,4,0,3,0,8,9,3,4,2,0,2,4,7,7,0,0
26,1762,4,0,3,0,8,9,3,4,2,0,3,4,10,7,0,0
26,1762,4,0,3,0,8,8,3,3,2,0,3,3,10,6,0,0
26,1762,4,0,3,0,8,8,3,3,2,0,3,3,10,6,0,0
26,1762,4,0,3,0,8,8,3,2,2,0,3,3,10,6,0,0
26,1762,4,0,3,0,8,8,3,2,2,0,3,3,10,6,0,0
26,1762,4,0,3,0,8,8,3,2,2,0,3,3,10,6,0,0
26,1762,4,0,3,0,8,8,3,2,2,0,3,3,10,6,0,0
26,1762,4,0,3,0,8,8,3,2,2,0,3,3,10,6,0,0
26,1762,4,0,3,0,8,8,3,2,2,0,3,3,10,6,0,0
26,1762,4,0,3,0,8,8,3,2,2,0,2,3,8,6,0,0
26,1762,4,0,3,0,8,8,3,2,2,0,2,3,8,6,0,0
26,1762,4,0,3,0,8,8,3,2,2,0,2,3,8,6,0,0
26,1762,4,0,3,0,8,8,3,2,2,0,2,3,8,6,0,0
26,1762,4,0,3,0,8,8,3,2,2,0,2,3,8,6,0,0
26,1762,4,0,3,0,8,8,3,1,2,0,2,3,8,6,0,0
26,1762,4,0,3,0,8,8,3,1,2,0,2,3,8,6,0,0
26,1762,4,0,3,0,8,8,3,1,2,0,2,3,8,6,0,0
26,1762,4,0,3,0,8,8,3,1,2,0,2,3,7,6,0,0
27,1763,4,0,3,0,8,8,3,1,2,0,2,3,4,6,0,0
27,1763,4,0,3,0,8,8,3,1,2,0,2,3,4,6,0,0
27,1763,4,0,3,0,8,8,3,1,2,0,2,3,4,6,0,0
27,1763,4,0,3,0,8,8,3,1,2,0,2,3,4,6,0,0
27,1763,4,0,3,0,8,8,3,1,2,0,2,3,4,6,0,0
27,1763,4,0,3,0,8,8,3,1,2,0,2,3,4,6,0,0
27,1763,4,0,3,0,8,8,3,1,2,0,3,3,4,6,0,0
27,1763,4,0,3,0,8,7,3,1,2,0,3,2,5,6,0,0
27,1763,4,0,3,0,8,7,3,1,2,0,3,2,5,6,0,0
27,1763,4,0,3,0,8,7,3,1,2,0,3,2,5,6,0,0
27,1763,4,0,3,0,8,7,3,1,2,0,3,2,5,6,0,0
27,1763,4,0,3,0,8,7,3,1,2,0,3,1,5,6,0,0
27,1763,4,0,3,0,8,7,3,1,2,0,3,1,5,6,0,0
27,1763,4,0,3,0,8,7,3,1,2,0,3,1,5,6,0,0
27,1763,4,0,3,0,8,7,3,1,2,0,3,1,5,6,0,0
27,1763,4,0,3,0,8,7,3,1,2,0,2,1,4,6,0,0
27,1763,4,0,3,0,8,7,3,1,2,0,2,1,4,6,0,0
27,1763,4,0,3,0,8,7,3,1,2,0,2,1,4,6,0,0
27,1763,4,0,3,0,8,7,3,1,2,0,2,1,4,6,0,0
27,1763,4,0,3,0,8,7,3,1,2,0,2,1,4,6,0,0
27,1763,4,0,3,0,8,7,3,1,2,0,2,1,4,6,0,0
27,1763,4,0,3,0,8,7,3,1,2,0,2,1,4,6,0,0
27,1763,4,0,3,0,8,7,3,1,2,0,2,1,4,6,0,0
27,1763,4,0,3,0,8,7,3,1,2,0,2,1,4,6,0,0
0,1764,4,0,4,0,9,7,4,1,3,0,3,1,7,6,0,0
0,1764,4,0,4,0,9,7,4,1,3,0,3,1,7,6,0,0
0,1764,4,0,4,0,9,7,4,1,3,0,3,1,7,6,0,0
0,1764,4,0,4,0,9,7,4,1,3,0,3,1,7,6,0,0
0,1764,4,0,4,0,9,7,4,1,3,0,3,1,7,6,0,0
0,1764,4,0,4,0,9,7,4,1,3,0,3,1,7,6,0,0
0,1764,4,0,4,0,9,7,4,1,3,0,3,1,8,6,8,0
0,1764,4,0,4,0,10,8,4,3,3,0,4,2,8,8,8,2
0,1764,4,0,4,0,10,9,4,4,3,0,4,2,8,8,8,2
0,1764,4,0,4,0,10,10,4,4,3,0,4,2,8,8,9,2
0,1764,4,0,4,0,10,10,4,4,3,0,4,2,8,8,9,2
0,1764,4,0,4,0,10,10,4,4,3,1,4,2,8,8,9,2
0,1764,4,0,4,0,10,10,4,4,3,1,4,2,8,8,9,2
0,1764,4,0,4,0,10,9,4,4,3,1,4,2,8,8,5,2
0,1764,4,0,4,0,10,8,4,4,3,0,4,2,8,8,5,2
0,1764,4,0,4,0,10,9,4,4,3,0,4,2,8,8,5,2
0,1764,4,0,4,0,9,8,4,4,3,0,3,2,8,8,5,1
0,1764,4,0,4,0,9,8,4,4,3,0,3,1,8,8,0,1
0,1764,4,0,4,0,9,8,4,4,3,0,3,1,8,8,0,1
0,1764,4,0,4,0,9,8,4,4,3,0,3,1,8,8,0,1
0,1764,4,0,4,0,9,8,4,4,3,0,3,1,8,8,0,1
0,1764,4,0,4,0,9,8,4,4,3,0,3,1,8,8,0,1
0,1764,4,0,4,0,9,8,4,4,3,0,3,1,8,8,0,1
0,1764,4,0,4,0,9,8,4,4,3,0,3,1,7,8,0,1
1,1765,4,0,4,0,9,8,4,4,3,0,3,1,4,8,0,1
1,1765,4,0,4,0,9,8,4,4,3,0,3,1,4,8,0,1
1,1765,4,0,4,0,9,8,4,4,3,0,3,1,4,8,0,1
1,1765,4,0,4,0,9,8,4,4,3,0,3,1,4,8,0,1
1,1765,4,0,4,0,9,8,4,4,3,0,3,1,4,8,0,1
1,1765,4,0,4,0,9,8,4,4,3,0,3,1,4,8,0,1
1,1765,4,0,4,0,9,8,4,4,3,0,3,1,4,8,8,1
1,1765,4,0,4,0,10,9,4,4,3,2,4,2,5,8,8,1
1,1765,4,0,4,0,10,10,4,4,3,3,4,2,5,8,8,1
1,1765,4,0,4,0,10,10,4,4,3,3,4,2,5,8,9,2
1,1765,4,0,4,0,10,9,4,4,3,3,4,2,5,7,9,2
1,1765,4,0,4,0,10,10,4,4,3,3,4,2,5,7,9,2
1,1765,4,0,4,0,10,9,4,4,3,3,4,2,5,7,9,2
1,1765,4,0,4,0,10,8,4,3,3,3,4,2,5,7,5,2
1,1765,4,0,4,0,10,8,4,3,3,3,4,2,5,7,5,2
1,1765,4,0,4,0,10,8,4,3,3,3,4,2,4,7,5,2
1,1765,4,0,4,0,9,8,4,3,3,3,3,2,4,7,5,2
1,1765,4,0,4,0,9,8,4,3,3,3,3,2,4,7,0,2
1,1765,4,0,4,0,9,8,4,3,3,3,3,2,4,6,0,2
1,1765,4,0,4,0,9,8,4,3,3,3,3,2,4,6,0,2
1,1765,4,0,4,0,9,8,4,3,3,3,3,2,4,6,0,1
1,1765,4,0,4,0,9,6,4,3,3,3,3,2,4,6,0,1
1,1765,4,0,4,0,9,6,4,3,3,3,3,2,4,6,0,1
1,1765,4,0,4,0,9,6,4,3,3,3,3,2,4,6,0,1
2,1766,4,0,4,0,9,6,4,3,3,3,3,2,7,7,0,1
2,1766,4,0,4,0,9,6,4,3,3,3,3,2,7,7,0,1
2,1766,4,0,4,0,9,6,4,3,3,3,3,2,7,7,0,1
2,1766,4,0,4,0,9,6,4,3,3,3,3,2,7,7,0,1
2,1766,4,0,4,0,9,6,4,3,3,3,3,2,7,7,0,1
2,1766,4,0,4,0,9,6,4,3,3,3,3,2,7,7,0,1
2,1766,4,0,4,0,9,6,4,3,3,3,3,2,10,7,8,1
2,1766,4,0,4,0,10,8,4,4,3,3,4,3,10,9,8,1
2,1766,4,0,4,0,10,10,4,4,3,3,4,2,10,10,8,1
2,1766,4,0,4,0,10,10,4,4,3,3,4,2,10,10,9,1
2,1766,4,0,4,0,10,10,4,4,3,3,4,2,10,10,9,1
2,1766,4,0,4,0,10,9,4,4,3,3,4,2,10,10,9,1
2,1766,4,0,4,0,10,9,4,4,3,3,4,2,10,10,9,1
2,1766,4,0,4,0,10,9,4,4,3,3,4,2,10,10,5,0
2,1766,4,0,4,0,10,9,4,4,3,3,4,2,10,10,5,0
2,1766,4,0,4,0,10,8,4,4,3,3,4,2,8,10,5,0
2,1766,4,0,4,0,9,8,4,4,3,3,3,2,8,10,5,0
2,1766,4,0,4,0,9,8,4,4,3,3,3,2,8,9,0,0
2,1766,4,0,4,0,9,8,4,4,3,3,3,2,8,9,0,0
2,1766,4,0,4,0,9,8,4,4,3,3,3,2,8,9,0,0
2,1766,4,0,4,0,9,8,4,4,3,3,3,2,8,9,0,0
2,1766,4,0,4,0,9,8,4,4,3,3,3,2,8,9,0,0
2,1766,4,0,4,0,9,8,4,4,3,3,3,2,8,8,0,0
2,1766,4,0,4,0,9,8,4,4,3,3,3,2,7,8,0,0
3,1767,4,0,4,0,9,8,4,4,3,3,3,2,7,8,0,0
3,1767,4,0,4,0,9,8,4,4,3,3,3,2,7,8,0,0
3,1767,4,0,4,0,9,8,4,4,3,3,3,2,7,8,0,0
3,1767,4,0,4,0,9,8,4,4,3,3,3,2,7,8,0,0
3,1767,4,0,4,0,9,8,4,4,3,3,3,2,7,8,0,0
3,1767,4,0,4,0,9,8,4,4,3,3,3,2,7,8,0,0
3,1767,4,0,4,0,9,8,4,4,3,3,3,2,8,8,8,0
3,1767,4,0,4,0,10,10,4,4,3,3,4,3,8,8,8,0
3,1767,4,0,4,0,10,10,4,4,3,3,4,3,8,8,8,0
3,1767,4,0,4,0,10,10,4,4,3,3,4,3,8,8,9,0
3,1767,4,0,4,0,10,10,4,4,3,3,4,3,8,8,9,0
3,1767,4,0,4,0,10,10,4,4,3,2,4,3,8,8,9,0
3,1767,4,0,4,0,10,10,4,4,3,2,4,3,8,8,9,0
3,1767,4,0,4,0,10,9,4,4,3,2,4,3,8,8,5,0
3,1767,4,0,4,0,10,9,4,4,3,2,4,3,8,8,5,0
3,1767,4,0,4,0,10,9,4,4,3,1,4,3,8,8,5,0
3,1767,4,0,4,0,9,9,4,4,3,1,3,3,8,7,5,0
3,1767,4,0,4,0,9,9,4,3,3,1,3,3,8,7,0,0
3,1767,4,0,4,0,9,9,4,3,3,1,3,3,8,7,0,0
3,1767,4,0,4,0,9,9,4,3,3,1,3,3,8,7,0,0
3,1767,4,0,4,0,9,8,4,3,3,1,3,3,8,7,0,0
3,1767,4,0,4,0,9,7,4,3,3,1,3,3,8,7,0,0
3,1767,4,0,4,0,9,7,4,3,3,1,3,3,8,7,0,0
3,1767,4,0,4,0,9,7,4,3,3,1,3,3,7,7,0,0
4,1768,4,0,4,0,9,7,4,3,3,1,3,3,7,7,0,0
4,1768,4,0,4,0,9,7,4,3,3,1,3,3,7,7,0,0
4,1768,4,0,4,0,9,7,4,3,3,1,3,3,7,7,0,0
4,1768,4,0,4,0,9,7,4,3,3,1,3,3,7,7,0,0
4,1768,4,0,4,0,9,7,4,3,3,1,3,3,7,7,0,0
4,1768,4,0,4,0,9,7,4,3,3,1,3,3,7,7,0,0
4,1768,4,0,4,0,9,7,4,3,3,1,3,3,8,7,8,0
4,1768,4,0,4,0,10,8,4,3,3,2,4,4,8,8,8,1
4,1768,4,0,4,0,10,10,4,3,3,3,4,4,8,8,8,1
4,1768,4,0,4,0,10,10,4,4,3,3,4,4,8,8,9,1
4,1768,4,0,4,0,10,10,4,4,3,3,4,4,8,8,9,1
4,1768,4,0,4,0,10,10,4,4,3,3,4,4,8,8,9,1
4,1768,4,0,4,0,10,10,4,4,3,3,4,4,8,8,9,1
4,1768,4,0,4,0,10,10,4,4,3,3,4,4,8,8,5,1
4,1768,4,0,4,0,10,9,4,3,3,3,4,4,8,8,5,1
4,1768,4,0,4,0,10,8,4,3,3,3,4,4,8,7,5,1
4,1768,4,0,4,0,9,8,4,3,3,3,3,4,8,7,5,1
4,1768,4,0,4,0,9,8,4,3,3,3,3,3,8,7,0,1
4,1768,4,0,4,0,9,8,4,3,3,3,3,3,8,7,0,1
4,1768,4,0,4,0,9,8,4,3,3,2,3,3,8,6,0,1
4,1768,4,0,4,0,9,8,4,3,3,2,3,3,8,6,0,1
4,1768,4,0,4,0,9,8,4,3,3,2,3,3,8,6,0,1
4,1768,4,0,4,0,9,8,4,3,3,2,3,3,8,6,0,1
4,1768,4,0,4,0,9,8,4,3,3,2,3,3,7,6,0,1
5,1769,4,0,3,0,8,8,3,3,2,2,2,3,7,6,0,1
5,1769,4,0,3,0,8,8,3,3,2,2,2,3,7,6,0,1
5,1769,4,0,3,0,8,8,3,3,2,2,2,3,7,6,0,1
5,1769,4,0,3,0,8,8,3,3,2,2,2,3,7,6,0,1
5,1769,4,0,3,0,8,8,3,3,2,2,2,3,7,6,0,1
5,1769,4,0,3,0,8,8,3,3,2,2,2,3,7,6,0,1
5,1769,4,0,3,0,8,8,3,3,2,2,3,3,10,6,0,1
5,1769,4,0,3,0,8,6,3,3,2,1,3,3,10,6,0,0
5,1769,4,0,3,0,8,6,3,3,2,1,3,3,10,6,0,0
5,1769,4,0,3,0,8,6,3,3,2,1,3,3,10,6,0,0
5,1769,4,0,3,0,8,6,3,3,2,1,3,3,10,6,0,0
5,1769,4,0,3,0,8,6,3,3,2,1,3,3,10,6,0,0
5,1769,4,0,3,0,8,6,3,2,2,1,3,3,10,6,0,0
5,1769,4,0,3,0,8,6,3,2,2,1,3,3,10,6,0,0
5,1769,4,0,3,0,8,6,3,2,2,1,3,3,10,6,0,0
5,1769,4,0,3,0,8,6,3,1,2,1,2,3,8,6,0,0
5,1769,4,0,3,0,8,6,3,1,2,1,2,2,8,6,0,0
5,1769,4,0,3,0,8,6,3,1,2,1,2,2,8,6,0,0
5,1769,4,0,3,0,8,5,3,1,2,1,2,2,8,6,0,0
5,1769,4,0,3,0,8,5,3,1,2,1,2,2,8,6,0,0
5,1769,4,0,3,0,8,5,3,1,2,1,2,2,8,6,0,0
5,1769,4,0,3,0,8,5,3,1,2,0,2,2,8,6,0,0
5,1769,4,0,3,0,8,5,3,1,2,0,2,2,8,6,0,0
5,1769,4,0,3,0,8,5,3,1,2,0,2,2,7,6,0,0
6,1770,4,0,3,0,8,5,3,1,2,0,2,2,4,6,0,0
6,1770,4,0,3,0,8,5,3,1,2,0,2,2,4,6,0,0
6,1770,4,0,3,0,8,5,3,1,2,0,2,2,4,6,0,0
6,1770,4,0,3,0,8,5,3,1,2,0,2,2,4,6,0,0
6,1770,4,0,3,0,8,5,3,1,2,0,2,2,4,6,0,0
6,1770,4,0,3,0,8,5,3,1,2,0,2,2,4,6,0,0
6,1770,4,0,3,0,8,5,3,1,2,0,3,2,4,6,0,0
6,1770,4,0,3,0,8,5,3,1,2,0,3,2,5,6,0,0
6,1770,4,0,3,0,8,5,3,1,2,0,3,2,5,6,0,0
6,1770,4,0,3,0,8,5,3,1,2,0,3,2,5,6,0,0
6,1770,4,0,3,0,8,5,3,1,2,0,3,2,5,6,0,0
6,1770,4,0,3,0,8,5,3,1,2,0,3,2,5,6,0,0
6,1770,4,0,3,0,8,5,3,1,2,0,3,2,5,6,0,0
6,1770,4,0,3,0,8,5,3,1,2,0,3,2,5,6,0,0
6,1770,4,0,3,0,8,5,3,1,2,0,3,2,5,6,0,0
6,1770,4,0,3,0,8,5,3,1,2,0,2,2,4,6,0,0
6,1770,4,0,3,0,8,5,3,1,2,0,2,2,4,6,0,0
6,1770,4,0,3,0,8,5,3,1,2,0,2,2,4,6,0,0
6,1770,4,0,3,0,8,5,3,1,2,0,2,2,4,6,0,0
6,1770,4,0,3,0,8,5,3,1,2,0,2,2,4,6,0,0
6,1770,4,0,3,0,8,5,3,1,2,0,2,2,4,6,0,0
6,1770,4,0,3,0,8,5,3,1,2,0,2,2,4,6,0,0
6,1770,4,0,3,0,8,5,3,1,2,0,2,2,4,6,0,0
6,1770,4,0,3,0,8,5,3,1,2,0,2,2,4,6,0,0
7,1771,4,0,4,0,9,5,4,1,3,0,3,2,7,6,0,0
7,1771,4,0,4,0,9,5,4,1,3,0,3,2,7,6,0,0
7,1771,4,0,4,0,9,5,4,1,3,0,3,2,7,6,0,0
7,1771,4,0,4,0,9,5,4,1,3,0,3,2,7,6,0,0
7,1771,4,0,4,0,9,5,4,1,3,0,3,2,7,6,0,0
7,1771,4,0,4,0,9,5,4,1,3,0,3,2,7,6,0,0
7,1771,4,0,4,0,9,5,4,1,3,0,3,2,8,6,8,0
7,1771,4,0,4,0,10,8,4,3,3,1,4,3,8,7,8,1
7,1771,4,0,4,0,10,8,4,3,3,2,4,3,8,8,8,1
7,1771,4,0,4,0,10,9,4,4,3,3,4,3,8,8,9,1
7,1771,4,0,4,0,10,10,4,4,3,3,4,3,8,8,9,1
7,1771,4,0,4,0,10,10,4,4,3,3,4,3,8,8,9,1
7,1771,4,0,4,0,10,10,4,4,3,3,4,3,8,8,9,1
7,1771,4,0,4,0,10,8,4,4,3,3,4,3,8,8,5,1
7,1771,4,0,4,0,10,8,4,4,3,3,4,3,8,8,5,1
7,1771,4,0,4,0,10,8,4,4,3,3,4,3,8,8,5,1
7,1771,4,0,4,0,9,8,4,4,3,3,3,3,8,8,5,1
7,1771,4,0,4,0,9,8,4,4,3,3,3,3,8,8,0,1
7,1771,4,0,4,0,9,8,4,4,3,3,3,3,8,8,0,1
7,1771,4,0,4,0,9,8,4,4,3,2,3,3,8,8,0,1
7,1771,4,0,4,0,9,8,4,4,3,1,3,3,8,7,0,1
7,1771,4,0,4,0,9,8,4,4,3,1,3,3,8,7,0,1
7,1771,4,0,4,0,9,8,4,4,3,1,3,3,8,7,0,1
7,1771,4,0,4,0,9,8,4,4,3,1,3,3,7,7,0,1
8,1772,4,0,4,0,9,8,4,4,3,1,3,3,4,7,0,1
8,1772,4,0,4,0,9,8,4,4,3,1,3,3,4,7,0,1
8,1772,4,0,4,0,9,8,4,4,3,1,3,3,4,7,0,1
8,1772,4,0,4,0,9,8,4,4,3,1,3,3,4,7,0,1
8,1772,4,0,4,0,9,8,4,4,3,1,3,3,4,7,0,1
8,1772,4,0,4,0,9,8,4,4,3,1,3,3,4,7,0,1
8,1772,4,0,4,0,9,8,4,4,3,1,3,3,4,7,8,1
8,1772,4,0,4,0,10,9,4,3,3,3,4,4,5,7,8,2
8,1772,4,0,4,0,10,9,4,4,3,3,4,4,5,7,8,3
8,1772,4,0,4,0,10,10,4,4,3,3,4,4,5,7,9,3
8,1772,4,0,4,0,10,10,4,4,3,3,4,4,5,7,9,3
8,1772,4,0,4,0,10,10,4,4,3,3,4,4,5,7,9,3
8,1772,4,0,4,0,10,10,4,4,3,3,4,4,5,7,9,3
8,1772,4,0,4,0,10,10,4,4,3,3,4,4,5,7,5,3
8,1772,4,0,4,0,10,10,4,4,3,3,4,4,5,7,5,3
8,1772,4,0,4,0,10,10,4,4,3,3,4,4,4,7,5,0
8,1772,4,0,4,0,9,10,4,4,3,3,3,4,4,7,5,0
8,1772,4,0,4,0,9,10,4,4,3,3,3,4,4,7,0,0
8,1772,4,0,4,0,9,10,4,4,3,3,3,4,4,7,0,0
8,1772,4,0,4,0,9,10,4,4,3,3,3,4,4,7,0,0
8,1772,4,0,4,0,9,10,4,4,3,3,3,4,4,7,0,0
8,1772,4,0,4,0,9,10,4,4,3,2,3,4,4,7,0,0
8,1772,4,0,4,0,9,10,4,4,3,1,3,4,4,7,0,0
8,1772,4,0,4,0,9,10,4,4,3,1,3,4,4,7,0,0
9,1773,4,0,4,0,9,10,4,4,3,1,3,4,7,7,0,0
9,1773,4,0,4,0,9,10,4,4,3,1,3,4,7,7,0,0
9,1773,4,0,4,0,9,10,4,4,3,1,3,4,7,7,0,0
9,1773,4,0,4,0,9,10,4,4,3,1,3,4,7,7,0,0
9,1773,4,0,4,0,9,10,4,4,3,1,3,4,7,7,0,0
9,1773,4,0,4,0,9,10,4,4,3,1,3,4,7,7,0,0
9,1773,4,0,4,0,9,10,4,4,3,1,3,4,10,7,8,0
9,1773,4,0,4,0,10,10,4,4,3,2,4,4,10,10,8,1
9,1773,4,0,4,0,10,10,4,4,3,2,4,4,10,10,8,2
9,1773,4,0,4,0,10,10,4,4,3,3,4,4,10,11,9,2
9,1773,4,0,4,0,10,10,4,4,3,3,4,4,10,11,9,3
9,1773,4,0,4,0,10,10,4,4,3,3,4,4,10,11,9,3
9,1773,4,0,4,0,10,8,4,4,3,3,4,4,10,11,9,3
9,1773,4,0,4,0,10,8,4,4,3,3,4,4,10,11,5,3
9,1773,4,0,4,0,10,8,4,4,3,3,4,4,10,11,5,2
9,1773,4,0,4,0,10,8,4,4,3,2,4,4,8,11,5,2
9,1773,4,0,4,0,9,8,4,4,3,2,3,4,8,11,5,2
9,1773,4,0,4,0,9,8,4,4,3,2,3,4,8,10,0,1
9,1773,4,0,4,0,9,8,4,4,3,2,3,4,8,10,0,1
9,1773,4,0,4,0,9,8,4,4,3,2,3,4,8,10,0,1
9,1773,4,0,4,0,9,8,4,4,3,2,3,4,8,9,0,1
9,1773,4,0,4,0,9,8,4,4,3,2,3,4,8,9,0,1
9,1773,4,0,4,0,9,7,4,4,3,2,3,4,8,9,0,1
9,1773,4,0,4,0,9,7,4,4,3,2,3,4,7,9,0,1
10,1774,4,0,4,0,9,7,4,4,3,2,3,4,7,9,0,1
10,1774,4,0,4,0,9,7,4,4,3,2,3,4,7,9,0,1
10,1774,4,0,4,0,9,7,4,4,3,2,3,4,7,9,0,1
10,1774,4,0,4,0,9,7,4,4,3,2,3,4,7,9,0,1
10,1774,4,0,4,0,9,7,4,4,3,2,3,4,7,9,0,1
10,1774,4,0,4,0,9,7,4,4,3,2,3,4,7,9,0,1
10,1774,4,0,4,0,9,7,4,4,3,2,3,4,8,9,8,1
10,1774,4,0,4,0,10,9,4,4,3,2,4,3,8,8,8,0
10,1774,4,0,4,0,10,10,4,3,3,2,4,3,8,8,8,0
10,1774,4,0,4,0,10,10,4,3,3,2,4,3,8,8,9,0
10,1774,4,0,4,0,10,10,4,3,3,2,4,3,8,8,9,0
10,1774,4,0,4,0,10,10,4,3,3,2,4,3,8,8,9,0
10,1774,4,0,4,0,10,10,4,3,3,2,4,3,8,8,9,0
10,1774,4,0,4,0,10,10,4,3,3,2,4,3,8,8,5,0
10,1774,4,0,4,0,10,10,4,3,3,2,4,3,8,8,5,0
10,1774,4,0,4,0,10,10,4,3,3,2,4,3,8,8,5,0
10,1774,4,0,4,0,9,9,4,3,3,2,3,3,8,7,5,0
10,1774,4,0,4,0,9,9,4,3,3,2,3,3,8,7,0,0
10,1774,4,0,4,0,9,9,4,3,3,2,3,3,8,7,0,0
10,1774,4,0,4,0,9,9,4,3,3,2,3,3,8,7,0,0
10,1774,4,0,4,0,9,9,4,3,3,2,3,3,8,7,0,0
10,1774,4,0,4,0,9,8,4,3,3,2,3,3,8,7,0,0
10,1774,4,0,4,0,9,8,4,3,3,2,3,3,8,7,0,0
10,1774,4,0,4,0,9,8,4,3,3,2,3,3,7,7,0,0
11,1775,4,0,4,0,9,8,4,3,3,2,3,3,7,7,0,0
11,1775,4,0,4,0,9,8,4,3,3,2,3,3,7,7,0,0
11,1775,4,0,4,0,9,8,4,3,3,2,3,3,7,7,0,0
11,1775,4,0,4,0,9,8,4,3,3,2,3,3,7,7,0,0
11,1775,4,0,4,0,9,8,4,3,3,2,3,3,7,7,0,0
11,1775,4,0,4,0,9,8,4,3,3,2,3,3,7,7,0,0
11,1775,4,0,4,0,9,8,4,3,3,2,3,3,8,7,8,0
11,1775,4,0,4,0,10,9,4,3,3,2,4,3,8,8,8,0
11,1775,4,0,4,0,10,10,4,3,3,3,4,3,8,8,8,1
11,1775,4,0,4,0,10,10,4,4,3,3,4,3,8,8,9,1
11,1775,4,0,4,0,10,10,4,4,3,2,4,3,8,8,9,1
11,1775,4,0,4,0,10,10,4,4,3,3,4,3,8,9,9,1
11,1775,4,0,4,0,10,10,4,4,3,3,4,3,8,9,9,1
11,1775,4,0,4,0,10,10,4,4,3,3,4,3,8,8,5,0
11,1775,4,0,4,0,10,10,4,4,3,3,4,3,8,8,5,0
11,1775,4,0,4,0,10,9,4,4,3,3,4,3,8,8,5,0
11,1775,4,0,4,0,9,9,4,4,3,3,3,3,8,8,5,0
11,1775,4,0,4,0,9,9,4,4,3,3,3,3,8,8,0,0
11,1775,4,0,4,0,9,9,4,4,3,3,3,3,8,8,0,0
11,1775,4,0,4,0,9,9,4,3,3,3,3,3,8,7,0,0
11,1775,4,0,4,0,9,9,4,3,3,2,3,3,8,7,0,0
11,1775,4,0,4,0,9,9,4,3,3,2,3,3,8,7,0,0
11,1775,4,0,4,0,9,9,4,3,3,2,3,3,8,6,0,0
11,1775,4,0,4,0,9,9,4,3,3,2,3,3,7,6,0,0
12,1776,4,0,3,0,8,9,3,3,2,2,2,3,7,6,0,0
12,1776,4,0,3,0,8,9,3,3,2,2,2,3,7,6,0,0
12,1776,4,0,3,0,8,9,3,3,2,2,2,3,7,6,0,0
12,1776,4,0,3,0,8,9,3,3,2,2,2,3,7,6,0,0
12,1776,4,0,3,0,8,9,3,3,2,2,2,3,7,6,0,0
12,1776,4,0,3,0,8,9,3,3,2,2,2,3,7,6,0,0
12,1776,4,0,3,0,8,9,3,3,2,2,3,3,10,6,0,0
12,1776,4,0,3,0,8,8,3,3,2,2,3,3,10,6,0,0
12,1776,4,0,3,0,8,7,3,3,2,2,3,2,10,6,0,0
12,1776,4,0,3,0,8,7,3,3,2,2,3,2,10,6,0,0
12,1776,4,0,3,0,8,7,3,3,2,2,3,2,10,6,0,0
12,1776,4,0,3,0,8,7,3,3,2,2,3,2,10,6,0,0
12,1776,4,0,3,0,8,7,3,3,2,2,3,2,10,6,0,0
12,1776,4,0,3,0,8,7,3,3,2,2,3,2,10,6,0,0
12,1776,4,0,3,0,8,7,3,3,2,2,3,2,10,6,0,0
12,1776,4,0,3,0,8,7,3,3,2,2,2,2,8,6,0,0
12,1776,4,0,3,0,8,7,3,3,2,2,2,2,8,6,0,0
12,1776,4,0,3,0,8,7,3,3,2,2,2,2,8,6,0,0
12,1776,4,0,3,0,8,7,3,3,2,2,2,2,8,6,0,0
12,1776,4,0,3,0,8,7,3,3,2,2,2,2,8,6,0,0
12,1776,4,0,3,0,8,7,3,3,2,2,2,2,8,6,0,0
12,1776,4,0,3,0,8,7,3,3,2,2,2,2,8,6,0,0
12,1776,4,0,3,0,8,7,3,3,2,2,2,2,8,6,0,0
12,1776,4,0,3,0,8,7,3,3,2,2,2,2,7,6,0,0
13,1777,4,0,3,0,8,7,3,3,2,2,2,2,4,6,0,0
13,1777,4,0,3,0,8,7,3,3,2,2,2,2,4,6,0,0
13,1777,4,0,3,0,8,7,3,3,2,2,2,2,4,6,0,0
13,1777,4,0,3,0,8,7,3,3,2,2,2,2,4,6,0,0
13,1777,4,0,3,0,8,7,3,3,2,2,2,2,4,6,0,0
13,1777,4,0,3,0,8,7,3,3,2,2,2,2,4,6,0,0
13,1777,4,0,3,0,8,7,3,3,2,2,3,2,4,6,0,0
13,1777,4,0,3,0,8,6,3,2,2,2,3,2,5,4,0,0
13,1777,4,0,3,0,8,6,3,2,2,2,3,2,5,4,0,0
13,1777,4,0,3,0,8,6,3,2,2,2,3,2,5,4,0,0
13,1777,4,0,3,0,8,6,3,2,2,2,3,2,5,4,0,0
13,1777,4,0,3,0,8,6,3,2,2,2,3,2,5,4,0,0
13,1777,4,0,3,0,8,6,3,2,2,2,3,2,5,4,0,0
13,1777,4,0,3,0,8,6,3,2,2,2,3,2,5,4,0,0
13,1777,4,0,3,0,8,6,3,2,2,2,3,2,5,4,0,0
13,1777,4,0,3,0,8,6,3,2,2,2,2,2,4,4,0,0
13,1777,4,0,3,0,8,6,3,2,2,2,2,2,4,4,0,0
13,1777,4,0,3,0,8,6,3,2,2,2,2,2,4,4,0,0
13,1777,4,0,3,0,8,6,3,2,2,2,2,2,4,4,0,0
13,1777,4,0,3,0,8,6,3,1,2,2,2,2,4,4,0,0
13,1777,4,0,3,0,8,6,3,1,2,2,2,2,4,4,0,0
13,1777,4,0,3,0,8,6,3,1,2,2,2,2,4,4,0,0
13,1777,4,0,3,0,8,6,3,1,2,2,2,2,4,4,0,0
13,1777,4,0,3,0,8,6,3,1,2,2,2,2,4,4,0,0
14,1778,4,0,4,0,9,6,4,1,3,2,3,2,7,4,0,0
14,1778,4,0,4,0,9,6,4,1,3,2,3,2,7,4,0,0
14,1778,4,0,4,0,9,6,4,1,3,2,3,2,7,4,0,0
14,1778,4,0,4,0,9,6,4,1,3,2,3,2,7,4,0,0
14,1778,4,0,4,0,9,6,4,1,3,2,3,2,7,4,0,0
14,1778,4,0,4,0,9,6,4,1,3,2,3,2,7,4,0,0
14,1778,4,0,4,0,9,6,4,1,3,2,3,2,8,4,8,0
14,1778,4,0,4,0,10,8,4,3,3,2,4,3,8,5,8,2
14,1778,4,0,4,0,10,9,4,3,3,2,4,3,8,5,8,2
14,1778,4,0,4,0,10,9,4,4,3,2,4,3,8,8,9,2
14,1778,4,0,4,0,10,9,4,4,3,2,4,3,8,8,9,2
14,1778,4,0,4,0,10,10,4,4,3,2,4,3,8,8,9,2
14,1778,4,0,4,0,10,10,4,4,3,2,4,3,8,8,9,2
14,1778,4,0,4,0,10,10,4,3,3,2,4,3,8,7,5,2
14,1778,4,0,4,0,10,10,4,3,3,2,4,3,8,7,5,1
14,1778,4,0,4,0,10,10,4,3,3,2,4,3,8,7,5,1
14,1778,4,0,4,0,9,10,4,3,3,2,3,3,8,7,5,1
14,1778,4,0,4,0,9,10,4,3,3,2,3,3,8,7,0,1
14,1778,4,0,4,0,9,9,4,3,3,2,3,3,8,7,0,0
14,1778,4,0,4,0,9,9,4,3,3,2,3,3,8,7,0,0
14,1778,4,0,4,0,9,9,4,3,3,2,3,3,8,7,0,0
14,1778,4,0,4,0,9,9,4,2,3,2,3,3,8,7,0,0
14,1778,4,0,4,0,9,9,4,2,3,2,3,3,8,7,0,0
14,1778,4,0,4,0,9,9,4,2,3,2,3,3,7,7,0,0
15,1779,4,0,4,0,9,9,4,2,3,2,3,3,4,7,0,0
15,1779,4,0,4,0,9,9,4,2,3,2,3,3,4,7,0,0
15,1779,4,0,4,0,9,9,4,2,3,2,3,3,4,7,0,0
15,1779,4,0,4,0,9,9,4,2,3,2,3,3,4,7,0,0
15,1779,4,0,4,0,9,9,4,2,3,2,3,3,4,7,0,0
15,1779,4,0,4,0,9,9,4,2,3,2,3,3,4,7,0,0
15,1779,4,0,4,0,9,9,4,2,3,2,3,3,4,7,8,0
15,1779,4,0,4,0,10,8,4,4,3,3,4,4,5,6,8,2
15,1779,4,0,4,0,10,9,4,4,3,3,4,4,5,6,8,3
15,1779,4,0,4,0,10,10,4,4,3,3,4,4,5,6,9,4
15,1779,4,0,4,0,10,10,4,4,3,3,4,4,5,6,9,4
15,1779,4,0,4,0,10,9,4,4,3,3,4,4,5,6,9,4
15,1779,4,0,4,0,10,9,4,4,3,2,4,4,5,6,9,4
15,1779,4,0,4,0,10,9,4,4,3,2,4,4,5,6,5,4
15,1779,4,0,4,0,10,9,4,4,3,2,4,4,5,6,5,4
15,1779,4,0,4,0,10,9,4,3,3,3,4,4,4,6,5,0
15,1779,4,0,4,0,9,9,4,3,3,3,3,4,4,6,5,0
15,1779,4,0,4,0,9,9,4,3,3,3,3,4,4,6,0,0
15,1779,4,0,4,0,9,9,4,3,3,3,3,4,4,5,0,0
15,1779,4,0,4,0,9,9,4,3,3,3,3,4,4,5,0,0
15,1779,4,0,4,0,9,9,4,3,3,3,3,4,4,5,0,0
15,1779,4,0,4,0,9,9,4,3,3,3,3,4,4,5,0,0
15,1779,4,0,4,0,9,9,4,3,3,3,3,4,4,5,0,0
15,1779,4,0,4,0,9,9,4,3,3,3,3,4,4,5,0,0
16,1780,4,0,4,0,9,9,4,3,3,3,3,4,7,5,0,0
16,1780,4,0,4,0,9,9,4,3,3,3,3,4,7,5,0,0
16,1780,4,0,4,0,9,9,4,3,3,3,3,4,7,5,0,0
16,1780,4,0,4,0,9,9,4,3,3,3,3,4,7,5,0,0
16,1780,4,0,4,0,9,9,4,3,3,3,3,4,7,5,0,0
16,1780,4,0,4,0,9,9,4,3,3,3,3,4,7,5,0,0
16,1780,4,0,4,0,9,9,4,3,3,3,3,4,10,5,8,0
16,1780,4,0,4,0,10,8,4,4,3,3,4,4,10,9,8,1
16,1780,4,0,4,0,10,10,4,4,3,3,4,4,10,10,8,1
16,1780,4,0,4,0,10,9,4,4,3,3,4,4,10,11,9,2
16,1780,4,0,4,0,10,10,4,4,3,3,4,4,10,11,9,2
16,1780,4,0,4,0,10,10,4,4,3,3,4,4,10,11,9,2
16,1780,4,0,4,0,10,10,4,4,3,3,4,4,10,11,9,2
16,1780,4,0,4,0,10,9,4,4,3,3,4,4,10,11,5,2
16,1780,4,0,4,0,10,9,4,4,3,3,4,4,10,11,5,2
16,1780,4,0,4,0,10,9,4,4,3,3,4,4,8,11,5,2
16,1780,4,0,4,0,9,8,4,4,3,3,3,4,8,10,5,1
16,1780,4,0,4,0,9,8,4,4,3,2,3,4,8,9,0,1
16,1780,4,0,4,0,9,8,4,4,3,2,3,4,8,9,0,1
16,1780,4,0,4,0,9,8,4,4,3,2,3,4,8,9,0,0
16,1780,4,0,4,0,9,8,4,4,3,2,3,4,8,9,0,0
16,1780,4,0,4,0,9,8,4,4,3,2,3,4,8,9,0,0
16,1780,4,0,4,0,9,8,4,4,3,2,3,4,8,9,0,0
16,1780,4,0,4,0,9,8,4,4,3,2,3,4,7,9,0,0
17,1781,4,0,4,0,9,8,4,4,3,2,3,4,7,9,0,0
17,1781,4,0,4,0,9,8,4,4,3,2,3,4,7,9,0,0
17,1781,4,0,4,0,9,8,4,4,3,2,3,4,7,9,0,0
17,1781,4,0,4,0,9,8,4,4,3,2,3,4,7,9,0,0
17,1781,4,0,4,0,9,8,4,4,3,2,3,4,7,9,0,0
17,1781,4,0,4,0,9,8,4,4,3,2,3,4,7,9,0,0
17,1781,4,0,4,0,9,8,4,4,3,2,3,4,8,9,8,0
17,1781,4,0,4,0,10,9,4,3,3,2,4,4,8,8,8,0
17,1781,4,0,4,0,10,10,4,3,3,2,4,4,8,8,8,0
17,1781,4,0,4,0,10,10,4,3,3,2,4,4,8,8,9,0
17,1781,4,0,4,0,10,10,4,3,3,2,4,4,8,8,9,0
17,1781,4,0,4,0,10,10,4,3,3,2,4,3,8,8,9,0
17,1781,4,0,4,0,10,10,4,3,3,2,4,3,8,8,9,0
17,1781,4,0,4,0,10,10,4,3,3,2,4,3,8,8,5,0
17,1781,4,0,4,0,10,10,4,3,3,2,4,2,8,8,5,0
17,1781,4,0,4,0,10,10,4,3,3,2,4,2,8,8,5,0
17,1781,4,0,4,0,9,10,4,3,3,2,3,2,8,8,5,0
17,1781,4,0,4,0,9,9,4,3,3,2,3,2,8,8,0,0
17,1781,4,0,4,0,9,9,4,3,3,2,3,2,8,7,0,0
17,1781,4,0,4,0,9,9,4,3,3,2,3,2,8,7,0,0
17,1781,4,0,4,0,9,9,4,3,3,2,3,1,8,7,0,0
17,1781,4,0,4,0,9,9,4,3,3,2,3,1,8,7,0,0
17,1781,4,0,4,0,9,9,4,3,3,2,3,1,8,7,0,0
17,1781,4,0,4,0,9,9,4,3,3,2,3,1,7,7,0,0
18,1782,4,0,4,0,9,9,4,3,3,2,3,1,7,7,0,0
18,1782,4,0,4,0,9,9,4,3,3,2,3,1,7,7,0,0
18,1782,4,0,4,0,9,9,4,3,3,2,3,1,7,7,0,0
18,1782,4,0,4,0,9,9,4,3,3,2,3,1,7,7,0,0
18,1782,4,0,4,0,9,9,4,3,3,2,3,1,7,7,0,0
18,1782,4,0,4,0,9,9,4,3,3,2,3,1,7,7,0,0
18,1782,4,0,4,0,9,9,4,3,3,2,3,1,8,7,8,0
18,1782,4,0,4,0,10,9,4,2,3,3,4,2,8,8,8,1
18,1782,4,0,4,0,10,10,4,4,3,3,4,2,8,8,8,1
18,1782,4,0,4,0,10,10,4,4,3,3,4,2,8,8,9,2
18,1782,4,0,4,0,10,10,4,4,3,3,4,2,8,8,9,2
18,1782,4,0,4,0,10,10,4,4,3,2,4,2,8,8,9,2
18,1782,4,0,4,0,10,10,4,4,3,3,4,2,8,8,9,2
18,1782,4,0,4,0,10,10,4,4,3,3,4,2,8,8,5,2
18,1782,4,0,4,0,10,9,4,4,3,3,4,2,8,9,5,2
18,1782,4,0,4,0,10,9,4,4,3,3,4,2,8,9,5,2
18,1782,4,0,4,0,9,9,4,4,3,3,3,2,8,9,5,2
18,1782,4,0,4,0,9,9,4,4,3,3,3,2,8,9,0,2
18,1782,4,0,4,0,9,9,4,4,3,2,3,2,8,8,0,1
18,1782,4,0,4,0,9,9,4,4,3,2,3,2,8,8,0,1
18,1782,4,0,4,0,9,9,4,3,3,1,3,2,8,8,0,1
18,1782,4,0,4,0,9,9,4,3,3,1,3,2,8,8,0,0
18,1782,4,0,4,0,9,8,4,3,3,1,3,2,8,7,0,0
18,1782,4,0,4,0,9,8,4,3,3,1,3,2,7,7,0,0
19,1783,4,0,3,0,8,8,3,3,2,1,2,2,7,7,0,0
19,1783,4,0,3,0,8,8,3,3,2,1,2,2,7,7,0,0
19,1783,4,0,3,0,8,8,3,3,2,1,2,2,7,7,0,0
19,1783,4,0,3,0,8,8,3,3,2,1,2,2,7,7,0,0
19,1783,4,0,3,0,8,8,3,3,2,1,2,2,7,7,0,0
19,1783,4,0,3,0,8,8,3,3,2,1,2,2,7,7,0,0
19,1783,4,0,3,0,8,8,3,3,2,1,3,2,10,7,0,0
19,1783,4,0,3,0,8,7,3,3,2,1,3,2,10,7,0,0
19,1783,4,0,3,0,8,6,3,3,2,1,3,2,10,7,0,0
19,1783,4,0,3,0,8,6,3,3,2,1,3,2,10,7,0,0
19,1783,4,0,3,0,8,6,3,3,2,1,3,2,10,7,0,0
19,1783,4,0,3,0,8,6,3,3,2,1,3,2,10,7,0,0
19,1783,4,0,3,0,8,6,3,3,2,1,3,2,10,7,0,0
19,1783,4,0,3,0,8,6,3,3,2,1,3,2,10,7,0,0
19,1783,4,0,3,0,8,6,3,3,2,1,3,2,10,7,0,0
19,1783,4,0,3,0,8,6,3,3,2,1,2,2,8,7,0,0
19,1783,4,0,3,0,8,6,3,2,2,1,2,2,8,7,0,0
19,1783,4,0,3,0,8,6,3,2,2,1,2,2,8,7,0,0
19,1783,4,0,3,0,8,6,3,2,2,1,2,2,8,7,0,0
19,1783,4,0,3,0,8,6,3,2,2,1,2,2,8,7,0,0
19,1783,4,0,3,0,8,5,3,2,2,1,2,2,8,7,0,0
19,1783,4,0,3,0,8,5,3,2,2,1,2,2,8,7,0,0
19,1783,4,0,3,0,8,5,3,2,2,1,2,2,8,7,0,0
19,1783,4,0,3,0,8,5,3,2,2,1,2,2,7,7,0,0
20,1784,4,0,3,0,8,5,3,2,2,1,2,2,4,7,0,0
20,1784,4,0,3,0,8,5,3,2,2,1,2,2,4,7,0,0
20,1784,4,0,3,0,8,5,3,2,2,1,2,2,4,7,0,0
20,1784,4,0,3,0,8,5,3,2,2,1,2,2,4,7,0,0
20,1784,4,0,3,0,8,5,3,2,2,1,2,2,4,7,0,0
20,1784,4,0,3,0,8,5,3,2,2,1,2,2,4,7,0,0
20,1784,4,0,3,0,8,5,3,2,2,1,3,2,4,7,0,0
20,1784,4,0,3,0,8,4,3,2,2,1,3,2,5,6,0,0
20,1784,4,0,3,0,8,4,3,2,2,1,3,2,5,6,0,0
20,1784,4,0,3,0,8,4,3,2,2,1,3,2,5,6,0,0
20,1784,4,0,3,0,8,4,3,2,2,1,3,2,5,6,0,0
20,1784,4,0,3,0,8,4,3,2,2,1,3,2,5,6,0,0
20,1784,4,0,3,0,8,4,3,2,2,1,3,2,5,6,0,0
20,1784,4,0,3,0,8,4,3,2,2,1,3,2,5,6,0,0
20,1784,4,0,3,0,8,4,3,2,2,1,3,2,5,6,0,0
20,1784,4,0,3,0,8,4,3,2,2,1,2,2,4,6,0,0
20,1784,4,0,3,0,8,4,3,2,2,1,2,1,4,6,0,0
20,1784,4,0,3,0,8,4,3,2,2,1,2,1,4,6,0,0
20,1784,4,0,3,0,8,4,3,2,2,1,2,1,4,6,0,0
20,1784,4,0,3,0,8,4,3,2,2,1,2,1,4,6,0,0
20,1784,4,0,3,0,8,4,3,2,2,1,2,1,4,6,0,0
20,1784,4,0,3,0,8,4,3,2,2,1,2,1,4,6,0,0
20,1784,4,0,3,0,8,4,3,2,2,1,2,1,4,6,0,0
20,1784,4,0,3,0,8,4,3,2,2,1,2,1,4,6,0,0
21,1785,4,0,4,0,9,4,4,2,3,1,3,1,7,6,0,0
21,1785,4,0,4,0,9,4,4,2,3,1,3,1,7,6,0,0
21,1785,4,0,4,0,9,4,4,2,3,1,3,1,7,6,0,0
21,1785,4,0,4,0,9,4,4,2,3,1,3,1,7,6,0,0
21,1785,4,0,4,0,9,4,4,2,3,1,3,1,7,6,0,0
21,1785,4,0,4,0,9,4,4,2,3,1,3,1,7,6,0,0
21,1785,4,0,4,0,9,4,4,2,3,1,3,1,8,6,8,0
21,1785,4,0,4,0,10,7,4,4,3,2,4,2,8,7,8,1
21,1785,4,0,4,0,10,8,4,4,3,3,4,2,8,7,8,1
21,1785,4,0,4,0,10,9,4,4,3,2,4,2,8,7,9,1
21,1785,4,0,4,0,10,9,4,4,3,2,4,2,8,7,9,1
21,1785,4,0,4,0,10,9,4,4,3,3,4,2,8,7,9,1
21,1785,4,0,4,0,10,9,4,4,3,3,4,2,8,7,9,1
21,1785,4,0,4,0,10,8,4,4,3,3,4,2,8,6,5,1
21,1785,4,0,4,0,10,8,4,4,3,3,4,2,8,6,5,1
21,1785,4,0,4,0,10,8,4,4,3,3,4,2,8,6,5,1
21,1785,4,0,4,0,9,8,4,4,3,3,3,2,8,6,5,1
21,1785,4,0,4,0,9,8,4,4,3,3,3,2,8,6,0,1
21,1785,4,0,4,0,9,8,4,4,3,3,3,2,8,6,0,1
21,1785,4,0,4,0,9,8,4,4,3,3,3,2,8,6,0,1
21,1785,4,0,4,0,9,8,4,4,3,3,3,2,8,6,0,1
21,1785,4,0,4,0,9,8,4,4,3,2,3,2,8,6,0,1
21,1785,4,0,4,0,9,8,4,4,3,2,3,2,8,6,0,1
21,1785,4,0,4,0,9,8,4,4,3,2,3,2,7,6,0,1
22,1786,4,0,4,0,9,8,4,4,3,2,3,2,4,6,0,1
22,1786,4,0,4,0,9,8,4,4,3,2,3,2,4,6,0,1
22,1786,4,0,4,0,9,8,4,4,3,2,3,2,4,6,0,1
22,1786,4,0,4,0,9,8,4,4,3,2,3,2,4,6,0,1
22,1786,4,0,4,0,9,8,4,4,3,2,3,2,4,6,0,1
22,1786,4,0,4,0,9,8,4,4,3,2,3,2,4,6,0,1
22,1786,4,0,4,0,9,8,4,4,3,2,3,2,4,6,8,1
22,1786,4,0,4,0,10,9,4,4,3,3,4,3,5,6,8,5
22,1786,4,0,4,0,10,10,4,4,3,3,4,3,5,6,8,6
22,1786,4,0,4,0,10,10,4,4,3,2,4,3,5,6,9,7
22,1786,4,0,4,0,10,10,4,4,3,2,4,3,5,6,9,8
22,1786,4,0,4,0,10,9,4,4,3,2,4,3,5,6,9,7
22,1786,4,0,4,0,10,10,4,4,3,3,4,3,5,6,9,7
22,1786,4,0,4,0,10,10,4,4,3,3,4,3,5,6,5,7
22,1786,4,0,4,0,10,10,4,3,3,3,4,3,5,6,5,7
22,1786,4,0,4,0,10,10,4,3,3,3,4,3,4,6,5,5
22,1786,4,0,4,0,9,9,4,3,3,3,3,3,4,6,5,4
22,1786,4,0,4,0,9,7,4,3,3,3,3,3,4,6,0,4
22,1786,4,0,4,0,9,7,4,3,3,3,3,3,4,6,0,4
22,1786,4,0,4,0,9,7,4,3,3,3,3,3,4,6,0,4
22,1786,4,0,4,0,9,7,4,3,3,3,3,3,4,6,0,4
22,1786,4,0,4,0,9,6,4,3,3,3,3,3,4,6,0,4
22,1786,4,0,4,0,9,5,4,3,3,3,3,3,4,5,0,4
22,1786,4,0,4,0,9,5,4,3,3,3,3,3,4,5,0,4
23,1787,4,0,4,0,9,5,4,3,3,3,3,3,7,7,0,4
23,1787,4,0,4,0,9,5,4,3,3,3,3,3,7,7,0,4
23,1787,4,0,4,0,9,5,4,3,3,3,3,3,7,7,0,4
23,1787,4,0,4,0,9,5,4,3,3,3,3,3,7,7,0,4
23,1787,4,0,4,0,9,5,4,3,3,3,3,3,7,7,0,4
23,1787,4,0,4,0,9,5,4,3,3,3,3,3,7,7,0,4
23,1787,4,0,4,0,9,5,4,3,3,3,3,3,10,7,8,4
23,1787,4,0,4,0,10,9,4,4,3,3,4,3,10,8,8,0
23,1787,4,0,4,0,10,10,4,3,3,2,4,3,10,9,8,0
23,1787,4,0,4,0,10,10,4,4,3,2,4,3,10,10,9,0
23,1787,4,0,4,0,10,10,4,4,3,2,4,3,10,10,9,0
23,1787,4,0,4,0,10,10,4,4,3,2,4,3,10,10,9,0
23,1787,4,0,4,0,10,10,4,4,3,2,4,2,10,10,9,0
23,1787,4,0,4,0,10,10,4,4,3,2,4,2,10,10,5,0
23,1787,4,0,4,0,10,10,4,4,3,2,4,2,10,10,5,0
23,1787,4,0,4,0,10,10,4,4,3,2,4,2,8,10,5,0
23,1787,4,0,4,0,9,10,4,4,3,2,3,2,8,10,5,0
23,1787,4,0,4,0,9,10,4,4,3,2,3,2,8,10,0,0
23,1787,4,0,4,0,9,10,4,4,3,2,3,2,8,10,0,0
23,1787,4,0,4,0,9,10,4,4,3,2,3,2,8,10,0,0
23,1787,4,0,4,0,9,10,4,4,3,2,3,2,8,9,0,0
23,1787,4,0,4,0,9,10,4,4,3,1,3,2,8,8,0,0
23,1787,4,0,4,0,9,10,4,4,3,1,3,2,8,8,0,0
23,1787,4,0,4,0,9,10,4,4,3,1,3,2,7,8,0,0
24,1788,4,0,4,0,9,10,4,4,3,1,3,2,7,8,0,0
24,1788,4,0,4,0,9,10,4,4,3,1,3,2,7,8,0,0
24,1788,4,0,4,0,9,10,4,4,3,1,3,2,7,8,0,0
24,1788,4,0,4,0,9,10,4,4,3,1,3,2,7,8,0,0
24,1788,4,0,4,0,9,10,4,4,3,1,3,2,7,8,0,0
24,1788,4,0,4,0,9,10,4,4,3,1,3,2,7,8,0,0
24,1788,4,0,4,0,9,10,4,4,3,1,3,2,8,8,8,0
24,1788,4,0,4,0,10,10,4,4,3,2,4,3,8,8,8,0
24,1788,4,0,4,0,10,10,4,4,3,2,4,3,8,8,8,0
24,1788,4,0,4,0,10,10,4,4,3,2,4,3,8,8,9,0
24,1788,4,0,4,0,10,10,4,4,3,2,4,3,8,8,9,0
24,1788,4,0,4,0,10,10,4,4,3,2,4,3,8,8,9,0
24,1788,4,0,4,0,10,10,4,4,3,2,4,2,8,8,9,0
24,1788,4,0,4,0,10,10,4,4,3,2,4,2,8,8,5,0
24,1788,4,0,4,0,10,10,4,4,3,2,4,2,8,8,5,0
24,1788,4,0,4,0,10,10,4,4,3,2,4,2,8,8,5,0
24,1788,4,0,4,0,9,10,4,4,3,2,3,2,8,8,5,0
24,1788,4,0,4,0,9,10,4,4,3,2,3,2,8,8,0,0
24,1788,4,0,4,0,9,10,4,4,3,2,3,2,8,8,0,0
24,1788,4,0,4,0,9,10,4,4,3,2,3,2,8,7,0,0
24,1788,4,0,4,0,9,10,4,4,3,2,3,2,8,7,0,0
24,1788,4,0,4,0,9,10,4,4,3,2,3,2,8,7,0,0
24,1788,4,0,4,0,9,10,4,4,3,2,3,2,8,7,0,0
24,1788,4,0,4,0,9,10,4,4,3,2,3,2,7,7,0,0
25,1789,4,0,4,0,9,10,4,4,3,2,3,2,7,7,0,0
25,1789,4,0,4,0,9,10,4,4,3,2,3,2,7,7,0,0
25,1789,4,0,4,0,9,10,4,4,3,2,3,2,7,7,0,0
25,1789,4,0,4,0,9,10,4,4,3,2,3,2,7,7,0,0
25,1789,4,0,4,0,9,10,4,4,3,2,3,2,7,7,0,0
25,1789,4,0,4,0,9,10,4,4,3,2,3,2,7,7,0,0
25,1789,4,0,4,0,9,10,4,4,3,2,3,2,8,7,8,0
25,1789,4,0,4,0,10,9,4,4,3,3,4,3,8,8,8,1
25,1789,4,0,4,0,10,10,4,4,3,3,4,3,8,8,8,1
25,1789,4,0,4,0,10,10,4,4,3,3,4,3,8,8,9,2
25,1789,4,0,4,0,10,10,4,4,3,3,4,3,8,8,9,3
25,1789,4,0,4,0,10,10,4,4,3,2,4,3,8,9,9,4
25,1789,4,0,4,0,10,10,4,4,3,3,4,3,8,9,9,4
25,1789,4,0,4,0,10,9,4,4,3,3,4,3,8,9,5,4
25,1789,4,0,4,0,10,9,4,4,3,3,4,3,8,8,5,3
25,1789,4,0,4,0,10,9,4,4,3,3,4,3,8,8,5,1
25,1789,4,0,4,0,9,9,4,4,3,3,3,3,8,8,5,1
25,1789,4,0,4,0,9,9,4,4,3,2,3,3,8,8,0,1
25,1789,4,0,4,0,9,9,4,4,3,2,3,3,8,8,0,0
25,1789,4,0,4,0,9,9,4,4,3,2,3,3,8,8,0,0
25,1789,4,0,4,0,9,8,4,4,3,2,3,3,8,8,0,0
25,1789,4,0,4,0,9,8,4,4,3,2,3,3,8,8,0,0
25,1789,4,0,4,0,9,8,4,4,3,2,3,3,8,8,0,0
25,1789,4,0,4,0,9,8,4,4,3,2,3,3,7,8,0,0
26,1790,4,0,3,0,8,8,3,4,2,2,2,3,7,8,0,0
26,1790,4,0,3,0,8,8,3,4,2,2,2,3,7,8,0,0
26,1790,4,0,3,0,8,8,3,4,2,2,2,3,7,8,0,0
26,1790,4,0,3,0,8,8,3,4,2,2,2,3,7,8,0,0
26,1790,4,0,3,0,8,8,3,4,2,2,2,3,7,8,0,0
26,1790,4,0,3,0,8,8,3,4,2,2,2,3,7,8,0,0
26,1790,4,0,3,0,8,8,3,4,2,2,3,3,10,8,0,0
26,1790,4,0,3,0,8,8,3,2,2,2,3,3,10,8,0,0
26,1790,4,0,3,0,8,7,3,2,2,2,3,3,10,8,0,0
26,1790,4,0,3,0,8,7,3,2,2,2,3,3,10,7,0,0
26,1790,4,0,3,0,8,7,3,2,2,2,3,3,10,7,0,0
26,1790,4,0,3,0,8,7,3,2,2,2,3,3,10,7,0,0
26,1790,4,0,3,0,8,7,3,2,2,2,3,3,10,7,0,0
26,1790,4,0,3,0,8,7,3,2,2,2,3,3,10,7,0,0
26,1790,4,0,3,0,8,7,3,2,2,2,3,3,10,7,0,0
26,1790,4,0,3,0,8,7,3,2,2,2,2,3,8,7,0,0
26,1790,4,0,3,0,8,7,3,2,2,2,2,3,8,7,0,0
26,1790,4,0,3,0,8,7,3,2,2,2,2,3,8,7,0,0
26,1790,4,0,3,0,8,7,3,2,2,2,2,3,8,7,0,0
26,1790,4,0,3,0,8,7,3,2,2,2,2,3,8,7,0,0
26,1790,4,0,3,0,8,7,3,2,2,2,2,3,8,7,0,0
26,1790,4,0,3,0,8,7,3,2,2,2,2,3,8,7,0,0
26,1790,4,0,3,0,8,7,3,2,2,2,2,3,8,7,0,0
26,1790,4,0,3,0,8,7,3,2,2,2,2,3,7,7,0,0
27,1791,4,0,3,0,8,7,3,2,2,2,2,3,4,7,0,0
27,1791,4,0,3,0,8,7,3,2,2,2,2,3,4,7,0,0
27,1791,4,0,3,0,8,7,3,2,2,2,2,3,4,7,0,0
27,1791,4,0,3,0,8,7,3,2,2,2,2,3,4,7,0,0
27,1791,4,0,3,0,8,7,3,2,2,2,2,3,4,7,0,0
27,1791,4,0,3,0,8,7,3,2,2,2,2,3,4,7,0,0
27,1791,4,0,3,0,8,7,3,2,2,2,3,3,4,7,0,0
27,1791,4,0,3,0,8,7,3,2,2,2,3,2,5,7,0,0
27,1791,4,0,3,0,8,7,3,2,2,2,3,2,5,7,0,0
27,1791,4,0,3,0,8,7,3,2,2,2,3,2,5,7,0,0
27,1791,4,0,3,0,8,7,3,2,2,2,3,1,5,7,0,0
27,1791,4,0,3,0,8,7,3,2,2,2,3,1,5,7,0,0
27,1791,4,0,3,0,8,7,3,2,2,2,3,1,5,7,0,0
27,1791,4,0,3,0,8,6,3,2,2,2,3,1,5,7,0,0
27,1791,4,0,3,0,8,6,3,2,2,2,3,1,5,7,0,0
27,1791,4,0,3,0,8,6,3,2,2,2,2,1,4,7,0,0
27,1791,4,0,3,0,8,6,3,2,2,2,2,1,4,7,0,0
27,1791,4,0,3,0,8,6,3,2,2,2,2,1,4,7,0,0
27,1791,4,0,3,0,8,6,3,2,2,2,2,0,4,7,0,0
27,1791,4,0,3,0,8,6,3,2,2,2,2,0,4,7,0,0
27,1791,4,0,3,0,8,6,3,2,2,2,2,0,4,7,0,0
27,1791,4,0,3,0,8,6,3,2,2,2,2,0,4,7,0,0
27,1791,4,0,3,0,8,6,3,2,2,2,2,0,4,7,0,0
27,1791,4,0,3,0,8,6,3,2,2,2,2,0,4,7,0,0
0,1792,4,0,4,0,9,6,4,2,3,2,3,0,7,7,0,0
0,1792,4,0,4,0,9,6,4,2,3,2,3,0,7,7,0,0
0,1792,4,0,4,0,9,6,4,2,3,2,3,0,7,7,0,0
0,1792,4,0,4,0,9,6,4,2,3,2,3,0,7,7,0,0
0,1792,4,0,4,0,9,6,4,2,3,2,3,0,7,7,0,0
0,1792,4,0,4,0,9,6,4,2,3,2,3,0,7,7,0,0
0,1792,4,0,4,0,9,6,4,2,3,2,3,0,8,7,8,0
0,1792,4,0,4,0,10,9,4,4,3,2,4,1,8,8,8,2
0,1792,4,0,4,0,10,10,4,4,3,3,4,1,8,8,8,2
0,1792,4,0,4,0,10,10,4,3,3,3,4,1,8,8,9,2
0,1792,4,0,4,0,10,10,4,3,3,3,4,1,8,8,9,2
0,1792,4,0,4,0,10,10,4,4,3,3,4,1,8,8,9,2
0,1792,4,0,4,0,10,10,4,4,3,3,4,1,8,9,9,2
0,1792,4,0,4,0,10,10,4,4,3,3,4,1,8,9,5,2
0,1792,4,0,4,0,10,9,4,3,3,3,4,1,8,9,5,2
0,1792,4,0,4,0,10,9,4,3,3,3,4,0,8,8,5,1
0,1792,4,0,4,0,9,9,4,3,3,3,3,0,8,8,5,1
0,1792,4,0,4,0,9,9,4,3,3,3,3,0,8,8,0,1
0,1792,4,0,4,0,9,8,4,3,3,3,3,0,8,8,0,1
0,1792,4,0,4,0,9,8,4,3,3,3,3,0,8,8,0,1
0,1792,4,0,4,0,9,8,4,3,3,3,3,0,8,8,0,1
0,1792,4,0,4,0,9,8,4,3,3,2,3,0,8,8,0,1
0,1792,4,0,4,0,9,8,4,3,3,2,3,0,8,8,0,1
0,1792,4,0,4,0,9,8,4,3,3,2,3,0,7,8,0,1
1,1793,4,0,4,0,9,8,4,3,3,2,3,0,4,8,0,1
1,1793,4,0,4,0,9,8,4,3,3,2,3,0,4,8,0,1
1,1793,4,0,4,0,9,8,4,3,3,2,3,0,4,8,0,1
1,1793,4,0,4,0,9,8,4,3,3,2,3,0,4,8,0,1
1,1793,4,0,4,0,9,8,4,3,3,2,3,0,4,8,0,1
1,1793,4,0,4,0,9,8,4,3,3,2,3,0,4,8,0,1
1,1793,4,0,4,0,9,8,4,3,3,2,3,0,4,8,8,1
1,1793,4,0,4,0,10,9,4,4,3,3,4,1,5,8,8,2
1,1793,4,0,4,0,10,10,4,4,3,3,4,1,5,8,8,2
1,1793,4,0,4,0,10,10,4,4,3,2,4,1,5,8,9,3
1,1793,4,0,4,0,10,10,4,4,3,3,4,1,5,8,9,3
1,1793,4,0,4,0,10,10,4,4,3,3,4,1,5,8,9,3
1,1793,4,0,4,0,10,10,4,4,3,3,4,1,5,8,9,3
1,1793,4,0,4,0,10,10,4,3,3,3,4,1,5,8,5,3
1,1793,4,0,4,0,10,8,4,3,3,3,4,1,5,7,5,3
1,1793,4,0,4,0,10,8,4,3,3,3,4,1,4,7,5,3
1,1793,4,0,4,0,9,7,4,3,3,3,3,1,4,7,5,3
1,1793,4,0,4,0,9,7,4,3,3,3,3,1,4,7,0,3
1,1793,4,0,4,0,9,7,4,3,3,3,3,0,4,7,0,3
1,1793,4,0,4,0,9,7,4,3,3,3,3,0,4,7,0,3
1,1793,4,0,4,0,9,7,4,3,3,3,3,0,4,7,0,3
1,1793,4,0,4,0,9,7,4,3,3,2,3,0,4,7,0,3
1,1793,4,0,4,0,9,7,4,3,3,2,3,0,4,7,0,3
1,1793,4,0,4,0,9,7,4,3,3,2,3,0,4,7,0,3
2,1794,4,0,4,0,9,7,4,3,3,2,3,0,7,7,0,3
2,1794,4,0,4,0,9,7,4,3,3,2,3,0,7,7,0,3
2,1794,4,0,4,0,9,7,4,3,3,2,3,0,7,7,0,3
2,1794,4,0,4,0,9,7,4,3,3,2,3,0,7,7,0,3
2,1794,4,0,4,0,9,7,4,3,3,2,3,0,7,7,0,3
2,1794,4,0,4,0,9,7,4,3,3,2,3,0,7,7,0,3
2,1794,4,0,4,0,9,7,4,3,3,2,3,0,10,10,8,3
2,1794,4,0,4,0,10,9,4,4,3,2,4,1,10,10,8,4
2,1794,4,0,4,0,10,10,4,4,3,3,4,1,10,10,8,2
2,1794,4,0,4,0,10,10,4,4,3,3,4,1,10,11,9,2
2,1794,4,0,4,0,10,10,4,4,3,3,4,1,10,11,9,2
2,1794,4,0,4,0,10,10,4,4,3,3,4,1,10,11,9,2
2,1794,4,0,4,0,10,10,4,4,3,3,4,1,10,11,9,2
2,1794,4,0,4,0,10,10,4,4,3,3,4,1,10,10,5,1
2,1794,4,0,4,0,10,10,4,3,3,2,4,1,10,9,5,0
2,1794,4,0,4,0,10,10,4,3,3,2,4,1,8,9,5,0
2,1794,4,0,4,0,9,10,4,3,3,2,3,1,8,8,5,0
2,1794,4,0,4,0,9,10,4,3,3,2,3,1,8,8,0,0
2,1794,4,0,4,0,9,10,4,3,3,2,3,1,8,8,0,0
2,1794,4,0,4,0,9,10,4,3,3,2,3,1,8,8,0,0
2,1794,4,0,4,0,9,10,4,3,3,2,3,1,8,8,0,0
2,1794,4,0,4,0,9,10,4,3,3,2,3,1,8,8,0,0
2,1794,4,0,4,0,9,9,4,3,3,2,3,1,8,7,0,0
2,1794,4,0,4,0,9,9,4,3,3,2,3,1,7,7,0,0
3,1795,4,0,4,0,9,9,4,3,3,2,3,1,7,7,0,0
3,1795,4,0,4,0,9,9,4,3,3,2,3,1,7,7,0,0
3,1795,4,0,4,0,9,9,4,3,3,2,3,1,7,7,0,0
3,1795,4,0,4,0,9,9,4,3,3,2,3,1,7,7,0,0
3,1795,4,0,4,0,9,9,4,3,3,2,3,1,7,7,0,0
3,1795,4,0,4,0,9,9,4,3,3,2,3,1,7,7,0,0
3,1795,4,0,4,0,9,9,4,3,3,2,3,1,8,7,8,0
3,1795,4,0,4,0,10,8,4,4,3,2,4,2,8,8,8,0
3,1795,4,0,4,0,10,8,4,4,3,2,4,2,8,8,8,0
3,1795,4,0,4,0,10,10,4,4,3,2,4,2,8,8,9,0
3,1795,4,0,4,0,10,10,4,4,3,2,4,2,8,8,9,0
3,1795,4,0,4,0,10,10,4,4,3,2,4,2,8,8,9,0
3,1795,4,0,4,0,10,10,4,4,3,2,4,2,8,8,9,0
3,1795,4,0,4,0,10,10,4,4,3,2,4,2,8,8,5,0
3,1795,4,0,4,0,10,9,4,4,3,2,4,2,8,8,5,0
3,1795,4,0,4,0,10,9,4,4,3,2,4,2,8,8,5,0
3,1795,4,0,4,0,9,9,4,4,3,2,3,2,8,8,5,0
3,1795,4,0,4,0,9,9,4,4,3,2,3,2,8,7,0,0
3,1795,4,0,4,0,9,9,4,4,3,2,3,2,8,7,0,0
3,1795,4,0,4,0,9,8,4,4,3,2,3,2,8,7,0,0
3,1795,4,0,4,0,9,8,4,4,3,2,3,2,8,7,0,0
3,1795,4,0,4,0,9,8,4,4,3,2,3,2,8,7,0,0
3,1795,4,0,4,0,9,8,4,4,3,2,3,2,8,7,0,0
3,1795,4,0,4,0,9,8,4,4,3,2,3,2,7,7,0,0
4,1796,4,0,4,0,9,8,4,4,3,2,3,2,7,7,0,0
4,1796,4,0,4,0,9,8,4,4,3,2,3,2,7,7,0,0
4,1796,4,0,4,0,9,8,4,4,3,2,3,2,7,7,0,0
4,1796,4,0,4,0,9,8,4,4,3,2,3,2,7,7,0,0
4,1796,4,0,4,0,9,8,4,4,3,2,3,2,7,7,0,0
4,1796,4,0,4,0,9,8,4,4,3,2,3,2,7,7,0,0
4,1796,4,0,4,0,9,8,4,4,3,2,3,2,8,7,8,0
4,1796,4,0,4,0,10,9,4,4,3,3,4,3,8,8,8,1
4,1796,4,0,4,0,10,10,4,4,3,3,4,3,8,8,8,1
4,1796,4,0,4,0,10,10,4,4,3,3,4,3,8,8,9,1
4,1796,4,0,4,0,10,10,4,4,3,3,4,3,8,8,9,1
4,1796,4,0,4,0,10,10,4,4,3,3,4,2,8,8,9,1
4,1796,4,0,4,0,10,10,4,4,3,3,4,2,8,8,9,1
4,1796,4,0,4,0,10,10,4,4,3,3,4,2,8,8,5,1
4,1796,4,0,4,0,10,10,4,4,3,3,4,2,8,8,5,1
4,1796,4,0,4,0,10,10,4,4,3,3,4,2,8,8,5,1
4,1796,4,0,4,0,9,10,4,4,3,3,3,2,8,8,5,1
4,1796,4,0,4,0,9,10,4,4,3,3,3,2,8,8,0,1
4,1796,4,0,4,0,9,10,4,4,3,3,3,2,8,8,0,1
4,1796,4,0,4,0,9,10,4,4,3,3,3,2,8,8,0,1
4,1796,4,0,4,0,9,10,4,4,3,3,3,2,8,8,0,1
4,1796,4,0,4,0,9,10,4,4,3,3,3,2,8,8,0,1
4,1796,4,0,4,0,9,10,4,4,3,3,3,2,8,8,0,1
4,1796,4,0,4,0,9,10,4,4,3,3,3,2,7,8,0,1
5,1797,4,0,3,0,8,10,3,4,2,3,2,2,7,8,0,1
5,1797,4,0,3,0,8,10,3,4,2,3,2,2,7,8,0,1
5,1797,4,0,3,0,8,10,3,4,2,3,2,2,7,8,0,1
5,1797,4,0,3,0,8,10,3,4,2,3,2,2,7,8,0,1
5,1797,4,0,3,0,8,10,3,4,2,3,2,2,7,8,0,1
5,1797,4,0,3,0,8,10,3,4,2,3,2,2,7,8,0,1
5,1797,4,0,3,0,8,10,3,4,2,3,3,2,10,8,0,1
5,1797,4,0,3,0,8,7,3,4,2,3,3,2,10,8,0,0
5,1797,4,0,3,0,8,7,3,4,2,3,3,2,10,8,0,0
5,1797,4,0,3,0,8,7,3,4,2,3,3,2,10,8,0,0
5,1797,4,0,3,0,8,7,3,4,2,3,3,2,10,8,0,0
5,1797,4,0,3,0,8,7,3,4,2,3,3,2,10,8,0,0
5,1797,4,0,3,0,8,7,3,4,2,3,3,2,10,8,0,0
5,1797,4,0,3,0,8,7,3,4,2,3,3,2,10,8,0,0
5,1797,4,0,3,0,8,6,3,4,2,3,3,2,10,8,0,0
5,1797,4,0,3,0,8,6,3,4,2,3,2,2,8,8,0,0
5,1797,4,0,3,0,8,6,3,4,2,3,2,2,8,8,0,0
5,1797,4,0,3,0,8,6,3,4,2,3,2,2,8,8,0,0
5,1797,4,0,3,0,8,6,3,4,2,3,2,2,8,8,0,0
5,1797,4,0,3,0,8,6,3,4,2,3,2,2,8,8,0,0
5,1797,4,0,3,0,8,6,3,4,2,3,2,2,8,8,0,0
5,1797,4,0,3,0,8,6,3,4,2,3,2,2,8,8,0,0
5,1797,4,0,3,0,8,6,3,4,2,3,2,2,8,8,0,0
5,1797,4,0,3,0,8,6,3,4,2,3,2,2,7,8,0,0
6,1798,4,0,3,0,8,6,3,4,2,3,2,2,4,8,0,0
6,1798,4,0,3,0,8,6,3,4,2,3,2,2,4,8,0,0
6,1798,4,0,3,0,8,6,3,4,2,3,2,2,4,8,0,0
6,1798,4,0,3,0,8,6,3,4,2,3,2,2,4,8,0,0
6,1798,4,0,3,0,8,6,3,4,2,3,2,2,4,8,0,0
6,1798,4,0,3,0,8,6,3,4,2,3,2,2,4,8,0,0
6,1798,4,0,3,0,8,6,3,4,2,3,3,2,4,8,0,0
6,1798,4,0,3,0,8,6,3,4,2,3,3,2,5,8,0,0
6,1798,4,0,3,0,8,6,3,4,2,3,3,2,5,8,0,0
6,1798,4,0,3,0,8,6,3,4,2,3,3,2,5,8,0,0
6,1798,4,0,3,0,8,6,3,4,2,3,3,2,5,7,0,0
6,1798,4,0,3,0,8,5,3,4,2,3,3,2,5,7,0,0
6,1798,4,0,3,0,8,5,3,4,2,3,3,2,5,7,0,0
6,1798,4,0,3,0,8,5,3,4,2,3,3,2,5,7,0,0
6,1798,4,0,3,0,8,5,3,4,2,3,3,2,5,7,0,0
6,1798,4,0,3,0,8,5,3,4,2,3,2,2,4,7,0,0
6,1798,4,0,3,0,8,5,3,4,2,3,2,2,4,7,0,0
6,1798,4,0,3,0,8,5,3,4,2,3,2,2,4,7,0,0
6,1798,4,0,3,0,8,5,3,4,2,3,2,2,4,7,0,0
6,1798,4,0,3,0,8,5,3,4,2,3,2,2,4,7,0,0
6,1798,4,0,3,0,8,5,3,4,2,3,2,2,4,7,0,0
6,1798,4,0,3,0,8,5,3,4,2,3,2,2,4,7,0,0
6,1798,4,0,3,0,8,5,3,4,2,3,2,2,4,7,0,0
6,1798,4,0,3,0,8,5,3,4,2,3,2,2,4,7,0,0
7,1799,4,0,4,0,9,5,4,4,3,3,3,2,7,7,0,0
7,1799,4,0,4,0,9,5,4,4,3,3,3,2,7,7,0,0
7,1799,4,0,4,0,9,5,4,4,3,3,3,2,7,7,0,0
7,1799,4,0,4,0,9,5,4,4,3,3,3,2,7,7,0,0
7,1799,4,0,4,0,9,5,4,4,3,3,3,2,7,7,0,0
7,1799,4,0,4,0,9,5,4,4,3,3,3,2,7,7,0,0
7,1799,4,0,4,0,9,5,4,4,3,3,3,2,8,7,8,0
7,1799,4,0,4,0,10,8,4,4,3,3,4,3,8,8,8,1
7,1799,4,0,4,0,10,9,4,4,3,3,4,3,8,8,8,1
7,1799,4,0,4,0,10,10,4,4,3,3,4,3,8,8,9,1
7,1799,4,0,4,0,10,10,4,4,3,3,4,3,8,8,9,1
7,1799,4,0,4,0,10,10,4,4,3,3,4,3,8,8,9,1
7,1799,4,0,4,0,10,10,4,4,3,3,4,3,8,8,9,1
7,1799,4,0,4,0,10,9,4,4,3,3,4,3,8,8,5,1
7,1799,4,0,4,0,10,9,4,4,3,3,4,3,8,7,5,1
7,1799,4,0,4,0,10,8,4,4,3,3,4,3,8,7,5,1
7,1799,4,0,4,0,9,8,4,4,3,3,3,3,8,7,5,1
7,1799,4,0,4,0,9,8,4,4,3,3,3,3,8,7,0,1
7,1799,4,0,4,0,9,8,4,4,3,3,3,3,8,7,0,1
7,1799,4,0,4,0,9,8,4,4,3,3,3,3,8,7,0,0
7,1799,4,0,4,0,9,8,4,4,3,3,3,2,8,7,0,0
7,1799,4,0,4,0,9,8,4,4,3,3,3,2,8,7,0,0
7,1799,4,0,4,0,9,8,4,4,3,3,3,2,8,7,0,0
7,1799,4,0,4,0,9,8,4,4,3,3,3,2,7,7,0,0
8,1800,4,0,4,0,9,8,4,4,3,3,3,2,4,7,0,0
8,1800,4,0,4,0,9,8,4,4,3,3,3,2,4,7,0,0
8,1800,4,0,4,0,9,8,4,4,3,3,3,2,4,7,0,0
8,1800,4,0,4,0,9,8,4,4,3,3,3,2,4,7,0,0
8,1800,4,0,4,0,9,8,4,4,3,3,3,2,4,7,0,0
8,1800,4,0,4,0,9,8,4,4,3,3,3,2,4,7,0,0
8,1800,4,0,4,0,9,8,4,4,3,3,3,2,4,7,8,0
8,1800,4,0,4,0,10,9,4,4,3,3,4,3,5,7,8,2
8,1800,4,0,4,0,10,9,4,4,3,3,4,3,5,7,8,3
8,1800,4,0,4,0,10,10,4,4,3,3,4,3,5,7,9,3
8,1800,4,0,4,0,10,10,4,4,3,3,4,3,5,7,9,3
8,1800,4,0,4,0,10,10,4,4,3,3,4,3,5,7,9,3
8,1800,4,0,4,0,10,10,4,4,3,3,4,3,5,7,9,3
8,1800,4,0,4,0,10,9,4,4,3,3,4,3,5,7,5,3
8,1800,4,0,4,0,10,9,4,4,3,3,4,3,5,7,5,3
8,1800,4,0,4,0,10,9,4,4,3,3,4,3,4,7,5,3
8,1800,4,0,4,0,9,9,4,4,3,3,3,3,4,7,5,3
8,1800,4,0,4,0,9,9,4,4,3,3,3,3,4,7,0,3
8,1800,4,0,4,0,9,9,4,4,3,3,3,3,4,7,0,3
8,1800,4,0,4,0,9,9,4,4,3,3,3,3,4,7,0,3
8,1800,4,0,4,0,9,9,4,4,3,3,3,3,4,7,0,3
8,1800,4,0,4,0,9,9,4,4,3,3,3,3,4,7,0,3
8,1800,4,0,4,0,9,9,4,4,3,3,3,3,4,7,0,3
8,1800,4,0,4,0,9,9,4,4,3,3,3,3,4,7,0,3
9,1801,4,0,4,0,9,9,4,4,3,3,3,3,7,7,0,3
9,1801,4,0,4,0,9,9,4,4,3,3,3,3,7,7,0,3
9,1801,4,0,4,0,9,9,4,4,3,3,3,3,7,7,0,3
9,1801,4,0,4,0,9,9,4,4,3,3,3,3,7,7,0,3
9,1801,4,0,4,0,9,9,4,4,3,3,3,3,7,7,0,3
9,1801,4,0,4,0,9,9,4,4,3,3,3,3,7,7,0,3
9,1801,4,0,4,0,9,9,4,4,3,3,3,3,10,8,8,3
9,1801,4,0,4,0,10,10,4,4,3,2,4,3,10,10,8,2
9,1801,4,0,4,0,10,10,4,4,3,2,4,3,10,10,8,3
9,1801,4,0,4,0,10,10,4,4,3,3,4,3,10,10,9,2
9,1801,4,0,4,0,10,10,4,4,3,3,4,3,10,10,9,3
9,1801,4,0,4,0,10,10,4,4,3,3,4,3,10,10,9,3
9,1801,4,0,4,0,10,10,4,4,3,2,4,3,10,10,9,3
9,1801,4,0,4,0,10,10,4,4,3,2,4,3,10,10,5,3
9,1801,4,0,4,0,10,10,4,4,3,2,4,3,10,8,5,1
9,1801,4,0,4,0,10,10,4,4,3,2,4,3,8,8,5,0
9,1801,4,0,4,0,9,9,4,4,3,2,3,3,8,8,5,0
9,1801,4,0,4,0,9,9,4,4,3,2,3,3,8,8,0,0
9,1801,4,0,4,0,9,9,4,4,3,2,3,3,8,8,0,0
9,1801,4,0,4,0,9,9,4,4,3,2,3,2,8,7,0,0
9,1801,4,0,4,0,9,9,4,4,3,2,3,2,8,7,0,0
9,1801,4,0,4,0,9,9,4,4,3,2,3,2,8,7,0,0
9,1801,4,0,4,0,9,9,4,4,3,2,3,2,8,7,0,0
9,1801,4,0,4,0,9,9,4,4,3,2,3,2,7,7,0,0
10,1802,4,0,4,0,9,9,4,4,3,2,3,2,7,7,0,0
10,1802,4,0,4,0,9,9,4,4,3,2,3,2,7,7,0,0
10,1802,4,0,4,0,9,9,4,4,3,2,3,2,7,7,0,0
10,1802,4,0,4,0,9,9,4,4,3,2,3,2,7,7,0,0
10,1802,4,0,4,0,9,9,4,4,3,2,3,2,7,7,0,0
10,1802,4,0,4,0,9,9,4,4,3,2,3,2,7,7,0,0
10,1802,4,0,4,0,9,9,4,4,3,2,3,2,8,7,8,0
10,1802,4,0,4,0,10,9,4,4,3,3,4,2,8,8,8,0
10,1802,4,0,4,0,10,10,4,4,3,3,4,2,8,8,8,0
10,1802,4,0,4,0,10,10,4,4,3,2,4,2,8,8,9,0
10,1802,4,0,4,0,10,10,4,4,3,2,4,2,8,8,9,0
10,1802,4,0,4,0,10,10,4,4,3,2,4,2,8,8,9,0
10,1802,4,0,4,0,10,10,4,4,3,2,4,2,8,8,9,0
10,1802,4,0,4,0,10,10,4,4,3,2,4,2,8,8,5,0
10,1802,4,0,4,0,10,10,4,4,3,2,4,2,8,8,5,0
10,1802,4,0,4,0,10,10,4,4,3,2,4,2,8,8,5,0
10,1802,4,0,4,0,9,10,4,4,3,2,3,2,8,8,5,0
10,1802,4,0,4,0,9,10,4,4,3,2,3,2,8,8,0,0
10,1802,4,0,4,0,9,10,4,4,3,2,3,2,8,8,0,0
10,1802,4,0,4,0,9,10,4,4,3,2,3,2,8,8,0,0
10,1802,4,0,4,0,9,10,4,4,3,2,3,2,8,8,0,0
10,1802,4,0,4,0,9,10,4,4,3,2,3,2,8,8,0,0
10,1802,4,0,4,0,9,10,4,4,3,2,3,2,8,8,0,0
10,1802,4,0,4,0,9,10,4,4,3,2,3,2,7,8,0,0
11,1803,4,0,4,0,9,10,4,4,3,2,3,2,7,8,0,0
11,1803,4,0,4,0,9,10,4,4,3,2,3,2,7,8,0,0
11,1803,4,0,4,0,9,10,4,4,3,2,3,2,7,8,0,0
11,1803,4,0,4,0,9,10,4,4,3,2,3,2,7,8,0,0
11,1803,4,0,4,0,9,10,4,4,3,2,3,2,7,8,0,0
11,1803,4,0,4,0,9,10,4,4,3,2,3,2,7,8,0,0
11,1803,4,0,4,0,9,10,4,4,3,2,3,2,8,8,8,0
11,1803,4,0,4,0,10,10,4,4,3,2,4,3,8,8,8,0
11,1803,4,0,4,0,10,10,4,4,3,3,4,3,8,8,8,1
11,1803,4,0,4,0,10,10,4,4,3,3,4,3,8,8,9,1
11,1803,4,0,4,0,10,10,4,4,3,3,4,3,8,8,9,1
11,1803,4,0,4,0,10,10,4,4,3,2,4,3,8,8,9,1
11,1803,4,0,4,0,10,10,4,4,3,3,4,2,8,8,9,1
11,1803,4,0,4,0,10,10,4,4,3,3,4,2,8,8,5,0
11,1803,4,0,4,0,10,10,4,4,3,2,4,2,8,8,5,0
11,1803,4,0,4,0,10,10,4,4,3,2,4,2,8,8,5,0
11,1803,4,0,4,0,9,10,4,4,3,2,3,2,8,8,5,0
11,1803,4,0,4,0,9,10,4,4,3,2,3,2,8,8,0,0
11,1803,4,0,4,0,9,10,4,4,3,2,3,2,8,8,0,0
11,1803,4,0,4,0,9,10,4,4,3,2,3,2,8,8,0,0
11,1803,4,0,4,0,9,10,4,4,3,2,3,2,8,7,0,0
11,1803,4,0,4,0,9,10,4,4,3,2,3,2,8,7,0,0
11,1803,4,0,4,0,9,10,4,4,3,2,3,2,8,7,0,0
11,1803,4,0,4,0,9,10,4,4,3,2,3,2,7,7,0,0
12,1804,4,0,3,0,8,10,3,4,2,2,2,2,7,7,0,0
12,1804,4,0,3,0,8,10,3,4,2,2,2,2,7,7,0,0
12,1804,4,0,3,0,8,10,3,4,2,2,2,2,7,7,0,0
12,1804,4,0,3,0,8,10,3,4,2,2,2,2,7,7,0,0
12,1804,4,0,3,0,8,10,3,4,2,2,2,2,7,7,0,0
12,1804,4,0,3,0,8,10,3,4,2,2,2,2,7,7,0,0
12,1804,4,0,3,0,8,10,3,4,2,2,3,2,10,7,0,0
12,1804,4,0,3,0,8,8,3,4,2,2,3,2,10,6,0,0
12,1804,4,0,3,0,8,8,3,4,2,2,3,2,10,6,0,0
12,1804,4,0,3,0,8,8,3,4,2,1,3,2,10,6,0,0
12,1804,4,0,3,0,8,8,3,4,2,1,3,2,10,6,0,0
12,1804,4,0,3,0,8,8,3,4,2,1,3,2,10,6,0,0
12,1804,4,0,3,0,8,8,3,4,2,1,3,2,10,6,0,0
12,1804,4,0,3,0,8,8,3,4,2,1,3,2,10,6,0,0
12,1804,4,0,3,0,8,8,3,4,2,1,3,2,10,6,0,0
12,1804,4,0,3,0,8,8,3,4,2,1,2,2,8,6,0,0
12,1804,4,0,3,0,8,8,3,4,2,1,2,2,8,6,0,0
12,1804,4,0,3,0,8,8,3,4,2,1,2,2,8,6,0,0
12,1804,4,0,3,0,8,8,3,4,2,1,2,2,8,6,0,0
12,1804,4,0,3,0,8,8,3,4,2,1,2,2,8,6,0,0
12,1804,4,0,3,0,8,8,3,4,2,1,2,2,8,6,0,0
12,1804,4,0,3,0,8,8,3,4,2,1,2,2,8,6,0,0
12,1804,4,0,3,0,8,8,3,4,2,1,2,1,8,6,0,0
12,1804,4,0,3,0,8,8,3,4,2,1,2,1,7,6,0,0
13,1805,4,0,3,0,8,8,3,4,2,1,2,1,4,6,0,0
13,1805,4,0,3,0,8,8,3,4,2,1,2,1,4,6,0,0
13,1805,4,0,3,0,8,8,3,4,2,1,2,1,4,6,0,0
13,1805,4,0,3,0,8,8,3,4,2,1,2,1,4,6,0,0
13,1805,4,0,3,0,8,8,3,4,2,1,2,1,4,6,0,0
13,1805,4,0,3,0,8,8,3,4,2,1,2,1,4,6,0,0
13,1805,4,0,3,0,8,8,3,4,2,1,3,1,4,6,0,0
13,1805,4,0,3,0,8,7,3,4,2,1,3,1,5,6,0,0
13,1805,4,0,3,0,8,7,3,4,2,1,3,1,5,6,0,0
13,1805,4,0,3,0,8,7,3,4,2,1,3,1,5,6,0,0
13,1805,4,0,3,0,8,7,3,4,2,1,3,1,5,6,0,0
13,1805,4,0,3,0,8,7,3,4,2,1,3,1,5,6,0,0
13,1805,4,0,3,0,8,7,3,4,2,1,3,1,5,6,0,0
13,1805,4,0,3,0,8,7,3,4,2,1,3,1,5,6,0,0
13,1805,4,0,3,0,8,7,3,4,2,1,3,1,5,6,0,0
13,1805,4,0,3,0,8,7,3,4,2,1,2,1,4,6,0,0
13,1805,4,0,3,0,8,7,3,4,2,1,2,1,4,6,0,0
13,1805,4,0,3,0,8,7,3,4,2,1,2,1,4,6,0,0
13,1805,4,0,3,0,8,7,3,4,2,1,2,1,4,6,0,0
13,1805,4,0,3,0,8,7,3,4,2,1,2,1,4,6,0,0
13,1805,4,0,3,0,8,7,3,4,2,1,2,1,4,6,0,0
13,1805,4,0,3,0,8,7,3,4,2,1,2,1,4,6,0,0
13,1805,4,0,3,0,8,7,3,4,2,1,2,1,4,6,0,0
13,1805,4,0,3,0,8,7,3,4,2,1,2,1,4,6,0,0
14,1806,4,0,4,0,9,7,4,4,3,1,3,1,7,6,0,0
14,1806,4,0,4,0,9,7,4,4,3,1,3,1,7,6,0,0
14,1806,4,0,4,0,9,7,4,4,3,1,3,1,7,6,0,0
14,1806,4,0,4,0,9,7,4,4,3,1,3,1,7,6,0,0
14,1806,4,0,4,0,9,7,4,4,3,1,3,1,7,6,0,0
14,1806,4,0,4,0,9,7,4,4,3,1,3,1,7,6,0,0
14,1806,4,0,4,0,9,7,4,4,3,1,3,1,8,6,8,0
14,1806,4,0,4,0,10,8,4,3,3,3,4,2,8,7,8,2
14,1806,4,0,4,0,10,9,4,3,3,3,4,2,8,7,8,2
14,1806,4,0,4,0,10,10,4,4,3,3,4,2,8,8,9,2
14,1806,4,0,4,0,10,10,4,4,3,3,4,2,8,8,9,2
14,1806,4,0,4,0,10,10,4,4,3,3,4,2,8,8,9,2
14,1806,4,0,4,0,10,10,4,4,3,3,4,2,8,8,9,1
14,1806,4,0,4,0,10,9,4,3,3,3,4,2,8,8,5,1
14,1806,4,0,4,0,10,9,4,3,3,3,4,2,8,8,5,1
14,1806,4,0,4,0,10,10,4,3,3,3,4,2,8,8,5,1
14,1806,4,0,4,0,9,9,4,3,3,3,3,2,8,8,5,0
14,1806,4,0,4,0,9,9,4,3,3,3,3,2,8,8,0,0
14,1806,4,0,4,0,9,9,4,3,3,3,3,2,8,8,0,0
14,1806,4,0,4,0,9,9,4,3,3,3,3,2,8,8,0,0
14,1806,4,0,4,0,9,9,4,3,3,3,3,2,8,8,0,0
14,1806,4,0,4,0,9,9,4,3,3,3,3,2,8,8,0,0
14,1806,4,0,4,0,9,9,4,3,3,3,3,2,8,8,0,0
14,1806,4,0,4,0,9,9,4,3,3,3,3,2,7,8,0,0
15,1807,4,0,4,0,9,9,4,3,3,3,3,2,4,8,0,0
15,1807,4,0,4,0,9,9,4,3,3,3,3,2,4,8,0,0
15,1807,4,0,4,0,9,9,4,3,3,3,3,2,4,8,0,0
15,1807,4,0,4,0,9,9,4,3,3,3,3,2,4,8,0,0
15,1807,4,0,4,0,9,9,4,3,3,3,3,2,4,8,0,0
15,1807,4,0,4,0,9,9,4,3,3,3,3,2,4,8,0,0
15,1807,4,0,4,0,9,9,4,3,3,3,3,2,4,8,8,0
15,1807,4,0,4,0,10,8,4,4,3,2,4,3,5,7,8,2
15,1807,4,0,4,0,10,9,4,4,3,3,4,3,5,7,8,3
15,1807,4,0,4,0,10,10,4,4,3,3,4,3,5,7,9,4
15,1807,4,0,4,0,10,10,4,4,3,3,4,3,5,7,9,4
15,1807,4,0,4,0,10,10,4,3,3,3,4,3,5,7,9,4
15,1807,4,0,4,0,10,10,4,4,3,2,4,3,5,7,9,4
15,1807,4,0,4,0,10,10,4,4,3,3,4,3,5,7,5,4
15,1807,4,0,4,0,10,9,4,4,3,3,4,3,5,7,5,4
15,1807,4,0,4,0,10,9,4,4,3,2,4,3,4,7,5,4
15,1807,4,0,4,0,9,9,4,4,3,2,3,3,4,7,5,4
15,1807,4,0,4,0,9,9,4,4,3,2,3,3,4,7,0,4
15,1807,4,0,4,0,9,9,4,4,3,2,3,3,4,7,0,4
15,1807,4,0,4,0,9,9,4,4,3,2,3,2,4,7,0,4
15,1807,4,0,4,0,9,9,4,4,3,2,3,2,4,6,0,3
15,1807,4,0,4,0,9,8,4,4,3,2,3,2,4,6,0,2
15,1807,4,0,4,0,9,8,4,4,3,2,3,2,4,6,0,2
15,1807,4,0,4,0,9,8,4,4,3,2,3,2,4,6,0,2
16,1808,4,0,4,0,9,8,4,4,3,2,3,2,7,7,0,2
16,1808,4,0,4,0,9,8,4,4,3,2,3,2,7,7,0,2
16,1808,4,0,4,0,9,8,4,4,3,2,3,2,7,7,0,2
16,1808,4,0,4,0,9,8,4,4,3,2,3,2,7,7,0,2
16,1808,4,0,4,0,9,8,4,4,3,2,3,2,7,7,0,2
16,1808,4,0,4,0,9,8,4,4,3,2,3,2,7,7,0,2
16,1808,4,0,4,0,9,8,4,4,3,2,3,2,10,7,8,2
16,1808,4,0,4,0,10,9,4,4,3,3,4,3,10,10,8,1
16,1808,4,0,4,0,10,10,4,4,3,3,4,3,10,10,8,1
16,1808,4,0,4,0,10,10,4,4,3,3,4,3,10,9,9,2
16,1808,4,0,4,0,10,10,4,4,3,3,4,3,10,10,9,2
16,1808,4,0,4,0,10,10,4,4,3,3,4,3,10,10,9,2
16,1808,4,0,4,0,10,10,4,4,3,3,4,3,10,11,9,2
16,1808,4,0,4,0,10,10,4,4,3,3,4,3,10,10,5,1
16,1808,4,0,4,0,10,10,4,3,3,2,4,3,10,9,5,0
16,1808,4,0,4,0,10,10,4,3,3,2,4,3,8,9,5,0
16,1808,4,0,4,0,9,10,4,3,3,2,3,3,8,9,5,0
16,1808,4,0,4,0,9,10,4,3,3,2,3,3,8,9,0,0
16,1808,4,0,4,0,9,10,4,3,3,2,3,3,8,9,0,0
16,1808,4,0,4,0,9,10,4,3,3,2,3,3,8,9,0,0
16,1808,4,0,4,0,9,10,4,3,3,2,3,3,8,9,0,0
16,1808,4,0,4,0,9,10,4,3,3,2,3,3,8,9,0,0
16,1808,4,0,4,0,9,9,4,2,3,2,3,2,8,9,0,0
16,1808,4,0,4,0,9,9,4,2,3,2,3,2,7,9,0,0
17,1809,4,0,4,0,9,9,4,2,3,2,3,2,7,9,0,0
17,1809,4,0,4,0,9,9,4,2,3,2,3,2,7,9,0,0
17,1809,4,0,4,0,9,9,4,2,3,2,3,2,7,9,0,0
17,1809,4,0,4,0,9,9,4,2,3,2,3,2,7,9,0,0
17,1809,4,0,4,0,9,9,4,2,3,2,3,2,7,9,0,0
17,1809,4,0,4,0,9,9,4,2,3,2,3,2,7,9,0,0
17,1809,4,0,4,0,9,9,4,2,3,2,3,2,8,9,8,0
17,1809,4,0,4,0,10,9,4,3,3,2,4,2,8,8,8,0
17,1809,4,0,4,0,10,10,4,3,3,2,4,2,8,8,8,0
17,1809,4,0,4,0,10,10,4,2,3,2,4,2,8,8,9,0
17,1809,4,0,4,0,10,10,4,2,3,2,4,2,8,7,9,0
17,1809,4,0,4,0,10,10,4,2,3,2,4,2,8,8,9,0
17,1809,4,0,4,0,10,10,4,2,3,2,4,2,8,8,9,0
17,1809,4,0,4,0,10,10,4,2,3,2,4,2,8,8,5,0
17,1809,4,0,4,0,10,10,4,2,3,2,4,2,8,8,5,0
17,1809,4,0,4,0,10,10,4,2,3,2,4,2,8,8,5,0
17,1809,4,0,4,0,9,10,4,2,3,2,3,2,8,8,5,0
17,1809,4,0,4,0,9,10,4,2,3,2,3,2,8,8,0,0
17,1809,4,0,4,0,9,10,4,2,3,2,3,2,8,8,0,0
17,1809,4,0,4,0,9,10,4,2,3,2,3,2,8,8,0,0
17,1809,4,0,4,0,9,10,4,2,3,2,3,2,8,8,0,0
17,1809,4,0,4,0,9,10,4,2,3,2,3,2,8,8,0,0
17,1809,4,0,4,0,9,10,4,2,3,2,3,2,8,8,0,0
17,1809,4,0,4,0,9,10,4,2,3,2,3,2,7,8,0,0
18,1810,4,0,4,0,9,10,4,2,3,2,3,2,7,8,0,0
18,1810,4,0,4,0,9,10,4,2,3,2,3,2,7,8,0,0
18,1810,4,0,4,0,9,10,4,2,3,2,3,2,7,8,0,0
18,1810,4,0,4,0,9,10,4,2,3,2,3,2,7,8,0,0
18,1810,4,0,4,0,9,10,4,2,3,2,3,2,7,8,0,0
18,1810,4,0,4,0,9,10,4,2,3,2,3,2,7,8,0,0
18,1810,4,0,4,0,9,10,4,2,3,2,3,2,8,8,8,0
18,1810,4,0,4,0,10,8,4,2,3,3,4,2,8,8,8,1
18,1810,4,0,4,0,10,10,4,4,3,3,4,2,8,8,8,1
18,1810,4,0,4,0,10,10,4,4,3,3,4,2,8,8,9,2
18,1810,4,0,4,0,10,10,4,4,3,2,4,2,8,8,9,2
18,1810,4,0,4,0,10,10,4,4,3,3,4,2,8,8,9,2
18,1810,4,0,4,0,10,10,4,4,3,3,4,2,8,9,9,2
18,1810,4,0,4,0,10,10,4,4,3,3,4,2,8,9,5,2
18,1810,4,0,4,0,10,10,4,4,3,3,4,2,8,8,5,1
18,1810,4,0,4,0,10,10,4,4,3,2,4,2,8,8,5,1
18,1810,4,0,4,0,9,10,4,4,3,2,3,2,8,8,5,1
18,1810,4,0,4,0,9,10,4,4,3,2,3,2,8,8,0,1
18,1810,4,0,4,0,9,10,4,3,3,2,3,2,8,8,0,1
18,1810,4,0,4,0,9,10,4,3,3,2,3,2,8,8,0,1
18,1810,4,0,4,0,9,10,4,3,3,2,3,2,8,8,0,1
18,1810,4,0,4,0,9,10,4,3,3,2,3,2,8,8,0,1
18,1810,4,0,4,0,9,10,4,3,3,2,3,2,8,8,0,1
18,1810,4,0,4,0,9,10,4,3,3,2,3,2,7,8,0,1
19,1811,4,0,3,0,8,10,3,3,2,2,2,2,7,8,0,1
19,1811,4,0,3,0,8,10,3,3,2,2,2,2,7,8,0,1
19,1811,4,0,3,0,8,10,3,3,2,2,2,2,7,8,0,1
19,1811,4,0,3,0,8,10,3,3,2,2,2,2,7,8,0,1
19,1811,4,0,3,0,8,10,3,3,2,2,2,2,7,8,0,1
19,1811,4,0,3,0,8,10,3,3,2,2,2,2,7,8,0,1
19,1811,4,0,3,0,8,10,3,3,2,2,3,2,10,8,0,1
19,1811,4,0,3,0,8,10,3,3,2,2,3,2,10,7,0,1
19,1811,4,0,3,0,8,10,3,3,2,2,3,2,10,7,0,0
19,1811,4,0,3,0,8,10,3,3,2,2,3,2,10,7,0,0
19,1811,4,0,3,0,8,10,3,3,2,2,3,2,10,7,0,0
19,1811,4,0,3,0,8,10,3,3,2,2,3,2,10,7,0,0
19,1811,4,0,3,0,8,10,3,3,2,2,3,2,10,7,0,0
19,1811,4,0,3,0,8,10,3,3,2,2,3,2,10,7,0,0
19,1811,4,0,3,0,8,10,3,3,2,2,3,2,10,7,0,0
19,1811,4,0,3,0,8,10,3,3,2,2,2,2,8,7,0,0
19,1811,4,0,3,0,8,10,3,2,2,1,2,2,8,7,0,0
19,1811,4,0,3,0,8,10,3,2,2,1,2,2,8,7,0,0
19,1811,4,0,3,0,8,10,3,2,2,1,2,1,8,7,0,0
19,1811,4,0,3,0,8,10,3,2,2,1,2,1,8,7,0,0
19,1811,4,0,3,0,8,10,3,2,2,1,2,1,8,6,0,0
19,1811,4,0,3,0,8,10,3,2,2,1,2,1,8,6,0,0
19,1811,4,0,3,0,8,10,3,2,2,1,2,1,8,6,0,0
19,1811,4,0,3,0,8,10,3,2,2,1,2,1,7,6,0,0
20,1812,4,0,3,0,8,10,3,2,2,1,2,1,4,6,0,0
20,1812,4,0,3,0,8,10,3,2,2,1,2,1,4,6,0,0
20,1812,4,0,3,0,8,10,3,2,2,1,2,1,4,6,0,0
20,1812,4,0,3,0,8,10,3,2,2,1,2,1,4,6,0,0
20,1812,4,0,3,0,8,10,3,2,2,1,2,1,4,6,0,0
20,1812,4,0,3,0,8,10,3,2,2,1,2,1,4,6,0,0
20,1812,4,0,3,0,8,10,3,2,2,1,3,1,4,6,0,0
20,1812,4,0,3,0,8,10,3,2,2,1,3,1,5,6,0,0
20,1812,4,0,3,0,8,10,3,2,2,1,3,1,5,6,0,0
20,1812,4,0,3,0,8,10,3,2,2,1,3,1,5,6,0,0
20,1812,4,0,3,0,8,9,3,2,2,1,3,1,5,6,0,0
20,1812,4,0,3,0,8,9,3,2,2,1,3,1,5,6,0,0
20,1812,4,0,3,0,8,9,3,2,2,1,3,1,5,6,0,0
20,1812,4,0,3,0,8,9,3,2,2,1,3,1,5,6,0,0
20,1812,4,0,3,0,8,9,3,2,2,1,3,1,5,6,0,0
20,1812,4,0,3,0,8,9,3,2,2,1,2,1,4,6,0,0
20,1812,4,0,3,0,8,9,3,2,2,1,2,1,4,6,0,0
20,1812,4,0,3,0,8,9,3,2,2,1,2,1,4,6,0,0
20,1812,4,0,3,0,8,9,3,2,2,1,2,1,4,5,0,0
20,1812,4,0,3,0,8,8,3,2,2,1,2,1,4,5,0,0
20,1812,4,0,3,0,8,8,3,2,2,1,2,1,4,5,0,0
20,1812,4,0,3,0,8,8,3,2,2,1,2,1,4,5,0,0
20,1812,4,0,3,0,8,8,3,2,2,1,2,1,4,5,0,0
20,1812,4,0,3,0,8,8,3,2,2,1,2,1,4,5,0,0
21,1813,4,0,4,0,9,8,4,2,3,1,3,1,7,5,0,0
21,1813,4,0,4,0,9,8,4,2,3,1,3,1,7,5,0,0
21,1813,4,0,4,0,9,8,4,2,3,1,3,1,7,5,0,0
21,1813,4,0,4,0,9,8,4,2,3,1,3,1,7,5,0,0
21,1813,4,0,4,0,9,8,4,2,3,1,3,1,7,5,0,0
21,1813,4,0,4,0,9,8,4,2,3,1,3,1,7,5,0,0
21,1813,4,0,4,0,9,8,4,2,3,1,3,1,8,5,8,0
21,1813,4,0,4,0,10,8,4,4,3,2,4,2,8,7,8,1
21,1813,4,0,4,0,10,9,4,4,3,3,4,2,8,7,8,1
21,1813,4,0,4,0,10,10,4,4,3,3,4,1,8,8,9,1
21,1813,4,0,4,0,10,10,4,4,3,3,4,1,8,8,9,1
21,1813,4,0,4,0,10,10,4,4,3,3,4,1,8,8,9,1
21,1813,4,0,4,0,10,10,4,4,3,3,4,1,8,8,9,1
21,1813,4,0,4,0,10,10,4,4,3,3,4,1,8,8,5,1
21,1813,4,0,4,0,10,9,4,4,3,3,4,1,8,8,5,0
21,1813,4,0,4,0,10,9,4,4,3,3,4,1,8,8,5,0
21,1813,4,0,4,0,9,9,4,4,3,3,3,1,8,8,5,0
21,1813,4,0,4,0,9,9,4,4,3,3,3,1,8,8,0,0
21,1813,4,0,4,0,9,9,4,4,3,3,3,1,8,8,0,0
21,1813,4,0,4,0,9,9,4,4,3,3,3,1,8,8,0,0
21,1813,4,0,4,0,9,9,4,4,3,3,3,1,8,8,0,0
21,1813,4,0,4,0,9,9,4,4,3,2,3,1,8,8,0,0
21,1813,4,0,4,0,9,9,4,4,3,2,3,1,8,8,0,0
21,1813,4,0,4,0,9,9,4,4,3,2,3,1,7,8,0,0
22,1814,4,0,4,0,9,9,4,4,3,2,3,1,4,8,0,0
22,1814,4,0,4,0,9,9,4,4,3,2,3,1,4,8,0,0
22,1814,4,0,4,0,9,9,4,4,3,2,3,1,4,8,0,0
22,1814,4,0,4,0,9,9,4,4,3,2,3,1,4,8,0,0
22,1814,4,0,4,0,9,9,4,4,3,2,3,1,4,8,0,0
22,1814,4,0,4,0,9,9,4,4,3,2,3,1,4,8,0,0
22,1814,4,0,4,0,9,9,4,4,3,2,3,1,4,8,8,0
22,1814,4,0,4,0,10,9,4,3,3,3,4,2,5,7,8,5
22,1814,4,0,4,0,10,10,4,4,3,3,4,2,5,7,8,6
22,1814,4,0,4,0,10,10,4,4,3,3,4,2,5,7,9,7
22,1814,4,0,4,0,10,10,4,4,3,3,4,2,5,8,9,8
22,1814,4,0,4,0,10,10,4,4,3,2,4,2,5,8,9,8
22,1814,4,0,4,0,10,10,4,4,3,2,4,2,5,8,9,8
22,1814,4,0,4,0,10,10,4,4,3,2,4,2,5,8,5,8
22,1814,4,0,4,0,10,10,4,4,3,2,4,2,5,8,5,8
22,1814,4,0,4,0,10,10,4,4,3,2,4,2,4,8,5,6
22,1814,4,0,4,0,9,10,4,4,3,2,3,2,4,7,5,6
22,1814,4,0,4,0,9,10,4,3,3,2,3,2,4,7,0,6
22,1814,4,0,4,0,9,10,4,3,3,2,3,2,4,6,0,5
22,1814,4,0,4,0,9,9,4,3,3,2,3,2,4,6,0,4
22,1814,4,0,4,0,9,9,4,3,3,1,3,2,4,6,0,3
22,1814,4,0,4,0,9,9,4,3,3,1,3,2,4,6,0,3
22,1814,4,0,4,0,9,9,4,3,3,1,3,2,4,6,0,3
22,1814,4,0,4,0,9,9,4,3,3,1,3,2,4,6,0,3
23,1815,4,0,4,0,9,9,4,3,3,1,3,2,7,7,0,3
23,1815,4,0,4,0,9,9,4,3,3,1,3,2,7,7,0,3
23,1815,4,0,4,0,9,9,4,3,3,1,3,2,7,7,0,3
23,1815,4,0,4,0,9,9,4,3,3,1,3,2,7,7,0,3
23,1815,4,0,4,0,9,9,4,3,3,1,3,2,7,7,0,3
23,1815,4,0,4,0,9,9,4,3,3,1,3,2,7,7,0,3
23,1815,4,0,4,0,9,9,4,3,3,1,3,2,10,9,8,3
23,1815,4,0,4,0,10,10,4,3,3,1,4,3,10,9,8,2
23,1815,4,0,4,0,10,10,4,3,3,1,4,3,10,9,8,1
23,1815,4,0,4,0,10,10,4,4,3,1,4,3,10,10,9,1
23,1815,4,0,4,0,10,10,4,4,3,1,4,3,10,10,9,1
23,1815,4,0,4,0,10,10,4,4,3,1,4,3,10,10,9,1
23,1815,4,0,4,0,10,10,4,4,3,1,4,3,10,9,9,0
23,1815,4,0,4,0,10,10,4,3,3,1,4,3,10,9,5,0
23,1815,4,0,4,0,10,10,4,3,3,1,4,3,10,9,5,0
23,1815,4,0,4,0,10,10,4,3,3,1,4,3,8,9,5,0
23,1815,4,0,4,0,9,10,4,3,3,1,3,3,8,9,5,0
23,1815,4,0,4,0,9,9,4,3,3,1,3,3,8,9,0,0
23,1815,4,0,4,0,9,9,4,3,3,1,3,3,8,9,0,0
23,1815,4,0,4,0,9,9,4,3,3,1,3,3,8,9,0,0
23,1815,4,0,4,0,9,9,4,3,3,1,3,2,8,9,0,0
23,1815,4,0,4,0,9,9,4,3,3,1,3,2,8,9,0,0
23,1815,4,0,4,0,9,9,4,3,3,1,3,2,8,9,0,0
23,1815,4,0,4,0,9,9,4,3,3,1,3,2,7,9,0,0
24,1816,4,0,4,0,9,9,4,3,3,1,3,2,7,9,0,0
24,1816,4,0,4,0,9,9,4,3,3,1,3,2,7,9,0,0
24,1816,4,0,4,0,9,9,4,3,3,1,3,2,7,9,0,0
24,1816,4,0,4,0,9,9,4,3,3,1,3,2,7,9,0,0
24,1816,4,0,4,0,9,9,4,3,3,1,3,2,7,9,0,0
24,1816,4,0,4,0,9,9,4,3,3,1,3,2,7,9,0,0
24,1816,4,0,4,0,9,9,4,3,3,1,3,2,8,9,8,0
24,1816,4,0,4,0,10,10,4,4,3,1,4,3,8,7,8,0
24,1816,4,0,4,0,10,10,4,4,3,1,4,3,8,8,8,0
24,1816,4,0,4,0,10,10,4,4,3,1,4,3,8,8,9,0
24,1816,4,0,4,0,10,10,4,4,3,1,4,3,8,8,9,0
24,1816,4,0,4,0,10,10,4,4,3,1,4,3,8,8,9,0
24,1816,4,0,4,0,10,10,4,4,3,1,4,3,8,8,9,0
24,1816,4,0,4,0,10,10,4,4,3,1,4,3,8,8,5,0
24,1816,4,0,4,0,10,10,4,4,3,1,4,3,8,8,5,0
24,1816,4,0,4,0,10,10,4,4,3,1,4,3,8,8,5,0
24,1816,4,0,4,0,9,10,4,4,3,1,3,3,8,8,5,0
24,1816,4,0,4,0,9,10,4,4,3,1,3,3,8,8,0,0
24,1816,4,0,4,0,9,10,4,4,3,1,3,3,8,8,0,0
24,1816,4,0,4,0,9,10,4,4,3,1,3,3,8,8,0,0
24,1816,4,0,4,0,9,10,4,4,3,1,3,3,8,8,0,0
24,1816,4,0,4,0,9,10,4,4,3,1,3,3,8,8,0,0
24,1816,4,0,4,0,9,10,4,4,3,1,3,3,8,8,0,0
24,1816,4,0,4,0,9,10,4,4,3,1,3,3,7,8,0,0
25,1817,4,0,4,0,9,10,4,4,3,1,3,3,7,8,0,0
25,1817,4,0,4,0,9,10,4,4,3,1,3,3,7,8,0,0
25,1817,4,0,4,0,9,10,4,4,3,1,3,3,7,8,0,0
25,1817,4,0,4,0,9,10,4,4,3,1,3,3,7,8,0,0
25,1817,4,0,4,0,9,10,4,4,3,1,3,3,7,8,0,0
25,1817,4,0,4,0,9,10,4,4,3,1,3,3,7,8,0,0
25,1817,4,0,4,0,9,10,4,4,3,1,3,3,8,8,8,0
25,1817,4,0,4,0,10,9,4,4,3,2,4,4,8,8,8,1
25,1817,4,0,4,0,10,10,4,4,3,3,4,4,8,8,8,1
25,1817,4,0,4,0,10,10,4,4,3,3,4,4,8,8,9,2
25,1817,4,0,4,0,10,10,4,4,3,3,4,4,8,8,9,3
25,1817,4,0,4,0,10,10,4,4,3,2,4,4,8,8,9,4
25,1817,4,0,4,0,10,10,4,4,3,3,4,4,8,8,9,4
25,1817,4,0,4,0,10,10,4,4,3,3,4,4,8,9,5,4
25,1817,4,0,4,0,10,10,4,4,3,3,4,4,8,9,5,4
25,1817,4,0,4,0,10,10,4,4,3,3,4,4,8,8,5,1
25,1817,4,0,4,0,9,10,4,4,3,3,3,4,8,8,5,1
25,1817,4,0,4,0,9,10,4,4,3,3,3,4,8,8,0,1
25,1817,4,0,4,0,9,10,4,4,3,3,3,3,8,8,0,1
25,1817,4,0,4,0,9,10,4,4,3,3,3,3,8,8,0,1
25,1817,4,0,4,0,9,10,4,4,3,3,3,3,8,8,0,1
25,1817,4,0,4,0,9,10,4,4,3,3,3,3,8,8,0,1
25,1817,4,0,4,0,9,10,4,4,3,3,3,3,8,8,0,1
25,1817,4,0,4,0,9,10,4,4,3,3,3,3,7,8,0,1
26,1818,4,0,3,0,8,10,3,4,2,3,2,3,7,8,0,1
26,1818,4,0,3,0,8,10,3,4,2,3,2,3,7,8,0,1
26,1818,4,0,3,0,8,10,3,4,2,3,2,3,7,8,0,1
26,1818,4,0,3,0,8,10,3,4,2,3,2,3,7,8,0,1
26,1818,4,0,3,0,8,10,3,4,2,3,2,3,7,8,0,1
26,1818,4,0,3,0,8,10,3,4,2,3,2,3,7,8,0,1
26,1818,4,0,3,0,8,10,3,4,2,3,3,3,10,8,0,1
26,1818,4,0,3,0,8,10,3,3,2,3,3,3,10,8,0,0
26,1818,4,0,3,0,8,10,3,3,2,3,3,3,10,8,0,0
26,1818,4,0,3,0,8,10,3,3,2,3,3,3,10,8,0,0
26,1818,4,0,3,0,8,10,3,3,2,3,3,3,10,8,0,0
26,1818,4,0,3,0,8,10,3,3,2,3,3,2,10,8,0,0
26,1818,4,0,3,0,8,10,3,3,2,3,3,2,10,8,0,0
26,1818,4,0,3,0,8,10,3,3,2,3,3,2,10,8,0,0
26,1818,4,0,3,0,8,10,3,3,2,3,3,2,10,8,0,0
26,1818,4,0,3,0,8,10,3,3,2,3,2,2,8,8,0,0
26,1818,4,0,3,0,8,10,3,3,2,3,2,2,8,8,0,0
26,1818,4,0,3,0,8,10,3,3,2,3,2,2,8,8,0,0
26,1818,4,0,3,0,8,10,3,3,2,3,2,2,8,8,0,0
26,1818,4,0,3,0,8,10,3,3,2,3,2,2,8,8,0,0
26,1818,4,0,3,0,8,10,3,3,2,3,2,2,8,8,0,0
26,1818,4,0,3,0,8,10,3,3,2,3,2,0,8,7,0,0
26,1818,4,0,3,0,8,10,3,3,2,3,2,0,8,7,0,0
26,1818,4,0,3,0,8,10,3,3,2,3,2,0,7,7,0,0
27,1819,4,0,3,0,8,10,3,3,2,3,2,0,4,7,0,0
27,1819,4,0,3,0,8,10,3,3,2,3,2,0,4,7,0,0
27,1819,4,0,3,0,8,10,3,3,2,3,2,0,4,7,0,0
27,1819,4,0,3,0,8,10,3,3,2,3,2,0,4,7,0,0
27,1819,4,0,3,0,8,10,3,3,2,3,2,0,4,7,0,0
27,1819,4,0,3,0,8,10,3,3,2,3,2,0,4,7,0,0
27,1819,4,0,3,0,8,10,3,3,2,3,3,0,4,7,0,0
27,1819,4,0,3,0,8,9,3,1,2,3,3,0,5,6,0,0
27,1819,4,0,3,0,8,9,3,1,2,3,3,0,5,6,0,0
27,1819,4,0,3,0,8,9,3,1,2,3,3,0,5,6,0,0
27,1819,4,0,3,0,8,9,3,1,2,3,3,0,5,6,0,0
27,1819,4,0,3,0,8,9,3,1,2,3,3,0,5,6,0,0
27,1819,4,0,3,0,8,9,3,1,2,3,3,0,5,6,0,0
27,1819,4,0,3,0,8,9,3,1,2,3,3,0,5,6,0,0
27,1819,4,0,3,0,8,9,3,1,2,3,3,0,5,6,0,0
27,1819,4,0,3,0,8,9,3,1,2,3,2,0,4,6,0,0
27,1819,4,0,3,0,8,9,3,1,2,3,2,0,4,6,0,0
27,1819,4,0,3,0,8,9,3,1,2,3,2,0,4,6,0,0
27,1819,4,0,3,0,8,9,3,1,2,3,2,0,4,6,0,0
27,1819,4,0,3,0,8,9,3,1,2,3,2,0,4,6,0,0
27,1819,4,0,3,0,8,9,3,1,2,3,2,0,4,6,0,0
27,1819,4,0,3,0,8,9,3,0,2,3,2,0,4,6,0,0
27,1819,4,0,3,0,8,9,3,0,2,3,2,0,4,6,0,0
27,1819,4,0,3,0,8,9,3,0,2,3,2,0,4,6,0,0
0,1820,4,0,4,0,9,9,4,0,3,3,3,0,7,6,0,0
0,1820,4,0,4,0,9,9,4,0,3,3,3,0,7,6,0,0
0,1820,4,0,4,0,9,9,4,0,3,3,3,0,7,6,0,0
0,1820,4,0,4,0,9,9,4,0,3,3,3,0,7,6,0,0
0,1820,4,0,4,0,9,9,4,0,3,3,3,0,7,6,0,0
0,1820,4,0,4,0,9,9,4,0,3,3,3,0,7,6,0,0
0,1820,4,0,4,0,9,9,4,0,3,3,3,0,8,6,8,0
0,1820,4,0,4,0,10,8,4,2,3,2,4,1,8,8,8,2
0,1820,4,0,4,0,10,9,4,3,3,2,4,1,8,8,8,2
0,1820,4,0,4,0,10,10,4,2,3,2,4,1,8,8,9,2
0,1820,4,0,4,0,10,10,4,2,3,2,4,1,8,8,9,2
0,1820,4,0,4,0,10,10,4,3,3,2,4,1,8,8,9,2
0,1820,4,0,4,0,10,10,4,3,3,2,4,1,8,8,9,2
0,1820,4,0,4,0,10,10,4,3,3,2,4,1,8,7,5,2
0,1820,4,0,4,0,10,10,4,2,3,2,4,1,8,8,5,2
0,1820,4,0,4,0,10,9,4,2,3,2,4,1,8,7,5,2
0,1820,4,0,4,0,9,9,4,2,3,2,3,0,8,7,5,1
0,1820,4,0,4,0,9,9,4,2,3,2,3,0,8,7,0,1
0,1820,4,0,4,0,9,9,4,2,3,2,3,0,8,7,0,1
0,1820,4,0,4,0,9,9,4,2,3,2,3,0,8,7,0,1
0,1820,4,0,4,0,9,9,4,2,3,2,3,0,8,7,0,1
0,1820,4,0,4,0,9,9,4,2,3,2,3,0,8,7,0,1
0,1820,4,0,4,0,9,9,4,2,3,2,3,0,8,7,0,1
0,1820,4,0,4,0,9,9,4,2,3,2,3,0,7,7,0,1
1,1821,4,0,4,0,9,9,4,2,3,2,3,0,4,7,0,1
1,1821,4,0,4,0,9,9,4,2,3,2,3,0,4,7,0,1
1,1821,4,0,4,0,9,9,4,2,3,2,3,0,4,7,0,1
1,1821,4,0,4,0,9,9,4,2,3,2,3,0,4,7,0,1
1,1821,4,0,4,0,9,9,4,2,3,2,3,0,4,7,0,1
1,1821,4,0,4,0,9,9,4,2,3,2,3,0,4,7,0,1
1,1821,4,0,4,0,9,9,4,2,3,2,3,0,4,7,8,1
1,1821,4,0,4,0,10,9,4,3,3,3,4,1,5,6,8,1
1,1821,4,0,4,0,10,10,4,4,3,3,4,1,5,6,8,1
1,1821,4,0,4,0,10,10,4,4,3,3,4,1,5,6,9,2
1,1821,4,0,4,0,10,10,4,3,3,3,4,1,5,6,9,2
1,1821,4,0,4,0,10,10,4,4,3,3,4,1,5,6,9,2
1,1821,4,0,4,0,10,9,4,4,3,3,4,1,5,6,9,2
1,1821,4,0,4,0,10,9,4,4,3,3,4,1,5,6,5,2
1,1821,4,0,4,0,10,8,4,4,3,3,4,1,5,6,5,2
1,1821,4,0,4,0,10,8,4,4,3,3,4,1,4,6,5,0
1,1821,4,0,4,0,9,8,4,4,3,3,3,1,4,6,5,0
1,1821,4,0,4,0,9,8,4,4,3,3,3,1,4,6,0,0
1,1821,4,0,4,0,9,8,4,4,3,3,3,1,4,6,0,0
1,1821,4,0,4,0,9,8,4,4,3,3,3,1,4,6,0,0
1,1821,4,0,4,0,9,8,4,3,3,3,3,1,4,6,0,0
1,1821,4,0,4,0,9,8,4,3,3,3,3,1,4,6,0,0
1,1821,4,0,4,0,9,8,4,3,3,3,3,1,4,6,0,0
1,1821,4,0,4,0,9,8,4,3,3,3,3,1,4,6,0,0
2,1822,4,0,4,0,9,8,4,3,3,3,3,1,7,6,0,0
2,1822,4,0,4,0,9,8,4,3,3,3,3,1,7,6,0,0
2,1822,4,0,4,0,9,8,4,3,3,3,3,1,7,6,0,0
2,1822,4,0,4,0,9,8,4,3,3,3,3,1,7,6,0,0
2,1822,4,0,4,0,9,8,4,3,3,3,3,1,7,6,0,0
2,1822,4,0,4,0,9,8,4,3,3,3,3,1,7,6,0,0
2,1822,4,0,4,0,9,8,4,3,3,3,3,1,10,6,8,0
2,1822,4,0,4,0,10,9,4,4,3,2,4,1,10,10,8,1
2,1822,4,0,4,0,10,10,4,4,3,3,4,1,10,10,8,1
2,1822,4,0,4,0,10,10,4,4,3,3,4,1,10,10,9,1
2,1822,4,0,4,0,10,10,4,4,3,3,4,1,10,11,9,1
2,1822,4,0,4,0,10,10,4,4,3,3,4,1,10,11,9,1
2,1822,4,0,4,0,10,10,4,4,3,2,4,1,10,11,9,1
2,1822,4,0,4,0,10,10,4,4,3,2,4,1,10,10,5,0
2,1822,4,0,4,0,10,10,4,4,3,2,4,1,10,9,5,0
2,1822,4,0,4,0,10,10,4,4,3,2,4,1,8,9,5,0
2,1822,4,0,4,0,9,10,4,4,3,1,3,1,8,9,5,0
2,1822,4,0,4,0,9,10,4,4,3,1,3,1,8,9,0,0
2,1822,4,0,4,0,9,10,4,3,3,1,3,1,8,9,0,0
2,1822,4,0,4,0,9,10,4,3,3,0,3,1,8,9,0,0
2,1822,4,0,4,0,9,9,4,3,3,0,3,1,8,9,0,0
2,1822,4,0,4,0,9,8,4,3,3,0,3,1,8,8,0,0
2,1822,4,0,4,0,9,8,4,3,3,0,3,1,8,8,0,0
2,1822,4,0,4,0,9,8,4,3,3,0,3,1,7,8,0,0
3,1823,4,0,4,0,9,8,4,3,3,0,3,1,7,8,0,0
3,1823,4,0,4,0,9,8,4,3,3,0,3,1,7,8,0,0
3,1823,4,0,4,0,9,8,4,3,3,0,3,1,7,8,0,0
3,1823,4,0,4,0,9,8,4,3,3,0,3,1,7,8,0,0
3,1823,4,0,4,0,9,8,4,3,3,0,3,1,7,8,0,0
3,1823,4,0,4,0,9,8,4,3,3,0,3,1,7,8,0,0
3,1823,4,0,4,0,9,8,4,3,3,0,3,1,8,8,8,0
3,1823,4,0,4,0,10,10,4,3,3,0,4,2,8,8,8,0
3,1823,4,0,4,0,10,10,4,3,3,0,4,2,8,8,8,0
3,1823,4,0,4,0,10,10,4,3,3,0,4,2,8,8,9,0
3,1823,4,0,4,0,10,10,4,3,3,0,4,2,8,8,9,0
3,1823,4,0,4,0,10,10,4,3,3,0,4,2,8,8,9,0
3,1823,4,0,4,0,10,10,4,3,3,0,4,1,8,8,9,0
3,1823,4,0,4,0,10,10,4,3,3,0,4,1,8,8,5,0
3,1823,4,0,4,0,10,10,4,3,3,0,4,1,8,8,5,0
3,1823,4,0,4,0,10,10,4,3,3,0,4,1,8,8,5,0
3,1823,4,0,4,0,9,10,4,3,3,0,3,1,8,8,5,0
3,1823,4,0,4,0,9,10,4,3,3,0,3,1,8,8,0,0
3,1823,4,0,4,0,9,10,4,3,3,0,3,1,8,8,0,0
3,1823,4,0,4,0,9,10,4,3,3,0,3,1,8,8,0,0
3,1823,4,0,4,0,9,10,4,3,3,0,3,1,8,8,0,0
3,1823,4,0,4,0,9,10,4,3,3,0,3,1,8,8,0,0
3,1823,4,0,4,0,9,10,4,3,3,0,3,1,8,8,0,0
3,1823,4,0,4,0,9,10,4,3,3,0,3,1,7,8,0,0
4,1824,4,0,4,0,9,10,4,3,3,0,3,1,7,8,0,0
4,1824,4,0,4,0,9,10,4,3,3,0,3,1,7,8,0,0
4,1824,4,0,4,0,9,10,4,3,3,0,3,1,7,8,0,0
4,1824,4,0,4,0,9,10,4,3,3,0,3,1,7,8,0,0
4,1824,4,0,4,0,9,10,4,3,3,0,3,1,7,8,0,0
4,1824,4,0,4,0,9,10,4,3,3,0,3,1,7,8,0,0
4,1824,4,0,4,0,9,10,4,3,3,0,3,1,8,8,8,0
4,1824,4,0,4,0,10,9,4,3,3,1,4,2,8,8,8,1
4,1824,4,0,4,0,10,10,4,3,3,3,4,2,8,8,8,1
4,1824,4,0,4,0,10,10,4,4,3,3,4,2,8,8,9,1
4,1824,4,0,4,0,10,10,4,4,3,3,4,2,8,8,9,1
4,1824,4,0,4,0,10,10,4,4,3,3,4,2,8,8,9,1
4,1824,4,0,4,0,10,9,4,4,3,3,4,2,8,8,9,1
4,1824,4,0,4,0,10,9,4,4,3,3,4,2,8,8,5,1
4,1824,4,0,4,0,10,9,4,4,3,2,4,2,8,8,5,1
4,1824,4,0,4,0,10,9,4,4,3,2,4,2,8,8,5,1
4,1824,4,0,4,0,9,8,4,4,3,2,3,2,8,8,5,1
4,1824,4,0,4,0,9,8,4,4,3,2,3,2,8,8,0,1
4,1824,4,0,4,0,9,8,4,4,3,2,3,2,8,8,0,1
4,1824,4,0,4,0,9,8,4,4,3,2,3,2,8,8,0,1
4,1824,4,0,4,0,9,8,4,4,3,2,3,2,8,8,0,1
4,1824,4,0,4,0,9,8,4,4,3,2,3,2,8,7,0,1
4,1824,4,0,4,0,9,7,4,4,3,1,3,2,8,6,0,0
4,1824,4,0,4,0,9,7,4,4,3,1,3,2,7,6,0,0
5,1825,4,0,3,0,8,7,3,4,2,1,2,2,7,6,0,0
5,1825,4,0,3,0,8,7,3,4,2,1,2,2,7,6,0,0
5,1825,4,0,3,0,8,7,3,4,2,1,2,2,7,6,0,0
5,1825,4,0,3,0,8,7,3,4,2,1,2,2,7,6,0,0
5,1825,4,0,3,0,8,7,3,4,2,1,2,2,7,6,0,0
5,1825,4,0,3,0,8,7,3,4,2,1,2,2,7,6,0,0
5,1825,4,0,3,0,8,7,3,4,2,1,3,2,10,6,0,0
5,1825,4,0,3,0,8,7,3,3,2,1,3,2,10,6,0,0
5,1825,4,0,3,0,8,7,3,3,2,1,3,2,10,6,0,0
5,1825,4,0,3,0,8,7,3,3,2,1,3,2,10,6,0,0
5,1825,4,0,3,0,8,7,3,3,2,1,3,2,10,6,0,0
5,1825,4,0,3,0,8,7,3,3,2,1,3,2,10,6,0,0
5,1825,4,0,3,0,8,7,3,3,2,0,3,2,10,6,0,0
5,1825,4,0,3,0,8,7,3,3,2,0,3,2,10,6,0,0
5,1825,4,0,3,0,8,7,3,3,2,0,3,2,10,6,0,0
5,1825,4,0,3,0,8,7,3,3,2,0,2,2,8,6,0,0
5,1825,4,0,3,0,8,7,3,3,2,0,2,2,8,6,0,0
5,1825,4,0,3,0,8,7,3,3,2,0,2,2,8,6,0,0
5,1825,4,0,3,0,8,7,3,3,2,0,2,2,8,6,0,0
5,1825,4,0,3,0,8,7,3,3,2,0,2,2,8,6,0,0
5,1825,4,0,3,0,8,7,3,3,2,0,2,2,8,6,0,0
5,1825,4,0,3,0,8,7,3,3,2,0,2,2,8,6,0,0
5,1825,4,0,3,0,8,7,3,3,2,0,2,2,8,6,0,0
5,1825,4,0,3,0,8,7,3,3,2,0,2,2,7,6,0,0
6,1826,4,0,3,0,8,7,3,3,2,0,2,2,4,6,0,0
6,1826,4,0,3,0,8,7,3,3,2,0,2,2,4,6,0,0
6,1826,4,0,3,0,8,7,3,3,2,0,2,2,4,6,0,0
6,1826,4,0,3,0,8,7,3,3,2,0,2,2,4,6,0,0
6,1826,4,0,3,0,8,7,3,3,2,0,2,2,4,6,0,0
6,1826,4,0,3,0,8,7,3,3,2,0,2,2,4,6,0,0
6,1826,4,0,3,0,8,7,3,3,2,0,3,2,4,6,0,0
6,1826,4,0,3,0,8,7,3,2,2,0,3,2,5,5,0,0
6,1826,4,0,3,0,8,7,3,2,2,0,3,2,5,5,0,0
6,1826,4,0,3,0,8,7,3,2,2,0,3,2,5,5,0,0
6,1826,4,0,3,0,8,7,3,2,2,0,3,2,5,5,0,0
6,1826,4,0,3,0,8,7,3,2,2,0,3,2,5,5,0,0
6,1826,4,0,3,0,8,7,3,2,2,0,3,2,5,5,0,0
6,1826,4,0,3,0,8,7,3,2,2,0,3,2,5,5,0,0
6,1826,4,0,3,0,8,7,3,2,2,0,3,2,5,5,0,0
6,1826,4,0,3,0,8,7,3,2,2,0,2,2,4,5,0,0
6,1826,4,0,3,0,8,7,3,2,2,0,2,2,4,4,0,0
6,1826,4,0,3,0,8,7,3,2,2,0,2,2,4,4,0,0
6,1826,4,0,3,0,8,7,3,2,2,0,2,2,4,4,0,0
6,1826,4,0,3,0,8,7,3,2,2,0,2,2,4,4,0,0
6,1826,4,0,3,0,8,6,3,2,2,0,2,2,4,4,0,0
6,1826,4,0,3,0,8,6,3,2,2,0,2,2,4,4,0,0
6,1826,4,0,3,0,8,6,3,2,2,0,2,2,4,4,0,0
6,1826,4,0,3,0,8,6,3,2,2,0,2,2,4,4,0,0
7,1827,4,0,4,0,9,6,4,2,3,0,3,2,7,4,0,0
7,1827,4,0,4,0,9,6,4,2,3,0,3,2,7,4,0,0
7,1827,4,0,4,0,9,6,4,2,3,0,3,2,7,4,0,0
7,1827,4,0,4,0,9,6,4,2,3,0,3,2,7,4,0,0
7,1827,4,0,4,0,9,6,4,2,3,0,3,2,7,4,0,0
7,1827,4,0,4,0,9,6,4,2,3,0,3,2,7,4,0,0
7,1827,4,0,4,0,9,6,4,2,3,0,3,2,8,4,8,0
7,1827,4,0,4,0,10,9,4,3,3,1,4,3,8,5,8,1
7,1827,4,0,4,0,10,9,4,3,3,2,4,3,8,6,8,1
7,1827,4,0,4,0,10,9,4,4,3,3,4,3,8,7,9,1
7,1827,4,0,4,0,10,10,4,4,3,3,4,3,8,7,9,1
7,1827,4,0,4,0,10,10,4,4,3,3,4,3,8,9,9,1
7,1827,4,0,4,0,10,10,4,4,3,3,4,3,8,9,9,1
7,1827,4,0,4,0,10,9,4,3,3,3,4,3,8,9,5,1
7,1827,4,0,4,0,10,9,4,3,3,3,4,3,8,9,5,1
7,1827,4,0,4,0,10,9,4,3,3,3,4,3,8,9,5,1
7,1827,4,0,4,0,9,9,4,3,3,3,3,3,8,9,5,1
7,1827,4,0,4,0,9,9,4,3,3,3,3,3,8,8,0,0
7,1827,4,0,4,0,9,9,4,3,3,3,3,3,8,7,0,0
7,1827,4,0,4,0,9,9,4,3,3,3,3,3,8,7,0,0
7,1827,4,0,4,0,9,9,4,3,3,3,3,3,8,7,0,0
7,1827,4,0,4,0,9,9,4,3,3,3,3,3,8,7,0,0
7,1827,4,0,4,0,9,9,4,2,3,3,3,3,8,7,0,0
7,1827,4,0,4,0,9,9,4,2,3,3,3,3,7,7,0,0
8,1828,4,0,4,0,9,9,4,2,3,3,3,3,4,7,0,0
8,1828,4,0,4,0,9,9,4,2,3,3,3,3,4,7,0,0
8,1828,4,0,4,0,9,9,4,2,3,3,3,3,4,7,0,0
8,1828,4,0,4,0,9,9,4,2,3,3,3,3,4,7,0,0
8,1828,4,0,4,0,9,9,4,2,3,3,3,3,4,7,0,0
8,1828,4,0,4,0,9,9,4,2,3,3,3,3,4,7,0,0
8,1828,4,0,4,0,9,9,4,2,3,3,3,3,4,7,8,0
8,1828,4,0,4,0,10,8,4,4,3,3,4,3,5,6,8,2
8,1828,4,0,4,0,10,8,4,4,3,3,4,3,5,6,8,3
8,1828,4,0,4,0,10,10,4,4,3,3,4,3,5,6,9,3
8,1828,4,0,4,0,10,10,4,4,3,3,4,3,5,6,9,3
8,1828,4,0,4,0,10,10,4,4,3,3,4,3,5,6,9,3
8,1828,4,0,4,0,10,10,4,3,3,3,4,3,5,6,9,3
8,1828,4,0,4,0,10,10,4,3,3,3,4,3,5,6,5,3
8,1828,4,0,4,0,10,9,4,3,3,3,4,3,5,6,5,3
8,1828,4,0,4,0,10,9,4,3,3,3,4,3,4,6,5,0
8,1828,4,0,4,0,9,9,4,2,3,3,3,2,4,6,5,0
8,1828,4,0,4,0,9,9,4,2,3,3,3,2,4,6,0,0
8,1828,4,0,4,0,9,9,4,2,3,3,3,2,4,6,0,0
8,1828,4,0,4,0,9,8,4,2,3,3,3,2,4,6,0,0
8,1828,4,0,4,0,9,8,4,2,3,3,3,2,4,5,0,0
8,1828,4,0,4,0,9,8,4,2,3,3,3,2,4,5,0,0
8,1828,4,0,4,0,9,8,4,2,3,3,3,2,4,4,0,0
8,1828,4,0,4,0,9,8,4,2,3,3,3,2,4,4,0,0
9,1829,4,0,4,0,9,8,4,2,3,3,3,2,7,4,0,0
9,1829,4,0,4,0,9,8,4,2,3,3,3,2,7,4,0,0
9,1829,4,0,4,0,9,8,4,2,3,3,3,2,7,4,0,0
9,1829,4,0,4,0,9,8,4,2,3,3,3,2,7,4,0,0
9,1829,4,0,4,0,9,8,4,2,3,3,3,2,7,4,0,0
9,1829,4,0,4,0,9,8,4,2,3,3,3,2,7,4,0,0
9,1829,4,0,4,0,9,8,4,2,3,3,3,2,10,4,8,0
9,1829,4,0,4,0,10,8,4,3,3,2,4,3,10,8,8,1
9,1829,4,0,4,0,10,10,4,3,3,2,4,3,10,7,8,2
9,1829,4,0,4,0,10,10,4,4,3,2,4,3,10,10,9,2
9,1829,4,0,4,0,10,10,4,4,3,3,4,3,10,10,9,3
9,1829,4,0,4,0,10,10,4,4,3,3,4,3,10,10,9,3
9,1829,4,0,4,0,10,10,4,4,3,3,4,3,10,10,9,3
9,1829,4,0,4,0,10,10,4,3,3,3,4,3,10,9,5,3
9,1829,4,0,4,0,10,10,4,3,3,3,4,3,10,9,5,3
9,1829,4,0,4,0,10,9,4,3,3,3,4,3,8,8,5,3
9,1829,4,0,4,0,9,8,4,3,3,3,3,3,8,8,5,3
9,1829,4,0,4,0,9,8,4,3,3,3,3,3,8,8,0,3
9,1829,4,0,4,0,9,8,4,3,3,3,3,3,8,8,0,3
9,1829,4,0,4,0,9,8,4,3,3,3,3,3,8,7,0,2
9,1829,4,0,4,0,9,8,4,3,3,3,3,3,8,7,0,1
9,1829,4,0,4,0,9,8,4,3,3,3,3,3,8,6,0,1
9,1829,4,0,4,0,9,8,4,3,3,3,3,3,8,6,0,1
9,1829,4,0,4,0,9,8,4,3,3,3,3,3,7,5,0,1
10,1830,4,0,4,0,9,8,4,3,3,3,3,3,7,5,0,1
10,1830,4,0,4,0,9,8,4,3,3,3,3,3,7,5,0,1
10,1830,4,0,4,0,9,8,4,3,3,3,3,3,7,5,0,1
10,1830,4,0,4,0,9,8,4,3,3,3,3,3,7,5,0,1
10,1830,4,0,4,0,9,8,4,3,3,3,3,3,7,5,0,1
10,1830,4,0,4,0,9,8,4,3,3,3,3,3,7,5,0,1
10,1830,4,0,4,0,9,8,4,3,3,3,3,3,8,5,8,1
10,1830,4,0,4,0,10,10,4,4,3,3,4,3,8,8,8,0
10,1830,4,0,4,0,10,10,4,4,3,3,4,3,8,8,8,0
10,1830,4,0,4,0,10,10,4,4,3,3,4,3,8,8,9,0
10,1830,4,0,4,0,10,10,4,4,3,3,4,3,8,8,9,0
10,1830,4,0,4,0,10,10,4,4,3,3,4,3,8,8,9,0
10,1830,4,0,4,0,10,10,4,4,3,3,4,3,8,8,9,0
10,1830,4,0,4,0,10,10,4,4,3,3,4,3,8,8,5,0
10,1830,4,0,4,0,10,9,4,4,3,3,4,3,8,8,5,0
10,1830,4,0,4,0,10,9,4,4,3,2,4,3,8,8,5,0
10,1830,4,0,4,0,9,9,4,4,3,2,3,3,8,7,5,0
10,1830,4,0,4,0,9,9,4,4,3,2,3,3,8,7,0,0
10,1830,4,0,4,0,9,9,4,4,3,2,3,3,8,7,0,0
10,1830,4,0,4,0,9,9,4,4,3,2,3,3,8,7,0,0
10,1830,4,0,4,0,9,9,4,4,3,2,3,3,8,7,0,0
10,1830,4,0,4,0,9,9,4,4,3,2,3,3,8,7,0,0
10,1830,4,0,4,0,9,9,4,4,3,2,3,3,8,7,0,0
10,1830,4,0,4,0,9,9,4,4,3,2,3,3,7,7,0,0
11,1831,4,0,4,0,9,9,4,4,3,2,3,3,7,7,0,0
11,1831,4,0,4,0,9,9,4,4,3,2,3,3,7,7,0,0
11,1831,4,0,4,0,9,9,4,4,3,2,3,3,7,7,0,0
11,1831,4,0,4,0,9,9,4,4,3,2,3,3,7,7,0,0
11,1831,4,0,4,0,9,9,4,4,3,2,3,3,7,7,0,0
11,1831,4,0,4,0,9,9,4,4,3,2,3,3,7,7,0,0
11,1831,4,0,4,0,9,9,4,4,3,2,3,3,8,7,8,0
11,1831,4,0,4,0,10,10,4,4,3,2,4,4,8,8,8,0
11,1831,4,0,4,0,10,10,4,4,3,3,4,3,8,8,8,1
11,1831,4,0,4,0,10,10,4,4,3,3,4,3,8,8,9,1
11,1831,4,0,4,0,10,10,4,4,3,3,4,3,8,8,9,1
11,1831,4,0,4,0,10,10,4,4,3,3,4,3,8,8,9,1
11,1831,4,0,4,0,10,10,4,4,3,3,4,3,8,9,9,1
11,1831,4,0,4,0,10,10,4,4,3,3,4,3,8,8,5,1
11,1831,4,0,4,0,10,10,4,4,3,3,4,3,8,7,5,0
11,1831,4,0,4,0,10,10,4,4,3,3,4,3,8,6,5,0
11,1831,4,0,4,0,9,10,4,4,3,3,3,3,8,6,5,0
11,1831,4,0,4,0,9,10,4,4,3,2,3,3,8,6,0,0
11,1831,4,0,4,0,9,10,4,4,3,2,3,3,8,6,0,0
11,1831,4,0,4,0,9,10,4,4,3,2,3,3,8,6,0,0
11,1831,4,0,4,0,9,10,4,4,3,2,3,3,8,6,0,0
11,1831,4,0,4,0,9,10,4,4,3,2,3,3,8,6,0,0
11,1831,4,0,4,0,9,10,4,4,3,2,3,3,8,6,0,0
11,1831,4,0,4,0,9,10,4,4,3,2,3,3,7,6,0,0
12,1832,4,0,3,0,8,10,3,4,2,2,2,3,7,6,0,0
12,1832,4,0,3,0,8,10,3,4,2,2,2,3,7,6,0,0
12,1832,4,0,3,0,8,10,3,4,2,2,2,3,7,6,0,0
12,1832,4,0,3,0,8,10,3,4,2,2,2,3,7,6,0,0
12,1832,4,0,3,0,8,10,3,4,2,2,2,3,7,6,0,0
12,1832,4,0,3,0,8,10,3,4,2,2,2,3,7,6,0,0
12,1832,4,0,3,0,8,10,3,4,2,2,3,3,10,6,0,0
12,1832,4,0,3,0,8,9,3,4,2,1,3,3,10,5,0,0
12,1832,4,0,3,0,8,9,3,4,2,1,3,3,10,5,0,0
12,1832,4,0,3,0,8,9,3,4,2,1,3,3,10,5,0,0
12,1832,4,0,3,0,8,9,3,4,2,1,3,3,10,5,0,0
12,1832,4,0,3,0,8,9,3,4,2,1,3,3,10,5,0,0
12,1832,4,0,3,0,8,9,3,4,2,1,3,3,10,5,0,0
12,1832,4,0,3,0,8,9,3,4,2,1,3,3,10,5,0,0
12,1832,4,0,3,0,8,9,3,4,2,1,3,3,10,4,0,0
12,1832,4,0,3,0,8,9,3,4,2,1,2,3,8,4,0,0
12,1832,4,0,3,0,8,9,3,4,2,1,2,3,8,4,0,0
12,1832,4,0,3,0,8,9,3,4,2,1,2,3,8,4,0,0
12,1832,4,0,3,0,8,9,3,4,2,1,2,3,8,4,0,0
12,1832,4,0,3,0,8,9,3,4,2,1,2,3,8,4,0,0
12,1832,4,0,3,0,8,8,3,4,2,1,2,3,8,2,0,0
12,1832,4,0,3,0,8,8,3,4,2,1,2,3,8,2,0,0
12,1832,4,0,3,0,8,8,3,4,2,1,2,3,8,2,0,0
12,1832,4,0,3,0,8,8,3,4,2,1,2,3,7,2,0,0
13,1833,4,0,3,0,8,8,3,4,2,1,2,3,4,2,0,0
13,1833,4,0,3,0,8,8,3,4,2,1,2,3,4,2,0,0
13,1833,4,0,3,0,8,8,3,4,2,1,2,3,4,2,0,0
13,1833,4,0,3,0,8,8,3,4,2,1,2,3,4,2,0,0
13,1833,4,0,3,0,8,8,3,4,2,1,2,3,4,2,0,0
13,1833,4,0,3,0,8,8,3,4,2,1,2,3,4,2,0,0
13,1833,4,0,3,0,8,8,3,4,2,1,3,3,4,2,0,0
13,1833,4,0,3,0,8,7,3,4,2,1,3,1,5,2,0,0
13,1833,4,0,3,0,8,7,3,4,2,1,3,1,5,2,0,0
13,1833,4,0,3,0,8,7,3,4,2,1,3,1,5,2,0,0
13,1833,4,0,3,0,8,7,3,4,2,1,3,1,5,2,0,0
13,1833,4,0,3,0,8,7,3,4,2,1,3,1,5,2,0,0
13,1833,4,0,3,0,8,7,3,4,2,1,3,0,5,2,0,0
13,1833,4,0,3,0,8,7,3,4,2,1,3,0,5,2,0,0
13,1833,4,0,3,0,8,7,3,4,2,1,3,0,5,2,0,0
13,1833,4,0,3,0,8,7,3,4,2,1,2,0,4,2,0,0
13,1833,4,0,3,0,8,7,3,4,2,1,2,0,4,2,0,0
13,1833,4,0,3,0,8,7,3,4,2,1,2,0,4,2,0,0
13,1833,4,0,3,0,8,7,3,4,2,1,2,0,4,2,0,0
13,1833,4,0,3,0,8,7,3,4,2,1,2,0,4,2,0,0
13,1833,4,0,3,0,8,7,3,4,2,1,2,0,4,2,0,0
13,1833,4,0,3,0,8,7,3,4,2,1,2,0,4,2,0,0
13,1833,4,0,3,0,8,7,3,4,2,1,2,0,4,2,0,0
13,1833,4,0,3,0,8,7,3,4,2,1,2,0,4,2,0,0
14,1834,4,0,4,0,9,7,4,4,3,1,3,0,7,2,0,0
14,1834,4,0,4,0,9,7,4,4,3,1,3,0,7,2,0,0
14,1834,4,0,4,0,9,7,4,4,3,1,3,0,7,2,0,0
14,1834,4,0,4,0,9,7,4,4,3,1,3,0,7,2,0,0
14,1834,4,0,4,0,9,7,4,4,3,1,3,0,7,2,0,0
14,1834,4,0,4,0,9,7,4,4,3,1,3,0,7,2,0,0
14,1834,4,0,4,0,9,7,4,4,3,1,3,0,8,2,8,0
14,1834,4,0,4,0,10,9,4,4,3,3,4,1,8,4,8,2
14,1834,4,0,4,0,10,10,4,4,3,3,4,1,8,4,8,2
14,1834,4,0,4,0,10,10,4,4,3,3,4,1,8,8,9,2
14,1834,4,0,4,0,10,10,4,4,3,3,4,1,8,8,9,2
14,1834,4,0,4,0,10,10,4,4,3,3,4,1,8,8,9,2
14,1834,4,0,4,0,10,10,4,4,3,3,4,1,8,8,9,2
14,1834,4,0,4,0,10,10,4,4,3,2,4,1,8,5,5,2
14,1834,4,0,4,0,10,10,4,4,3,2,4,1,8,5,5,2
14,1834,4,0,4,0,10,10,4,4,3,2,4,1,8,5,5,2
14,1834,4,0,4,0,9,10,4,4,3,2,3,1,8,5,5,2
14,1834,4,0,4,0,9,10,4,4,3,2,3,1,8,4,0,1
14,1834,4,0,4,0,9,10,4,4,3,2,3,1,8,4,0,1
14,1834,4,0,4,0,9,10,4,4,3,2,3,1,8,4,0,1
14,1834,4,0,4,0,9,9,4,4,3,2,3,1,8,4,0,1
14,1834,4,0,4,0,9,9,4,4,3,2,3,1,8,4,0,1
14,1834,4,0,4,0,9,8,4,4,3,2,3,1,8,4,0,1
14,1834,4,0,4,0,9,8,4,4,3,2,3,1,7,4,0,1
15,1835,4,0,4,0,9,8,4,4,3,2,3,1,4,4,0,1
15,1835,4,0,4,0,9,8,4,4,3,2,3,1,4,4,0,1
15,1835,4,0,4,0,9,8,4,4,3,2,3,1,4,4,0,1
15,1835,4,0,4,0,9,8,4,4,3,2,3,1,4,4,0,1
15,1835,4,0,4,0,9,8,4,4,3,2,3,1,4,4,0,1
15,1835,4,0,4,0,9,8,4,4,3,2,3,1,4,4,0,1
15,1835,4,0,4,0,9,8,4,4,3,2,3,1,4,4,8,1
15,1835,4,0,4,0,10,10,4,4,3,3,4,2,5,4,8,2
15,1835,4,0,4,0,10,10,4,4,3,3,4,2,5,5,8,3
15,1835,4,0,4,0,10,10,4,4,3,3,4,2,5,5,9,4
15,1835,4,0,4,0,10,10,4,4,3,3,4,2,5,5,9,4
15,1835,4,0,4,0,10,10,4,4,3,2,4,2,5,5,9,4
15,1835,4,0,4,0,10,10,4,4,3,3,4,2,5,4,9,4
15,1835,4,0,4,0,10,10,4,4,3,2,4,2,5,4,5,4
15,1835,4,0,4,0,10,10,4,4,3,2,4,2,5,5,5,4
15,1835,4,0,4,0,10,10,4,4,3,2,4,2,4,6,5,2
15,1835,4,0,4,0,9,10,4,4,3,2,3,2,4,5,5,1
15,1835,4,0,4,0,9,10,4,4,3,2,3,2,4,5,0,1
15,1835,4,0,4,0,9,10,4,4,3,2,3,2,4,5,0,1
15,1835,4,0,4,0,9,10,4,4,3,2,3,2,4,5,0,1
15,1835,4,0,4,0,9,9,4,4,3,2,3,2,4,4,0,1
15,1835,4,0,4,0,9,9,4,4,3,2,3,2,4,4,0,1
15,1835,4,0,4,0,9,9,4,4,3,2,3,2,4,4,0,1
15,1835,4,0,4,0,9,9,4,4,3,2,3,2,4,4,0,1
16,1836,4,0,4,0,9,9,4,4,3,2,3,2,7,4,0,1
16,1836,4,0,4,0,9,9,4,4,3,2,3,2,7,4,0,1
16,1836,4,0,4,0,9,9,4,4,3,2,3,2,7,4,0,1
16,1836,4,0,4,0,9,9,4,4,3,2,3,2,7,4,0,1
16,1836,4,0,4,0,9,9,4,4,3,2,3,2,7,4,0,1
16,1836,4,0,4,0,9,9,4,4,3,2,3,2,7,4,0,1
16,1836,4,0,4,0,9,9,4,4,3,2,3,2,10,4,8,1
16,1836,4,0,4,0,10,9,4,4,3,2,4,3,10,8,8,1
16,1836,4,0,4,0,10,10,4,4,3,2,4,3,10,10,8,1
16,1836,4,0,4,0,10,10,4,4,3,3,4,3,10,10,9,2
16,1836,4,0,4,0,10,10,4,4,3,3,4,3,10,10,9,2
16,1836,4,0,4,0,10,10,4,4,3,3,4,3,10,11,9,2
16,1836,4,0,4,0,10,10,4,4,3,3,4,3,10,11,9,2
16,1836,4,0,4,0,10,10,4,4,3,3,4,3,10,11,5,2
16,1836,4,0,4,0,10,10,4,4,3,2,4,3,10,11,5,2
16,1836,4,0,4,0,10,10,4,4,3,2,4,3,8,10,5,1
16,1836,4,0,4,0,9,9,4,4,3,2,3,3,8,9,5,0
16,1836,4,0,4,0,9,9,4,4,3,2,3,3,8,9,0,0
16,1836,4,0,4,0,9,9,4,4,3,2,3,3,8,9,0,0
16,1836,4,0,4,0,9,9,4,4,3,2,3,3,8,8,0,0
16,1836,4,0,4,0,9,8,4,4,3,2,3,3,8,8,0,0
16,1836,4,0,4,0,9,8,4,4,3,2,3,3,8,8,0,0
16,1836,4,0,4,0,9,8,4,4,3,2,3,2,8,8,0,0
16,1836,4,0,4,0,9,8,4,4,3,2,3,2,7,8,0,0
17,1837,4,0,4,0,9,8,4,4,3,2,3,2,7,8,0,0
17,1837,4,0,4,0,9,8,4,4,3,2,3,2,7,8,0,0
17,1837,4,0,4,0,9,8,4,4,3,2,3,2,7,8,0,0
17,1837,4,0,4,0,9,8,4,4,3,2,3,2,7,8,0,0
17,1837,4,0,4,0,9,8,4,4,3,2,3,2,7,8,0,0
17,1837,4,0,4,0,9,8,4,4,3,2,3,2,7,8,0,0
17,1837,4,0,4,0,9,8,4,4,3,2,3,2,8,8,8,0
17,1837,4,0,4,0,10,10,4,4,3,2,4,2,8,8,8,0
17,1837,4,0,4,0,10,10,4,4,3,2,4,2,8,8,8,0
17,1837,4,0,4,0,10,10,4,4,3,2,4,2,8,8,9,0
17,1837,4,0,4,0,10,10,4,4,3,2,4,2,8,8,9,0
17,1837,4,0,4,0,10,10,4,4,3,2,4,2,8,8,9,0
17,1837,4,0,4,0,10,10,4,4,3,2,4,2,8,7,9,0
17,1837,4,0,4,0,10,10,4,4,3,2,4,2,8,7,5,0
17,1837,4,0,4,0,10,10,4,4,3,2,4,2,8,7,5,0
17,1837,4,0,4,0,10,10,4,4,3,2,4,2,8,7,5,0
17,1837,4,0,4,0,9,10,4,4,3,1,3,2,8,7,5,0
17,1837,4,0,4,0,9,10,4,4,3,1,3,1,8,7,0,0
17,1837,4,0,4,0,9,10,4,4,3,1,3,1,8,7,0,0
17,1837,4,0,4,0,9,10,4,4,3,1,3,1,8,7,0,0
17,1837,4,0,4,0,9,10,4,4,3,1,3,1,8,7,0,0
17,1837,4,0,4,0,9,10,4,4,3,1,3,1,8,7,0,0
17,1837,4,0,4,0,9,10,4,4,3,1,3,1,8,7,0,0
17,1837,4,0,4,0,9,10,4,4,3,1,3,1,7,7,0,0
18,1838,4,0,4,0,9,10,4,4,3,1,3,1,7,7,0,0
18,1838,4,0,4,0,9,10,4,4,3,1,3,1,7,7,0,0
18,1838,4,0,4,0,9,10,4,4,3,1,3,1,7,7,0,0
18,1838,4,0,4,0,9,10,4,4,3,1,3,1,7,7,0,0
18,1838,4,0,4,0,9,10,4,4,3,1,3,1,7,7,0,0
18,1838,4,0,4,0,9,10,4,4,3,1,3,1,7,7,0,0
18,1838,4,0,4,0,9,10,4,4,3,1,3,1,8,7,8,0
18,1838,4,0,4,0,10,10,4,4,3,2,4,2,8,8,8,1
18,1838,4,0,4,0,10,10,4,4,3,3,4,2,8,8,8,1
18,1838,4,0,4,0,10,10,4,4,3,3,4,2,8,8,9,2
18,1838,4,0,4,0,10,10,4,4,3,3,4,2,8,8,9,2
18,1838,4,0,4,0,10,10,4,4,3,2,4,2,8,7,9,2
18,1838,4,0,4,0,10,10,4,4,3,2,4,2,8,8,9,2
18,1838,4,0,4,0,10,10,4,4,3,2,4,2,8,8,5,2
18,1838,4,0,4,0,10,10,4,4,3,1,4,2,8,7,5,2
18,1838,4,0,4,0,10,10,4,4,3,1,4,2,8,6,5,1
18,1838,4,0,4,0,9,10,4,4,3,1,3,2,8,6,5,1
18,1838,4,0,4,0,9,10,4,4,3,1,3,2,8,6,0,1
18,1838,4,0,4,0,9,10,4,4,3,1,3,2,8,6,0,1
18,1838,4,0,4,0,9,10,4,4,3,1,3,2,8,6,0,1
18,1838,4,0,4,0,9,10,4,4,3,1,3,2,8,6,0,1
18,1838,4,0,4,0,9,10,4,4,3,1,3,2,8,6,0,1
18,1838,4,0,4,0,9,10,4,4,3,1,3,2,8,6,0,1
18,1838,4,0,4,0,9,10,4,4,3,1,3,2,7,6,0,1
19,1839,4,0,3,0,8,10,3,4,2,2,2,2,7,6,0,1
19,1839,4,0,3,0,8,10,3,4,2,2,2,2,7,6,0,1
19,1839,4,0,3,0,8,10,3,4,2,2,2,2,7,6,0,1
19,1839,4,0,3,0,8,10,3,4,2,2,2,2,7,6,0,1
19,1839,4,0,3,0,8,10,3,4,2,2,2,2,7,6,0,1
19,1839,4,0,3,0,8,10,3,4,2,2,2,2,7,6,0,1
19,1839,4,0,3,0,8,10,3,4,2,2,3,2,10,6,0,1
19,1839,4,0,3,0,8,9,3,4,2,1,3,2,10,5,0,0
19,1839,4,0,3,0,8,8,3,4,2,1,3,2,10,4,0,0
19,1839,4,0,3,0,8,8,3,4,2,1,3,2,10,4,0,0
19,1839,4,0,3,0,8,8,3,4,2,1,3,2,10,4,0,0
19,1839,4,0,3,0,8,8,3,4,2,1,3,2,10,4,0,0
19,1839,4,0,3,0,8,8,3,4,2,1,3,2,10,4,0,0
19,1839,4,0,3,0,8,8,3,4,2,1,3,2,10,4,0,0
19,1839,4,0,3,0,8,8,3,4,2,1,3,2,10,4,0,0
19,1839,4,0,3,0,8,8,3,4,2,1,2,2,8,3,0,0
19,1839,4,0,3,0,8,8,3,4,2,1,2,2,8,3,0,0
19,1839,4,0,3,0,8,8,3,4,2,1,2,2,8,2,0,0
19,1839,4,0,3,0,8,8,3,4,2,1,2,2,8,2,0,0
19,1839,4,0,3,0,8,8,3,4,2,1,2,2,8,2,0,0
19,1839,4,0,3,0,8,8,3,4,2,1,2,2,8,2,0,0
19,1839,4,0,3,0,8,8,3,4,2,0,2,2,8,2,0,0
19,1839,4,0,3,0,8,8,3,4,2,0,2,2,8,2,0,0
19,1839,4,0,3,0,8,8,3,4,2,0,2,2,7,2,0,0
20,1840,4,0,3,0,8,8,3,4,2,0,2,2,4,2,0,0
20,1840,4,0,3,0,8,8,3,4,2,0,2,2,4,2,0,0
20,1840,4,0,3,0,8,8,3,4,2,0,2,2,4,2,0,0
20,1840,4,0,3,0,8,8,3,4,2,0,2,2,4,2,0,0
20,1840,4,0,3,0,8,8,3,4,2,0,2,2,4,2,0,0
20,1840,4,0,3,0,8,8,3,4,2,0,2,2,4,2,0,0
20,1840,4,0,3,0,8,8,3,4,2,0,3,2,4,2,0,0
20,1840,4,0,3,0,8,8,3,4,2,0,3,2,5,2,0,0
20,1840,4,0,3,0,8,8,3,4,2,0,3,2,5,2,0,0
20,1840,4,0,3,0,8,8,3,4,2,0,3,2,5,2,0,0
20,1840,4,0,3,0,8,8,3,4,2,0,3,2,5,2,0,0
20,1840,4,0,3,0,8,8,3,4,2,0,3,2,5,2,0,0
20,1840,4,0,3,0,8,8,3,4,2,0,3,2,5,2,0,0
20,1840,4,0,3,0,8,8,3,4,2,0,3,2,5,2,0,0
20,1840,4,0,3,0,8,8,3,4,2,0,3,2,5,2,0,0
20,1840,4,0,3,0,8,8,3,4,2,0,2,2,4,2,0,0
20,1840,4,0,3,0,8,8,3,4,2,0,2,2,4,2,0,0
20,1840,4,0,3,0,8,8,3,4,2,0,2,2,4,2,0,0
20,1840,4,0,3,0,8,8,3,4,2,0,2,2,4,2,0,0
20,1840,4,0,3,0,8,8,3,4,2,0,2,2,4,2,0,0
20,1840,4,0,3,0,8,8,3,4,2,0,2,2,4,2,0,0
20,1840,4,0,3,0,8,8,3,4,2,0,2,2,4,2,0,0
20,1840,4,0,3,0,8,8,3,4,2,0,2,2,4,2,0,0
20,1840,4,0,3,0,8,8,3,4,2,0,2,2,4,2,0,0
21,1841,4,0,4,0,9,8,4,4,3,0,3,2,7,2,0,0
21,1841,4,0,4,0,9,8,4,4,3,0,3,2,7,2,0,0
21,1841,4,0,4,0,9,8,4,4,3,0,3,2,7,2,0,0
21,1841,4,0,4,0,9,8,4,4,3,0,3,2,7,2,0,0
21,1841,4,0,4,0,9,8,4,4,3,0,3,2,7,2,0,0
21,1841,4,0,4,0,9,8,4,4,3,0,3,2,7,2,0,0
21,1841,4,0,4,0,9,8,4,4,3,0,3,2,8,2,8,0
21,1841,4,0,4,0,10,9,4,4,3,3,4,3,8,4,8,1
21,1841,4,0,4,0,10,10,4,4,3,3,4,3,8,4,8,1
21,1841,4,0,4,0,10,10,4,4,3,3,4,3,8,6,9,1
21,1841,4,0,4,0,10,10,4,4,3,3,4,3,8,6,9,1
21,1841,4,0,4,0,10,10,4,4,3,3,4,3,8,6,9,1
21,1841,4,0,4,0,10,10,4,4,3,3,4,3,8,6,9,1
21,1841,4,0,4,0,10,10,4,4,3,3,4,3,8,4,5,1
21,1841,4,0,4,0,10,10,4,4,3,3,4,3,8,3,5,1
21,1841,4,0,4,0,10,10,4,4,3,3,4,3,8,3,5,1
21,1841,4,0,4,0,9,10,4,4,3,3,3,3,8,3,5,1
21,1841,4,0,4,0,9,10,4,4,3,3,3,3,8,3,0,1
21,1841,4,0,4,0,9,10,4,4,3,3,3,3,8,3,0,1
21,1841,4,0,4,0,9,10,4,4,3,3,3,3,8,3,0,0
21,1841,4,0,4,0,9,10,4,4,3,3,3,2,8,3,0,0
21,1841,4,0,4,0,9,10,4,4,3,3,3,2,8,3,0,0
21,1841,4,0,4,0,9,10,4,4,3,3,3,2,8,3,0,0
21,1841,4,0,4,0,9,10,4,4,3,3,3,2,7,3,0,0
22,1842,4,0,4,0,9,10,4,4,3,3,3,2,4,3,0,0
22,1842,4,0,4,0,9,10,4,4,3,3,3,2,4,3,0,0
22,1842,4,0,4,0,9,10,4,4,3,3,3,2,4,3,0,0
22,1842,4,0,4,0,9,10,4,4,3,3,3,2,4,3,0,0
22,1842,4,0,4,0,9,10,4,4,3,3,3,2,4,3,0,0
22,1842,4,0,4,0,9,10,4,4,3,3,3,2,4,3,0,0
22,1842,4,0,4,0,9,10,4,4,3,3,3,2,4,3,8,0
22,1842,4,0,4,0,10,10,4,3,3,3,4,3,5,4,8,5
22,1842,4,0,4,0,10,10,4,4,3,3,4,3,5,5,8,6
22,1842,4,0,4,0,10,10,4,4,3,3,4,3,5,6,9,7
22,1842,4,0,4,0,10,10,4,4,3,3,4,3,5,6,9,8
22,1842,4,0,4,0,10,10,4,4,3,3,4,3,5,6,9,6
22,1842,4,0,4,0,10,10,4,4,3,3,4,3,5,6,9,6
22,1842,4,0,4,0,10,10,4,4,3,3,4,3,5,6,5,6
22,1842,4,0,4,0,10,10,4,4,3,3,4,3,5,6,5,6
22,1842,4,0,4,0,10,10,4,4,3,3,4,3,4,6,5,4
22,1842,4,0,4,0,9,10,4,4,3,2,3,3,4,5,5,3
22,1842,4,0,4,0,9,10,4,4,3,2,3,3,4,5,0,3
22,1842,4,0,4,0,9,10,4,4,3,2,3,3,4,4,0,3
22,1842,4,0,4,0,9,10,4,4,3,2,3,3,4,4,0,3
22,1842,4,0,4,0,9,10,4,4,3,2,3,2,4,4,0,2
22,1842,4,0,4,0,9,10,4,4,3,2,3,2,4,4,0,1
22,1842,4,0,4,0,9,10,4,4,3,2,3,2,4,4,0,1
22,1842,4,0,4,0,9,10,4,4,3,2,3,2,4,4,0,1
23,1843,4,0,4,0,9,10,4,4,3,2,3,2,7,4,0,1
23,1843,4,0,4,0,9,10,4,4,3,2,3,2,7,4,0,1
23,1843,4,0,4,0,9,10,4,4,3,2,3,2,7,4,0,1
23,1843,4,0,4,0,9,10,4,4,3,2,3,2,7,4,0,1
23,1843,4,0,4,0,9,10,4,4,3,2,3,2,7,4,0,1
23,1843,4,0,4,0,9,10,4,4,3,2,3,2,7,4,0,1
23,1843,4,0,4,0,9,10,4,4,3,2,3,2,10,4,8,1
23,1843,4,0,4,0,10,10,4,3,3,2,4,3,10,10,8,0
23,1843,4,0,4,0,10,10,4,3,3,2,4,3,10,10,8,0
23,1843,4,0,4,0,10,10,4,4,3,2,4,3,10,10,9,0
23,1843,4,0,4,0,10,10,4,4,3,3,4,3,10,10,9,0
23,1843,4,0,4,0,10,10,4,4,3,3,4,3,10,10,9,0
23,1843,4,0,4,0,10,10,4,4,3,3,4,3,10,9,9,0
23,1843,4,0,4,0,10,10,4,4,3,3,4,3,10,9,5,0
23,1843,4,0,4,0,10,10,4,4,3,3,4,3,10,9,5,0
23,1843,4,0,4,0,10,10,4,4,3,3,4,3,8,9,5,0
23,1843,4,0,4,0,9,10,4,4,3,3,3,3,8,9,5,0
23,1843,4,0,4,0,9,10,4,4,3,3,3,3,8,9,0,0
23,1843,4,0,4,0,9,10,4,4,3,3,3,3,8,9,0,0
23,1843,4,0,4,0,9,10,4,4,3,3,3,2,8,9,0,0
23,1843,4,0,4,0,9,10,4,4,3,3,3,2,8,9,0,0
23,1843,4,0,4,0,9,10,4,4,3,3,3,2,8,8,0,0
23,1843,4,0,4,0,9,10,4,4,3,3,3,2,8,8,0,0
23,1843,4,0,4,0,9,10,4,4,3,3,3,2,7,8,0,0
24,1844,4,0,4,0,9,10,4,4,3,3,3,2,7,8,0,0
24,1844,4,0,4,0,9,10,4,4,3,3,3,2,7,8,0,0
24,1844,4,0,4,0,9,10,4,4,3,3,3,2,7,8,0,0
24,1844,4,0,4,0,9,10,4,4,3,3,3,2,7,8,0,0
24,1844,4,0,4,0,9,10,4,4,3,3,3,2,7,8,0,0
24,1844,4,0,4,0,9,10,4,4,3,3,3,2,7,8,0,0
24,1844,4,0,4,0,9,10,4,4,3,3,3,2,8,8,8,0
24,1844,4,0,4,0,10,10,4,4,3,3,4,3,8,7,8,0
24,1844,4,0,4,0,10,10,4,4,3,3,4,3,8,8,8,0
24,1844,4,0,4,0,10,10,4,4,3,3,4,3,8,8,9,0
24,1844,4,0,4,0,10,10,4,4,3,3,4,3,8,8,9,0
24,1844,4,0,4,0,10,10,4,4,3,3,4,3,8,8,9,0
24,1844,4,0,4,0,10,10,4,4,3,3,4,3,8,8,9,0
24,1844,4,0,4,0,10,10,4,3,3,3,4,3,8,8,5,0
24,1844,4,0,4,0,10,10,4,3,3,3,4,3,8,7,5,0
24,1844,4,0,4,0,10,10,4,3,3,3,4,3,8,7,5,0
24,1844,4,0,4,0,9,10,4,3,3,3,3,3,8,7,5,0
24,1844,4,0,4,0,9,10,4,3,3,3,3,3,8,7,0,0
24,1844,4,0,4,0,9,10,4,3,3,3,3,3,8,7,0,0
24,1844,4,0,4,0,9,10,4,3,3,3,3,3,8,7,0,0
24,1844,4,0,4,0,9,10,4,3,3,3,3,3,8,7,0,0
24,1844,4,0,4,0,9,10,4,3,3,2,3,3,8,6,0,0
24,1844,4,0,4,0,9,10,4,3,3,2,3,3,8,6,0,0
24,1844,4,0,4,0,9,10,4,3,3,2,3,3,7,6,0,0
25,1845,4,0,4,0,9,10,4,3,3,2,3,3,7,6,0,0
25,1845,4,0,4,0,9,10,4,3,3,2,3,3,7,6,0,0
25,1845,4,0,4,0,9,10,4,3,3,2,3,3,7,6,0,0
25,1845,4,0,4,0,9,10,4,3,3,2,3,3,7,6,0,0
25,1845,4,0,4,0,9,10,4,3,3,2,3,3,7,6,0,0
25,1845,4,0,4,0,9,10,4,3,3,2,3,3,7,6,0,0
25,1845,4,0,4,0,9,10,4,3,3,2,3,3,8,6,8,0
25,1845,4,0,4,0,10,10,4,3,3,2,4,2,8,8,8,1
25,1845,4,0,4,0,10,10,4,4,3,3,4,2,8,8,8,1
25,1845,4,0,4,0,10,10,4,4,3,3,4,2,8,8,9,2
25,1845,4,0,4,0,10,10,4,4,3,3,4,2,8,8,9,3
25,1845,4,0,4,0,10,10,4,4,3,2,4,2,8,8,9,4
25,1845,4,0,4,0,10,10,4,4,3,3,4,2,8,9,9,4
25,1845,4,0,4,0,10,10,4,4,3,3,4,2,8,9,5,4
25,1845,4,0,4,0,10,10,4,3,3,3,4,2,8,8,5,3
25,1845,4,0,4,0,10,10,4,3,3,3,4,2,8,8,5,1
25,1845,4,0,4,0,9,10,4,3,3,3,3,2,8,8,5,1
25,1845,4,0,4,0,9,10,4,3,3,3,3,2,8,8,0,1
25,1845,4,0,4,0,9,10,4,3,3,3,3,2,8,8,0,1
25,1845,4,0,4,0,9,10,4,3,3,3,3,2,8,8,0,1
25,1845,4,0,4,0,9,10,4,3,3,3,3,2,8,8,0,1
25,1845,4,0,4,0,9,10,4,3,3,3,3,2,8,8,0,1
25,1845,4,0,4,0,9,10,4,3,3,2,3,2,8,8,0,0
25,1845,4,0,4,0,9,10,4,3,3,2,3,2,7,8,0,0
26,1846,4,0,3,0,8,10,3,3,2,2,2,2,7,8,0,0
26,1846,4,0,3,0,8,10,3,3,2,2,2,2,7,8,0,0
26,1846,4,0,3,0,8,10,3,3,2,2,2,2,7,8,0,0
26,1846,4,0,3,0,8,10,3,3,2,2,2,2,7,8,0,0
26,1846,4,0,3,0,8,10,3,3,2,2,2,2,7,8,0,0
26,1846,4,0,3,0,8,10,3,3,2,2,2,2,7,8,0,0
26,1846,4,0,3,0,8,10,3,3,2,2,3,2,10,8,0,0
26,1846,4,0,3,0,8,9,3,3,2,2,3,2,10,8,0,0
26,1846,4,0,3,0,8,9,3,3,2,2,3,2,10,8,0,0
26,1846,4,0,3,0,8,9,3,3,2,2,3,2,10,8,0,0
26,1846,4,0,3,0,8,9,3,3,2,2,3,2,10,8,0,0
26,1846,4,0,3,0,8,9,3,3,2,2,3,2,10,8,0,0
26,1846,4,0,3,0,8,9,3,3,2,2,3,2,10,8,0,0
26,1846,4,0,3,0,8,9,3,3,2,2,3,2,10,8,0,0
26,1846,4,0,3,0,8,9,3,3,2,2,3,2,10,8,0,0
26,1846,4,0,3,0,8,9,3,3,2,2,2,2,8,8,0,0
26,1846,4,0,3,0,8,9,3,3,2,2,2,2,8,8,0,0
26,1846,4,0,3,0,8,9,3,3,2,2,2,2,8,8,0,0
26,1846,4,0,3,0,8,9,3,3,2,2,2,2,8,8,0,0
26,1846,4,0,3,0,8,9,3,3,2,2,2,2,8,8,0,0
26,1846,4,0,3,0,8,9,3,3,2,2,2,2,8,8,0,0
26,1846,4,0,3,0,8,9,3,3,2,2,2,2,8,8,0,0
26,1846,4,0,3,0,8,9,3,3,2,2,2,2,8,8,0,0
26,1846,4,0,3,0,8,9,3,3,2,2,2,2,7,8,0,0
27,1847,4,0,3,0,8,9,3,3,2,2,2,2,4,8,0,0
27,1847,4,0,3,0,8,9,3,3,2,2,2,2,4,8,0,0
27,1847,4,0,3,0,8,9,3,3,2,2,2,2,4,8,0,0
27,1847,4,0,3,0,8,9,3,3,2,2,2,2,4,8,0,0
27,1847,4,0,3,0,8,9,3,3,2,2,2,2,4,8,0,0
27,1847,4,0,3,0,8,9,3,3,2,2,2,2,4,8,0,0
27,1847,4,0,3,0,8,9,3,3,2,2,3,2,4,8,0,0
27,1847,4,0,3,0,8,9,3,3,2,2,3,2,5,8,0,0
27,1847,4,0,3,0,8,9,3,3,2,2,3,1,5,8,0,0
27,1847,4,0,3,0,8,9,3,3,2,2,3,1,5,8,0,0
27,1847,4,0,3,0,8,9,3,3,2,2,3,1,5,8,0,0
27,1847,4,0,3,0,8,9,3,3,2,2,3,1,5,7,0,0
27,1847,4,0,3,0,8,9,3,3,2,2,3,1,5,7,0,0
27,1847,4,0,3,0,8,9,3,3,2,2,3,1,5,7,0,0
27,1847,4,0,3,0,8,9,3,3,2,2,3,1,5,7,0,0
27,1847,4,0,3,0,8,9,3,3,2,2,2,1,4,7,0,0
27,1847,4,0,3,0,8,9,3,3,2,2,2,1,4,7,0,0
27,1847,4,0,3,0,8,9,3,3,2,2,2,1,4,7,0,0
27,1847,4,0,3,0,8,9,3,3,2,2,2,1,4,7,0,0
27,1847,4,0,3,0,8,9,3,3,2,2,2,1,4,7,0,0
27,1847,4,0,3,0,8,9,3,3,2,2,2,1,4,7,0,0
27,1847,4,0,3,0,8,9,3,3,2,2,2,1,4,7,0,0
27,1847,4,0,3,0,8,9,3,3,2,2,2,1,4,7,0,0
27,1847,4,0,3,0,8,9,3,3,2,2,2,1,4,7,0,0
0,1848,4,0,4,0,9,9,4,3,3,2,3,1,7,7,0,0
0,1848,4,0,4,0,9,9,4,3,3,2,3,1,7,7,0,0
0,1848,4,0,4,0,9,9,4,3,3,2,3,1,7,7,0,0
0,1848,4,0,4,0,9,9,4,3,3,2,3,1,7,7,0,0
0,1848,4,0,4,0,9,9,4,3,3,2,3,1,7,7,0,0
0,1848,4,0,4,0,9,9,4,3,3,2,3,1,7,7,0,0
0,1848,4,0,4,0,9,9,4,3,3,2,3,1,8,7,8,0
0,1848,4,0,4,0,10,10,4,4,3,3,4,1,8,8,8,2
0,1848,4,0,4,0,10,10,4,4,3,3,4,1,8,8,8,2
0,1848,4,0,4,0,10,10,4,4,3,3,4,1,8,8,9,2
0,1848,4,0,4,0,10,10,4,4,3,3,4,1,8,8,9,2
0,1848,4,0,4,0,10,10,4,4,3,3,4,1,8,8,9,2
0,1848,4,0,4,0,10,10,4,4,3,3,4,1,8,8,9,2
0,1848,4,0,4,0,10,10,4,4,3,3,4,1,8,8,5,2
0,1848,4,0,4,0,10,10,4,4,3,2,4,0,8,8,5,2
0,1848,4,0,4,0,10,10,4,4,3,2,4,0,8,8,5,1
0,1848,4,0,4,0,9,10,4,4,3,2,3,0,8,8,5,0
0,1848,4,0,4,0,9,10,4,4,3,2,3,0,8,7,0,0
0,1848,4,0,4,0,9,10,4,4,3,2,3,0,8,7,0,0
0,1848,4,0,4,0,9,10,4,4,3,2,3,0,8,7,0,0
0,1848,4,0,4,0,9,10,4,4,3,2,3,0,8,7,0,0
0,1848,4,0,4,0,9,10,4,4,3,2,3,0,8,7,0,0
0,1848,4,0,4,0,9,10,4,4,3,2,3,0,8,6,0,0
0,1848,4,0,4,0,9,10,4,4,3,2,3,0,7,6,0,0
1,1849,4,0,4,0,9,10,4,4,3,2,3,0,4,6,0,0
1,1849,4,0,4,0,9,10,4,4,3,2,3,0,4,6,0,0
1,1849,4,0,4,0,9,10,4,4,3,2,3,0,4,6,0,0
1,1849,4,0,4,0,9,10,4,4,3,2,3,0,4,6,0,0
1,1849,4,0,4,0,9,10,4,4,3,2,3,0,4,6,0,0
1,1849,4,0,4,0,9,10,4,4,3,2,3,0,4,6,0,0
1,1849,4,0,4,0,9,10,4,4,3,2,3,0,4,6,8,0
1,1849,4,0,4,0,10,10,4,4,3,3,4,1,5,6,8,1
1,1849,4,0,4,0,10,10,4,4,3,3,4,1,5,6,8,1
1,1849,4,0,4,0,10,10,4,4,3,3,4,1,5,6,9,2
1,1849,4,0,4,0,10,10,4,4,3,3,4,1,5,6,9,2
1,1849,4,0,4,0,10,10,4,4,3,3,4,1,5,6,9,2
1,1849,4,0,4,0,10,10,4,4,3,3,4,1,5,6,9,2
1,1849,4,0,4,0,10,10,4,4,3,3,4,1,5,5,5,1
1,1849,4,0,4,0,10,10,4,4,3,3,4,1,5,5,5,1
1,1849,4,0,4,0,10,10,4,4,3,3,4,1,4,5,5,1
1,1849,4,0,4,0,9,10,4,4,3,3,3,1,4,5,5,1
1,1849,4,0,4,0,9,10,4,3,3,3,3,1,4,5,0,1
1,1849,4,0,4,0,9,10,4,3,3,3,3,1,4,5,0,1
1,1849,4,0,4,0,9,10,4,3,3,3,3,1,4,5,0,1
1,1849,4,0,4,0,9,10,4,2,3,3,3,1,4,5,0,1
1,1849,4,0,4,0,9,10,4,2,3,3,3,1,4,5,0,1
1,1849,4,0,4,0,9,10,4,2,3,3,3,1,4,5,0,1
1,1849,4,0,4,0,9,10,4,2,3,3,3,1,4,5,0,1
2,1850,4,0,4,0,9,10,4,2,3,3,3,1,7,6,0,1
2,1850,4,0,4,0,9,10,4,2,3,3,3,1,7,6,0,1
2,1850,4,0,4,0,9,10,4,2,3,3,3,1,7,6,0,1
2,1850,4,0,4,0,9,10,4,2,3,3,3,1,7,6,0,1
2,1850,4,0,4,0,9,10,4,2,3,3,3,1,7,6,0,1
2,1850,4,0,4,0,9,10,4,2,3,3,3,1,7,6,0,1
2,1850,4,0,4,0,9,10,4,2,3,3,3,1,10,6,8,1
2,1850,4,0,4,0,10,10,4,3,3,2,4,2,10,10,8,1
2,1850,4,0,4,0,10,10,4,4,3,2,4,1,10,10,8,1
2,1850,4,0,4,0,10,10,4,4,3,2,4,1,10,10,9,1
2,1850,4,0,4,0,10,9,4,4,3,3,4,1,10,10,9,1
2,1850,4,0,4,0,10,9,4,4,3,3,4,1,10,10,9,1
2,1850,4,0,4,0,10,10,4,4,3,3,4,1,10,10,9,1
2,1850,4,0,4,0,10,10,4,3,3,3,4,1,10,10,5,1
2,1850,4,0,4,0,10,10,4,3,3,3,4,1,10,10,5,0
2,1850,4,0,4,0,10,9,4,3,3,3,4,1,8,9,5,0
2,1850,4,0,4,0,9,9,4,3,3,3,3,1,8,9,5,0
2,1850,4,0,4,0,9,9,4,3,3,3,3,1,8,9,0,0
2,1850,4,0,4,0,9,9,4,3,3,3,3,1,8,9,0,0
2,1850,4,0,4,0,9,9,4,3,3,3,3,1,8,9,0,0
2,1850,4,0,4,0,9,9,4,3,3,3,3,1,8,9,0,0
2,1850,4,0,4,0,9,9,4,3,3,3,3,1,8,9,0,0
2,1850,4,0,4,0,9,9,4,3,3,3,3,1,8,9,0,0
2,1850,4,0,4,0,9,9,4,3,3,3,3,1,7,9,0,0
3,1851,4,0,4,0,9,9,4,3,3,3,3,1,7,9,0,0
3,1851,4,0,4,0,9,9,4,3,3,3,3,1,7,9,0,0
3,1851,4,0,4,0,9,9,4,3,3,3,3,1,7,9,0,0
3,1851,4,0,4,0,9,9,4,3,3,3,3,1,7,9,0,0
3,1851,4,0,4,0,9,9,4,3,3,3,3,1,7,9,0,0
3,1851,4,0,4,0,9,9,4,3,3,3,3,1,7,9,0,0
3,1851,4,0,4,0,9,9,4,3,3,3,3,1,8,9,8,0
3,1851,4,0,4,0,10,10,4,4,3,3,4,2,8,6,8,0
3,1851,4,0,4,0,10,10,4,4,3,3,4,2,8,7,8,0
3,1851,4,0,4,0,10,10,4,4,3,2,4,2,8,8,9,0
3,1851,4,0,4,0,10,10,4,4,3,2,4,2,8,8,9,0
3,1851,4,0,4,0,10,10,4,4,3,2,4,2,8,8,9,0
3,1851,4,0,4,0,10,10,4,4,3,2,4,2,8,8,9,0
3,1851,4,0,4,0,10,10,4,4,3,2,4,2,8,8,5,0
3,1851,4,0,4,0,10,10,4,3,3,2,4,2,8,8,5,0
3,1851,4,0,4,0,10,10,4,3,3,2,4,2,8,8,5,0
3,1851,4,0,4,0,9,10,4,3,3,2,3,2,8,8,5,0
3,1851,4,0,4,0,9,10,4,3,3,2,3,2,8,8,0,0
3,1851,4,0,4,0,9,10,4,3,3,1,3,2,8,8,0,0
3,1851,4,0,4,0,9,10,4,3,3,1,3,2,8,8,0,0
3,1851,4,0,4,0,9,10,4,3,3,1,3,2,8,8,0,0
3,1851,4,0,4,0,9,10,4,3,3,1,3,2,8,8,0,0
3,1851,4,0,4,0,9,10,4,3,3,1,3,2,8,8,0,0
3,1851,4,0,4,0,9,10,4,3,3,1,3,2,7,8,0,0
4,1852,4,0,4,0,9,10,4,3,3,1,3,2,7,8,0,0
4,1852,4,0,4,0,9,10,4,3,3,1,3,2,7,8,0,0
4,1852,4,0,4,0,9,10,4,3,3,1,3,2,7,8,0,0
4,1852,4,0,4,0,9,10,4,3,3,1,3,2,7,8,0,0
4,1852,4,0,4,0,9,10,4,3,3,1,3,2,7,8,0,0
4,1852,4,0,4,0,9,10,4,3,3,1,3,2,7,8,0,0
4,1852,4,0,4,0,9,10,4,3,3,1,3,2,8,8,8,0
4,1852,4,0,4,0,10,10,4,3,3,2,4,2,8,7,8,1
4,1852,4,0,4,0,10,10,4,4,3,3,4,2,8,8,8,1
4,1852,4,0,4,0,10,10,4,4,3,3,4,2,8,8,9,1
4,1852,4,0,4,0,10,10,4,4,3,3,4,2,8,8,9,1
4,1852,4,0,4,0,10,10,4,4,3,3,4,2,8,8,9,1
4,1852,4,0,4,0,10,10,4,4,3,3,4,2,8,8,9,1
4,1852,4,0,4,0,10,10,4,4,3,3,4,2,8,8,5,1
4,1852,4,0,4,0,10,10,4,3,3,3,4,2,8,8,5,1
4,1852,4,0,4,0,10,10,4,3,3,3,4,2,8,8,5,1
4,1852,4,0,4,0,9,10,4,3,3,3,3,2,8,8,5,1
4,1852,4,0,4,0,9,10,4,3,3,3,3,2,8,7,0,1
4,1852,4,0,4,0,9,10,4,3,3,3,3,2,8,7,0,1
4,1852,4,0,4,0,9,10,4,3,3,3,3,2,8,7,0,1
4,1852,4,0,4,0,9,10,4,3,3,3,3,2,8,7,0,1
4,1852,4,0,4,0,9,10,4,3,3,3,3,2,8,7,0,1
4,1852,4,0,4,0,9,10,4,3,3,3,3,2,8,7,0,1
4,1852,4,0,4,0,9,10,4,3,3,3,3,2,7,7,0,1
5,1853,4,0,3,0,8,10,3,3,2,3,2,2,7,7,0,1
5,1853,4,0,3,0,8,10,3,3,2,3,2,2,7,7,0,1
5,1853,4,0,3,0,8,10,3,3,2,3,2,2,7,7,0,1
5,1853,4,0,3,0,8,10,3,3,2,3,2,2,7,7,0,1
5,1853,4,0,3,0,8,10,3,3,2,3,2,2,7,7,0,1
5,1853,4,0,3,0,8,10,3,3,2,3,2,2,7,7,0,1
5,1853,4,0,3,0,8,10,3,3,2,3,3,2,10,7,0,1
5,1853,4,0,3,0,8,10,3,3,2,3,3,2,10,7,0,0
5,1853,4,0,3,0,8,10,3,3,2,3,3,2,10,7,0,0
5,1853,4,0,3,0,8,10,3,3,2,3,3,2,10,7,0,0
5,1853,4,0,3,0,8,10,3,3,2,3,3,2,10,7,0,0
5,1853,4,0,3,0,8,10,3,3,2,3,3,2,10,6,0,0
5,1853,4,0,3,0,8,10,3,3,2,3,3,2,10,6,0,0
5,1853,4,0,3,0,8,10,3,3,2,3,3,2,10,6,0,0
5,1853,4,0,3,0,8,10,3,3,2,3,3,2,10,5,0,0
5,1853,4,0,3,0,8,10,3,3,2,3,2,2,8,5,0,0
5,1853,4,0,3,0,8,10,3,3,2,3,2,2,8,5,0,0
5,1853,4,0,3,0,8,9,3,3,2,3,2,2,8,5,0,0
5,1853,4,0,3,0,8,9,3,3,2,3,2,2,8,5,0,0
5,1853,4,0,3,0,8,9,3,3,2,3,2,2,8,5,0,0
5,1853,4,0,3,0,8,9,3,3,2,3,2,2,8,5,0,0
5,1853,4,0,3,0,8,9,3,3,2,3,2,2,8,5,0,0
5,1853,4,0,3,0,8,9,3,3,2,3,2,2,8,5,0,0
5,1853,4,0,3,0,8,9,3,3,2,3,2,2,7,5,0,0
6,1854,4,0,3,0,8,9,3,3,2,3,2,2,4,5,0,0
6,1854,4,0,3,0,8,9,3,3,2,3,2,2,4,5,0,0
6,1854,4,0,3,0,8,9,3,3,2,3,2,2,4,5,0,0
6,1854,4,0,3,0,8,9,3,3,2,3,2,2,4,5,0,0
6,1854,4,0,3,0,8,9,3,3,2,3,2,2,4,5,0,0
6,1854,4,0,3,0,8,9,3,3,2,3,2,2,4,5,0,0
6,1854,4,0,3,0,8,9,3,3,2,3,3,2,4,5,0,0
6,1854,4,0,3,0,8,9,3,2,2,2,3,2,5,5,0,0
6,1854,4,0,3,0,8,9,3,2,2,2,3,2,5,5,0,0
6,1854,4,0,3,0,8,9,3,2,2,2,3,2,5,5,0,0
6,1854,4,0,3,0,8,9,3,2,2,2,3,2,5,5,0,0
6,1854,4,0,3,0,8,9,3,2,2,2,3,2,5,5,0,0
6,1854,4,0,3,0,8,9,3,2,2,2,3,2,5,5,0,0
6,1854,4,0,3,0,8,9,3,2,2,2,3,2,5,5,0,0
6,1854,4,0,3,0,8,9,3,1,2,2,3,2,5,5,0,0
6,1854,4,0,3,0,8,9,3,1,2,2,2,2,4,5,0,0
6,1854,4,0,3,0,8,9,3,1,2,2,2,2,4,5,0,0
6,1854,4,0,3,0,8,9,3,1,2,2,2,2,4,5,0,0
6,1854,4,0,3,0,8,9,3,1,2,2,2,2,4,5,0,0
6,1854,4,0,3,0,8,9,3,1,2,2,2,2,4,5,0,0
6,1854,4,0,3,0,8,9,3,1,2,2,2,2,4,5,0,0
6,1854,4,0,3,0,8,9,3,1,2,2,2,2,4,5,0,0
6,1854,4,0,3,0,8,9,3,1,2,2,2,2,4,5,0,0
6,1854,4,0,3,0,8,9,3,1,2,2,2,2,4,5,0,0
7,1855,4,0,4,0,9,9,4,1,3,2,3,2,7,5,0,0
7,1855,4,0,4,0,9,9,4,1,3,2,3,2,7,5,0,0
7,1855,4,0,4,0,9,9,4,1,3,2,3,2,7,5,0,0
7,1855,4,0,4,0,9,9,4,1,3,2,3,2,7,5,0,0
7,1855,4,0,4,0,9,9,4,1,3,2,3,2,7,5,0,0
7,1855,4,0,4,0,9,9,4,1,3,2,3,2,7,5,0,0
7,1855,4,0,4,0,9,9,4,1,3,2,3,2,8,5,8,0
7,1855,4,0,4,0,10,9,4,3,3,3,4,3,8,8,8,1
7,1855,4,0,4,0,10,10,4,4,3,3,4,3,8,8,8,1
7,1855,4,0,4,0,10,10,4,4,3,3,4,3,8,8,9,1
7,1855,4,0,4,0,10,10,4,4,3,3,4,3,8,8,9,1
7,1855,4,0,4,0,10,10,4,4,3,3,4,3,8,8,9,1
7,1855,4,0,4,0,10,10,4,4,3,3,4,3,8,8,9,1
7,1855,4,0,4,0,10,10,4,4,3,2,4,3,8,8,5,1
7,1855,4,0,4,0,10,10,4,4,3,2,4,3,8,8,5,1
7,1855,4,0,4,0,10,10,4,4,3,2,4,3,8,8,5,1
7,1855,4,0,4,0,9,10,4,4,3,2,3,3,8,8,5,1
7,1855,4,0,4,0,9,10,4,4,3,2,3,3,8,8,0,1
7,1855,4,0,4,0,9,10,4,4,3,2,3,3,8,8,0,1
7,1855,4,0,4,0,9,10,4,4,3,2,3,3,8,8,0,1
7,1855,4,0,4,0,9,10,4,4,3,2,3,3,8,8,0,0
7,1855,4,0,4,0,9,10,4,3,3,2,3,3,8,8,0,0
7,1855,4,0,4,0,9,10,4,3,3,2,3,3,8,8,0,0
7,1855,4,0,4,0,9,10,4,3,3,2,3,3,7,8,0,0
8,1856,4,0,4,0,9,10,4,3,3,2,3,3,4,8,0,0
8,1856,4,0,4,0,9,10,4,3,3,2,3,3,4,8,0,0
8,1856,4,0,4,0,9,10,4,3,3,2,3,3,4,8,0,0
8,1856,4,0,4,0,9,10,4,3,3,2,3,3,4,8,0,0
8,1856,4,0,4,0,9,10,4,3,3,2,3,3,4,8,0,0
8,1856,4,0,4,0,9,10,4,3,3,2,3,3,4,8,0,0
8,1856,4,0,4,0,9,10,4,3,3,2,3,3,4,8,8,0
8,1856,4,0,4,0,10,10,4,4,3,2,4,4,5,8,8,2
8,1856,4,0,4,0,10,10,4,4,3,3,4,4,5,8,8,3
8,1856,4,0,4,0,10,10,4,4,3,3,4,4,5,8,9,3
8,1856,4,0,4,0,10,10,4,4,3,2,4,4,5,8,9,3
8,1856,4,0,4,0,10,10,4,4,3,3,4,4,5,8,9,3
8,1856,4,0,4,0,10,10,4,4,3,3,4,4,5,8,9,3
8,1856,4,0,4,0,10,10,4,4,3,3,4,4,5,8,5,3
8,1856,4,0,4,0,10,10,4,4,3,3,4,4,5,8,5,3
8,1856,4,0,4,0,10,10,4,4,3,3,4,4,4,8,5,2
8,1856,4,0,4,0,9,10,4,4,3,3,3,4,4,8,5,2
8,1856,4,0,4,0,9,9,4,4,3,3,3,4,4,7,0,2
8,1856,4,0,4,0,9,8,4,4,3,3,3,4,4,7,0,2
8,1856,4,0,4,0,9,8,4,4,3,3,3,4,4,7,0,2
8,1856,4,0,4,0,9,8,4,4,3,3,3,4,4,7,0,2
8,1856,4,0,4,0,9,8,4,4,3,3,3,4,4,7,0,2
8,1856,4,0,4,0,9,8,4,4,3,2,3,4,4,7,0,2
8,1856,4,0,4,0,9,8,4,4,3,2,3,4,4,7,0,2
9,1857,4,0,4,0,9,8,4,4,3,2,3,4,7,7,0,2
9,1857,4,0,4,0,9,8,4,4,3,2,3,4,7,7,0,2
9,1857,4,0,4,0,9,8,4,4,3,2,3,4,7,7,0,2
9,1857,4,0,4,0,9,8,4,4,3,2,3,4,7,7,0,2
9,1857,4,0,4,0,9,8,4,4,3,2,3,4,7,7,0,2
9,1857,4,0,4,0,9,8,4,4,3,2,3,4,7,7,0,2
9,1857,4,0,4,0,9,8,4,4,3,2,3,4,10,8,8,2
9,1857,4,0,4,0,10,10,4,4,3,3,4,2,10,10,8,2
9,1857,4,0,4,0,10,10,4,4,3,3,4,2,10,10,8,2
9,1857,4,0,4,0,10,10,4,4,3,3,4,2,10,10,9,2
9,1857,4,0,4,0,10,10,4,4,3,2,4,2,10,10,9,3
9,1857,4,0,4,0,10,10,4,4,3,2,4,2,10,10,9,3
9,1857,4,0,4,0,10,10,4,4,3,2,4,2,10,10,9,3
9,1857,4,0,4,0,10,10,4,4,3,2,4,2,10,10,5,3
9,1857,4,0,4,0,10,10,4,4,3,2,4,2,10,10,5,3
9,1857,4,0,4,0,10,10,4,4,3,2,4,2,8,10,5,3
9,1857,4,0,4,0,9,10,4,4,3,2,3,2,8,10,5,3
9,1857,4,0,4,0,9,10,4,4,3,2,3,2,8,10,0,3
9,1857,4,0,4,0,9,10,4,4,3,2,3,2,8,10,0,3
9,1857,4,0,4,0,9,10,4,4,3,2,3,2,8,10,0,2
9,1857,4,0,4,0,9,9,4,3,3,2,3,2,8,10,0,2
9,1857,4,0,4,0,9,8,4,3,3,2,3,2,8,9,0,1
9,1857,4,0,4,0,9,8,4,3,3,2,3,2,8,9,0,1
9,1857,4,0,4,0,9,8,4,3,3,2,3,2,7,9,0,1
10,1858,4,0,4,0,9,8,4,3,3,2,3,2,7,9,0,1
10,1858,4,0,4,0,9,8,4,3,3,2,3,2,7,9,0,1
10,1858,4,0,4,0,9,8,4,3,3,2,3,2,7,9,0,1
10,1858,4,0,4,0,9,8,4,3,3,2,3,2,7,9,0,1
10,1858,4,0,4,0,9,8,4,3,3,2,3,2,7,9,0,1
10,1858,4,0,4,0,9,8,4,3,3,2,3,2,7,9,0,1
10,1858,4,0,4,0,9,8,4,3,3,2,3,2,8,9,8,1
10,1858,4,0,4,0,10,8,4,3,3,1,4,3,8,8,8,0
10,1858,4,0,4,0,10,9,4,3,3,1,4,3,8,8,8,0
10,1858,4,0,4,0,10,10,4,3,3,1,4,3,8,8,9,0
10,1858,4,0,4,0,10,10,4,3,3,1,4,3,8,8,9,0
10,1858,4,0,4,0,10,10,4,3,3,1,4,3,8,7,9,0
10,1858,4,0,4,0,10,10,4,2,3,1,4,3,8,7,9,0
10,1858,4,0,4,0,10,10,4,2,3,1,4,3,8,7,5,0
10,1858,4,0,4,0,10,10,4,2,3,1,4,3,8,7,5,0
10,1858,4,0,4,0,10,10,4,2,3,1,4,3,8,7,5,0
10,1858,4,0,4,0,9,10,4,2,3,1,3,3,8,7,5,0
10,1858,4,0,4,0,9,10,4,2,3,1,3,3,8,7,0,0
10,1858,4,0,4,0,9,10,4,2,3,1,3,3,8,7,0,0
10,1858,4,0,4,0,9,10,4,2,3,1,3,3,8,7,0,0
10,1858,4,0,4,0,9,10,4,2,3,1,3,3,8,7,0,0
10,1858,4,0,4,0,9,8,4,2,3,1,3,3,8,7,0,0
10,1858,4,0,4,0,9,8,4,2,3,1,3,3,8,7,0,0
10,1858,4,0,4,0,9,8,4,2,3,1,3,3,7,7,0,0
11,1859,4,0,4,0,9,8,4,2,3,1,3,3,7,7,0,0
11,1859,4,0,4,0,9,8,4,2,3,1,3,3,7,7,0,0
11,1859,4,0,4,0,9,8,4,2,3,1,3,3,7,7,0,0
11,1859,4,0,4,0,9,8,4,2,3,1,3,3,7,7,0,0
11,1859,4,0,4,0,9,8,4,2,3,1,3,3,7,7,0,0
11,1859,4,0,4,0,9,8,4,2,3,1,3,3,7,7,0,0
11,1859,4,0,4,0,9,8,4,2,3,1,3,3,8,7,8,0
11,1859,4,0,4,0,10,8,4,2,3,3,4,3,8,8,8,0
11,1859,4,0,4,0,10,9,4,3,3,3,4,3,8,8,8,1
11,1859,4,0,4,0,10,10,4,4,3,3,4,3,8,8,9,1
11,1859,4,0,4,0,10,10,4,4,3,3,4,3,8,8,9,1
11,1859,4,0,4,0,10,10,4,4,3,3,4,3,8,8,9,1
11,1859,4,0,4,0,10,10,4,4,3,3,4,3,8,9,9,1
11,1859,4,0,4,0,10,10,4,4,3,3,4,3,8,8,5,0
11,1859,4,0,4,0,10,10,4,4,3,3,4,3,8,8,5,0
11,1859,4,0,4,0,10,9,4,4,3,3,4,3,8,8,5,0
11,1859,4,0,4,0,9,9,4,4,3,3,3,3,8,8,5,0
11,1859,4,0,4,0,9,9,4,4,3,3,3,3,8,8,0,0
11,1859,4,0,4,0,9,8,4,4,3,3,3,3,8,7,0,0
11,1859,4,0,4,0,9,8,4,4,3,3,3,3,8,6,0,0
11,1859,4,0,4,0,9,6,4,4,3,2,3,3,8,6,0,0
11,1859,4,0,4,0,9,6,4,4,3,2,3,2,8,6,0,0
11,1859,4,0,4,0,9,6,4,4,3,1,3,2,8,6,0,0
11,1859,4,0,4,0,9,6,4,4,3,1,3,2,7,6,0,0
12,1860,4,0,3,0,8,6,3,4,2,1,2,2,7,6,0,0
12,1860,4,0,3,0,8,6,3,4,2,1,2,2,7,6,0,0
12,1860,4,0,3,0,8,6,3,4,2,1,2,2,7,6,0,0
12,1860,4,0,3,0,8,6,3,4,2,1,2,2,7,6,0,0
12,1860,4,0,3,0,8,6,3,4,2,1,2,2,7,6,0,0
12,1860,4,0,3,0,8,6,3,4,2,1,2,2,7,6,0,0
12,1860,4,0,3,0,8,6,3,4,2,1,3,2,10,6,0,0
12,1860,4,0,3,0,8,5,3,2,2,0,3,2,10,6,0,0
12,1860,4,0,3,0,8,5,3,2,2,0,3,2,10,6,0,0
12,1860,4,0,3,0,8,5,3,2,2,0,3,2,10,6,0,0
12,1860,4,0,3,0,8,5,3,2,2,0,3,2,10,6,0,0
12,1860,4,0,3,0,8,5,3,2,2,0,3,2,10,6,0,0
12,1860,4,0,3,0,8,5,3,2,2,0,3,2,10,6,0,0
12,1860,4,0,3,0,8,5,3,2,2,0,3,2,10,6,0,0
12,1860,4,0,3,0,8,5,3,2,2,0,3,2,10,6,0,0
12,1860,4,0,3,0,8,4,3,2,2,0,2,2,8,6,0,0
12,1860,4,0,3,0,8,4,3,2,2,0,2,2,8,6,0,0
12,1860,4,0,3,0,8,4,3,2,2,0,2,2,8,6,0,0
12,1860,4,0,3,0,8,4,3,2,2,0,2,2,8,6,0,0
12,1860,4,0,3,0,8,4,3,2,2,0,2,2,8,6,0,0
12,1860,4,0,3,0,8,4,3,2,2,0,2,2,8,6,0,0
12,1860,4,0,3,0,8,4,3,2,2,0,2,2,8,6,0,0
12,1860,4,0,3,0,8,4,3,2,2,0,2,2,8,6,0,0
12,1860,4,0,3,0,8,4,3,2,2,0,2,2,7,6,0,0
13,1861,4,0,3,0,8,4,3,2,2,0,2,2,4,6,0,0
13,1861,4,0,3,0,8,4,3,2,2,0,2,2,4,6,0,0
13,1861,4,0,3,0,8,4,3,2,2,0,2,2,4,6,0,0
13,1861,4,0,3,0,8,4,3,2,2,0,2,2,4,6,0,0
13,1861,4,0,3,0,8,4,3,2,2,0,2,2,4,6,0,0
13,1861,4,0,3,0,8,4,3,2,2,0,2,2,4,6,0,0
13,1861,4,0,3,0,8,4,3,2,2,0,3,2,4,6,0,0
13,1861,4,0,3,0,8,4,3,2,2,0,3,2,5,6,0,0
13,1861,4,0,3,0,8,4,3,2,2,0,3,2,5,6,0,0
13,1861,4,0,3,0,8,4,3,2,2,0,3,2,5,6,0,0
13,1861,4,0,3,0,8,4,3,2,2,0,3,2,5,6,0,0
13,1861,4,0,3,0,8,4,3,2,2,0,3,2,5,6,0,0
13,1861,4,0,3,0,8,4,3,2,2,0,3,2,5,6,0,0
13,1861,4,0,3,0,8,4,3,2,2,0,3,2,5,6,0,0
13,1861,4,0,3,0,8,4,3,2,2,0,3,2,5,6,0,0
13,1861,4,0,3,0,8,4,3,2,2,0,2,2,4,6,0,0
13,1861,4,0,3,0,8,4,3,2,2,0,2,2,4,6,0,0
13,1861,4,0,3,0,8,4,3,2,2,0,2,2,4,6,0,0
13,1861,4,0,3,0,8,4,3,2,2,0,2,2,4,6,0,0
13,1861,4,0,3,0,8,4,3,2,2,0,2,2,4,6,0,0
13,1861,4,0,3,0,8,4,3,2,2,0,2,2,4,6,0,0
13,1861,4,0,3,0,8,4,3,2,2,0,2,2,4,6,0,0
13,1861,4,0,3,0,8,4,3,2,2,0,2,2,4,6,0,0
13,1861,4,0,3,0,8,4,3,2,2,0,2,2,4,6,0,0
14,1862,4,0,4,0,9,4,4,2,3,0,3,2,7,6,0,0
14,1862,4,0,4,0,9,4,4,2,3,0,3,2,7,6,0,0
14,1862,4,0,4,0,9,4,4,2,3,0,3,2,7,6,0,0
14,1862,4,0,4,0,9,4,4,2,3,0,3,2,7,6,0,0
14,1862,4,0,4,0,9,4,4,2,3,0,3,2,7,6,0,0
14,1862,4,0,4,0,9,4,4,2,3,0,3,2,7,6,0,0
14,1862,4,0,4,0,9,4,4,2,3,0,3,2,8,6,8,0
14,1862,4,0,4,0,10,7,4,4,3,0,4,2,8,7,8,2
14,1862,4,0,4,0,10,8,4,4,3,0,4,2,8,7,8,2
14,1862,4,0,4,0,10,10,4,4,3,1,4,2,8,8,9,2
14,1862,4,0,4,0,10,10,4,4,3,1,4,2,8,8,9,2
14,1862,4,0,4,0,10,10,4,4,3,1,4,2,8,8,9,2
14,1862,4,0,4,0,10,10,4,4,3,1,4,2,8,8,9,2
14,1862,4,0,4,0,10,10,4,4,3,0,4,2,8,8,5,2
14,1862,4,0,4,0,10,10,4,4,3,0,4,2,8,8,5,2
14,1862,4,0,4,0,10,9,4,3,3,0,4,2,8,8,5,2
14,1862,4,0,4,0,9,9,4,3,3,0,3,2,8,8,5,2
14,1862,4,0,4,0,9,9,4,3,3,0,3,2,8,8,0,2
14,1862,4,0,4,0,9,9,4,3,3,0,3,2,8,8,0,1
14,1862,4,0,4,0,9,9,4,3,3,0,3,2,8,8,0,1
14,1862,4,0,4,0,9,9,4,3,3,0,3,2,8,8,0,1
14,1862,4,0,4,0,9,9,4,3,3,0,3,2,8,8,0,1
14,1862,4,0,4,0,9,9,4,3,3,0,3,2,8,8,0,1
14,1862,4,0,4,0,9,9,4,3,3,0,3,2,7,8,0,1
15,1863,4,0,4,0,9,9,4,3,3,0,3,2,4,8,0,1
15,1863,4,0,4,0,9,9,4,3,3,0,3,2,4,8,0,1
15,1863,4,0,4,0,9,9,4,3,3,0,3,2,4,8,0,1
15,1863,4,0,4,0,9,9,4,3,3,0,3,2,4,8,0,1
15,1863,4,0,4,0,9,9,4,3,3,0,3,2,4,8,0,1
15,1863,4,0,4,0,9,9,4,3,3,0,3,2,4,8,0,1
15,1863,4,0,4,0,9,9,4,3,3,0,3,2,4,8,8,1
15,1863,4,0,4,0,10,8,4,3,3,3,4,2,5,7,8,2
15,1863,4,0,4,0,10,9,4,4,3,3,4,2,5,7,8,3
15,1863,4,0,4,0,10,10,4,4,3,3,4,2,5,6,9,4
15,1863,4,0,4,0,10,10,4,4,3,3,4,2,5,6,9,4
15,1863,4,0,4,0,10,10,4,4,3,2,4,2,5,6,9,4
15,1863,4,0,4,0,10,10,4,4,3,3,4,2,5,6,9,4
15,1863,4,0,4,0,10,10,4,4,3,3,4,2,5,6,5,4
15,1863,4,0,4,0,10,9,4,4,3,3,4,2,5,6,5,4
15,1863,4,0,4,0,10,9,4,4,3,3,4,2,4,6,5,2
15,1863,4,0,4,0,9,8,4,4,3,2,3,2,4,6,5,2
15,1863,4,0,4,0,9,8,4,4,3,2,3,2,4,6,0,1
15,1863,4,0,4,0,9,7,4,4,3,2,3,2,4,6,0,1
15,1863,4,0,4,0,9,7,4,4,3,2,3,2,4,6,0,1
15,1863,4,0,4,0,9,7,4,3,3,1,3,2,4,6,0,1
15,1863,4,0,4,0,9,7,4,3,3,1,3,2,4,6,0,1
15,1863,4,0,4,0,9,7,4,3,3,1,3,2,4,6,0,1
15,1863,4,0,4,0,9,7,4,3,3,1,3,2,4,6,0,1
16,1864,4,0,4,0,9,7,4,3,3,1,3,2,7,7,0,1
16,1864,4,0,4,0,9,7,4,3,3,1,3,2,7,7,0,1
16,1864,4,0,4,0,9,7,4,3,3,1,3,2,7,7,0,1
16,1864,4,0,4,0,9,7,4,3,3,1,3,2,7,7,0,1
16,1864,4,0,4,0,9,7,4,3,3,1,3,2,7,7,0,1
16,1864,4,0,4,0,9,7,4,3,3,1,3,2,7,7,0,1
16,1864,4,0,4,0,9,7,4,3,3,1,3,2,10,7,8,1
16,1864,4,0,4,0,10,9,4,4,3,1,4,3,10,10,8,2
16,1864,4,0,4,0,10,10,4,4,3,1,4,3,10,10,8,1
16,1864,4,0,4,0,10,10,4,4,3,2,4,3,10,11,9,2
16,1864,4,0,4,0,10,10,4,4,3,2,4,3,10,11,9,2
16,1864,4,0,4,0,10,10,4,4,3,3,4,3,10,11,9,2
16,1864,4,0,4,0,10,10,4,4,3,3,4,3,10,11,9,2
16,1864,4,0,4,0,10,10,4,4,3,3,4,3,10,11,5,2
16,1864,4,0,4,0,10,10,4,4,3,1,4,3,10,10,5,1
16,1864,4,0,4,0,10,10,4,4,3,1,4,3,8,10,5,1
16,1864,4,0,4,0,9,10,4,4,3,1,3,3,8,10,5,1
16,1864,4,0,4,0,9,9,4,4,3,1,3,3,8,9,0,1
16,1864,4,0,4,0,9,9,4,4,3,1,3,3,8,9,0,1
16,1864,4,0,4,0,9,9,4,3,3,1,3,3,8,9,0,1
16,1864,4,0,4,0,9,9,4,3,3,1,3,3,8,9,0,1
16,1864,4,0,4,0,9,9,4,3,3,1,3,3,8,9,0,1
16,1864,4,0,4,0,9,8,4,3,3,1,3,3,8,9,0,1
16,1864,4,0,4,0,9,8,4,3,3,1,3,3,7,9,0,1
17,1865,4,0,4,0,9,8,4,3,3,1,3,3,7,9,0,1
17,1865,4,0,4,0,9,8,4,3,3,1,3,3,7,9,0,1
17,1865,4,0,4,0,9,8,4,3,3,1,3,3,7,9,0,1
17,1865,4,0,4,0,9,8,4,3,3,1,3,3,7,9,0,1
17,1865,4,0,4,0,9,8,4,3,3,1,3,3,7,9,0,1
17,1865,4,0,4,0,9,8,4,3,3,1,3,3,7,9,0,1
17,1865,4,0,4,0,9,8,4,3,3,1,3,3,8,9,8,1
17,1865,4,0,4,0,10,9,4,3,3,1,4,4,8,8,8,1
17,1865,4,0,4,0,10,10,4,3,3,1,4,4,8,8,8,1
17,1865,4,0,4,0,10,10,4,3,3,1,4,4,8,8,9,1
17,1865,4,0,4,0,10,10,4,3,3,1,4,4,8,8,9,0
17,1865,4,0,4,0,10,10,4,3,3,1,4,4,8,8,9,0
17,1865,4,0,4,0,10,10,4,3,3,1,4,4,8,8,9,0
17,1865,4,0,4,0,10,10,4,3,3,1,4,4,8,8,5,0
17,1865,4,0,4,0,10,10,4,3,3,1,4,4,8,7,5,0
17,1865,4,0,4,0,10,10,4,3,3,1,4,4,8,7,5,0
17,1865,4,0,4,0,9,10,4,3,3,1,3,4,8,7,5,0
17,1865,4,0,4,0,9,10,4,3,3,1,3,4,8,7,0,0
17,1865,4,0,4,0,9,10,4,3,3,1,3,4,8,7,0,0
17,1865,4,0,4,0,9,10,4,3,3,1,3,4,8,7,0,0
17,1865,4,0,4,0,9,10,4,3,3,0,3,4,8,7,0,0
17,1865,4,0,4,0,9,9,4,3,3,0,3,4,8,7,0,0
17,1865,4,0,4,0,9,9,4,3,3,0,3,4,8,7,0,0
17,1865,4,0,4,0,9,9,4,3,3,0,3,4,7,7,0,0
18,1866,4,0,4,0,9,9,4,3,3,0,3,4,7,7,0,0
18,1866,4,0,4,0,9,9,4,3,3,0,3,4,7,7,0,0
18,1866,4,0,4,0,9,9,4,3,3,0,3,4,7,7,0,0
18,1866,4,0,4,0,9,9,4,3,3,0,3,4,7,7,0,0
18,1866,4,0,4,0,9,9,4,3,3,0,3,4,7,7,0,0
18,1866,4,0,4,0,9,9,4,3,3,0,3,4,7,7,0,0
18,1866,4,0,4,0,9,9,4,3,3,0,3,4,8,7,8,0
18,1866,4,0,4,0,10,10,4,3,3,1,4,4,8,8,8,1
18,1866,4,0,4,0,10,10,4,3,3,3,4,4,8,8,8,1
18,1866,4,0,4,0,10,10,4,4,3,2,4,4,8,8,9,2
18,1866,4,0,4,0,10,10,4,4,3,3,4,4,8,8,9,2
18,1866,4,0,4,0,10,10,4,4,3,3,4,4,8,8,9,2
18,1866,4,0,4,0,10,10,4,4,3,3,4,4,8,9,9,2
18,1866,4,0,4,0,10,10,4,4,3,3,4,4,8,8,5,1
18,1866,4,0,4,0,10,10,4,4,3,2,4,4,8,7,5,1
18,1866,4,0,4,0,10,10,4,4,3,2,4,4,8,7,5,1
18,1866,4,0,4,0,9,10,4,4,3,2,3,4,8,7,5,1
18,1866,4,0,4,0,9,10,4,4,3,2,3,3,8,7,0,1
18,1866,4,0,4,0,9,10,4,4,3,2,3,3,8,7,0,1
18,1866,4,0,4,0,9,10,4,4,3,2,3,3,8,7,0,1
18,1866,4,0,4,0,9,10,4,4,3,2,3,3,8,7,0,1
18,1866,4,0,4,0,9,10,4,4,3,2,3,2,8,7,0,1
18,1866,4,0,4,0,9,9,4,3,3,2,3,2,8,6,0,1
18,1866,4,0,4,0,9,9,4,3,3,2,3,2,7,6,0,1
19,1867,4,0,3,0,8,9,3,3,2,2,2,2,7,6,0,1
19,1867,4,0,3,0,8,9,3,3,2,2,2,2,7,6,0,1
19,1867,4,0,3,0,8,9,3,3,2,2,2,2,7,6,0,1
19,1867,4,0,3,0,8,9,3,3,2,2,2,2,7,6,0,1
19,1867,4,0,3,0,8,9,3,3,2,2,2,2,7,6,0,1
19,1867,4,0,3,0,8,9,3,3,2,2,2,2,7,6,0,1
19,1867,4,0,3,0,8,9,3,3,2,2,3,2,10,6,0,1
19,1867,4,0,3,0,8,9,3,3,2,2,3,1,10,6,0,1
19,1867,4,0,3,0,8,9,3,3,2,2,3,1,10,6,0,1
19,1867,4,0,3,0,8,9,3,3,2,2,3,1,10,6,0,1
19,1867,4,0,3,0,8,9,3,3,2,2,3,1,10,6,0,1
19,1867,4,0,3,0,8,9,3,3,2,2,3,1,10,6,0,1
19,1867,4,0,3,0,8,8,3,3,2,2,3,1,10,6,0,1
19,1867,4,0,3,0,8,8,3,3,2,2,3,1,10,6,0,1
19,1867,4,0,3,0,8,8,3,3,2,2,3,1,10,6,0,1
19,1867,4,0,3,0,8,8,3,3,2,2,2,1,8,6,0,1
19,1867,4,0,3,0,8,8,3,3,2,2,2,1,8,6,0,1
19,1867,4,0,3,0,8,8,3,3,2,2,2,1,8,6,0,1
19,1867,4,0,3,0,8,8,3,3,2,2,2,1,8,6,0,1
19,1867,4,0,3,0,8,8,3,3,2,2,2,1,8,6,0,1
19,1867,4,0,3,0,8,8,3,3,2,2,2,1,8,6,0,1
19,1867,4,0,3,0,8,8,3,3,2,2,2,1,8,6,0,1
19,1867,4,0,3,0,8,8,3,3,2,2,2,1,8,6,0,1
19,1867,4,0,3,0,8,8,3,3,2,2,2,1,7,6,0,1
20,1868,4,0,3,0,8,8,3,3,2,2,2,1,4,6,0,1
20,1868,4,0,3,0,8,8,3,3,2,2,2,1,4,6,0,1
20,1868,4,0,3,0,8,8,3,3,2,2,2,1,4,6,0,1
20,1868,4,0,3,0,8,8,3,3,2,2,2,1,4,6,0,1
20,1868,4,0,3,0,8,8,3,3,2,2,2,1,4,6,0,1
20,1868,4,0,3,0,8,8,3,3,2,2,2,1,4,6,0,1
20,1868,4,0,3,0,8,8,3,3,2,2,3,1,4,6,0,1
20,1868,4,0,3,0,8,8,3,3,2,1,3,1,5,5,0,0
20,1868,4,0,3,0,8,8,3,3,2,1,3,1,5,5,0,0
20,1868,4,0,3,0,8,8,3,3,2,1,3,1,5,5,0,0
20,1868,4,0,3,0,8,8,3,3,2,1,3,1,5,4,0,0
20,1868,4,0,3,0,8,8,3,3,2,1,3,1,5,4,0,0
20,1868,4,0,3,0,8,8,3,3,2,0,3,1,5,4,0,0
20,1868,4,0,3,0,8,7,3,3,2,0,3,1,5,4,0,0
20,1868,4,0,3,0,8,7,3,3,2,0,3,1,5,4,0,0
20,1868,4,0,3,0,8,7,3,3,2,0,2,1,4,4,0,0
20,1868,4,0,3,0,8,7,3,3,2,0,2,1,4,4,0,0
20,1868,4,0,3,0,8,7,3,3,2,0,2,1,4,4,0,0
20,1868,4,0,3,0,8,7,3,3,2,0,2,1,4,4,0,0
20,1868,4,0,3,0,8,7,3,3,2,0,2,1,4,4,0,0
20,1868,4,0,3,0,8,7,3,3,2,0,2,1,4,4,0,0
20,1868,4,0,3,0,8,7,3,3,2,0,2,1,4,4,0,0
20,1868,4,0,3,0,8,7,3,3,2,0,2,1,4,4,0,0
20,1868,4,0,3,0,8,7,3,3,2,0,2,1,4,4,0,0
21,1869,4,0,4,0,9,7,4,3,3,0,3,1,7,4,0,0
21,1869,4,0,4,0,9,7,4,3,3,0,3,1,7,4,0,0
21,1869,4,0,4,0,9,7,4,3,3,0,3,1,7,4,0,0
21,1869,4,0,4,0,9,7,4,3,3,0,3,1,7,4,0,0
21,1869,4,0,4,0,9,7,4,3,3,0,3,1,7,4,0,0
21,1869,4,0,4,0,9,7,4,3,3,0,3,1,7,4,0,0
21,1869,4,0,4,0,9,7,4,3,3,0,3,1,8,4,8,0
21,1869,4,0,4,0,10,9,4,4,3,2,4,1,8,6,8,1
21,1869,4,0,4,0,10,10,4,4,3,3,4,1,8,6,8,1
21,1869,4,0,4,0,10,10,4,4,3,2,4,1,8,8,9,1
21,1869,4,0,4,0,10,10,4,4,3,3,4,1,8,8,9,1
21,1869,4,0,4,0,10,10,4,4,3,1,4,1,8,8,9,1
21,1869,4,0,4,0,10,10,4,4,3,2,4,1,8,8,9,1
21,1869,4,0,4,0,10,10,4,4,3,2,4,1,8,6,5,1
21,1869,4,0,4,0,10,10,4,4,3,2,4,1,8,6,5,1
21,1869,4,0,4,0,10,10,4,4,3,2,4,1,8,6,5,0
21,1869,4,0,4,0,9,9,4,4,3,2,3,1,8,6,5,0
21,1869,4,0,4,0,9,9,4,4,3,2,3,1,8,6,0,0
21,1869,4,0,4,0,9,9,4,4,3,2,3,1,8,6,0,0
21,1869,4,0,4,0,9,9,4,4,3,2,3,1,8,6,0,0
21,1869,4,0,4,0,9,9,4,4,3,2,3,1,8,6,0,0
21,1869,4,0,4,0,9,9,4,3,3,2,3,1,8,6,0,0
21,1869,4,0,4,0,9,9,4,3,3,2,3,1,8,6,0,0
21,1869,4,0,4,0,9,9,4,3,3,2,3,1,7,6,0,0
22,1870,4,0,4,0,9,9,4,3,3,2,3,1,4,6,0,0
22,1870,4,0,4,0,9,9,4,3,3,2,3,1,4,6,0,0
22,1870,4,0,4,0,9,9,4,3,3,2,3,1,4,6,0,0
22,1870,4,0,4,0,9,9,4,3,3,2,3,1,4,6,0,0
22,1870,4,0,4,0,9,9,4,3,3,2,3,1,4,6,0,0
22,1870,4,0,4,0,9,9,4,3,3,2,3,1,4,6,0,0
22,1870,4,0,4,0,9,9,4,3,3,2,3,1,4,6,8,0
22,1870,4,0,4,0,10,9,4,4,3,3,4,2,5,6,8,5
22,1870,4,0,4,0,10,10,4,4,3,3,4,2,5,6,8,6
22,1870,4,0,4,0,10,10,4,4,3,3,4,2,5,6,9,7
22,1870,4,0,4,0,10,10,4,4,3,3,4,2,5,6,9,8
22,1870,4,0,4,0,10,10,4,4,3,2,4,2,5,6,9,8
22,1870,4,0,4,0,10,9,4,4,3,2,4,2,5,6,9,7
22,1870,4,0,4,0,10,9,4,4,3,2,4,2,5,6,5,7
22,1870,4,0,4,0,10,9,4,4,3,2,4,2,5,6,5,7
22,1870,4,0,4,0,10,9,4,4,3,2,4,2,4,6,5,2
22,1870,4,0,4,0,9,9,4,4,3,2,3,2,4,6,5,2
22,1870,4,0,4,0,9,9,4,4,3,2,3,2,4,6,0,2
22,1870,4,0,4,0,9,7,4,4,3,2,3,2,4,6,0,2
22,1870,4,0,4,0,9,7,4,4,3,2,3,2,4,6,0,2
22,1870,4,0,4,0,9,7,4,4,3,2,3,2,4,6,0,2
22,1870,4,0,4,0,9,7,4,4,3,2,3,2,4,6,0,2
22,1870,4,0,4,0,9,7,4,4,3,2,3,2,4,6,0,2
22,1870,4,0,4,0,9,7,4,4,3,2,3,2,4,6,0,2
23,1871,4,0,4,0,9,7,4,4,3,2,3,2,7,7,0,2
23,1871,4,0,4,0,9,7,4,4,3,2,3,2,7,7,0,2
23,1871,4,0,4,0,9,7,4,4,3,2,3,2,7,7,0,2
23,1871,4,0,4,0,9,7,4,4,3,2,3,2,7,7,0,2
23,1871,4,0,4,0,9,7,4,4,3,2,3,2,7,7,0,2
23,1871,4,0,4,0,9,7,4,4,3,2,3,2,7,7,0,2
23,1871,4,0,4,0,9,7,4,4,3,2,3,2,10,8,8,2
23,1871,4,0,4,0,10,10,4,4,3,2,4,3,10,9,8,1
23,1871,4,0,4,0,10,10,4,4,3,2,4,3,10,9,8,0
23,1871,4,0,4,0,10,10,4,4,3,3,4,3,10,10,9,0
23,1871,4,0,4,0,10,10,4,4,3,3,4,3,10,10,9,0
23,1871,4,0,4,0,10,10,4,4,3,3,4,3,10,10,9,0
23,1871,4,0,4,0,10,10,4,4,3,3,4,3,10,10,9,0
23,1871,4,0,4,0,10,10,4,4,3,3,4,3,10,10,5,0
23,1871,4,0,4,0,10,10,4,4,3,3,4,3,10,10,5,0
23,1871,4,0,4,0,10,10,4,3,3,3,4,3,8,10,5,0
23,1871,4,0,4,0,9,10,4,3,3,3,3,3,8,10,5,0
23,1871,4,0,4,0,9,10,4,3,3,3,3,3,8,10,0,0
23,1871,4,0,4,0,9,10,4,3,3,3,3,3,8,10,0,0
23,1871,4,0,4,0,9,10,4,3,3,3,3,3,8,10,0,0
23,1871,4,0,4,0,9,10,4,3,3,3,3,2,8,9,0,0
23,1871,4,0,4,0,9,10,4,3,3,3,3,2,8,9,0,0
23,1871,4,0,4,0,9,10,4,3,3,3,3,2,8,9,0,0
23,1871,4,0,4,0,9,10,4,3,3,3,3,2,7,9,0,0
24,1872,4,0,4,0,9,10,4,3,3,3,3,2,7,9,0,0
24,1872,4,0,4,0,9,10,4,3,3,3,3,2,7,9,0,0
24,1872,4,0,4,0,9,10,4,3,3,3,3,2,7,9,0,0
24,1872,4,0,4,0,9,10,4,3,3,3,3,2,7,9,0,0
24,1872,4,0,4,0,9,10,4,3,3,3,3,2,7,9,0,0
24,1872,4,0,4,0,9,10,4,3,3,3,3,2,7,9,0,0
24,1872,4,0,4,0,9,10,4,3,3,3,3,2,8,9,8,0
24,1872,4,0,4,0,10,10,4,4,3,2,4,3,8,8,8,0
24,1872,4,0,4,0,10,10,4,4,3,2,4,3,8,8,8,0
24,1872,4,0,4,0,10,10,4,4,3,2,4,3,8,8,9,0
24,1872,4,0,4,0,10,10,4,4,3,1,4,3,8,8,9,0
24,1872,4,0,4,0,10,10,4,4,3,1,4,3,8,8,9,0
24,1872,4,0,4,0,10,10,4,4,3,1,4,3,8,8,9,0
24,1872,4,0,4,0,10,10,4,4,3,1,4,3,8,8,5,0
24,1872,4,0,4,0,10,10,4,4,3,1,4,3,8,8,5,0
24,1872,4,0,4,0,10,10,4,4,3,1,4,3,8,8,5,0
24,1872,4,0,4,0,9,8,4,4,3,1,3,3,8,7,5,0
24,1872,4,0,4,0,9,8,4,4,3,1,3,2,8,7,0,0
24,1872,4,0,4,0,9,8,4,4,3,1,3,2,8,7,0,0
24,1872,4,0,4,0,9,8,4,4,3,1,3,2,8,7,0,0
24,1872,4,0,4,0,9,7,4,4,3,1,3,2,8,6,0,0
24,1872,4,0,4,0,9,7,4,4,3,1,3,2,8,6,0,0
24,1872,4,0,4,0,9,7,4,4,3,1,3,2,8,6,0,0
24,1872,4,0,4,0,9,7,4,4,3,1,3,2,7,6,0,0
25,1873,4,0,4,0,9,7,4,4,3,1,3,2,7,6,0,0
25,1873,4,0,4,0,9,7,4,4,3,1,3,2,7,6,0,0
25,1873,4,0,4,0,9,7,4,4,3,1,3,2,7,6,0,0
25,1873,4,0,4,0,9,7,4,4,3,1,3,2,7,6,0,0
25,1873,4,0,4,0,9,7,4,4,3,1,3,2,7,6,0,0
25,1873,4,0,4,0,9,7,4,4,3,1,3,2,7,6,0,0
25,1873,4,0,4,0,9,7,4,4,3,1,3,2,8,6,8,0
25,1873,4,0,4,0,10,9,4,3,3,2,4,3,8,8,8,1
25,1873,4,0,4,0,10,10,4,4,3,3,4,3,8,8,8,1
25,1873,4,0,4,0,10,10,4,4,3,3,4,3,8,8,9,2
25,1873,4,0,4,0,10,10,4,4,3,3,4,3,8,8,9,3
25,1873,4,0,4,0,10,10,4,4,3,3,4,3,8,8,9,4
25,1873,4,0,4,0,10,10,4,4,3,3,4,3,8,8,9,4
25,1873,4,0,4,0,10,10,4,4,3,3,4,3,8,9,5,4
25,1873,4,0,4,0,10,10,4,3,3,3,4,3,8,9,5,4
25,1873,4,0,4,0,10,10,4,3,3,3,4,3,8,9,5,2
25,1873,4,0,4,0,9,10,4,3,3,2,3,3,8,7,5,1
25,1873,4,0,4,0,9,10,4,3,3,2,3,3,8,7,0,1
25,1873,4,0,4,0,9,10,4,3,3,2,3,3,8,7,0,1
25,1873,4,0,4,0,9,9,4,3,3,2,3,3,8,7,0,1
25,1873,4,0,4,0,9,8,4,3,3,2,3,3,8,7,0,1
25,1873,4,0,4,0,9,7,4,3,3,2,3,3,8,7,0,1
25,1873,4,0,4,0,9,7,4,3,3,2,3,2,8,7,0,1
25,1873,4,0,4,0,9,7,4,3,3,2,3,2,7,7,0,1
26,1874,4,0,3,0,8,7,3,3,2,2,2,2,7,7,0,1
26,1874,4,0,3,0,8,7,3,3,2,2,2,2,7,7,0,1
26,1874,4,0,3,0,8,7,3,3,2,2,2,2,7,7,0,1
26,1874,4,0,3,0,8,7,3,3,2,2,2,2,7,7,0,1
26,1874,4,0,3,0,8,7,3,3,2,2,2,2,7,7,0,1
26,1874,4,0,3,0,8,7,3,3,2,2,2,2,7,7,0,1
26,1874,4,0,3,0,8,7,3,3,2,2,3,2,10,7,0,1
26,1874,4,0,3,0,8,7,3,3,2,1,3,2,10,7,0,0
26,1874,4,0,3,0,8,7,3,3,2,1,3,2,10,7,0,0
26,1874,4,0,3,0,8,7,3,3,2,1,3,2,10,6,0,0
26,1874,4,0,3,0,8,7,3,3,2,1,3,2,10,6,0,0
26,1874,4,0,3,0,8,7,3,3,2,1,3,2,10,6,0,0
26,1874,4,0,3,0,8,7,3,3,2,1,3,2,10,6,0,0
26,1874,4,0,3,0,8,7,3,3,2,1,3,2,10,6,0,0
26,1874,4,0,3,0,8,7,3,3,2,1,3,2,10,6,0,0
26,1874,4,0,3,0,8,7,3,3,2,1,2,2,8,5,0,0
26,1874,4,0,3,0,8,7,3,3,2,1,2,2,8,5,0,0
26,1874,4,0,3,0,8,7,3,3,2,1,2,2,8,5,0,0
26,1874,4,0,3,0,8,7,3,3,2,1,2,2,8,5,0,0
26,1874,4,0,3,0,8,6,3,3,2,1,2,2,8,5,0,0
26,1874,4,0,3,0,8,6,3,3,2,1,2,2,8,5,0,0
26,1874,4,0,3,0,8,6,3,3,2,1,2,2,8,5,0,0
26,1874,4,0,3,0,8,6,3,3,2,1,2,2,8,5,0,0
26,1874,4,0,3,0,8,6,3,3,2,1,2,2,7,5,0,0
27,1875,4,0,3,0,8,6,3,3,2,1,2,2,4,5,0,0
27,1875,4,0,3,0,8,6,3,3,2,1,2,2,4,5,0,0
27,1875,4,0,3,0,8,6,3,3,2,1,2,2,4,5,0,0
27,1875,4,0,3,0,8,6,3,3,2,1,2,2,4,5,0,0
27,1875,4,0,3,0,8,6,3,3,2,1,2,2,4,5,0,0
27,1875,4,0,3,0,8,6,3,3,2,1,2,2,4,5,0,0
27,1875,4,0,3,0,8,6,3,3,2,1,3,2,4,5,0,0
27,1875,4,0,3,0,8,6,3,3,2,1,3,1,5,5,0,0
27,1875,4,0,3,0,8,6,3,3,2,1,3,1,5,5,0,0
27,1875,4,0,3,0,8,6,3,3,2,1,3,1,5,5,0,0
27,1875,4,0,3,0,8,6,3,3,2,1,3,1,5,5,0,0
27,1875,4,0,3,0,8,6,3,3,2,1,3,1,5,5,0,0
27,1875,4,0,3,0,8,6,3,3,2,1,3,1,5,5,0,0
27,1875,4,0,3,0,8,6,3,3,2,1,3,1,5,5,0,0
27,1875,4,0,3,0,8,6,3,3,2,1,3,1,5,5,0,0
27,1875,4,0,3,0,8,6,3,3,2,1,2,1,4,5,0,0
27,1875,4,0,3,0,8,6,3,3,2,1,2,1,4,5,0,0
27,1875,4,0,3,0,8,6,3,3,2,1,2,1,4,5,0,0
27,1875,4,0,3,0,8,6,3,3,2,1,2,1,4,5,0,0
27,1875,4,0,3,0,8,6,3,3,2,1,2,1,4,5,0,0
27,1875,4,0,3,0,8,6,3,3,2,1,2,1,4,5,0,0
27,1875,4,0,3,0,8,6,3,3,2,1,2,1,4,5,0,0
27,1875,4,0,3,0,8,6,3,3,2,1,2,1,4,5,0,0
27,1875,4,0,3,0,8,6,3,3,2,1,2,1,4,5,0,0
0,1876,4,0,4,0,9,6,4,3,3,1,3,1,7,5,0,0
0,1876,4,0,4,0,9,6,4,3,3,1,3,1,7,5,0,0
0,1876,4,0,4,0,9,6,4,3,3,1,3,1,7,5,0,0
0,1876,4,0,4,0,9,6,4,3,3,1,3,1,7,5,0,0
0,1876,4,0,4,0,9,6,4,3,3,1,3,1,7,5,0,0
0,1876,4,0,4,0,9,6,4,3,3,1,3,1,7,5,0,0
0,1876,4,0,4,0,9,6,4,3,3,1,3,1,8,5,8,0
0,1876,4,0,4,0,10,8,4,4,3,2,4,2,8,6,8,2
0,1876,4,0,4,0,10,9,4,4,3,3,4,2,8,6,8,2
0,1876,4,0,4,0,10,9,4,4,3,3,4,2,8,8,9,2
0,1876,4,0,4,0,10,10,4,4,3,3,4,2,8,8,9,2
0,1876,4,0,4,0,10,10,4,4,3,3,4,2,8,8,9,2
0,1876,4,0,4,0,10,10,4,4,3,3,4,2,8,8,9,2
0,1876,4,0,4,0,10,10,4,4,3,3,4,2,8,6,5,2
0,1876,4,0,4,0,10,9,4,4,3,3,4,2,8,7,5,1
0,1876,4,0,4,0,10,8,4,4,3,3,4,2,8,6,5,1
0,1876,4,0,4,0,9,7,4,4,3,3,3,1,8,6,5,0
0,1876,4,0,4,0,9,7,4,4,3,3,3,1,8,6,0,0
0,1876,4,0,4,0,9,7,4,4,3,3,3,1,8,6,0,0
0,1876,4,0,4,0,9,6,4,4,3,3,3,1,8,6,0,0
0,1876,4,0,4,0,9,6,4,4,3,3,3,1,8,6,0,0
0,1876,4,0,4,0,9,6,4,4,3,3,3,1,8,6,0,0
0,1876,4,0,4,0,9,6,4,4,3,3,3,1,8,6,0,0
0,1876,4,0,4,0,9,6,4,4,3,3,3,1,7,6,0,0
1,1877,4,0,4,0,9,6,4,4,3,3,3,1,4,6,0,0
1,1877,4,0,4,0,9,6,4,4,3,3,3,1,4,6,0,0
1,1877,4,0,4,0,9,6,4,4,3,3,3,1,4,6,0,0
1,1877,4,0,4,0,9,6,4,4,3,3,3,1,4,6,0,0
1,1877,4,0,4,0,9,6,4,4,3,3,3,1,4,6,0,0
1,1877,4,0,4,0,9,6,4,4,3,3,3,1,4,6,0,0
1,1877,4,0,4,0,9,6,4,4,3,3,3,1,4,6,8,0
1,1877,4,0,4,0,10,9,4,4,3,3,4,1,5,6,8,1
1,1877,4,0,4,0,10,10,4,4,3,3,4,1,5,6,8,1
1,1877,4,0,4,0,10,10,4,4,3,3,4,1,5,6,9,2
1,1877,4,0,4,0,10,10,4,4,3,3,4,1,5,6,9,2
1,1877,4,0,4,0,10,9,4,4,3,3,4,1,5,6,9,2
1,1877,4,0,4,0,10,9,4,4,3,3,4,1,5,6,9,2
1,1877,4,0,4,0,10,9,4,4,3,3,4,1,5,6,5,2
1,1877,4,0,4,0,10,9,4,4,3,3,4,1,5,6,5,2
1,1877,4,0,4,0,10,9,4,4,3,3,4,1,4,6,5,2
1,1877,4,0,4,0,9,8,4,4,3,2,3,1,4,6,5,2
1,1877,4,0,4,0,9,8,4,4,3,2,3,1,4,6,0,2
1,1877,4,0,4,0,9,8,4,4,3,2,3,1,4,6,0,2
1,1877,4,0,4,0,9,8,4,4,3,2,3,1,4,6,0,1
1,1877,4,0,4,0,9,8,4,4,3,2,3,1,4,6,0,1
1,1877,4,0,4,0,9,8,4,4,3,2,3,1,4,6,0,1
1,1877,4,0,4,0,9,8,4,4,3,1,3,0,4,6,0,1
1,1877,4,0,4,0,9,8,4,4,3,1,3,0,4,6,0,1
2,1878,4,0,4,0,9,8,4,4,3,1,3,0,7,7,0,1
2,1878,4,0,4,0,9,8,4,4,3,1,3,0,7,7,0,1
2,1878,4,0,4,0,9,8,4,4,3,1,3,0,7,7,0,1
2,1878,4,0,4,0,9,8,4,4,3,1,3,0,7,7,0,1
2,1878,4,0,4,0,9,8,4,4,3,1,3,0,7,7,0,1
2,1878,4,0,4,0,9,8,4,4,3,1,3,0,7,7,0,1
2,1878,4,0,4,0,9,8,4,4,3,1,3,0,10,7,8,1
2,1878,4,0,4,0,10,9,4,4,3,1,4,1,10,10,8,1
2,1878,4,0,4,0,10,10,4,4,3,2,4,1,10,10,8,1
2,1878,4,0,4,0,10,10,4,4,3,2,4,1,10,10,9,1
2,1878,4,0,4,0,10,10,4,4,3,3,4,1,10,10,9,1
2,1878,4,0,4,0,10,10,4,4,3,3,4,1,10,11,9,1
2,1878,4,0,4,0,10,10,4,4,3,3,4,1,10,11,9,1
2,1878,4,0,4,0,10,10,4,4,3,3,4,1,10,11,5,1
2,1878,4,0,4,0,10,10,4,4,3,3,4,1,10,11,5,1
2,1878,4,0,4,0,10,10,4,4,3,3,4,1,8,10,5,0
2,1878,4,0,4,0,9,10,4,4,3,3,3,1,8,10,5,0
2,1878,4,0,4,0,9,10,4,4,3,3,3,1,8,10,0,0
2,1878,4,0,4,0,9,10,4,4,3,3,3,1,8,10,0,0
2,1878,4,0,4,0,9,9,4,4,3,3,3,1,8,10,0,0
2,1878,4,0,4,0,9,9,4,4,3,3,3,1,8,10,0,0
2,1878,4,0,4,0,9,9,4,4,3,3,3,1,8,10,0,0
2,1878,4,0,4,0,9,9,4,4,3,3,3,1,8,10,0,0
2,1878,4,0,4,0,9,9,4,4,3,3,3,1,7,10,0,0
3,1879,4,0,4,0,9,9,4,4,3,3,3,1,7,10,0,0
3,1879,4,0,4,0,9,9,4,4,3,3,3,1,7,10,0,0
3,1879,4,0,4,0,9,9,4,4,3,3,3,1,7,10,0,0
3,1879,4,0,4,0,9,9,4,4,3,3,3,1,7,10,0,0
3,1879,4,0,4,0,9,9,4,4,3,3,3,1,7,10,0,0
3,1879,4,0,4,0,9,9,4,4,3,3,3,1,7,10,0,0
3,1879,4,0,4,0,9,9,4,4,3,3,3,1,8,10,8,0
3,1879,4,0,4,0,10,8,4,4,3,1,4,2,8,8,8,0
3,1879,4,0,4,0,10,8,4,4,3,1,4,2,8,8,8,0
3,1879,4,0,4,0,10,10,4,4,3,1,4,2,8,8,9,0
3,1879,4,0,4,0,10,10,4,4,3,1,4,2,8,8,9,0
3,1879,4,0,4,0,10,10,4,4,3,1,4,2,8,8,9,0
3,1879,4,0,4,0,10,10,4,4,3,1,4,2,8,8,9,0
3,1879,4,0,4,0,10,10,4,4,3,1,4,2,8,8,5,0
3,1879,4,0,4,0,10,10,4,4,3,1,4,2,8,8,5,0
3,1879,4,0,4,0,10,9,4,4,3,1,4,2,8,8,5,0
3,1879,4,0,4,0,9,9,4,4,3,1,3,2,8,8,5,0
3,1879,4,0,4,0,9,9,4,4,3,1,3,2,8,8,0,0
3,1879,4,0,4,0,9,9,4,4,3,1,3,2,8,8,0,0
3,1879,4,0,4,0,9,9,4,4,3,1,3,2,8,8,0,0
3,1879,4,0,4,0,9,9,4,4,3,1,3,2,8,7,0,0
3,1879,4,0,4,0,9,8,4,4,3,1,3,2,8,7,0,0
3,1879,4,0,4,0,9,8,4,4,3,1,3,2,8,7,0,0
3,1879,4,0,4,0,9,8,4,4,3,1,3,2,7,7,0,0
4,1880,4,0,4,0,9,8,4,4,3,1,3,2,7,7,0,0
4,1880,4,0,4,0,9,8,4,4,3,1,3,2,7,7,0,0
4,1880,4,0,4,0,9,8,4,4,3,1,3,2,7,7,0,0
4,1880,4,0,4,0,9,8,4,4,3,1,3,2,7,7,0,0
4,1880,4,0,4,0,9,8,4,4,3,1,3,2,7,7,0,0
4,1880,4,0,4,0,9,8,4,4,3,1,3,2,7,7,0,0
4,1880,4,0,4,0,9,8,4,4,3,1,3,2,8,7,8,0
4,1880,4,0,4,0,10,7,4,4,3,2,4,3,8,8,8,1
4,1880,4,0,4,0,10,9,4,4,3,3,4,3,8,8,8,1
4,1880,4,0,4,0,10,9,4,4,3,3,4,3,8,8,9,1
4,1880,4,0,4,0,10,10,4,4,3,3,4,3,8,8,9,1
4,1880,4,0,4,0,10,10,4,4,3,3,4,3,8,8,9,1
4,1880,4,0,4,0,10,10,4,4,3,3,4,3,8,8,9,1
4,1880,4,0,4,0,10,10,4,4,3,3,4,3,8,8,5,1
4,1880,4,0,4,0,10,9,4,4,3,2,4,3,8,8,5,1
4,1880,4,0,4,0,10,9,4,4,3,2,4,3,8,8,5,1
4,1880,4,0,4,0,9,9,4,4,3,2,3,3,8,8,5,1
4,1880,4,0,4,0,9,9,4,4,3,2,3,3,8,8,0,1
4,1880,4,0,4,0,9,9,4,4,3,2,3,3,8,8,0,1
4,1880,4,0,4,0,9,9,4,4,3,2,3,3,8,8,0,1
4,1880,4,0,4,0,9,8,4,4,3,2,3,3,8,8,0,1
4,1880,4,0,4,0,9,8,4,4,3,2,3,3,8,8,0,0
4,1880,4,0,4,0,9,8,4,4,3,2,3,3,8,8,0,0
4,1880,4,0,4,0,9,8,4,4,3,2,3,3,7,8,0,0
5,1881,4,0,3,0,8,8,3,4,2,2,2,3,7,8,0,0
5,1881,4,0,3,0,8,8,3,4,2,2,2,3,7,8,0,0
5,1881,4,0,3,0,8,8,3,4,2,2,2,3,7,8,0,0
5,1881,4,0,3,0,8,8,3,4,2,2,2,3,7,8,0,0
5,1881,4,0,3,0,8,8,3,4,2,2,2,3,7,8,0,0
5,1881,4,0,3,0,8,8,3,4,2,2,2,3,7,8,0,0
5,1881,4,0,3,0,8,8,3,4,2,2,3,3,10,8,0,0
5,1881,4,0,3,0,8,8,3,3,2,2,3,3,10,8,0,0
5,1881,4,0,3,0,8,8,3,3,2,2,3,3,10,8,0,0
5,1881,4,0,3,0,8,8,3,3,2,2,3,3,10,8,0,0
5,1881,4,0,3,0,8,8,3,3,2,2,3,3,10,8,0,0
5,1881,4,0,3,0,8,8,3,3,2,2,3,3,10,8,0,0
5,1881,4,0,3,0,8,8,3,3,2,2,3,3,10,8,0,0
5,1881,4,0,3,0,8,8,3,3,2,2,3,3,10,7,0,0
5,1881,4,0,3,0,8,7,3,3,2,2,3,3,10,7,0,0
5,1881,4,0,3,0,8,7,3,3,2,2,2,3,8,7,0,0
5,1881,4,0,3,0,8,7,3,3,2,2,2,3,8,7,0,0
5,1881,4,0,3,0,8,7,3,3,2,2,2,3,8,7,0,0
5,1881,4,0,3,0,8,7,3,3,2,2,2,3,8,7,0,0
5,1881,4,0,3,0,8,7,3,3,2,2,2,3,8,7,0,0
5,1881,4,0,3,0,8,7,3,3,2,2,2,3,8,7,0,0
5,1881,4,0,3,0,8,5,3,3,2,2,2,3,8,6,0,0
5,1881,4,0,3,0,8,5,3,3,2,2,2,3,8,6,0,0
5,1881,4,0,3,0,8,5,3,3,2,2,2,3,7,6,0,0
6,1882,4,0,3,0,8,5,3,3,2,2,2,3,4,6,0,0
6,1882,4,0,3,0,8,5,3,3,2,2,2,3,4,6,0,0
6,1882,4,0,3,0,8,5,3,3,2,2,2,3,4,6,0,0
6,1882,4,0,3,0,8,5,3,3,2,2,2,3,4,6,0,0
6,1882,4,0,3,0,8,5,3,3,2,2,2,3,4,6,0,0
6,1882,4,0,3,0,8,5,3,3,2,2,2,3,4,6,0,0
6,1882,4,0,3,0,8,5,3,3,2,2,3,3,4,6,0,0
6,1882,4,0,3,0,8,4,3,3,2,1,3,3,5,4,0,0
6,1882,4,0,3,0,8,4,3,3,2,1,3,3,5,4,0,0
6,1882,4,0,3,0,8,4,3,3,2,1,3,3,5,4,0,0
6,1882,4,0,3,0,8,4,3,3,2,1,3,2,5,4,0,0
6,1882,4,0,3,0,8,4,3,3,2,1,3,2,5,4,0,0
6,1882,4,0,3,0,8,4,3,3,2,1,3,2,5,4,0,0
6,1882,4,0,3,0,8,4,3,3,2,1,3,2,5,4,0,0
6,1882,4,0,3,0,8,4,3,3,2,1,3,2,5,4,0,0
6,1882,4,0,3,0,8,4,3,3,2,1,2,2,4,4,0,0
6,1882,4,0,3,0,8,4,3,3,2,1,2,2,4,4,0,0
6,1882,4,0,3,0,8,4,3,3,2,1,2,2,4,4,0,0
6,1882,4,0,3,0,8,4,3,3,2,1,2,2,4,4,0,0
6,1882,4,0,3,0,8,4,3,3,2,1,2,2,4,4,0,0
6,1882,4,0,3,0,8,4,3,3,2,1,2,2,4,4,0,0
6,1882,4,0,3,0,8,4,3,3,2,1,2,2,4,4,0,0
6,1882,4,0,3,0,8,3,3,3,2,1,2,2,4,4,0,0
6,1882,4,0,3,0,8,3,3,3,2,1,2,2,4,4,0,0
7,1883,4,0,4,0,9,3,4,3,3,1,3,2,7,4,0,0
7,1883,4,0,4,0,9,3,4,3,3,1,3,2,7,4,0,0
7,1883,4,0,4,0,9,3,4,3,3,1,3,2,7,4,0,0
7,1883,4,0,4,0,9,3,4,3,3,1,3,2,7,4,0,0
7,1883,4,0,4,0,9,3,4,3,3,1,3,2,7,4,0,0
7,1883,4,0,4,0,9,3,4,3,3,1,3,2,7,4,0,0
7,1883,4,0,4,0,9,3,4,3,3,1,3,2,8,4,8,0
7,1883,4,0,4,0,10,6,4,4,3,3,4,3,8,4,8,1
7,1883,4,0,4,0,10,6,4,4,3,3,4,3,8,5,8,1
7,1883,4,0,4,0,10,6,4,4,3,3,4,3,8,6,9,1
7,1883,4,0,4,0,10,7,4,4,3,3,4,3,8,6,9,1
7,1883,4,0,4,0,10,7,4,4,3,3,4,3,8,7,9,1
7,1883,4,0,4,0,10,7,4,4,3,3,4,3,8,7,9,1
7,1883,4,0,4,0,10,6,4,4,3,2,4,2,8,6,5,1
7,1883,4,0,4,0,10,6,4,4,3,2,4,2,8,7,5,1
7,1883,4,0,4,0,10,6,4,4,3,2,4,2,8,6,5,0
7,1883,4,0,4,0,9,6,4,4,3,2,3,2,8,6,5,0
7,1883,4,0,4,0,9,6,4,3,3,2,3,2,8,6,0,0
7,1883,4,0,4,0,9,6,4,3,3,2,3,2,8,6,0,0
7,1883,4,0,4,0,9,6,4,3,3,2,3,2,8,6,0,0
7,1883,4,0,4,0,9,6,4,3,3,2,3,2,8,6,0,0
7,1883,4,0,4,0,9,6,4,3,3,2,3,2,8,6,0,0
7,1883,4,0,4,0,9,6,4,3,3,2,3,1,8,6,0,0
7,1883,4,0,4,0,9,6,4,3,3,2,3,1,7,6,0,0
8,1884,4,0,4,0,9,6,4,3,3,2,3,1,4,6,0,0
8,1884,4,0,4,0,9,6,4,3,3,2,3,1,4,6,0,0
8,1884,4,0,4,0,9,6,4,3,3,2,3,1,4,6,0,0
8,1884,4,0,4,0,9,6,4,3,3,2,3,1,4,6,0,0
8,1884,4,0,4,0,9,6,4,3,3,2,3,1,4,6,0,0
8,1884,4,0,4,0,9,6,4,3,3,2,3,1,4,6,0,0
8,1884,4,0,4,0,9,6,4,3,3,2,3,1,4,6,8,0
8,1884,4,0,4,0,10,8,4,4,3,2,4,2,5,6,8,2
8,1884,4,0,4,0,10,8,4,4,3,3,4,2,5,6,8,3
8,1884,4,0,4,0,10,10,4,4,3,3,4,2,5,5,9,3
8,1884,4,0,4,0,10,10,4,4,3,3,4,2,5,5,9,3
8,1884,4,0,4,0,10,10,4,4,3,3,4,2,5,5,9,3
8,1884,4,0,4,0,10,10,4,4,3,3,4,2,5,5,9,3
8,1884,4,0,4,0,10,10,4,4,3,3,4,2,5,5,5,3
8,1884,4,0,4,0,10,9,4,4,3,3,4,2,5,5,5,3
8,1884,4,0,4,0,10,9,4,3,3,2,4,2,4,5,5,2
8,1884,4,0,4,0,9,9,4,3,3,1,3,2,4,5,5,2
8,1884,4,0,4,0,9,9,4,3,3,1,3,2,4,5,0,2
8,1884,4,0,4,0,9,9,4,3,3,1,3,2,4,5,0,2
8,1884,4,0,4,0,9,8,4,3,3,1,3,2,4,5,0,1
8,1884,4,0,4,0,9,8,4,3,3,1,3,2,4,5,0,0
8,1884,4,0,4,0,9,8,4,3,3,1,3,2,4,5,0,0
8,1884,4,0,4,0,9,7,4,3,3,1,3,2,4,5,0,0
8,1884,4,0,4,0,9,7,4,3,3,1,3,2,4,5,0,0
9,1885,4,0,4,0,9,7,4,3,3,1,3,2,7,5,0,0
9,1885,4,0,4,0,9,7,4,3,3,1,3,2,7,5,0,0
9,1885,4,0,4,0,9,7,4,3,3,1,3,2,7,5,0,0
9,1885,4,0,4,0,9,7,4,3,3,1,3,2,7,5,0,0
9,1885,4,0,4,0,9,7,4,3,3,1,3,2,7,5,0,0
9,1885,4,0,4,0,9,7,4,3,3,1,3,2,7,5,0,0
9,1885,4,0,4,0,9,7,4,3,3,1,3,2,10,5,8,0
9,1885,4,0,4,0,10,8,4,3,3,0,4,3,10,8,8,1
9,1885,4,0,4,0,10,10,4,3,3,0,4,3,10,8,8,2
9,1885,4,0,4,0,10,10,4,4,3,0,4,3,10,10,9,2
9,1885,4,0,4,0,10,10,4,4,3,1,4,3,10,10,9,3
9,1885,4,0,4,0,10,9,4,4,3,1,4,3,10,10,9,3
9,1885,4,0,4,0,10,10,4,4,3,1,4,3,10,10,9,3
9,1885,4,0,4,0,10,10,4,4,3,1,4,2,10,10,5,3
9,1885,4,0,4,0,10,10,4,3,3,1,4,2,10,10,5,2
9,1885,4,0,4,0,10,10,4,3,3,1,4,2,8,10,5,2
9,1885,4,0,4,0,9,10,4,3,3,1,3,2,8,9,5,2
9,1885,4,0,4,0,9,10,4,3,3,1,3,2,8,9,0,2
9,1885,4,0,4,0,9,10,4,3,3,1,3,2,8,9,0,2
9,1885,4,0,4,0,9,10,4,3,3,1,3,2,8,8,0,2
9,1885,4,0,4,0,9,10,4,3,3,1,3,2,8,7,0,2
9,1885,4,0,4,0,9,9,4,3,3,1,3,2,8,6,0,1
9,1885,4,0,4,0,9,9,4,3,3,1,3,2,8,4,0,1
9,1885,4,0,4,0,9,9,4,3,3,1,3,2,7,4,0,1
10,1886,4,0,4,0,9,9,4,3,3,1,3,2,7,4,0,1
10,1886,4,0,4,0,9,9,4,3,3,1,3,2,7,4,0,1
10,1886,4,0,4,0,9,9,4,3,3,1,3,2,7,4,0,1
10,1886,4,0,4,0,9,9,4,3,3,1,3,2,7,4,0,1
10,1886,4,0,4,0,9,9,4,3,3,1,3,2,7,4,0,1
10,1886,4,0,4,0,9,9,4,3,3,1,3,2,7,4,0,1
10,1886,4,0,4,0,9,9,4,3,3,1,3,2,8,4,8,1
10,1886,4,0,4,0,10,7,4,4,3,1,4,2,8,8,8,0
10,1886,4,0,4,0,10,8,4,4,3,1,4,2,8,8,8,0
10,1886,4,0,4,0,10,10,4,4,3,1,4,2,8,8,9,0
10,1886,4,0,4,0,10,10,4,4,3,1,4,2,8,8,9,0
10,1886,4,0,4,0,10,10,4,4,3,1,4,2,8,8,9,0
10,1886,4,0,4,0,10,10,4,4,3,1,4,2,8,7,9,0
10,1886,4,0,4,0,10,10,4,4,3,1,4,2,8,7,5,0
10,1886,4,0,4,0,10,10,4,4,3,1,4,2,8,7,5,0
10,1886,4,0,4,0,10,9,4,4,3,1,4,2,8,7,5,0
10,1886,4,0,4,0,9,9,4,4,3,1,3,2,8,7,5,0
10,1886,4,0,4,0,9,8,4,4,3,1,3,2,8,7,0,0
10,1886,4,0,4,0,9,8,4,4,3,1,3,2,8,7,0,0
10,1886,4,0,4,0,9,8,4,4,3,1,3,2,8,7,0,0
10,1886,4,0,4,0,9,8,4,4,3,1,3,2,8,7,0,0
10,1886,4,0,4,0,9,8,4,4,3,1,3,2,8,7,0,0
10,1886,4,0,4,0,9,8,4,4,3,1,3,2,8,7,0,0
10,1886,4,0,4,0,9,8,4,4,3,1,3,2,7,7,0,0
11,1887,4,0,4,0,9,8,4,4,3,1,3,2,7,7,0,0
11,1887,4,0,4,0,9,8,4,4,3,1,3,2,7,7,0,0
11,1887,4,0,4,0,9,8,4,4,3,1,3,2,7,7,0,0
11,1887,4,0,4,0,9,8,4,4,3,1,3,2,7,7,0,0
11,1887,4,0,4,0,9,8,4,4,3,1,3,2,7,7,0,0
11,1887,4,0,4,0,9,8,4,4,3,1,3,2,7,7,0,0
11,1887,4,0,4,0,9,8,4,4,3,1,3,2,8,7,8,0
11,1887,4,0,4,0,10,10,4,4,3,3,4,3,8,8,8,0
11,1887,4,0,4,0,10,10,4,4,3,3,4,3,8,8,8,1
11,1887,4,0,4,0,10,10,4,4,3,2,4,3,8,8,9,1
11,1887,4,0,4,0,10,10,4,4,3,3,4,3,8,8,9,1
11,1887,4,0,4,0,10,10,4,4,3,3,4,3,8,8,9,1
11,1887,4,0,4,0,10,10,4,3,3,3,4,3,8,9,9,1
11,1887,4,0,4,0,10,10,4,4,3,3,4,3,8,8,5,0
11,1887,4,0,4,0,10,10,4,4,3,3,4,3,8,8,5,0
11,1887,4,0,4,0,10,10,4,4,3,3,4,3,8,8,5,0
11,1887,4,0,4,0,9,10,4,4,3,3,3,3,8,8,5,0
11,1887,4,0,4,0,9,10,4,4,3,3,3,3,8,8,0,0
11,1887,4,0,4,0,9,10,4,4,3,2,3,3,8,8,0,0
11,1887,4,0,4,0,9,10,4,4,3,2,3,3,8,8,0,0
11,1887,4,0,4,0,9,9,4,4,3,2,3,3,8,8,0,0
11,1887,4,0,4,0,9,9,4,4,3,2,3,3,8,7,0,0
11,1887,4,0,4,0,9,9,4,4,3,2,3,3,8,6,0,0
11,1887,4,0,4,0,9,9,4,4,3,2,3,3,7,6,0,0
12,1888,4,0,3,0,8,9,3,4,2,2,2,3,7,6,0,0
12,1888,4,0,3,0,8,9,3,4,2,2,2,3,7,6,0,0
12,1888,4,0,3,0,8,9,3,4,2,2,2,3,7,6,0,0
12,1888,4,0,3,0,8,9,3,4,2,2,2,3,7,6,0,0
12,1888,4,0,3,0,8,9,3,4,2,2,2,3,7,6,0,0
12,1888,4,0,3,0,8,9,3,4,2,2,2,3,7,6,0,0
12,1888,4,0,3,0,8,9,3,4,2,2,3,3,10,6,0,0
12,1888,4,0,3,0,8,7,3,4,2,2,3,3,10,6,0,0
12,1888,4,0,3,0,8,7,3,4,2,2,3,3,10,6,0,0
12,1888,4,0,3,0,8,7,3,4,2,2,3,3,10,6,0,0
12,1888,4,0,3,0,8,7,3,3,2,1,3,3,10,6,0,0
12,1888,4,0,3,0,8,7,3,3,2,1,3,3,10,6,0,0
12,1888,4,0,3,0,8,7,3,3,2,1,3,3,10,6,0,0
12,1888,4,0,3,0,8,7,3,3,2,1,3,3,10,6,0,0
12,1888,4,0,3,0,8,7,3,3,2,1,3,2,10,6,0,0
12,1888,4,0,3,0,8,7,3,3,2,1,2,2,8,6,0,0
12,1888,4,0,3,0,8,7,3,3,2,1,2,2,8,6,0,0
12,1888,4,0,3,0,8,7,3,3,2,1,2,2,8,6,0,0
12,1888,4,0,3,0,8,7,3,3,2,1,2,2,8,6,0,0
12,1888,4,0,3,0,8,7,3,3,2,1,2,2,8,6,0,0
12,1888,4,0,3,0,8,7,3,3,2,1,2,2,8,6,0,0
12,1888,4,0,3,0,8,7,3,3,2,1,2,1,8,6,0,0
12,1888,4,0,3,0,8,7,3,3,2,1,2,0,8,6,0,0
12,1888,4,0,3,0,8,7,3,3,2,1,2,0,7,6,0,0
13,1889,4,0,3,0,8,7,3,3,2,1,2,0,4,6,0,0
13,1889,4,0,3,0,8,7,3,3,2,1,2,0,4,6,0,0
13,1889,4,0,3,0,8,7,3,3,2,1,2,0,4,6,0,0
13,1889,4,0,3,0,8,7,3,3,2,1,2,0,4,6,0,0
13,1889,4,0,3,0,8,7,3,3,2,1,2,0,4,6,0,0
13,1889,4,0,3,0,8,7,3,3,2,1,2,0,4,6,0,0
13,1889,4,0,3,0,8,7,3,3,2,1,3,0,4,6,0,0
13,1889,4,0,3,0,8,6,3,2,2,1,3,0,5,5,0,0
13,1889,4,0,3,0,8,6,3,2,2,1,3,0,5,5,0,0
13,1889,4,0,3,0,8,6,3,2,2,1,3,0,5,5,0,0
13,1889,4,0,3,0,8,6,3,2,2,1,3,0,5,5,0,0
13,1889,4,0,3,0,8,6,3,2,2,1,3,0,5,5,0,0
13,1889,4,0,3,0,8,6,3,2,2,1,3,0,5,5,0,0
13,1889,4,0,3,0,8,6,3,2,2,0,3,0,5,5,0,0
13,1889,4,0,3,0,8,6,3,2,2,0,3,0,5,5,0,0
13,1889,4,0,3,0,8,6,3,2,2,0,2,0,4,5,0,0
13,1889,4,0,3,0,8,6,3,2,2,0,2,0,4,5,0,0
13,1889,4,0,3,0,8,6,3,2,2,0,2,0,4,5,0,0
13,1889,4,0,3,0,8,6,3,2,2,0,2,0,4,5,0,0
13,1889,4,0,3,0,8,6,3,2,2,0,2,0,4,5,0,0
13,1889,4,0,3,0,8,6,3,2,2,0,2,0,4,5,0,0
13,1889,4,0,3,0,8,6,3,2,2,0,2,0,4,5,0,0
13,1889,4,0,3,0,8,6,3,2,2,0,2,0,4,5,0,0
13,1889,4,0,3,0,8,6,3,2,2,0,2,0,4,5,0,0
14,1890,4,0,4,0,9,6,4,2,3,0,3,0,7,5,0,0
14,1890,4,0,4,0,9,6,4,2,3,0,3,0,7,5,0,0
14,1890,4,0,4,0,9,6,4,2,3,0,3,0,7,5,0,0
14,1890,4,0,4,0,9,6,4,2,3,0,3,0,7,5,0,0
14,1890,4,0,4,0,9,6,4,2,3,0,3,0,7,5,0,0
14,1890,4,0,4,0,9,6,4,2,3,0,3,0,7,5,0,0
14,1890,4,0,4,0,9,6,4,2,3,0,3,0,8,5,8,0
14,1890,4,0,4,0,10,9,4,4,3,0,4,1,8,6,8,2
14,1890,4,0,4,0,10,10,4,4,3,0,4,1,8,6,8,2
14,1890,4,0,4,0,10,10,4,4,3,1,4,1,8,8,9,2
14,1890,4,0,4,0,10,10,4,4,3,1,4,1,8,8,9,2
14,1890,4,0,4,0,10,10,4,4,3,1,4,1,8,8,9,2
14,1890,4,0,4,0,10,10,4,4,3,1,4,1,8,8,9,2
14,1890,4,0,4,0,10,10,4,4,3,0,4,1,8,6,5,2
14,1890,4,0,4,0,10,10,4,4,3,0,4,1,8,6,5,2
14,1890,4,0,4,0,10,9,4,4,3,0,4,1,8,6,5,1
14,1890,4,0,4,0,9,9,4,4,3,0,3,1,8,6,5,1
14,1890,4,0,4,0,9,8,4,4,3,0,3,1,8,6,0,1
14,1890,4,0,4,0,9,8,4,4,3,0,3,1,8,6,0,1
14,1890,4,0,4,0,9,8,4,4,3,0,3,1,8,6,0,0
14,1890,4,0,4,0,9,8,4,4,3,0,3,1,8,6,0,0
14,1890,4,0,4,0,9,8,4,4,3,0,3,1,8,6,0,0
14,1890,4,0,4,0,9,8,4,4,3,0,3,1,8,6,0,0
14,1890,4,0,4,0,9,8,4,4,3,0,3,1,7,6,0,0
15,1891,4,0,4,0,9,8,4,4,3,0,3,1,4,6,0,0
15,1891,4,0,4,0,9,8,4,4,3,0,3,1,4,6,0,0
15,1891,4,0,4,0,9,8,4,4,3,0,3,1,4,6,0,0
15,1891,4,0,4,0,9,8,4,4,3,0,3,1,4,6,0,0
15,1891,4,0,4,0,9,8,4,4,3,0,3,1,4,6,0,0
15,1891,4,0,4,0,9,8,4,4,3,0,3,1,4,6,0,0
15,1891,4,0,4,0,9,8,4,4,3,0,3,1,4,6,8,0
15,1891,4,0,4,0,10,8,4,4,3,3,4,2,5,6,8,2
15,1891,4,0,4,0,10,9,4,4,3,3,4,2,5,6,8,3
15,1891,4,0,4,0,10,10,4,4,3,3,4,2,5,6,9,4
15,1891,4,0,4,0,10,10,4,4,3,2,4,2,5,6,9,4
15,1891,4,0,4,0,10,10,4,4,3,3,4,2,5,6,9,4
15,1891,4,0,4,0,10,10,4,4,3,3,4,2,5,6,9,4
15,1891,4,0,4,0,10,10,4,4,3,3,4,2,5,6,5,4
15,1891,4,0,4,0,10,10,4,4,3,3,4,2,5,6,5,4
15,1891,4,0,4,0,10,10,4,4,3,3,4,2,4,6,5,2
15,1891,4,0,4,0,9,10,4,3,3,2,3,2,4,6,5,2
15,1891,4,0,4,0,9,10,4,3,3,2,3,2,4,6,0,2
15,1891,4,0,4,0,9,10,4,3,3,2,3,2,4,6,0,2
15,1891,4,0,4,0,9,10,4,3,3,2,3,2,4,6,0,2
15,1891,4,0,4,0,9,9,4,3,3,2,3,2,4,6,0,2
15,1891,4,0,4,0,9,9,4,3,3,1,3,2,4,6,0,1
15,1891,4,0,4,0,9,9,4,3,3,1,3,2,4,6,0,1
15,1891,4,0,4,0,9,9,4,3,3,1,3,2,4,6,0,1
16,1892,4,0,4,0,9,9,4,3,3,1,3,2,7,7,0,1
16,1892,4,0,4,0,9,9,4,3,3,1,3,2,7,7,0,1
16,1892,4,0,4,0,9,9,4,3,3,1,3,2,7,7,0,1
16,1892,4,0,4,0,9,9,4,3,3,1,3,2,7,7,0,1
16,1892,4,0,4,0,9,9,4,3,3,1,3,2,7,7,0,1
16,1892,4,0,4,0,9,9,4,3,3,1,3,2,7,7,0,1
16,1892,4,0,4,0,9,9,4,3,3,1,3,2,10,7,8,1
16,1892,4,0,4,0,10,9,4,3,3,1,4,3,10,10,8,1
16,1892,4,0,4,0,10,10,4,3,3,1,4,3,10,10,8,1
16,1892,4,0,4,0,10,10,4,4,3,1,4,3,10,10,9,2
16,1892,4,0,4,0,10,10,4,4,3,1,4,3,10,11,9,2
16,1892,4,0,4,0,10,10,4,4,3,2,4,3,10,11,9,2
16,1892,4,0,4,0,10,10,4,4,3,2,4,3,10,11,9,2
16,1892,4,0,4,0,10,10,4,4,3,2,4,2,10,11,5,2
16,1892,4,0,4,0,10,10,4,3,3,1,4,2,10,10,5,2
16,1892,4,0,4,0,10,10,4,3,3,1,4,2,8,10,5,2
16,1892,4,0,4,0,9,10,4,3,3,1,3,2,8,9,5,1
16,1892,4,0,4,0,9,10,4,3,3,1,3,2,8,8,0,0
16,1892,4,0,4,0,9,10,4,3,3,1,3,2,8,8,0,0
16,1892,4,0,4,0,9,10,4,3,3,0,3,2,8,8,0,0
16,1892,4,0,4,0,9,10,4,3,3,0,3,2,8,8,0,0
16,1892,4,0,4,0,9,10,4,3,3,0,3,2,8,8,0,0
16,1892,4,0,4,0,9,10,4,3,3,0,3,2,8,8,0,0
16,1892,4,0,4,0,9,10,4,3,3,0,3,2,7,8,0,0
17,1893,4,0,4,0,9,10,4,3,3,0,3,2,7,8,0,0
17,1893,4,0,4,0,9,10,4,3,3,0,3,2,7,8,0,0
17,1893,4,0,4,0,9,10,4,3,3,0,3,2,7,8,0,0
17,1893,4,0,4,0,9,10,4,3,3,0,3,2,7,8,0,0
17,1893,4,0,4,0,9,10,4,3,3,0,3,2,7,8,0,0
17,1893,4,0,4,0,9,10,4,3,3,0,3,2,7,8,0,0
17,1893,4,0,4,0,9,10,4,3,3,0,3,2,8,8,8,0
17,1893,4,0,4,0,10,10,4,4,3,0,4,3,8,8,8,0
17,1893,4,0,4,0,10,10,4,4,3,0,4,3,8,8,8,0
17,1893,4,0,4,0,10,10,4,4,3,0,4,3,8,8,9,0
17,1893,4,0,4,0,10,10,4,4,3,0,4,3,8,8,9,0
17,1893,4,0,4,0,10,9,4,4,3,0,4,3,8,8,9,0
17,1893,4,0,4,0,10,9,4,4,3,0,4,3,8,8,9,0
17,1893,4,0,4,0,10,9,4,4,3,0,4,3,8,8,5,0
17,1893,4,0,4,0,10,9,4,4,3,0,4,3,8,8,5,0
17,1893,4,0,4,0,10,9,4,4,3,0,4,3,8,8,5,0
17,1893,4,0,4,0,9,9,4,4,3,0,3,2,8,8,5,0
17,1893,4,0,4,0,9,9,4,4,3,0,3,2,8,8,0,0
17,1893,4,0,4,0,9,9,4,4,3,0,3,2,8,8,0,0
17,1893,4,0,4,0,9,9,4,4,3,0,3,2,8,8,0,0
17,1893,4,0,4,0,9,8,4,4,3,0,3,2,8,7,0,0
17,1893,4,0,4,0,9,8,4,4,3,0,3,2,8,7,0,0
17,1893,4,0,4,0,9,8,4,4,3,0,3,2,8,7,0,0
17,1893,4,0,4,0,9,8,4,4,3,0,3,2,7,7,0,0
18,1894,4,0,4,0,9,8,4,4,3,0,3,2,7,7,0,0
18,1894,4,0,4,0,9,8,4,4,3,0,3,2,7,7,0,0
18,1894,4,0,4,0,9,8,4,4,3,0,3,2,7,7,0,0
18,1894,4,0,4,0,9,8,4,4,3,0,3,2,7,7,0,0
18,1894,4,0,4,0,9,8,4,4,3,0,3,2,7,7,0,0
18,1894,4,0,4,0,9,8,4,4,3,0,3,2,7,7,0,0
18,1894,4,0,4,0,9,8,4,4,3,0,3,2,8,7,8,0
18,1894,4,0,4,0,10,9,4,4,3,1,4,3,8,8,8,1
18,1894,4,0,4,0,10,10,4,4,3,3,4,3,8,8,8,1
18,1894,4,0,4,0,10,10,4,4,3,3,4,3,8,8,9,2
18,1894,4,0,4,0,10,10,4,4,3,3,4,3,8,8,9,2
18,1894,4,0,4,0,10,10,4,4,3,3,4,3,8,8,9,2
18,1894,4,0,4,0,10,10,4,4,3,3,4,3,8,9,9,2
18,1894,4,0,4,0,10,10,4,4,3,2,4,3,8,9,5,2
18,1894,4,0,4,0,10,10,4,4,3,1,4,3,8,7,5,1
18,1894,4,0,4,0,10,10,4,4,3,1,4,3,8,7,5,1
18,1894,4,0,4,0,9,10,4,4,3,1,3,3,8,7,5,1
18,1894,4,0,4,0,9,9,4,4,3,1,3,3,8,6,0,1
18,1894,4,0,4,0,9,9,4,4,3,1,3,3,8,6,0,1
18,1894,4,0,4,0,9,9,4,4,3,1,3,3,8,6,0,1
18,1894,4,0,4,0,9,9,4,4,3,1,3,3,8,6,0,1
18,1894,4,0,4,0,9,9,4,4,3,1,3,3,8,6,0,1
18,1894,4,0,4,0,9,9,4,4,3,1,3,3,8,6,0,0
18,1894,4,0,4,0,9,9,4,4,3,1,3,3,7,6,0,0
19,1895,4,0,3,0,8,9,3,4,2,1,2,3,7,6,0,0
19,1895,4,0,3,0,8,9,3,4,2,1,2,3,7,6,0,0
19,1895,4,0,3,0,8,9,3,4,2,1,2,3,7,6,0,0
19,1895,4,0,3,0,8,9,3,4,2,1,2,3,7,6,0,0
19,1895,4,0,3,0,8,9,3,4,2,1,2,3,7,6,0,0
19,1895,4,0,3,0,8,9,3,4,2,1,2,3,7,6,0,0
19,1895,4,0,3,0,8,9,3,4,2,1,3,3,10,6,0,0
19,1895,4,0,3,0,8,8,3,2,2,0,3,2,10,6,0,0
19,1895,4,0,3,0,8,8,3,2,2,0,3,2,10,6,0,0
19,1895,4,0,3,0,8,8,3,2,2,0,3,2,10,6,0,0
19,1895,4,0,3,0,8,8,3,2,2,0,3,2,10,6,0,0
19,1895,4,0,3,0,8,8,3,2,2,0,3,2,10,6,0,0
19,1895,4,0,3,0,8,8,3,2,2,0,3,2,10,6,0,0
19,1895,4,0,3,0,8,8,3,2,2,0,3,2,10,6,0,0
19,1895,4,0,3,0,8,8,3,2,2,0,3,2,10,6,0,0
19,1895,4,0,3,0,8,8,3,2,2,0,2,2,8,6,0,0
19,1895,4,0,3,0,8,8,3,2,2,0,2,2,8,6,0,0
19,1895,4,0,3,0,8,8,3,2,2,0,2,2,8,6,0,0
19,1895,4,0,3,0,8,8,3,2,2,0,2,2,8,6,0,0
19,1895,4,0,3,0,8,8,3,2,2,0,2,2,8,6,0,0
19,1895,4,0,3,0,8,8,3,2,2,0,2,2,8,6,0,0
19,1895,4,0,3,0,8,8,3,2,2,0,2,2,8,6,0,0
19,1895,4,0,3,0,8,8,3,2,2,0,2,2,8,6,0,0
19,1895,4,0,3,0,8,8,3,2,2,0,2,2,7,6,0,0
20,1896,4,0,3,0,8,8,3,2,2,0,2,2,4,6,0,0
20,1896,4,0,3,0,8,8,3,2,2,0,2,2,4,6,0,0
20,1896,4,0,3,0,8,8,3,2,2,0,2,2,4,6,0,0
20,1896,4,0,3,0,8,8,3,2,2,0,2,2,4,6,0,0
20,1896,4,0,3,0,8,8,3,2,2,0,2,2,4,6,0,0
20,1896,4,0,3,0,8,8,3,2,2,0,2,2,4,6,0,0
20,1896,4,0,3,0,8,8,3,2,2,0,3,2,4,6,0,0
20,1896,4,0,3,0,8,8,3,2,2,0,3,2,5,5,0,0
20,1896,4,0,3,0,8,8,3,2,2,0,3,2,5,5,0,0
20,1896,4,0,3,0,8,7,3,2,2,0,3,2,5,5,0,0
20,1896,4,0,3,0,8,7,3,2,2,0,3,2,5,5,0,0
20,1896,4,0,3,0,8,7,3,2,2,0,3,2,5,5,0,0
20,1896,4,0,3,0,8,7,3,2,2,0,3,2,5,5,0,0
20,1896,4,0,3,0,8,7,3,2,2,0,3,2,5,5,0,0
20,1896,4,0,3,0,8,7,3,2,2,0,3,2,5,5,0,0
20,1896,4,0,3,0,8,7,3,2,2,0,2,2,4,5,0,0
20,1896,4,0,3,0,8,7,3,2,2,0,2,2,4,5,0,0
20,1896,4,0,3,0,8,7,3,2,2,0,2,2,4,5,0,0
20,1896,4,0,3,0,8,7,3,2,2,0,2,2,4,5,0,0
20,1896,4,0,3,0,8,7,3,2,2,0,2,2,4,5,0,0
20,1896,4,0,3,0,8,7,3,2,2,0,2,2,4,5,0,0
20,1896,4,0,3,0,8,7,3,2,2,0,2,2,4,5,0,0
20,1896,4,0,3,0,8,7,3,2,2,0,2,2,4,5,0,0
20,1896,4,0,3,0,8,7,3,2,2,0,2,2,4,5,0,0
21,1897,4,0,4,0,9,7,4,2,3,0,3,2,7,5,0,0
21,1897,4,0,4,0,9,7,4,2,3,0,3,2,7,5,0,0
21,1897,4,0,4,0,9,7,4,2,3,0,3,2,7,5,0,0
21,1897,4,0,4,0,9,7,4,2,3,0,3,2,7,5,0,0
21,1897,4,0,4,0,9,7,4,2,3,0,3,2,7,5,0,0
21,1897,4,0,4,0,9,7,4,2,3,0,3,2,7,5,0,0
21,1897,4,0,4,0,9,7,4,2,3,0,3,2,8,5,8,0
21,1897,4,0,4,0,10,9,4,3,3,1,4,2,8,7,8,1
21,1897,4,0,4,0,10,10,4,4,3,2,4,2,8,7,8,1
21,1897,4,0,4,0,10,10,4,4,3,2,4,2,8,8,9,1
21,1897,4,0,4,0,10,10,4,4,3,2,4,2,8,8,9,1
21,1897,4,0,4,0,10,10,4,4,3,3,4,2,8,8,9,1
21,1897,4,0,4,0,10,10,4,3,3,3,4,2,8,8,9,1
21,1897,4,0,4,0,10,9,4,3,3,3,4,2,8,7,5,1
21,1897,4,0,4,0,10,9,4,4,3,3,4,2,8,7,5,1
21,1897,4,0,4,0,10,9,4,4,3,3,4,2,8,7,5,1
21,1897,4,0,4,0,9,9,4,4,3,3,3,2,8,7,5,1
21,1897,4,0,4,0,9,9,4,4,3,3,3,2,8,7,0,1
21,1897,4,0,4,0,9,9,4,4,3,3,3,2,8,7,0,1
21,1897,4,0,4,0,9,9,4,4,3,3,3,2,8,7,0,1
21,1897,4,0,4,0,9,9,4,4,3,2,3,2,8,7,0,1
21,1897,4,0,4,0,9,9,4,4,3,2,3,2,8,7,0,0
21,1897,4,0,4,0,9,9,4,4,3,2,3,2,8,7,0,0
21,1897,4,0,4,0,9,9,4,4,3,2,3,2,7,7,0,0
22,1898,4,0,4,0,9,9,4,4,3,2,3,2,4,7,0,0
22,1898,4,0,4,0,9,9,4,4,3,2,3,2,4,7,0,0
22,1898,4,0,4,0,9,9,4,4,3,2,3,2,4,7,0,0
22,1898,4,0,4,0,9,9,4,4,3,2,3,2,4,7,0,0
22,1898,4,0,4,0,9,9,4,4,3,2,3,2,4,7,0,0
22,1898,4,0,4,0,9,9,4,4,3,2,3,2,4,7,0,0
22,1898,4,0,4,0,9,9,4,4,3,2,3,2,4,7,8,0
22,1898,4,0,4,0,10,8,4,4,3,2,4,3,5,7,8,5
22,1898,4,0,4,0,10,10,4,4,3,3,4,3,5,7,8,6
22,1898,4,0,4,0,10,10,4,4,3,3,4,3,5,7,9,7
22,1898,4,0,4,0,10,10,4,4,3,2,4,3,5,8,9,8
22,1898,4,0,4,0,10,10,4,4,3,2,4,3,5,8,9,8
22,1898,4,0,4,0,10,10,4,4,3,2,4,3,5,8,9,8
22,1898,4,0,4,0,10,10,4,4,3,2,4,3,5,7,5,7
22,1898,4,0,4,0,10,10,4,4,3,2,4,3,5,7,5,7
22,1898,4,0,4,0,10,9,4,4,3,2,4,3,4,7,5,5
22,1898,4,0,4,0,9,9,4,4,3,2,3,3,4,7,5,5
22,1898,4,0,4,0,9,8,4,4,3,2,3,3,4,7,0,5
22,1898,4,0,4,0,9,8,4,4,3,2,3,3,4,7,0,5
22,1898,4,0,4,0,9,8,4,4,3,2,3,3,4,7,0,5
22,1898,4,0,4,0,9,8,4,4,3,2,3,2,4,7,0,5
22,1898,4,0,4,0,9,8,4,4,3,2,3,2,4,7,0,5
22,1898,4,0,4,0,9,8,4,4,3,2,3,2,4,7,0,5
22,1898,4,0,4,0,9,8,4,4,3,2,3,2,4,7,0,5
23,1899,4,0,4,0,9,8,4,4,3,2,3,2,7,7,0,5
23,1899,4,0,4,0,9,8,4,4,3,2,3,2,7,7,0,5
23,1899,4,0,4,0,9,8,4,4,3,2,3,2,7,7,0,5
23,1899,4,0,4,0,9,8,4,4,3,2,3,2,7,7,0,5
23,1899,4,0,4,0,9,8,4,4,3,2,3,2,7,7,0,5
23,1899,4,0,4,0,9,8,4,4,3,2,3,2,7,7,0,5
23,1899,4,0,4,0,9,8,4,4,3,2,3,2,10,10,8,5
23,1899,4,0,4,0,10,8,4,4,3,3,4,3,10,10,8,4
23,1899,4,0,4,0,10,10,4,3,3,2,4,3,10,10,8,4
23,1899,4,0,4,0,10,10,4,4,3,2,4,3,10,10,9,4
23,1899,4,0,4,0,10,10,4,4,3,2,4,3,10,9,9,3
23,1899,4,0,4,0,10,10,4,4,3,2,4,3,10,8,9,2
23,1899,4,0,4,0,10,10,4,4,3,2,4,3,10,8,9,1
23,1899,4,0,4,0,10,10,4,4,3,2,4,3,10,7,5,0
23,1899,4,0,4,0,10,10,4,4,3,2,4,3,10,7,5,0
23,1899,4,0,4,0,10,10,4,4,3,2,4,3,8,7,5,0
23,1899,4,0,4,0,9,10,4,4,3,2,3,3,8,7,5,0
23,1899,4,0,4,0,9,10,4,4,3,2,3,3,8,7,0,0
23,1899,4,0,4,0,9,10,4,4,3,2,3,3,8,7,0,0
23,1899,4,0,4,0,9,10,4,4,3,2,3,3,8,7,0,0
23,1899,4,0,4,0,9,9,4,4,3,2,3,3,8,7,0,0
23,1899,4,0,4,0,9,9,4,4,3,2,3,3,8,7,0,0
23,1899,4,0,4,0,9,9,4,4,3,2,3,3,8,7,0,0
23,1899,4,0,4,0,9,9,4,4,3,2,3,3,7,7,0,0
24,1900,4,0,4,0,9,9,4,4,3,2,3,3,7,7,0,0
24,1900,4,0,4,0,9,9,4,4,3,2,3,3,7,7,0,0
24,1900,4,0,4,0,9,9,4,4,3,2,3,3,7,7,0,0
24,1900,4,0,4,0,9,9,4,4,3,2,3,3,7,7,0,0
24,1900,4,0,4,0,9,9,4,4,3,2,3,3,7,7,0,0
24,1900,4,0,4,0,9,9,4,4,3,2,3,3,7,7,0,0
24,1900,4,0,4,0,9,9,4,4,3,2,3,3,8,7,8,0
24,1900,4,0,4,0,10,8,4,4,3,2,4,4,8,8,8,0
24,1900,4,0,4,0,10,10,4,4,3,2,4,4,8,8,8,0
24,1900,4,0,4,0,10,10,4,4,3,2,4,4,8,8,9,0
24,1900,4,0,4,0,10,10,4,4,3,2,4,4,8,8,9,0
24,1900,4,0,4,0,10,10,4,4,3,2,4,4,8,8,9,0
24,1900,4,0,4,0,10,10,4,4,3,2,4,4,8,8,9,0
24,1900,4,0,4,0,10,10,4,4,3,2,4,4,8,8,5,0
24,1900,4,0,4,0,10,10,4,4,3,2,4,4,8,8,5,0
24,1900,4,0,4,0,10,10,4,4,3,2,4,4,8,7,5,0
24,1900,4,0,4,0,9,10,4,4,3,2,3,4,8,7,5,0
24,1900,4,0,4,0,9,10,4,4,3,2,3,4,8,7,0,0
24,1900,4,0,4,0,9,10,4,4,3,2,3,4,8,7,0,0
24,1900,4,0,4,0,9,10,4,4,3,2,3,4,8,7,0,0
24,1900,4,0,4,0,9,10,4,4,3,2,3,4,8,7,0,0
24,1900,4,0,4,0,9,10,4,4,3,2,3,4,8,7,0,0
24,1900,4,0,4,0,9,10,4,4,3,2,3,4,8,7,0,0
24,1900,4,0,4,0,9,10,4,4,3,2,3,4,7,7,0,0
25,1901,4,0,4,0,9,10,4,4,3,2,3,4,7,7,0,0
25,1901,4,0,4,0,9,10,4,4,3,2,3,4,7,7,0,0
25,1901,4,0,4,0,9,10,4,4,3,2,3,4,7,7,0,0
25,1901,4,0,4,0,9,10,4,4,3,2,3,4,7,7,0,0
25,1901,4,0,4,0,9,10,4,4,3,2,3,4,7,7,0,0
25,1901,4,0,4,0,9,10,4,4,3,2,3,4,7,7,0,0
25,1901,4,0,4,0,9,10,4,4,3,2,3,4,8,7,8,0
25,1901,4,0,4,0,10,10,4,4,3,3,4,4,8,8,8,1
25,1901,4,0,4,0,10,10,4,4,3,3,4,4,8,8,8,1
25,1901,4,0,4,0,10,10,4,4,3,3,4,4,8,8,9,2
25,1901,4,0,4,0,10,10,4,4,3,3,4,4,8,8,9,3
25,1901,4,0,4,0,10,10,4,4,3,3,4,4,8,8,9,4
25,1901,4,0,4,0,10,10,4,4,3,3,4,4,8,9,9,4
25,1901,4,0,4,0,10,10,4,4,3,2,4,4,8,9,5,4
25,1901,4,0,4,0,10,10,4,4,3,2,4,4,8,9,5,4
25,1901,4,0,4,0,10,10,4,4,3,2,4,4,8,9,5,2
25,1901,4,0,4,0,9,10,4,4,3,2,3,4,8,9,5,2
25,1901,4,0,4,0,9,8,4,4,3,2,3,4,8,8,0,1
25,1901,4,0,4,0,9,8,4,4,3,2,3,4,8,8,0,1
25,1901,4,0,4,0,9,8,4,4,3,2,3,4,8,8,0,1
25,1901,4,0,4,0,9,7,4,4,3,2,3,4,8,8,0,1
25,1901,4,0,4,0,9,7,4,4,3,2,3,4,8,8,0,1
25,1901,4,0,4,0,9,7,4,4,3,2,3,4,8,8,0,1
25,1901,4,0,4,0,9,7,4,4,3,2,3,4,7,8,0,1
26,1902,4,0,3,0,8,7,3,4,2,2,2,4,7,8,0,1
26,1902,4,0,3,0,8,7,3,4,2,2,2,4,7,8,0,1
26,1902,4,0,3,0,8,7,3,4,2,2,2,4,7,8,0,1
26,1902,4,0,3,0,8,7,3,4,2,2,2,4,7,8,0,1
26,1902,4,0,3,0,8,7,3,4,2,2,2,4,7,8,0,1
26,1902,4,0,3,0,8,7,3,4,2,2,2,4,7,8,0,1
26,1902,4,0,3,0,8,7,3,4,2,2,3,4,10,8,0,1
26,1902,4,0,3,0,8,6,3,3,2,1,3,3,10,7,0,0
26,1902,4,0,3,0,8,6,3,3,2,1,3,3,10,7,0,0
26,1902,4,0,3,0,8,6,3,3,2,1,3,3,10,7,0,0
26,1902,4,0,3,0,8,6,3,3,2,1,3,3,10,7,0,0
26,1902,4,0,3,0,8,6,3,3,2,1,3,3,10,7,0,0
26,1902,4,0,3,0,8,6,3,3,2,1,3,3,10,7,0,0
26,1902,4,0,3,0,8,6,3,3,2,1,3,3,10,7,0,0
26,1902,4,0,3,0,8,6,3,3,2,1,3,3,10,7,0,0
26,1902,4,0,3,0,8,6,3,3,2,1,2,3,8,7,0,0
26,1902,4,0,3,0,8,6,3,3,2,1,2,3,8,7,0,0
26,1902,4,0,3,0,8,6,3,3,2,1,2,3,8,7,0,0
26,1902,4,0,3,0,8,6,3,3,2,1,2,3,8,7,0,0
26,1902,4,0,3,0,8,6,3,3,2,1,2,3,8,7,0,0
26,1902,4,0,3,0,8,6,3,3,2,1,2,3,8,7,0,0
26,1902,4,0,3,0,8,6,3,3,2,1,2,3,8,7,0,0
26,1902,4,0,3,0,8,6,3,3,2,1,2,3,8,7,0,0
26,1902,4,0,3,0,8,6,3,3,2,1,2,3,7,7,0,0
27,1903,4,0,3,0,8,6,3,3,2,1,2,3,4,7,0,0
27,1903,4,0,3,0,8,6,3,3,2,1,2,3,4,7,0,0
27,1903,4,0,3,0,8,6,3,3,2,1,2,3,4,7,0,0
27,1903,4,0,3,0,8,6,3,3,2,1,2,3,4,7,0,0
27,1903,4,0,3,0,8,6,3,3,2,1,2,3,4,7,0,0
27,1903,4,0,3,0,8,6,3,3,2,1,2,3,4,7,0,0
27,1903,4,0,3,0,8,6,3,3,2,1,3,3,4,7,0,0
27,1903,4,0,3,0,8,6,3,3,2,1,3,2,5,7,0,0
27,1903,4,0,3,0,8,6,3,3,2,1,3,2,5,7,0,0
27,1903,4,0,3,0,8,6,3,3,2,1,3,2,5,7,0,0
27,1903,4,0,3,0,8,6,3,3,2,1,3,2,5,7,0,0
27,1903,4,0,3,0,8,6,3,3,2,1,3,2,5,7,0,0
27,1903,4,0,3,0,8,6,3,3,2,1,3,2,5,7,0,0
27,1903,4,0,3,0,8,6,3,3,2,1,3,2,5,7,0,0
27,1903,4,0,3,0,8,6,3,3,2,1,3,2,5,7,0,0
27,1903,4,0,3,0,8,6,3,3,2,1,2,2,4,7,0,0
27,1903,4,0,3,0,8,6,3,3,2,1,2,2,4,7,0,0
27,1903,4,0,3,0,8,6,3,3,2,1,2,2,4,7,0,0
27,1903,4,0,3,0,8,6,3,3,2,1,2,2,4,7,0,0
27,1903,4,0,3,0,8,6,3,3,2,1,2,2,4,7,0,0
27,1903,4,0,3,0,8,6,3,3,2,1,2,2,4,7,0,0
27,1903,4,0,3,0,8,6,3,3,2,1,2,2,4,7,0,0
27,1903,4,0,3,0,8,6,3,3,2,1,2,2,4,7,0,0
27,1903,4,0,3,0,8,6,3,3,2,1,2,2,4,7,0,0
0,1904,4,0,4,0,9,6,4,3,3,1,3,2,7,7,0,0
0,1904,4,0,4,0,9,6,4,3,3,1,3,2,7,7,0,0
0,1904,4,0,4,0,9,6,4,3,3,1,3,2,7,7,0,0
0,1904,4,0,4,0,9,6,4,3,3,1,3,2,7,7,0,0
0,1904,4,0,4,0,9,6,4,3,3,1,3,2,7,7,0,0
0,1904,4,0,4,0,9,6,4,3,3,1,3,2,7,7,0,0
0,1904,4,0,4,0,9,6,4,3,3,1,3,2,8,7,8,0
0,1904,4,0,4,0,10,9,4,4,3,2,4,1,8,8,8,2
0,1904,4,0,4,0,10,10,4,4,3,3,4,1,8,8,8,2
0,1904,4,0,4,0,10,10,4,4,3,3,4,1,8,8,9,2
0,1904,4,0,4,0,10,10,4,4,3,2,4,1,8,8,9,2
0,1904,4,0,4,0,10,10,4,4,3,3,4,1,8,8,9,2
0,1904,4,0,4,0,10,10,4,4,3,3,4,1,8,8,9,2
0,1904,4,0,4,0,10,10,4,4,3,3,4,1,8,8,5,2
0,1904,4,0,4,0,10,9,4,4,3,2,4,1,8,8,5,2
0,1904,4,0,4,0,10,9,4,4,3,2,4,1,8,8,5,2
0,1904,4,0,4,0,9,9,4,4,3,2,3,1,8,8,5,2
0,1904,4,0,4,0,9,9,4,4,3,2,3,1,8,8,0,2
0,1904,4,0,4,0,9,9,4,4,3,2,3,1,8,8,0,1
0,1904,4,0,4,0,9,9,4,4,3,2,3,1,8,8,0,1
0,1904,4,0,4,0,9,8,4,4,3,2,3,1,8,8,0,1
0,1904,4,0,4,0,9,8,4,4,3,2,3,1,8,8,0,1
0,1904,4,0,4,0,9,8,4,3,3,2,3,1,8,8,0,1
0,1904,4,0,4,0,9,8,4,3,3,2,3,1,7,8,0,1
1,1905,4,0,4,0,9,8,4,3,3,2,3,1,4,8,0,1
1,1905,4,0,4,0,9,8,4,3,3,2,3,1,4,8,0,1
1,1905,4,0,4,0,9,8,4,3,3,2,3,1,4,8,0,1
1,1905,4,0,4,0,9,8,4,3,3,2,3,1,4,8,0,1
1,1905,4,0,4,0,9,8,4,3,3,2,3,1,4,8,0,1
1,1905,4,0,4,0,9,8,4,3,3,2,3,1,4,8,0,1
1,1905,4,0,4,0,9,8,4,3,3,2,3,1,4,8,8,1
1,1905,4,0,4,0,10,9,4,4,3,3,4,2,5,8,8,1
1,1905,4,0,4,0,10,10,4,4,3,3,4,2,5,8,8,1
1,1905,4,0,4,0,10,10,4,4,3,2,4,2,5,8,9,2
1,1905,4,0,4,0,10,10,4,4,3,3,4,2,5,8,9,2
1,1905,4,0,4,0,10,9,4,4,3,3,4,2,5,8,9,2
1,1905,4,0,4,0,10,9,4,4,3,3,4,1,5,8,9,2
1,1905,4,0,4,0,10,8,4,4,3,3,4,1,5,8,5,2
1,1905,4,0,4,0,10,9,4,4,3,3,4,1,5,8,5,2
1,1905,4,0,4,0,10,9,4,4,3,3,4,1,4,8,5,2
1,1905,4,0,4,0,9,9,4,4,3,3,3,1,4,8,5,2
1,1905,4,0,4,0,9,8,4,4,3,3,3,1,4,8,0,1
1,1905,4,0,4,0,9,8,4,4,3,3,3,1,4,8,0,1
1,1905,4,0,4,0,9,8,4,4,3,3,3,1,4,8,0,1
1,1905,4,0,4,0,9,8,4,4,3,3,3,1,4,8,0,1
1,1905,4,0,4,0,9,8,4,4,3,3,3,1,4,8,0,1
1,1905,4,0,4,0,9,8,4,4,3,3,3,1,4,8,0,1
1,1905,4,0,4,0,9,8,4,4,3,3,3,1,4,8,0,1
2,1906,4,0,4,0,9,8,4,4,3,3,3,1,7,8,0,1
2,1906,4,0,4,0,9,8,4,4,3,3,3,1,7,8,0,1
2,1906,4,0,4,0,9,8,4,4,3,3,3,1,7,8,0,1
2,1906,4,0,4,0,9,8,4,4,3,3,3,1,7,8,0,1
2,1906,4,0,4,0,9,8,4,4,3,3,3,1,7,8,0,1
2,1906,4,0,4,0,9,8,4,4,3,3,3,1,7,8,0,1
2,1906,4,0,4,0,9,8,4,4,3,3,3,1,10,9,8,1
2,1906,4,0,4,0,10,10,4,4,3,3,4,2,10,10,8,2
2,1906,4,0,4,0,10,10,4,4,3,3,4,2,10,10,8,1
2,1906,4,0,4,0,10,10,4,4,3,3,4,2,10,10,9,1
2,1906,4,0,4,0,10,10,4,4,3,3,4,2,10,10,9,1
2,1906,4,0,4,0,10,10,4,4,3,3,4,2,10,10,9,0
2,1906,4,0,4,0,10,10,4,4,3,3,4,2,10,10,9,0
2,1906,4,0,4,0,10,10,4,4,3,3,4,2,10,10,5,0
2,1906,4,0,4,0,10,9,4,4,3,3,4,2,10,10,5,0
2,1906,4,0,4,0,10,9,4,4,3,3,4,2,8,10,5,0
2,1906,4,0,4,0,9,9,4,4,3,3,3,2,8,10,5,0
2,1906,4,0,4,0,9,9,4,4,3,3,3,2,8,10,0,0
2,1906,4,0,4,0,9,9,4,4,3,3,3,2,8,10,0,0
2,1906,4,0,4,0,9,9,4,4,3,3,3,2,8,10,0,0
2,1906,4,0,4,0,9,9,4,3,3,3,3,2,8,10,0,0
2,1906,4,0,4,0,9,9,4,3,3,3,3,2,8,10,0,0
2,1906,4,0,4,0,9,9,4,3,3,3,3,2,8,10,0,0
2,1906,4,0,4,0,9,9,4,3,3,3,3,2,7,10,0,0
3,1907,4,0,4,0,9,9,4,3,3,3,3,2,7,10,0,0
3,1907,4,0,4,0,9,9,4,3,3,3,3,2,7,10,0,0
3,1907,4,0,4,0,9,9,4,3,3,3,3,2,7,10,0,0
3,1907,4,0,4,0,9,9,4,3,3,3,3,2,7,10,0,0
3,1907,4,0,4,0,9,9,4,3,3,3,3,2,7,10,0,0
3,1907,4,0,4,0,9,9,4,3,3,3,3,2,7,10,0,0
3,1907,4,0,4,0,9,9,4,3,3,3,3,2,8,10,8,0
3,1907,4,0,4,0,10,8,4,4,3,3,4,3,8,8,8,0
3,1907,4,0,4,0,10,9,4,3,3,3,4,3,8,8,8,0
3,1907,4,0,4,0,10,10,4,3,3,3,4,3,8,8,9,0
3,1907,4,0,4,0,10,10,4,3,3,3,4,3,8,8,9,0
3,1907,4,0,4,0,10,10,4,3,3,3,4,3,8,8,9,0
3,1907,4,0,4,0,10,10,4,3,3,3,4,3,8,8,9,0
3,1907,4,0,4,0,10,10,4,3,3,3,4,3,8,8,5,0
3,1907,4,0,4,0,10,10,4,3,3,3,4,3,8,8,5,0
3,1907,4,0,4,0,10,10,4,3,3,3,4,3,8,8,5,0
3,1907,4,0,4,0,9,10,4,3,3,3,3,3,8,8,5,0
3,1907,4,0,4,0,9,9,4,3,3,3,3,3,8,8,0,0
3,1907,4,0,4,0,9,9,4,3,3,3,3,3,8,8,0,0
3,1907,4,0,4,0,9,9,4,3,3,2,3,3,8,8,0,0
3,1907,4,0,4,0,9,9,4,3,3,2,3,3,8,8,0,0
3,1907,4,0,4,0,9,9,4,3,3,2,3,3,8,8,0,0
3,1907,4,0,4,0,9,9,4,3,3,2,3,3,8,8,0,0
3,1907,4,0,4,0,9,9,4,3,3,2,3,3,7,8,0,0
4,1908,4,0,4,0,9,9,4,3,3,2,3,3,7,8,0,0
4,1908,4,0,4,0,9,9,4,3,3,2,3,3,7,8,0,0
4,1908,4,0,4,0,9,9,4,3,3,2,3,3,7,8,0,0
4,1908,4,0,4,0,9,9,4,3,3,2,3,3,7,8,0,0
4,1908,4,0,4,0,9,9,4,3,3,2,3,3,7,8,0,0
4,1908,4,0,4,0,9,9,4,3,3,2,3,3,7,8,0,0
4,1908,4,0,4,0,9,9,4,3,3,2,3,3,8,8,8,0
4,1908,4,0,4,0,10,8,4,3,3,3,4,3,8,8,8,1
4,1908,4,0,4,0,10,10,4,4,3,3,4,3,8,8,8,1
4,1908,4,0,4,0,10,10,4,4,3,2,4,3,8,8,9,1
4,1908,4,0,4,0,10,10,4,3,3,3,4,3,8,8,9,1
4,1908,4,0,4,0,10,10,4,4,3,3,4,3,8,8,9,1
4,1908,4,0,4,0,10,10,4,4,3,3,4,3,8,8,9,1
4,1908,4,0,4,0,10,9,4,4,3,3,4,3,8,8,5,1
4,1908,4,0,4,0,10,9,4,3,3,3,4,3,8,8,5,1
4,1908,4,0,4,0,10,9,4,3,3,3,4,3,8,8,5,1
4,1908,4,0,4,0,9,9,4,3,3,3,3,3,8,8,5,1
4,1908,4,0,4,0,9,9,4,2,3,2,3,3,8,8,0,1
4,1908,4,0,4,0,9,9,4,2,3,2,3,3,8,8,0,1
4,1908,4,0,4,0,9,9,4,2,3,2,3,3,8,8,0,1
4,1908,4,0,4,0,9,9,4,2,3,2,3,3,8,8,0,1
4,1908,4,0,4,0,9,9,4,2,3,2,3,3,8,8,0,1
4,1908,4,0,4,0,9,8,4,2,3,2,3,3,8,8,0,1
4,1908,4,0,4,0,9,8,4,2,3,2,3,3,7,8,0,1
5,1909,4,0,3,0,8,8,3,2,2,2,2,3,7,8,0,1
5,1909,4,0,3,0,8,8,3,2,2,2,2,3,7,8,0,1
5,1909,4,0,3,0,8,8,3,2,2,2,2,3,7,8,0,1
5,1909,4,0,3,0,8,8,3,2,2,2,2,3,7,8,0,1
5,1909,4,0,3,0,8,8,3,2,2,2,2,3,7,8,0,1
5,1909,4,0,3,0,8,8,3,2,2,2,2,3,7,8,0,1
5,1909,4,0,3,0,8,8,3,2,2,2,3,3,10,8,0,1
5,1909,4,0,3,0,8,8,3,1,2,2,3,3,10,8,0,0
5,1909,4,0,3,0,8,8,3,1,2,2,3,3,10,8,0,0
5,1909,4,0,3,0,8,8,3,1,2,2,3,3,10,8,0,0
5,1909,4,0,3,0,8,7,3,1,2,2,3,3,10,8,0,0
5,1909,4,0,3,0,8,7,3,1,2,2,3,3,10,8,0,0
5,1909,4,0,3,0,8,7,3,1,2,2,3,3,10,8,0,0
5,1909,4,0,3,0,8,7,3,1,2,2,3,3,10,8,0,0
5,1909,4,0,3,0,8,7,3,1,2,2,3,3,10,8,0,0
5,1909,4,0,3,0,8,7,3,1,2,2,2,3,8,8,0,0
5,1909,4,0,3,0,8,7,3,1,2,2,2,3,8,8,0,0
5,1909,4,0,3,0,8,7,3,1,2,2,2,3,8,8,0,0
5,1909,4,0,3,0,8,7,3,1,2,2,2,3,8,8,0,0
5,1909,4,0,3,0,8,7,3,1,2,2,2,2,8,8,0,0
5,1909,4,0,3,0,8,7,3,1,2,2,2,2,8,8,0,0
5,1909,4,0,3,0,8,7,3,1,2,2,2,2,8,8,0,0
5,1909,4,0,3,0,8,7,3,1,2,2,2,2,8,8,0,0
5,1909,4,0,3,0,8,7,3,1,2,2,2,2,7,8,0,0
6,1910,4,0,3,0,8,7,3,1,2,2,2,2,4,8,0,0
6,1910,4,0,3,0,8,7,3,1,2,2,2,2,4,8,0,0
6,1910,4,0,3,0,8,7,3,1,2,2,2,2,4,8,0,0
6,1910,4,0,3,0,8,7,3,1,2,2,2,2,4,8,0,0
6,1910,4,0,3,0,8,7,3,1,2,2,2,2,4,8,0,0
6,1910,4,0,3,0,8,7,3,1,2,2,2,2,4,8,0,0
6,1910,4,0,3,0,8,7,3,1,2,2,3,2,4,8,0,0
6,1910,4,0,3,0,8,7,3,1,2,2,3,2,5,8,0,0
6,1910,4,0,3,0,8,7,3,1,2,2,3,2,5,8,0,0
6,1910,4,0,3,0,8,7,3,1,2,2,3,2,5,8,0,0
6,1910,4,0,3,0,8,6,3,1,2,2,3,2,5,8,0,0
6,1910,4,0,3,0,8,6,3,1,2,2,3,2,5,8,0,0
6,1910,4,0,3,0,8,6,3,1,2,2,3,2,5,8,0,0
6,1910,4,0,3,0,8,6,3,1,2,2,3,2,5,8,0,0
6,1910,4,0,3,0,8,6,3,1,2,2,3,2,5,8,0,0
6,1910,4,0,3,0,8,6,3,1,2,2,2,2,4,8,0,0
6,1910,4,0,3,0,8,6,3,1,2,2,2,2,4,8,0,0
6,1910,4,0,3,0,8,6,3,1,2,2,2,2,4,8,0,0
6,1910,4,0,3,0,8,6,3,1,2,2,2,1,4,8,0,0
6,1910,4,0,3,0,8,6,3,1,2,2,2,1,4,8,0,0
6,1910,4,0,3,0,8,6,3,1,2,2,2,1,4,8,0,0
6,1910,4,0,3,0,8,6,3,1,2,2,2,1,4,8,0,0
6,1910,4,0,3,0,8,6,3,1,2,2,2,1,4,8,0,0
6,1910,4,0,3,0,8,6,3,1,2,2,2,1,4,8,0,0
7,1911,4,0,4,0,9,6,4,1,3,2,3,1,7,8,0,0
7,1911,4,0,4,0,9,6,4,1,3,2,3,1,7,8,0,0
7,1911,4,0,4,0,9,6,4,1,3,2,3,1,7,8,0,0
7,1911,4,0,4,0,9,6,4,1,3,2,3,1,7,8,0,0
7,1911,4,0,4,0,9,6,4,1,3,2,3,1,7,8,0,0
7,1911,4,0,4,0,9,6,4,1,3,2,3,1,7,8,0,0
7,1911,4,0,4,0,9,6,4,1,3,2,3,1,8,8,8,0
7,1911,4,0,4,0,10,9,4,3,3,3,4,2,8,8,8,1
7,1911,4,0,4,0,10,10,4,4,3,3,4,2,8,8,8,1
7,1911,4,0,4,0,10,10,4,4,3,3,4,2,8,8,9,1
7,1911,4,0,4,0,10,10,4,4,3,2,4,2,8,8,9,1
7,1911,4,0,4,0,10,10,4,4,3,3,4,2,8,8,9,1
7,1911,4,0,4,0,10,10,4,4,3,2,4,2,8,8,9,1
7,1911,4,0,4,0,10,10,4,4,3,2,4,2,8,8,5,1
7,1911,4,0,4,0,10,10,4,4,3,2,4,2,8,8,5,1
7,1911,4,0,4,0,10,10,4,4,3,2,4,2,8,8,5,1
7,1911,4,0,4,0,9,10,4,3,3,2,3,2,8,8,5,1
7,1911,4,0,4,0,9,10,4,3,3,2,3,1,8,8,0,1
7,1911,4,0,4,0,9,10,4,3,3,2,3,1,8,9,0,1
7,1911,4,0,4,0,9,10,4,3,3,2,3,1,8,8,0,0
7,1911,4,0,4,0,9,10,4,3,3,2,3,1,8,8,0,0
7,1911,4,0,4,0,9,10,4,2,3,2,3,1,8,8,0,0
7,1911,4,0,4,0,9,10,4,2,3,2,3,1,8,8,0,0
7,1911,4,0,4,0,9,10,4,2,3,2,3,1,7,8,0,0
8,1912,4,0,4,0,9,10,4,2,3,2,3,1,4,8,0,0
8,1912,4,0,4,0,9,10,4,2,3,2,3,1,4,8,0,0
8,1912,4,0,4,0,9,10,4,2,3,2,3,1,4,8,0,0
8,1912,4,0,4,0,9,10,4,2,3,2,3,1,4,8,0,0
8,1912,4,0,4,0,9,10,4,2,3,2,3,1,4,8,0,0
8,1912,4,0,4,0,9,10,4,2,3,2,3,1,4,8,0,0
8,1912,4,0,4,0,9,10,4,2,3,2,3,1,4,8,8,0
8,1912,4,0,4,0,10,8,4,3,3,3,4,2,5,7,8,2
8,1912,4,0,4,0,10,8,4,4,3,3,4,2,5,7,8,3
8,1912,4,0,4,0,10,10,4,4,3,3,4,2,5,7,9,3
8,1912,4,0,4,0,10,10,4,4,3,3,4,2,5,7,9,3
8,1912,4,0,4,0,10,10,4,4,3,3,4,2,5,7,9,3
8,1912,4,0,4,0,10,10,4,4,3,3,4,2,5,7,9,3
8,1912,4,0,4,0,10,10,4,4,3,3,4,2,5,7,5,3
8,1912,4,0,4,0,10,9,4,4,3,3,4,2,5,7,5,3
8,1912,4,0,4,0,10,9,4,3,3,3,4,2,4,7,5,2
8,1912,4,0,4,0,9,10,4,3,3,3,3,2,4,7,5,2
8,1912,4,0,4,0,9,10,4,3,3,3,3,2,4,7,0,2
8,1912,4,0,4,0,9,9,4,3,3,3,3,2,4,7,0,1
8,1912,4,0,4,0,9,9,4,2,3,3,3,2,4,7,0,1
8,1912,4,0,4,0,9,8,4,2,3,3,3,2,4,7,0,1
8,1912,4,0,4,0,9,8,4,2,3,3,3,2,4,7,0,1
8,1912,4,0,4,0,9,7,4,2,3,3,3,2,4,7,0,1
8,1912,4,0,4,0,9,7,4,2,3,3,3,2,4,7,0,1
9,1913,4,0,4,0,9,7,4,2,3,3,3,2,7,7,0,1
9,1913,4,0,4,0,9,7,4,2,3,3,3,2,7,7,0,1
9,1913,4,0,4,0,9,7,4,2,3,3,3,2,7,7,0,1
9,1913,4,0,4,0,9,7,4,2,3,3,3,2,7,7,0,1
9,1913,4,0,4,0,9,7,4,2,3,3,3,2,7,7,0,1
9,1913,4,0,4,0,9,7,4,2,3,3,3,2,7,7,0,1
9,1913,4,0,4,0,9,7,4,2,3,3,3,2,10,8,8,1
9,1913,4,0,4,0,10,10,4,2,3,3,4,3,10,10,8,2
9,1913,4,0,4,0,10,10,4,2,3,3,4,3,10,10,8,3
9,1913,4,0,4,0,10,10,4,3,3,3,4,3,10,11,9,3
9,1913,4,0,4,0,10,10,4,4,3,3,4,3,10,10,9,3
9,1913,4,0,4,0,10,10,4,4,3,3,4,3,10,10,9,3
9,1913,4,0,4,0,10,10,4,4,3,3,4,3,10,10,9,3
9,1913,4,0,4,0,10,10,4,2,3,3,4,3,10,10,5,3
9,1913,4,0,4,0,10,10,4,2,3,3,4,3,10,10,5,2
9,1913,4,0,4,0,10,10,4,2,3,3,4,3,8,10,5,2
9,1913,4,0,4,0,9,10,4,2,3,3,3,3,8,9,5,2
9,1913,4,0,4,0,9,10,4,2,3,3,3,3,8,8,0,1
9,1913,4,0,4,0,9,10,4,2,3,3,3,3,8,8,0,1
9,1913,4,0,4,0,9,10,4,2,3,3,3,3,8,8,0,1
9,1913,4,0,4,0,9,10,4,2,3,3,3,3,8,8,0,1
9,1913,4,0,4,0,9,10,4,2,3,3,3,3,8,8,0,1
9,1913,4,0,4,0,9,10,4,2,3,3,3,3,8,8,0,1
9,1913,4,0,4,0,9,10,4,2,3,3,3,3,7,8,0,1
10,1914,4,0,4,0,9,10,4,2,3,3,3,3,7,8,0,1
10,1914,4,0,4,0,9,10,4,2,3,3,3,3,7,8,0,1
10,1914,4,0,4,0,9,10,4,2,3,3,3,3,7,8,0,1
10,1914,4,0,4,0,9,10,4,2,3,3,3,3,7,8,0,1
10,1914,4,0,4,0,9,10,4,2,3,3,3,3,7,8,0,1
10,1914,4,0,4,0,9,10,4,2,3,3,3,3,7,8,0,1
10,1914,4,0,4,0,9,10,4,2,3,3,3,3,8,8,8,1
10,1914,4,0,4,0,10,10,4,2,3,1,4,4,8,8,8,1
10,1914,4,0,4,0,10,10,4,2,3,1,4,4,8,8,8,1
10,1914,4,0,4,0,10,10,4,2,3,1,4,4,8,8,9,1
10,1914,4,0,4,0,10,10,4,2,3,1,4,4,8,8,9,1
10,1914,4,0,4,0,10,10,4,2,3,1,4,4,8,8,9,1
10,1914,4,0,4,0,10,10,4,2,3,1,4,4,8,8,9,1
10,1914,4,0,4,0,10,10,4,2,3,1,4,4,8,8,5,1
10,1914,4,0,4,0,10,10,4,2,3,1,4,4,8,8,5,1
10,1914,4,0,4,0,10,10,4,2,3,1,4,4,8,8,5,1
10,1914,4,0,4,0,9,10,4,2,3,1,3,4,8,8,5,1
10,1914,4,0,4,0,9,9,4,2,3,1,3,4,8,8,0,1
10,1914,4,0,4,0,9,9,4,2,3,1,3,4,8,8,0,1
10,1914,4,0,4,0,9,9,4,2,3,1,3,4,8,8,0,1
10,1914,4,0,4,0,9,9,4,2,3,1,3,3,8,8,0,1
10,1914,4,0,4,0,9,9,4,2,3,1,3,3,8,8,0,1
10,1914,4,0,4,0,9,9,4,2,3,1,3,3,8,8,0,1
10,1914,4,0,4,0,9,9,4,2,3,1,3,3,7,8,0,1
11,1915,4,0,4,0,9,9,4,2,3,1,3,3,7,8,0,1
11,1915,4,0,4,0,9,9,4,2,3,1,3,3,7,8,0,1
11,1915,4,0,4,0,9,9,4,2,3,1,3,3,7,8,0,1
11,1915,4,0,4,0,9,9,4,2,3,1,3,3,7,8,0,1
11,1915,4,0,4,0,9,9,4,2,3,1,3,3,7,8,0,1
11,1915,4,0,4,0,9,9,4,2,3,1,3,3,7,8,0,1
11,1915,4,0,4,0,9,9,4,2,3,1,3,3,8,8,8,1
11,1915,4,0,4,0,10,8,4,1,3,3,4,4,8,8,8,1
11,1915,4,0,4,0,10,9,4,2,3,3,4,4,8,8,8,2
11,1915,4,0,4,0,10,10,4,4,3,3,4,4,8,8,9,2
11,1915,4,0,4,0,10,9,4,4,3,3,4,4,8,8,9,2
11,1915,4,0,4,0,10,10,4,4,3,3,4,4,8,8,9,2
11,1915,4,0,4,0,10,9,4,4,3,3,4,4,8,8,9,1
11,1915,4,0,4,0,10,10,4,4,3,3,4,4,8,8,5,0
11,1915,4,0,4,0,10,9,4,3,3,3,4,4,8,7,5,0
11,1915,4,0,4,0,10,9,4,3,3,3,4,4,8,7,5,0
11,1915,4,0,4,0,9,9,4,3,3,3,3,4,8,7,5,0
11,1915,4,0,4,0,9,9,4,3,3,3,3,4,8,7,0,0
11,1915,4,0,4,0,9,9,4,2,3,3,3,4,8,7,0,0
11,1915,4,0,4,0,9,9,4,2,3,3,3,4,8,7,0,0
11,1915,4,0,4,0,9,9,4,2,3,3,3,3,8,7,0,0
11,1915,4,0,4,0,9,9,4,2,3,3,3,3,8,7,0,0
11,1915,4,0,4,0,9,9,4,2,3,2,3,3,8,7,0,0
11,1915,4,0,4,0,9,9,4,2,3,2,3,3,7,7,0,0
12,1916,4,0,3,0,8,9,3,2,2,2,2,3,7,7,0,0
12,1916,4,0,3,0,8,9,3,2,2,2,2,3,7,7,0,0
12,1916,4,0,3,0,8,9,3,2,2,2,2,3,7,7,0,0
12,1916,4,0,3,0,8,9,3,2,2,2,2,3,7,7,0,0
12,1916,4,0,3,0,8,9,3,2,2,2,2,3,7,7,0,0
12,1916,4,0,3,0,8,9,3,2,2,2,2,3,7,7,0,0
12,1916,4,0,3,0,8,9,3,2,2,2,3,3,10,7,0,0
12,1916,4,0,3,0,8,9,3,2,2,2,3,2,10,7,0,0
12,1916,4,0,3,0,8,9,3,2,2,2,3,2,10,7,0,0
12,1916,4,0,3,0,8,9,3,2,2,2,3,2,10,7,0,0
12,1916,4,0,3,0,8,9,3,2,2,2,3,2,10,7,0,0
12,1916,4,0,3,0,8,9,3,1,2,2,3,2,10,7,0,0
12,1916,4,0,3,0,8,9,3,1,2,2,3,2,10,7,0,0
12,1916,4,0,3,0,8,9,3,1,2,2,3,2,10,7,0,0
12,1916,4,0,3,0,8,9,3,1,2,2,3,2,10,7,0,0
12,1916,4,0,3,0,8,9,3,1,2,2,2,2,8,7,0,0
12,1916,4,0,3,0,8,9,3,1,2,2,2,2,8,7,0,0
12,1916,4,0,3,0,8,9,3,1,2,2,2,2,8,7,0,0
12,1916,4,0,3,0,8,9,3,1,2,2,2,2,8,7,0,0
12,1916,4,0,3,0,8,9,3,1,2,2,2,2,8,7,0,0
12,1916,4,0,3,0,8,9,3,1,2,2,2,2,8,7,0,0
12,1916,4,0,3,0,8,9,3,1,2,2,2,2,8,7,0,0
12,1916,4,0,3,0,8,9,3,1,2,1,2,2,8,7,0,0
12,1916,4,0,3,0,8,9,3,1,2,1,2,2,7,7,0,0
13,1917,4,0,3,0,8,9,3,1,2,1,2,2,4,7,0,0
13,1917,4,0,3,0,8,9,3,1,2,1,2,2,4,7,0,0
13,1917,4,0,3,0,8,9,3,1,2,1,2,2,4,7,0,0
13,1917,4,0,3,0,8,9,3,1,2,1,2,2,4,7,0,0
13,1917,4,0,3,0,8,9,3,1,2,1,2,2,4,7,0,0
13,1917,4,0,3,0,8,9,3,1,2,1,2,2,4,7,0,0
13,1917,4,0,3,0,8,9,3,1,2,1,3,2,4,7,0,0
13,1917,4,0,3,0,8,9,3,1,2,1,3,2,5,7,0,0
13,1917,4,0,3,0,8,9,3,0,2,1,3,2,5,7,0,0
13,1917,4,0,3,0,8,9,3,0,2,1,3,2,5,7,0,0
13,1917,4,0,3,0,8,9,3,0,2,1,3,2,5,7,0,0
13,1917,4,0,3,0,8,9,3,0,2,1,3,2,5,7,0,0
13,1917,4,0,3,0,8,9,3,0,2,1,3,2,5,7,0,0
13,1917,4,0,3,0,8,9,3,0,2,1,3,2,5,7,0,0
13,1917,4,0,3,0,8,9,3,0,2,1,3,2,5,7,0,0
13,1917,4,0,3,0,8,9,3,0,2,1,2,2,4,7,0,0
13,1917,4,0,3,0,8,9,3,0,2,1,2,2,4,7,0,0
13,1917,4,0,3,0,8,9,3,0,2,1,2,2,4,7,0,0
13,1917,4,0,3,0,8,9,3,0,2,1,2,2,4,7,0,0
13,1917,4,0,3,0,8,9,3,0,2,1,2,1,4,7,0,0
13,1917,4,0,3,0,8,9,3,0,2,1,2,1,4,7,0,0
13,1917,4,0,3,0,8,9,3,0,2,1,2,1,4,7,0,0
13,1917,4,0,3,0,8,8,3,0,2,1,2,1,4,7,0,0
13,1917,4,0,3,0,8,8,3,0,2,1,2,1,4,7,0,0
14,1918,4,0,4,0,9,8,4,0,3,1,3,1,7,7,0,0
14,1918,4,0,4,0,9,8,4,0,3,1,3,1,7,7,0,0
14,1918,4,0,4,0,9,8,4,0,3,1,3,1,7,7,0,0
14,1918,4,0,4,0,9,8,4,0,3,1,3,1,7,7,0,0
14,1918,4,0,4,0,9,8,4,0,3,1,3,1,7,7,0,0
14,1918,4,0,4,0,9,8,4,0,3,1,3,1,7,7,0,0
14,1918,4,0,4,0,9,8,4,0,3,1,3,1,8,7,8,0
14,1918,4,0,4,0,10,9,4,2,3,0,4,2,8,8,8,2
14,1918,4,0,4,0,10,10,4,2,3,0,4,2,8,8,8,2
14,1918,4,0,4,0,10,10,4,3,3,0,4,2,8,8,9,2
14,1918,4,0,4,0,10,10,4,3,3,0,4,2,8,8,9,2
14,1918,4,0,4,0,10,10,4,3,3,0,4,2,8,8,9,2
14,1918,4,0,4,0,10,10,4,3,3,0,4,2,8,8,9,2
14,1918,4,0,4,0,10,10,4,2,3,0,4,2,8,8,5,2
14,1918,4,0,4,0,10,10,4,2,3,0,4,2,8,8,5,2
14,1918,4,0,4,0,10,10,4,2,3,0,4,2,8,9,5,2
14,1918,4,0,4,0,9,10,4,2,3,0,3,2,8,9,5,2
14,1918,4,0,4,0,9,10,4,2,3,0,3,2,8,8,0,1
14,1918,4,0,4,0,9,10,4,2,3,0,3,2,8,8,0,1
14,1918,4,0,4,0,9,10,4,2,3,0,3,2,8,8,0,0
14,1918,4,0,4,0,9,10,4,2,3,0,3,2,8,8,0,0
14,1918,4,0,4,0,9,10,4,2,3,0,3,2,8,8,0,0
14,1918,4,0,4,0,9,10,4,2,3,0,3,2,8,8,0,0
14,1918,4,0,4,0,9,10,4,2,3,0,3,2,7,8,0,0
15,1919,4,0,4,0,9,10,4,2,3,0,3,2,4,8,0,0
15,1919,4,0,4,0,9,10,4,2,3,0,3,2,4,8,0,0
15,1919,4,0,4,0,9,10,4,2,3,0,3,2,4,8,0,0
15,1919,4,0,4,0,9,10,4,2,3,0,3,2,4,8,0,0
15,1919,4,0,4,0,9,10,4,2,3,0,3,2,4,8,0,0
15,1919,4,0,4,0,9,10,4,2,3,0,3,2,4,8,0,0
15,1919,4,0,4,0,9,10,4,2,3,0,3,2,4,8,8,0
15,1919,4,0,4,0,10,9,4,1,3,3,4,3,5,8,8,2
15,1919,4,0,4,0,10,10,4,2,3,3,4,3,5,8,8,3
15,1919,4,0,4,0,10,9,4,3,3,2,4,3,5,8,9,4
15,1919,4,0,4,0,10,10,4,3,3,3,4,3,5,8,9,4
15,1919,4,0,4,0,10,10,4,4,3,3,4,3,5,8,9,4
15,1919,4,0,4,0,10,10,4,4,3,2,4,3,5,8,9,4
15,1919,4,0,4,0,10,10,4,4,3,2,4,3,5,8,5,4
15,1919,4,0,4,0,10,10,4,4,3,2,4,3,5,8,5,4
15,1919,4,0,4,0,10,10,4,4,3,2,4,3,4,8,5,3
15,1919,4,0,4,0,9,10,4,4,3,2,3,3,4,8,5,3
15,1919,4,0,4,0,9,10,4,4,3,2,3,3,4,8,0,3
15,1919,4,0,4,0,9,10,4,4,3,2,3,3,4,8,0,3
15,1919,4,0,4,0,9,9,4,4,3,2,3,3,4,8,0,2
15,1919,4,0,4,0,9,9,4,4,3,2,3,3,4,8,0,2
15,1919,4,0,4,0,9,9,4,3,3,2,3,3,4,8,0,2
15,1919,4,0,4,0,9,9,4,3,3,2,3,3,4,8,0,2
15,1919,4,0,4,0,9,9,4,3,3,2,3,3,4,8,0,2
16,1920,4,0,4,0,9,9,4,3,3,2,3,3,7,8,0,2
16,1920,4,0,4,0,9,9,4,3,3,2,3,3,7,8,0,2
16,1920,4,0,4,0,9,9,4,3,3,2,3,3,7,8,0,2
16,1920,4,0,4,0,9,9,4,3,3,2,3,3,7,8,0,2
16,1920,4,0,4,0,9,9,4,3,3,2,3,3,7,8,0,2
16,1920,4,0,4,0,9,9,4,3,3,2,3,3,7,8,0,2
16,1920,4,0,4,0,9,9,4,3,3,2,3,3,10,9,8,2
16,1920,4,0,4,0,10,10,4,4,3,1,4,4,10,10,8,2
16,1920,4,0,4,0,10,10,4,4,3,1,4,4,10,10,8,2
16,1920,4,0,4,0,10,10,4,4,3,2,4,4,10,10,9,3
16,1920,4,0,4,0,10,10,4,4,3,2,4,4,10,10,9,2
16,1920,4,0,4,0,10,10,4,4,3,3,4,4,10,10,9,1
16,1920,4,0,4,0,10,10,4,4,3,3,4,3,10,10,9,1
16,1920,4,0,4,0,10,10,4,4,3,3,4,3,10,11,5,1
16,1920,4,0,4,0,10,10,4,4,3,1,4,3,10,11,5,1
16,1920,4,0,4,0,10,10,4,4,3,1,4,3,8,11,5,1
16,1920,4,0,4,0,9,10,4,4,3,1,3,3,8,10,5,0
16,1920,4,0,4,0,9,10,4,4,3,1,3,3,8,10,0,0
16,1920,4,0,4,0,9,10,4,4,3,1,3,3,8,9,0,0
16,1920,4,0,4,0,9,10,4,4,3,1,3,3,8,9,0,0
16,1920,4,0,4,0,9,10,4,4,3,1,3,3,8,9,0,0
16,1920,4,0,4,0,9,10,4,4,3,1,3,3,8,9,0,0
16,1920,4,0,4,0,9,10,4,4,3,1,3,3,8,9,0,0
16,1920,4,0,4,0,9,10,4,4,3,1,3,3,7,9,0,0
17,1921,4,0,4,0,9,10,4,4,3,1,3,3,7,9,0,0
17,1921,4,0,4,0,9,10,4,4,3,1,3,3,7,9,0,0
17,1921,4,0,4,0,9,10,4,4,3,1,3,3,7,9,0,0
17,1921,4,0,4,0,9,10,4,4,3,1,3,3,7,9,0,0
17,1921,4,0,4,0,9,10,4,4,3,1,3,3,7,9,0,0
17,1921,4,0,4,0,9,10,4,4,3,1,3,3,7,9,0,0
17,1921,4,0,4,0,9,10,4,4,3,1,3,3,8,9,8,0
17,1921,4,0,4,0,10,10,4,4,3,2,4,3,8,9,8,0
17,1921,4,0,4,0,10,10,4,4,3,2,4,3,8,9,8,0
17,1921,4,0,4,0,10,10,4,4,3,2,4,3,8,8,9,0
17,1921,4,0,4,0,10,10,4,4,3,2,4,3,8,8,9,0
17,1921,4,0,4,0,10,10,4,4,3,2,4,3,8,8,9,0
17,1921,4,0,4,0,10,10,4,4,3,2,4,3,8,8,9,0
17,1921,4,0,4,0,10,10,4,4,3,2,4,3,8,8,5,0
17,1921,4,0,4,0,10,10,4,4,3,2,4,3,8,8,5,0
17,1921,4,0,4,0,10,10,4,3,3,2,4,3,8,8,5,0
17,1921,4,0,4,0,9,10,4,3,3,2,3,3,8,8,5,0
17,1921,4,0,4,0,9,10,4,3,3,2,3,3,8,8,0,0
17,1921,4,0,4,0,9,10,4,3,3,2,3,3,8,8,0,0
17,1921,4,0,4,0,9,10,4,3,3,2,3,3,8,8,0,0
17,1921,4,0,4,0,9,10,4,3,3,2,3,3,8,8,0,0
17,1921,4,0,4,0,9,9,4,3,3,2,3,3,8,7,0,0
17,1921,4,0,4,0,9,9,4,3,3,2,3,3,8,7,0,0
17,1921,4,0,4,0,9,9,4,3,3,2,3,3,7,7,0,0
18,1922,4,0,4,0,9,9,4,3,3,2,3,3,7,7,0,0
18,1922,4,0,4,0,9,9,4,3,3,2,3,3,7,7,0,0
18,1922,4,0,4,0,9,9,4,3,3,2,3,3,7,7,0,0
18,1922,4,0,4,0,9,9,4,3,3,2,3,3,7,7,0,0
18,1922,4,0,4,0,9,9,4,3,3,2,3,3,7,7,0,0
18,1922,4,0,4,0,9,9,4,3,3,2,3,3,7,7,0,0
18,1922,4,0,4,0,9,9,4,3,3,2,3,3,8,7,8,0
18,1922,4,0,4,0,10,9,4,3,3,3,4,4,8,8,8,1
18,1922,4,0,4,0,10,10,4,4,3,3,4,4,8,8,8,1
18,1922,4,0,4,0,10,10,4,4,3,3,4,4,8,8,9,2
18,1922,4,0,4,0,10,10,4,3,3,3,4,4,8,8,9,2
18,1922,4,0,4,0,10,10,4,4,3,3,4,4,8,8,9,2
18,1922,4,0,4,0,10,10,4,4,3,3,4,4,8,9,9,2
18,1922,4,0,4,0,10,10,4,4,3,3,4,4,8,8,5,1
18,1922,4,0,4,0,10,10,4,3,3,3,4,4,8,8,5,1
18,1922,4,0,4,0,10,10,4,3,3,2,4,4,8,8,5,1
18,1922,4,0,4,0,9,10,4,3,3,2,3,4,8,8,5,1
18,1922,4,0,4,0,9,10,4,3,3,2,3,4,8,8,0,1
18,1922,4,0,4,0,9,10,4,3,3,2,3,4,8,8,0,1
18,1922,4,0,4,0,9,10,4,3,3,2,3,4,8,8,0,1
18,1922,4,0,4,0,9,10,4,3,3,2,3,4,8,8,0,1
18,1922,4,0,4,0,9,8,4,3,3,2,3,4,8,8,0,1
18,1922,4,0,4,0,9,8,4,3,3,2,3,4,8,8,0,1
18,1922,4,0,4,0,9,8,4,3,3,2,3,4,7,8,0,1
19,1923,4,0,3,0,8,8,3,3,2,2,2,4,7,8,0,1
19,1923,4,0,3,0,8,8,3,3,2,2,2,4,7,8,0,1
19,1923,4,0,3,0,8,8,3,3,2,2,2,4,7,8,0,1
19,1923,4,0,3,0,8,8,3,3,2,2,2,4,7,8,0,1
19,1923,4,0,3,0,8,8,3,3,2,2,2,4,7,8,0,1
19,1923,4,0,3,0,8,8,3,3,2,2,2,4,7,8,0,1
19,1923,4,0,3,0,8,8,3,3,2,2,3,4,10,8,0,1
19,1923,4,0,3,0,8,7,3,3,2,2,3,3,10,6,0,0
19,1923,4,0,3,0,8,7,3,3,2,2,3,3,10,6,0,0
19,1923,4,0,3,0,8,7,3,2,2,2,3,3,10,6,0,0
19,1923,4,0,3,0,8,7,3,2,2,2,3,3,10,6,0,0
19,1923,4,0,3,0,8,7,3,2,2,2,3,3,10,6,0,0
19,1923,4,0,3,0,8,7,3,1,2,1,3,3,10,6,0,0
19,1923,4,0,3,0,8,7,3,1,2,1,3,3,10,6,0,0
19,1923,4,0,3,0,8,6,3,1,2,1,3,2,10,5,0,0
19,1923,4,0,3,0,8,6,3,1,2,1,2,2,8,5,0,0
19,1923,4,0,3,0,8,6,3,1,2,1,2,2,8,5,0,0
19,1923,4,0,3,0,8,6,3,1,2,1,2,2,8,5,0,0
19,1923,4,0,3,0,8,6,3,1,2,1,2,2,8,5,0,0
19,1923,4,0,3,0,8,6,3,1,2,1,2,2,8,5,0,0
19,1923,4,0,3,0,8,6,3,1,2,1,2,2,8,5,0,0
19,1923,4,0,3,0,8,6,3,0,2,1,2,2,8,5,0,0
19,1923,4,0,3,0,8,6,3,0,2,1,2,2,8,5,0,0
19,1923,4,0,3,0,8,6,3,0,2,1,2,2,7,5,0,0
20,1924,4,0,3,0,8,6,3,0,2,1,2,2,4,5,0,0
20,1924,4,0,3,0,8,6,3,0,2,1,2,2,4,5,0,0
20,1924,4,0,3,0,8,6,3,0,2,1,2,2,4,5,0,0
20,1924,4,0,3,0,8,6,3,0,2,1,2,2,4,5,0,0
20,1924,4,0,3,0,8,6,3,0,2,1,2,2,4,5,0,0
20,1924,4,0,3,0,8,6,3,0,2,1,2,2,4,5,0,0
20,1924,4,0,3,0,8,6,3,0,2,1,3,2,4,5,0,0
20,1924,4,0,3,0,8,6,3,0,2,1,3,0,5,5,0,0
20,1924,4,0,3,0,8,6,3,0,2,1,3,0,5,5,0,0
20,1924,4,0,3,0,8,6,3,0,2,1,3,0,5,5,0,0
20,1924,4,0,3,0,8,6,3,0,2,1,3,0,5,5,0,0
20,1924,4,0,3,0,8,5,3,0,2,1,3,0,5,5,0,0
20,1924,4,0,3,0,8,5,3,0,2,1,3,0,5,5,0,0
20,1924,4,0,3,0,8,5,3,0,2,1,3,0,5,5,0,0
20,1924,4,0,3,0,8,5,3,0,2,1,3,0,5,5,0,0
20,1924,4,0,3,0,8,5,3,0,2,1,2,0,4,5,0,0
20,1924,4,0,3,0,8,5,3,0,2,1,2,0,4,5,0,0
20,1924,4,0,3,0,8,5,3,0,2,1,2,0,4,5,0,0
20,1924,4,0,3,0,8,5,3,0,2,1,2,0,4,5,0,0
20,1924,4,0,3,0,8,5,3,0,2,1,2,0,4,5,0,0
20,1924,4,0,3,0,8,5,3,0,2,1,2,0,4,5,0,0
20,1924,4,0,3,0,8,5,3,0,2,1,2,0,4,5,0,0
20,1924,4,0,3,0,8,5,3,0,2,1,2,0,4,5,0,0
20,1924,4,0,3,0,8,5,3,0,2,1,2,0,4,5,0,0
21,1925,4,0,4,0,9,5,4,0,3,1,3,0,7,5,0,0
21,1925,4,0,4,0,9,5,4,0,3,1,3,0,7,5,0,0
21,1925,4,0,4,0,9,5,4,0,3,1,3,0,7,5,0,0
21,1925,4,0,4,0,9,5,4,0,3,1,3,0,7,5,0,0
21,1925,4,0,4,0,9,5,4,0,3,1,3,0,7,5,0,0
21,1925,4,0,4,0,9,5,4,0,3,1,3,0,7,5,0,0
21,1925,4,0,4,0,9,5,4,0,3,1,3,0,8,5,8,0
21,1925,4,0,4,0,10,8,4,2,3,2,4,1,8,6,8,1
21,1925,4,0,4,0,10,9,4,3,3,3,4,1,8,6,8,1
21,1925,4,0,4,0,10,10,4,4,3,3,4,1,8,7,9,1
21,1925,4,0,4,0,10,10,4,4,3,3,4,1,8,6,9,1
21,1925,4,0,4,0,10,9,4,4,3,3,4,1,8,6,9,1
21,1925,4,0,4,0,10,9,4,4,3,3,4,1,8,6,9,1
21,1925,4,0,4,0,10,8,4,4,3,3,4,1,8,5,5,1
21,1925,4,0,4,0,10,8,4,4,3,3,4,1,8,5,5,1
21,1925,4,0,4,0,10,8,4,4,3,3,4,1,8,5,5,1
21,1925,4,0,4,0,9,8,4,4,3,3,3,1,8,5,5,1
21,1925,4,0,4,0,9,8,4,4,3,3,3,1,8,5,0,1
21,1925,4,0,4,0,9,7,4,4,3,3,3,1,8,5,0,1
21,1925,4,0,4,0,9,7,4,4,3,2,3,1,8,5,0,1
21,1925,4,0,4,0,9,7,4,4,3,2,3,1,8,5,0,1
21,1925,4,0,4,0,9,7,4,4,3,2,3,1,8,5,0,1
21,1925,4,0,4,0,9,7,4,4,3,2,3,1,8,5,0,1
21,1925,4,0,4,0,9,7,4,4,3,2,3,1,7,5,0,1
22,1926,4,0,4,0,9,7,4,4,3,2,3,1,4,5,0,1
22,1926,4,0,4,0,9,7,4,4,3,2,3,1,4,5,0,1
22,1926,4,0,4,0,9,7,4,4,3,2,3,1,4,5,0,1
22,1926,4,0,4,0,9,7,4,4,3,2,3,1,4,5,0,1
22,1926,4,0,4,0,9,7,4,4,3,2,3,1,4,5,0,1
22,1926,4,0,4,0,9,7,4,4,3,2,3,1,4,5,0,1
22,1926,4,0,4,0,9,7,4,4,3,2,3,1,4,5,8,1
22,1926,4,0,4,0,10,9,4,4,3,3,4,2,5,5,8,6
22,1926,4,0,4,0,10,10,4,4,3,3,4,2,5,6,8,7
22,1926,4,0,4,0,10,10,4,4,3,2,4,2,5,6,9,8
22,1926,4,0,4,0,10,9,4,4,3,2,4,2,5,6,9,9
22,1926,4,0,4,0,10,10,4,4,3,2,4,2,5,6,9,8
22,1926,4,0,4,0,10,10,4,4,3,2,4,2,5,6,9,8
22,1926,4,0,4,0,10,10,4,4,3,2,4,2,5,6,5,8
22,1926,4,0,4,0,10,10,4,4,3,2,4,2,5,5,5,7
22,1926,4,0,4,0,10,10,4,4,3,2,4,2,4,5,5,6
22,1926,4,0,4,0,9,10,4,4,3,2,3,2,4,5,5,6
22,1926,4,0,4,0,9,10,4,4,3,2,3,2,4,5,0,6
22,1926,4,0,4,0,9,10,4,4,3,2,3,2,4,5,0,6
22,1926,4,0,4,0,9,10,4,4,3,2,3,2,4,5,0,5
22,1926,4,0,4,0,9,10,4,4,3,2,3,2,4,4,0,4
22,1926,4,0,4,0,9,10,4,4,3,2,3,2,4,4,0,4
22,1926,4,0,4,0,9,9,4,4,3,2,3,2,4,4,0,4
22,1926,4,0,4,0,9,9,4,4,3,2,3,2,4,4,0,4
23,1927,4,0,4,0,9,9,4,4,3,2,3,2,7,6,0,4
23,1927,4,0,4,0,9,9,4,4,3,2,3,2,7,6,0,4
23,1927,4,0,4,0,9,9,4,4,3,2,3,2,7,6,0,4
23,1927,4,0,4,0,9,9,4,4,3,2,3,2,7,6,0,4
23,1927,4,0,4,0,9,9,4,4,3,2,3,2,7,6,0,4
23,1927,4,0,4,0,9,9,4,4,3,2,3,2,7,6,0,4
23,1927,4,0,4,0,9,9,4,4,3,2,3,2,10,6,8,4
23,1927,4,0,4,0,10,10,4,4,3,3,4,3,10,10,8,1
23,1927,4,0,4,0,10,10,4,4,3,3,4,3,10,10,8,0
23,1927,4,0,4,0,10,10,4,4,3,3,4,3,10,10,9,0
23,1927,4,0,4,0,10,10,4,4,3,3,4,3,10,10,9,0
23,1927,4,0,4,0,10,10,4,4,3,3,4,3,10,10,9,0
23,1927,4,0,4,0,10,10,4,4,3,3,4,3,10,10,9,0
23,1927,4,0,4,0,10,10,4,4,3,3,4,3,10,10,5,0
23,1927,4,0,4,0,10,10,4,4,3,3,4,3,10,10,5,0
23,1927,4,0,4,0,10,10,4,4,3,3,4,3,8,10,5,0
23,1927,4,0,4,0,9,10,4,4,3,3,3,3,8,10,5,0
23,1927,4,0,4,0,9,10,4,4,3,3,3,3,8,10,0,0
23,1927,4,0,4,0,9,10,4,4,3,3,3,3,8,10,0,0
23,1927,4,0,4,0,9,10,4,4,3,3,3,3,8,10,0,0
23,1927,4,0,4,0,9,10,4,4,3,3,3,2,8,10,0,0
23,1927,4,0,4,0,9,10,4,4,3,3,3,2,8,10,0,0
23,1927,4,0,4,0,9,9,4,4,3,3,3,2,8,9,0,0
23,1927,4,0,4,0,9,9,4,4,3,3,3,2,7,9,0,0
24,1928,4,0,4,0,9,9,4,4,3,3,3,2,7,9,0,0
24,1928,4,0,4,0,9,9,4,4,3,3,3,2,7,9,0,0
24,1928,4,0,4,0,9,9,4,4,3,3,3,2,7,9,0,0
24,1928,4,0,4,0,9,9,4,4,3,3,3,2,7,9,0,0
24,1928,4,0,4,0,9,9,4,4,3,3,3,2,7,9,0,0
24,1928,4,0,4,0,9,9,4,4,3,3,3,2,7,9,0,0
24,1928,4,0,4,0,9,9,4,4,3,3,3,2,8,9,8,0
24,1928,4,0,4,0,10,9,4,4,3,3,4,3,8,9,8,0
24,1928,4,0,4,0,10,10,4,4,3,3,4,3,8,9,8,0
24,1928,4,0,4,0,10,10,4,4,3,3,4,3,8,9,9,0
24,1928,4,0,4,0,10,10,4,4,3,3,4,3,8,9,9,0
24,1928,4,0,4,0,10,9,4,4,3,3,4,3,8,9,9,0
24,1928,4,0,4,0,10,9,4,4,3,3,4,3,8,9,9,0
24,1928,4,0,4,0,10,9,4,4,3,3,4,3,8,9,5,0
24,1928,4,0,4,0,10,8,4,4,3,3,4,3,8,9,5,0
24,1928,4,0,4,0,10,8,4,4,3,3,4,3,8,8,5,0
24,1928,4,0,4,0,9,7,4,4,3,3,3,3,8,7,5,0
24,1928,4,0,4,0,9,7,4,4,3,3,3,3,8,7,0,0
24,1928,4,0,4,0,9,7,4,4,3,3,3,3,8,7,0,0
24,1928,4,0,4,0,9,7,4,4,3,3,3,3,8,7,0,0
24,1928,4,0,4,0,9,7,4,4,3,3,3,3,8,7,0,0
24,1928,4,0,4,0,9,7,4,4,3,3,3,3,8,7,0,0
24,1928,4,0,4,0,9,7,4,4,3,3,3,3,8,7,0,0
24,1928,4,0,4,0,9,7,4,4,3,3,3,3,7,7,0,0
25,1929,4,0,4,0,9,7,4,4,3,3,3,3,7,7,0,0
25,1929,4,0,4,0,9,7,4,4,3,3,3,3,7,7,0,0
25,1929,4,0,4,0,9,7,4,4,3,3,3,3,7,7,0,0
25,1929,4,0,4,0,9,7,4,4,3,3,3,3,7,7,0,0
25,1929,4,0,4,0,9,7,4,4,3,3,3,3,7,7,0,0
25,1929,4,0,4,0,9,7,4,4,3,3,3,3,7,7,0,0
25,1929,4,0,4,0,9,7,4,4,3,3,3,3,8,7,8,0
25,1929,4,0,4,0,10,10,4,2,3,3,4,4,8,8,8,1
25,1929,4,0,4,0,10,10,4,4,3,3,4,4,8,8,8,1
25,1929,4,0,4,0,10,10,4,4,3,3,4,4,8,8,9,2
25,1929,4,0,4,0,10,10,4,4,3,3,4,4,8,8,9,3
25,1929,4,0,4,0,10,10,4,4,3,3,4,4,8,8,9,4
25,1929,4,0,4,0,10,10,4,4,3,3,4,4,8,8,9,4
25,1929,4,0,4,0,10,10,4,4,3,3,4,4,8,9,5,4
25,1929,4,0,4,0,10,10,4,3,3,3,4,3,8,8,5,3
25,1929,4,0,4,0,10,10,4,3,3,3,4,3,8,8,5,1
25,1929,4,0,4,0,9,10,4,3,3,3,3,3,8,8,5,1
25,1929,4,0,4,0,9,10,4,3,3,3,3,3,8,8,0,1
25,1929,4,0,4,0,9,10,4,3,3,3,3,3,8,8,0,1
25,1929,4,0,4,0,9,9,4,3,3,3,3,3,8,8,0,1
25,1929,4,0,4,0,9,9,4,3,3,3,3,3,8,8,0,1
25,1929,4,0,4,0,9,9,4,3,3,3,3,3,8,8,0,1
25,1929,4,0,4,0,9,9,4,3,3,3,3,3,8,8,0,1
25,1929,4,0,4,0,9,9,4,3,3,3,3,3,7,8,0,1
26,1930,4,0,3,0,8,9,3,3,2,3,2,3,7,8,0,1
26,1930,4,0,3,0,8,9,3,3,2,3,2,3,7,8,0,1
26,1930,4,0,3,0,8,9,3,3,2,3,2,3,7,8,0,1
26,1930,4,0,3,0,8,9,3,3,2,3,2,3,7,8,0,1
26,1930,4,0,3,0,8,9,3,3,2,3,2,3,7,8,0,1
26,1930,4,0,3,0,8,9,3,3,2,3,2,3,7,8,0,1
26,1930,4,0,3,0,8,9,3,3,2,3,3,3,10,8,0,1
26,1930,4,0,3,0,8,8,3,2,2,2,3,2,10,7,0,0
26,1930,4,0,3,0,8,8,3,2,2,2,3,2,10,7,0,0
26,1930,4,0,3,0,8,8,3,2,2,2,3,2,10,7,0,0
26,1930,4,0,3,0,8,7,3,2,2,2,3,2,10,6,0,0
26,1930,4,0,3,0,8,7,3,2,2,2,3,2,10,6,0,0
26,1930,4,0,3,0,8,7,3,2,2,2,3,2,10,6,0,0
26,1930,4,0,3,0,8,7,3,2,2,2,3,2,10,6,0,0
26,1930,4,0,3,0,8,7,3,2,2,2,3,2,10,6,0,0
26,1930,4,0,3,0,8,7,3,2,2,2,2,2,8,6,0,0
26,1930,4,0,3,0,8,7,3,2,2,2,2,2,8,6,0,0
26,1930,4,0,3,0,8,7,3,2,2,2,2,2,8,6,0,0
26,1930,4,0,3,0,8,7,3,2,2,2,2,2,8,6,0,0
26,1930,4,0,3,0,8,7,3,2,2,2,2,2,8,6,0,0
26,1930,4,0,3,0,8,7,3,2,2,2,2,2,8,6,0,0
26,1930,4,0,3,0,8,7,3,2,2,2,2,2,8,6,0,0
26,1930,4,0,3,0,8,7,3,2,2,2,2,2,8,6,0,0
26,1930,4,0,3,0,8,7,3,2,2,2,2,2,7,6,0,0
27,1931,4,0,3,0,8,7,3,2,2,2,2,2,4,6,0,0
27,1931,4,0,3,0,8,7,3,2,2,2,2,2,4,6,0,0
27,1931,4,0,3,0,8,7,3,2,2,2,2,2,4,6,0,0
27,1931,4,0,3,0,8,7,3,2,2,2,2,2,4,6,0,0
27,1931,4,0,3,0,8,7,3,2,2,2,2,2,4,6,0,0
27,1931,4,0,3,0,8,7,3,2,2,2,2,2,4,6,0,0
27,1931,4,0,3,0,8,7,3,2,2,2,3,2,4,6,0,0
27,1931,4,0,3,0,8,7,3,2,2,2,3,2,5,6,0,0
27,1931,4,0,3,0,8,6,3,2,2,2,3,2,5,6,0,0
27,1931,4,0,3,0,8,6,3,2,2,2,3,2,5,6,0,0
27,1931,4,0,3,0,8,6,3,2,2,2,3,2,5,5,0,0
27,1931,4,0,3,0,8,6,3,2,2,2,3,2,5,5,0,0
27,1931,4,0,3,0,8,6,3,2,2,2,3,2,5,5,0,0
27,1931,4,0,3,0,8,6,3,2,2,2,3,2,5,5,0,0
27,1931,4,0,3,0,8,6,3,2,2,2,3,2,5,5,0,0
27,1931,4,0,3,0,8,6,3,2,2,2,2,2,4,5,0,0
27,1931,4,0,3,0,8,6,3,2,2,2,2,2,4,5,0,0
27,1931,4,0,3,0,8,5,3,2,2,2,2,2,4,5,0,0
27,1931,4,0,3,0,8,5,3,2,2,2,2,2,4,5,0,0
27,1931,4,0,3,0,8,5,3,2,2,2,2,2,4,5,0,0
27,1931,4,0,3,0,8,5,3,2,2,2,2,2,4,5,0,0
27,1931,4,0,3,0,8,5,3,2,2,2,2,2,4,5,0,0
27,1931,4,0,3,0,8,5,3,2,2,2,2,2,4,5,0,0
27,1931,4,0,3,0,8,5,3,2,2,2,2,2,4,5,0,0
0,1932,4,0,4,0,9,5,4,2,3,2,3,2,7,5,0,0
0,1932,4,0,4,0,9,5,4,2,3,2,3,2,7,5,0,0
0,1932,4,0,4,0,9,5,4,2,3,2,3,2,7,5,0,0
0,1932,4,0,4,0,9,5,4,2,3,2,3,2,7,5,0,0
0,1932,4,0,4,0,9,5,4,2,3,2,3,2,7,5,0,0
0,1932,4,0,4,0,9,5,4,2,3,2,3,2,7,5,0,0
0,1932,4,0,4,0,9,5,4,2,3,2,3,2,8,5,8,0
0,1932,4,0,4,0,10,8,4,4,3,2,4,3,8,6,8,2
0,1932,4,0,4,0,10,9,4,4,3,3,4,3,8,6,8,2
0,1932,4,0,4,0,10,9,4,3,3,3,4,3,8,8,9,2
0,1932,4,0,4,0,10,10,4,3,3,3,4,3,8,8,9,2
0,1932,4,0,4,0,10,10,4,3,3,3,4,3,8,8,9,2
0,1932,4,0,4,0,10,10,4,3,3,3,4,3,8,8,9,2
0,1932,4,0,4,0,10,10,4,3,3,3,4,3,8,6,5,2
0,1932,4,0,4,0,10,9,4,2,3,3,4,3,8,7,5,0
0,1932,4,0,4,0,10,8,4,2,3,3,4,3,8,6,5,0
0,1932,4,0,4,0,9,8,4,2,3,3,3,3,8,6,5,0
0,1932,4,0,4,0,9,8,4,2,3,3,3,2,8,6,0,0
0,1932,4,0,4,0,9,8,4,2,3,3,3,2,8,6,0,0
0,1932,4,0,4,0,9,8,4,2,3,3,3,1,8,6,0,0
0,1932,4,0,4,0,9,8,4,2,3,3,3,1,8,6,0,0
0,1932,4,0,4,0,9,8,4,2,3,3,3,1,8,6,0,0
0,1932,4,0,4,0,9,8,4,2,3,3,3,1,8,6,0,0
0,1932,4,0,4,0,9,8,4,2,3,3,3,1,7,6,0,0
1,1933,4,0,4,0,9,8,4,2,3,3,3,1,4,6,0,0
1,1933,4,0,4,0,9,8,4,2,3,3,3,1,4,6,0,0
1,1933,4,0,4,0,9,8,4,2,3,3,3,1,4,6,0,0
1,1933,4,0,4,0,9,8,4,2,3,3,3,1,4,6,0,0
1,1933,4,0,4,0,9,8,4,2,3,3,3,1,4,6,0,0
1,1933,4,0,4,0,9,8,4,2,3,3,3,1,4,6,0,0
1,1933,4,0,4,0,9,8,4,2,3,3,3,1,4,6,8,0
1,1933,4,0,4,0,10,9,4,3,3,2,4,2,5,6,8,1
1,1933,4,0,4,0,10,10,4,4,3,3,4,2,5,6,8,1
1,1933,4,0,4,0,10,10,4,4,3,3,4,2,5,6,9,2
1,1933,4,0,4,0,10,10,4,3,3,3,4,2,5,6,9,2
1,1933,4,0,4,0,10,10,4,4,3,3,4,2,5,6,9,2
1,1933,4,0,4,0,10,10,4,4,3,3,4,2,5,6,9,2
1,1933,4,0,4,0,10,9,4,4,3,3,4,2,5,6,5,2
1,1933,4,0,4,0,10,9,4,4,3,3,4,2,5,6,5,2
1,1933,4,0,4,0,10,8,4,4,3,3,4,2,4,6,5,2
1,1933,4,0,4,0,9,8,4,4,3,3,3,2,4,6,5,2
1,1933,4,0,4,0,9,8,4,4,3,3,3,2,4,6,0,2
1,1933,4,0,4,0,9,7,4,4,3,3,3,2,4,6,0,1
1,1933,4,0,4,0,9,7,4,4,3,3,3,2,4,6,0,1
1,1933,4,0,4,0,9,7,4,3,3,3,3,2,4,6,0,1
1,1933,4,0,4,0,9,7,4,2,3,3,3,1,4,6,0,1
1,1933,4,0,4,0,9,7,4,2,3,3,3,1,4,6,0,1
1,1933,4,0,4,0,9,7,4,2,3,3,3,1,4,6,0,1
2,1934,4,0,4,0,9,7,4,2,3,3,3,1,7,7,0,1
2,1934,4,0,4,0,9,7,4,2,3,3,3,1,7,7,0,1
2,1934,4,0,4,0,9,7,4,2,3,3,3,1,7,7,0,1
2,1934,4,0,4,0,9,7,4,2,3,3,3,1,7,7,0,1
2,1934,4,0,4,0,9,7,4,2,3,3,3,1,7,7,0,1
2,1934,4,0,4,0,9,7,4,2,3,3,3,1,7,7,0,1
2,1934,4,0,4,0,9,7,4,2,3,3,3,1,10,7,8,1
2,1934,4,0,4,0,10,7,4,3,3,3,4,2,10,9,8,1
2,1934,4,0,4,0,10,9,4,4,3,3,4,2,10,10,8,1
2,1934,4,0,4,0,10,10,4,4,3,3,4,2,10,10,9,1
2,1934,4,0,4,0,10,10,4,4,3,3,4,2,10,10,9,1
2,1934,4,0,4,0,10,9,4,4,3,3,4,2,10,10,9,1
2,1934,4,0,4,0,10,9,4,4,3,3,4,2,10,10,9,1
2,1934,4,0,4,0,10,8,4,4,3,3,4,2,10,10,5,1
2,1934,4,0,4,0,10,8,4,4,3,3,4,2,10,9,5,1
2,1934,4,0,4,0,10,6,4,4,3,3,4,2,8,9,5,0
2,1934,4,0,4,0,9,6,4,4,3,3,3,2,8,9,5,0
2,1934,4,0,4,0,9,6,4,4,3,3,3,2,8,9,0,0
2,1934,4,0,4,0,9,6,4,4,3,3,3,2,8,9,0,0
2,1934,4,0,4,0,9,6,4,4,3,3,3,2,8,9,0,0
2,1934,4,0,4,0,9,6,4,4,3,3,3,2,8,9,0,0
2,1934,4,0,4,0,9,6,4,4,3,3,3,2,8,9,0,0
2,1934,4,0,4,0,9,6,4,4,3,3,3,2,8,9,0,0
2,1934,4,0,4,0,9,6,4,4,3,3,3,2,7,9,0,0
3,1935,4,0,4,0,9,6,4,4,3,3,3,2,7,9,0,0
3,1935,4,0,4,0,9,6,4,4,3,3,3,2,7,9,0,0
3,1935,4,0,4,0,9,6,4,4,3,3,3,2,7,9,0,0
3,1935,4,0,4,0,9,6,4,4,3,3,3,2,7,9,0,0
3,1935,4,0,4,0,9,6,4,4,3,3,3,2,7,9,0,0
3,1935,4,0,4,0,9,6,4,4,3,3,3,2,7,9,0,0
3,1935,4,0,4,0,9,6,4,4,3,3,3,2,8,9,8,0
3,1935,4,0,4,0,10,7,4,4,3,3,4,3,8,8,8,0
3,1935,4,0,4,0,10,8,4,4,3,3,4,3,8,8,8,0
3,1935,4,0,4,0,10,10,4,4,3,3,4,3,8,8,9,0
3,1935,4,0,4,0,10,10,4,4,3,3,4,3,8,8,9,0
3,1935,4,0,4,0,10,10,4,3,3,3,4,3,8,8,9,0
3,1935,4,0,4,0,10,9,4,3,3,3,4,3,8,8,9,0
3,1935,4,0,4,0,10,10,4,3,3,3,4,3,8,8,5,0
3,1935,4,0,4,0,10,10,4,3,3,3,4,3,8,8,5,0
3,1935,4,0,4,0,10,10,4,3,3,3,4,3,8,8,5,0
3,1935,4,0,4,0,9,9,4,3,3,3,3,3,8,8,5,0
3,1935,4,0,4,0,9,9,4,3,3,3,3,3,8,7,0,0
3,1935,4,0,4,0,9,9,4,3,3,3,3,3,8,7,0,0
3,1935,4,0,4,0,9,9,4,3,3,3,3,3,8,7,0,0
3,1935,4,0,4,0,9,9,4,3,3,3,3,3,8,7,0,0
3,1935,4,0,4,0,9,9,4,3,3,3,3,3,8,7,0,0
3,1935,4,0,4,0,9,9,4,3,3,3,3,3,8,7,0,0
3,1935,4,0,4,0,9,9,4,3,3,3,3,3,7,7,0,0
4,1936,4,0,4,0,9,9,4,3,3,3,3,3,7,7,0,0
4,1936,4,0,4,0,9,9,4,3,3,3,3,3,7,7,0,0
4,1936,4,0,4,0,9,9,4,3,3,3,3,3,7,7,0,0
4,1936,4,0,4,0,9,9,4,3,3,3,3,3,7,7,0,0
4,1936,4,0,4,0,9,9,4,3,3,3,3,3,7,7,0,0
4,1936,4,0,4,0,9,9,4,3,3,3,3,3,7,7,0,0
4,1936,4,0,4,0,9,9,4,3,3,3,3,3,8,7,8,0
4,1936,4,0,4,0,10,7,4,4,3,3,4,3,8,8,8,1
4,1936,4,0,4,0,10,8,4,4,3,3,4,3,8,8,8,1
4,1936,4,0,4,0,10,7,4,4,3,3,4,3,8,8,9,1
4,1936,4,0,4,0,10,10,4,4,3,3,4,3,8,8,9,1
4,1936,4,0,4,0,10,10,4,4,3,3,4,3,8,8,9,1
4,1936,4,0,4,0,10,10,4,4,3,3,4,3,8,8,9,1
4,1936,4,0,4,0,10,8,4,4,3,3,4,3,8,8,5,1
4,1936,4,0,4,0,10,8,4,4,3,3,4,3,8,8,5,1
4,1936,4,0,4,0,10,7,4,4,3,3,4,3,8,8,5,1
4,1936,4,0,4,0,9,7,4,4,3,3,3,3,8,8,5,1
4,1936,4,0,4,0,9,7,4,4,3,3,3,3,8,8,0,1
4,1936,4,0,4,0,9,7,4,4,3,3,3,3,8,8,0,1
4,1936,4,0,4,0,9,7,4,4,3,3,3,3,8,8,0,1
4,1936,4,0,4,0,9,7,4,4,3,3,3,3,8,8,0,1
4,1936,4,0,4,0,9,7,4,4,3,3,3,3,8,8,0,1
4,1936,4,0,4,0,9,7,4,4,3,3,3,3,8,8,0,1
4,1936,4,0,4,0,9,7,4,4,3,3,3,3,7,8,0,1
5,1937,4,0,3,0,8,7,3,4,2,3,2,3,7,8,0,1
5,1937,4,0,3,0,8,7,3,4,2,3,2,3,7,8,0,1
5,1937,4,0,3,0,8,7,3,4,2,3,2,3,7,8,0,1
5,1937,4,0,3,0,8,7,3,4,2,3,2,3,7,8,0,1
5,1937,4,0,3,0,8,7,3,4,2,3,2,3,7,8,0,1
5,1937,4,0,3,0,8,7,3,4,2,3,2,3,7,8,0,1
5,1937,4,0,3,0,8,7,3,4,2,3,3,3,10,8,0,1
5,1937,4,0,3,0,8,6,3,4,2,3,3,3,10,8,0,1
5,1937,4,0,3,0,8,6,3,4,2,3,3,3,10,7,0,1
5,1937,4,0,3,0,8,5,3,4,2,3,3,3,10,7,0,1
5,1937,4,0,3,0,8,5,3,4,2,3,3,3,10,7,0,1
5,1937,4,0,3,0,8,5,3,4,2,3,3,2,10,7,0,1
5,1937,4,0,3,0,8,4,3,4,2,3,3,2,10,6,0,1
5,1937,4,0,3,0,8,4,3,4,2,3,3,2,10,6,0,1
5,1937,4,0,3,0,8,4,3,4,2,3,3,2,10,6,0,1
5,1937,4,0,3,0,8,4,3,4,2,3,2,2,8,6,0,1
5,1937,4,0,3,0,8,4,3,4,2,3,2,2,8,6,0,1
5,1937,4,0,3,0,8,4,3,4,2,3,2,2,8,6,0,1
5,1937,4,0,3,0,8,4,3,4,2,3,2,2,8,5,0,1
5,1937,4,0,3,0,8,4,3,4,2,3,2,2,8,5,0,1
5,1937,4,0,3,0,8,4,3,4,2,3,2,2,8,5,0,0
5,1937,4,0,3,0,8,4,3,4,2,3,2,2,8,5,0,0
5,1937,4,0,3,0,8,4,3,4,2,3,2,2,8,5,0,0
5,1937,4,0,3,0,8,4,3,4,2,3,2,2,7,5,0,0
6,1938,4,0,3,0,8,4,3,4,2,3,2,2,4,5,0,0
6,1938,4,0,3,0,8,4,3,4,2,3,2,2,4,5,0,0
6,1938,4,0,3,0,8,4,3,4,2,3,2,2,4,5,0,0
6,1938,4,0,3,0,8,4,3,4,2,3,2,2,4,5,0,0
6,1938,4,0,3,0,8,4,3,4,2,3,2,2,4,5,0,0
6,1938,4,0,3,0,8,4,3,4,2,3,2,2,4,5,0,0
6,1938,4,0,3,0,8,4,3,4,2,3,3,2,4,5,0,0
6,1938,4,0,3,0,8,4,3,4,2,3,3,2,5,5,0,0
6,1938,4,0,3,0,8,4,3,4,2,3,3,2,5,5,0,0
6,1938,4,0,3,0,8,4,3,4,2,3,3,2,5,5,0,0
6,1938,4,0,3,0,8,4,3,4,2,3,3,2,5,5,0,0
6,1938,4,0,3,0,8,4,3,4,2,3,3,2,5,5,0,0
6,1938,4,0,3,0,8,4,3,4,2,3,3,2,5,5,0,0
6,1938,4,0,3,0,8,4,3,4,2,3,3,2,5,5,0,0
6,1938,4,0,3,0,8,4,3,4,2,3,3,2,5,5,0,0
6,1938,4,0,3,0,8,4,3,4,2,3,2,2,4,5,0,0
6,1938,4,0,3,0,8,4,3,4,2,3,2,2,4,5,0,0
6,1938,4,0,3,0,8,4,3,4,2,3,2,1,4,5,0,0
6,1938,4,0,3,0,8,4,3,4,2,3,2,1,4,5,0,0
6,1938,4,0,3,0,8,4,3,4,2,3,2,1,4,5,0,0
6,1938,4,0,3,0,8,4,3,4,2,3,2,1,4,5,0,0
6,1938,4,0,3,0,8,4,3,3,2,3,2,1,4,5,0,0
6,1938,4,0,3,0,8,4,3,3,2,3,2,1,4,5,0,0
6,1938,4,0,3,0,8,4,3,3,2,3,2,1,4,5,0,0
7,1939,4,0,4,0,9,4,4,3,3,3,3,1,7,5,0,0
7,1939,4,0,4,0,9,4,4,3,3,3,3,1,7,5,0,0
7,1939,4,0,4,0,9,4,4,3,3,3,3,1,7,5,0,0
7,1939,4,0,4,0,9,4,4,3,3,3,3,1,7,5,0,0
7,1939,4,0,4,0,9,4,4,3,3,3,3,1,7,5,0,0
7,1939,4,0,4,0,9,4,4,3,3,3,3,1,7,5,0,0
7,1939,4,0,4,0,9,4,4,3,3,3,3,1,8,5,8,0
7,1939,4,0,4,0,10,7,4,4,3,3,4,2,8,6,8,1
7,1939,4,0,4,0,10,7,4,4,3,3,4,2,8,7,8,1
7,1939,4,0,4,0,10,7,4,4,3,3,4,2,8,8,9,1
7,1939,4,0,4,0,10,8,4,4,3,3,4,2,8,8,9,1
7,1939,4,0,4,0,10,9,4,4,3,3,4,2,8,8,9,1
7,1939,4,0,4,0,10,9,4,4,3,3,4,2,8,8,9,1
7,1939,4,0,4,0,10,8,4,4,3,3,4,2,8,7,5,1
7,1939,4,0,4,0,10,8,4,4,3,3,4,1,8,7,5,1
7,1939,4,0,4,0,10,8,4,3,3,3,4,1,8,7,5,1
7,1939,4,0,4,0,9,8,4,3,3,3,3,1,8,7,5,1
7,1939,4,0,4,0,9,7,4,3,3,3,3,1,8,7,0,1
7,1939,4,0,4,0,9,7,4,3,3,3,3,1,8,7,0,1
7,1939,4,0,4,0,9,7,4,3,3,3,3,1,8,7,0,0
7,1939,4,0,4,0,9,7,4,3,3,3,3,1,8,7,0,0
7,1939,4,0,4,0,9,7,4,3,3,3,3,1,8,7,0,0
7,1939,4,0,4,0,9,7,4,3,3,3,3,1,8,6,0,0
7,1939,4,0,4,0,9,7,4,3,3,3,3,1,7,6,0,0
8,1940,4,0,4,0,9,7,4,3,3,3,3,1,4,6,0,0
8,1940,4,0,4,0,9,7,4,3,3,3,3,1,4,6,0,0
8,1940,4,0,4,0,9,7,4,3,3,3,3,1,4,6,0,0
8,1940,4,0,4,0,9,7,4,3,3,3,3,1,4,6,0,0
8,1940,4,0,4,0,9,7,4,3,3,3,3,1,4,6,0,0
8,1940,4,0,4,0,9,7,4,3,3,3,3,1,4,6,0,0
8,1940,4,0,4,0,9,7,4,3,3,3,3,1,4,6,8,0
8,1940,4,0,4,0,10,9,4,3,3,3,4,2,5,6,8,2
8,1940,4,0,4,0,10,9,4,4,3,3,4,2,5,6,8,3
8,1940,4,0,4,0,10,10,4,4,3,3,4,2,5,6,9,3
8,1940,4,0,4,0,10,10,4,4,3,3,4,2,5,5,9,3
8,1940,4,0,4,0,10,10,4,4,3,3,4,2,5,5,9,3
8,1940,4,0,4,0,10,10,4,4,3,3,4,2,5,5,9,3
8,1940,4,0,4,0,10,10,4,4,3,3,4,2,5,5,5,2
8,1940,4,0,4,0,10,10,4,3,3,3,4,2,5,5,5,2
8,1940,4,0,4,0,10,10,4,3,3,3,4,2,4,5,5,1
8,1940,4,0,4,0,9,10,4,3,3,3,3,2,4,5,5,1
8,1940,4,0,4,0,9,10,4,3,3,3,3,2,4,5,0,1
8,1940,4,0,4,0,9,9,4,2,3,3,3,2,4,5,0,1
8,1940,4,0,4,0,9,9,4,2,3,3,3,2,4,5,0,1
8,1940,4,0,4,0,9,9,4,2,3,3,3,2,4,5,0,1
8,1940,4,0,4,0,9,9,4,2,3,3,3,2,4,5,0,1
8,1940,4,0,4,0,9,9,4,2,3,3,3,2,4,5,0,1
8,1940,4,0,4,0,9,9,4,2,3,3,3,2,4,5,0,1
9,1941,4,0,4,0,9,9,4,2,3,3,3,2,7,5,0,1
9,1941,4,0,4,0,9,9,4,2,3,3,3,2,7,5,0,1
9,1941,4,0,4,0,9,9,4,2,3,3,3,2,7,5,0,1
9,1941,4,0,4,0,9,9,4,2,3,3,3,2,7,5,0,1
9,1941,4,0,4,0,9,9,4,2,3,3,3,2,7,5,0,1
9,1941,4,0,4,0,9,9,4,2,3,3,3,2,7,5,0,1
9,1941,4,0,4,0,9,9,4,2,3,3,3,2,10,5,8,1
9,1941,4,0,4,0,10,8,4,2,3,3,4,3,10,10,8,1
9,1941,4,0,4,0,10,10,4,2,3,3,4,3,10,10,8,2
9,1941,4,0,4,0,10,10,4,2,3,3,4,3,10,11,9,2
9,1941,4,0,4,0,10,10,4,3,3,3,4,3,10,11,9,3
9,1941,4,0,4,0,10,10,4,3,3,3,4,3,10,11,9,3
9,1941,4,0,4,0,10,10,4,3,3,3,4,3,10,10,9,3
9,1941,4,0,4,0,10,10,4,3,3,3,4,3,10,10,5,3
9,1941,4,0,4,0,10,10,4,3,3,3,4,3,10,9,5,1
9,1941,4,0,4,0,10,10,4,3,3,3,4,3,8,9,5,1
9,1941,4,0,4,0,9,9,4,3,3,3,3,3,8,9,5,0
9,1941,4,0,4,0,9,9,4,3,3,3,3,3,8,9,0,0
9,1941,4,0,4,0,9,9,4,3,3,3,3,3,8,9,0,0
9,1941,4,0,4,0,9,9,4,3,3,3,3,3,8,8,0,0
9,1941,4,0,4,0,9,9,4,3,3,3,3,3,8,8,0,0
9,1941,4,0,4,0,9,9,4,3,3,3,3,3,8,8,0,0
9,1941,4,0,4,0,9,8,4,3,3,3,3,3,8,7,0,0
9,1941,4,0,4,0,9,8,4,3,3,3,3,3,7,7,0,0
10,1942,4,0,4,0,9,8,4,3,3,3,3,3,7,7,0,0
10,1942,4,0,4,0,9,8,4,3,3,3,3,3,7,7,0,0
10,1942,4,0,4,0,9,8,4,3,3,3,3,3,7,7,0,0
10,1942,4,0,4,0,9,8,4,3,3,3,3,3,7,7,0,0
10,1942,4,0,4,0,9,8,4,3,3,3,3,3,7,7,0,0
10,1942,4,0,4,0,9,8,4,3,3,3,3,3,7,7,0,0
10,1942,4,0,4,0,9,8,4,3,3,3,3,3,8,7,8,0
10,1942,4,0,4,0,10,9,4,4,3,3,4,3,8,8,8,0
10,1942,4,0,4,0,10,10,4,4,3,3,4,3,8,8,8,0
10,1942,4,0,4,0,10,10,4,4,3,3,4,3,8,8,9,0
10,1942,4,0,4,0,10,10,4,4,3,3,4,3,8,8,9,0
10,1942,4,0,4,0,10,10,4,4,3,3,4,3,8,8,9,0
10,1942,4,0,4,0,10,10,4,4,3,3,4,3,8,8,9,0
10,1942,4,0,4,0,10,10,4,4,3,3,4,2,8,8,5,0
10,1942,4,0,4,0,10,10,4,4,3,3,4,2,8,8,5,0
10,1942,4,0,4,0,10,10,4,4,3,3,4,2,8,8,5,0
10,1942,4,0,4,0,9,10,4,4,3,3,3,2,8,8,5,0
10,1942,4,0,4,0,9,9,4,4,3,3,3,2,8,8,0,0
10,1942,4,0,4,0,9,9,4,4,3,3,3,2,8,8,0,0
10,1942,4,0,4,0,9,9,4,4,3,3,3,2,8,7,0,0
10,1942,4,0,4,0,9,9,4,4,3,3,3,2,8,7,0,0
10,1942,4,0,4,0,9,9,4,4,3,3,3,2,8,6,0,0
10,1942,4,0,4,0,9,9,4,4,3,3,3,2,8,5,0,0
10,1942,4,0,4,0,9,9,4,4,3,3,3,2,7,5,0,0
11,1943,4,0,4,0,9,9,4,4,3,3,3,2,7,5,0,0
11,1943,4,0,4,0,9,9,4,4,3,3,3,2,7,5,0,0
11,1943,4,0,4,0,9,9,4,4,3,3,3,2,7,5,0,0
11,1943,4,0,4,0,9,9,4,4,3,3,3,2,7,5,0,0
11,1943,4,0,4,0,9,9,4,4,3,3,3,2,7,5,0,0
11,1943,4,0,4,0,9,9,4,4,3,3,3,2,7,5,0,0
11,1943,4,0,4,0,9,9,4,4,3,3,3,2,8,5,8,0
11,1943,4,0,4,0,10,8,4,3,3,3,4,3,8,8,8,0
11,1943,4,0,4,0,10,9,4,4,3,3,4,3,8,8,8,1
11,1943,4,0,4,0,10,10,4,4,3,3,4,3,8,8,9,1
11,1943,4,0,4,0,10,10,4,4,3,3,4,3,8,8,9,1
11,1943,4,0,4,0,10,10,4,4,3,3,4,3,8,8,9,1
11,1943,4,0,4,0,10,10,4,4,3,3,4,3,8,7,9,1
11,1943,4,0,4,0,10,10,4,4,3,3,4,3,8,8,5,1
11,1943,4,0,4,0,10,10,4,4,3,3,4,3,8,8,5,1
11,1943,4,0,4,0,10,9,4,4,3,3,4,3,8,8,5,1
11,1943,4,0,4,0,9,9,4,4,3,3,3,3,8,8,5,1
11,1943,4,0,4,0,9,9,4,4,3,3,3,3,8,8,0,1
11,1943,4,0,4,0,9,9,4,4,3,3,3,3,8,8,0,1
11,1943,4,0,4,0,9,9,4,4,3,3,3,3,8,8,0,1
11,1943,4,0,4,0,9,9,4,4,3,3,3,3,8,8,0,1
11,1943,4,0,4,0,9,9,4,4,3,3,3,3,8,8,0,1
11,1943,4,0,4,0,9,9,4,4,3,3,3,3,8,8,0,1
11,1943,4,0,4,0,9,9,4,4,3,3,3,3,7,8,0,1
12,1944,4,0,3,0,8,9,3,4,2,3,2,3,7,8,0,1
12,1944,4,0,3,0,8,9,3,4,2,3,2,3,7,8,0,1
12,1944,4,0,3,0,8,9,3,4,2,3,2,3,7,8,0,1
12,1944,4,0,3,0,8,9,3,4,2,3,2,3,7,8,0,1
12,1944,4,0,3,0,8,9,3,4,2,3,2,3,7,8,0,1
12,1944,4,0,3,0,8,9,3,4,2,3,2,3,7,8,0,1
12,1944,4,0,3,0,8,9,3,4,2,3,3,3,10,8,0,1
12,1944,4,0,3,0,8,9,3,4,2,3,3,3,10,7,0,0
12,1944,4,0,3,0,8,8,3,4,2,3,3,3,10,6,0,0
12,1944,4,0,3,0,8,8,3,4,2,3,3,3,10,6,0,0
12,1944,4,0,3,0,8,8,3,4,2,3,3,3,10,6,0,0
12,1944,4,0,3,0,8,8,3,4,2,3,3,3,10,6,0,0
12,1944,4,0,3,0,8,8,3,4,2,3,3,3,10,6,0,0
12,1944,4,0,3,0,8,8,3,4,2,3,3,3,10,6,0,0
12,1944,4,0,3,0,8,8,3,4,2,3,3,3,10,6,0,0
12,1944,4,0,3,0,8,8,3,4,2,3,2,3,8,6,0,0
12,1944,4,0,3,0,8,8,3,4,2,3,2,3,8,6,0,0
12,1944,4,0,3,0,8,8,3,4,2,3,2,3,8,6,0,0
12,1944,4,0,3,0,8,8,3,4,2,3,2,3,8,6,0,0
12,1944,4,0,3,0,8,8,3,3,2,3,2,3,8,6,0,0
12,1944,4,0,3,0,8,8,3,3,2,3,2,3,8,6,0,0
12,1944,4,0,3,0,8,8,3,3,2,3,2,3,8,6,0,0
12,1944,4,0,3,0,8,8,3,3,2,3,2,3,8,6,0,0
12,1944,4,0,3,0,8,8,3,3,2,3,2,3,7,6,0,0
13,1945,4,0,3,0,8,8,3,3,2,3,2,3,4,6,0,0
13,1945,4,0,3,0,8,8,3,3,2,3,2,3,4,6,0,0
13,1945,4,0,3,0,8,8,3,3,2,3,2,3,4,6,0,0
13,1945,4,0,3,0,8,8,3,3,2,3,2,3,4,6,0,0
13,1945,4,0,3,0,8,8,3,3,2,3,2,3,4,6,0,0
13,1945,4,0,3,0,8,8,3,3,2,3,2,3,4,6,0,0
13,1945,4,0,3,0,8,8,3,3,2,3,3,3,4,6,0,0
13,1945,4,0,3,0,8,8,3,3,2,3,3,2,5,6,0,0
13,1945,4,0,3,0,8,8,3,3,2,3,3,2,5,6,0,0
13,1945,4,0,3,0,8,8,3,3,2,3,3,2,5,6,0,0
13,1945,4,0,3,0,8,8,3,3,2,3,3,2,5,6,0,0
13,1945,4,0,3,0,8,8,3,3,2,3,3,2,5,6,0,0
13,1945,4,0,3,0,8,8,3,3,2,3,3,2,5,6,0,0
13,1945,4,0,3,0,8,8,3,3,2,3,3,2,5,6,0,0
13,1945,4,0,3,0,8,8,3,3,2,3,3,2,5,6,0,0
13,1945,4,0,3,0,8,8,3,3,2,3,2,2,4,6,0,0
13,1945,4,0,3,0,8,8,3,3,2,3,2,2,4,6,0,0
13,1945,4,0,3,0,8,8,3,3,2,3,2,2,4,6,0,0
13,1945,4,0,3,0,8,8,3,3,2,3,2,2,4,6,0,0
13,1945,4,0,3,0,8,8,3,3,2,3,2,2,4,6,0,0
13,1945,4,0,3,0,8,8,3,3,2,3,2,2,4,6,0,0
13,1945,4,0,3,0,8,8,3,3,2,3,2,2,4,6,0,0
13,1945,4,0,3,0,8,8,3,3,2,3,2,2,4,6,0,0
13,1945,4,0,3,0,8,8,3,3,2,3,2,2,4,6,0,0
14,1946,4,0,4,0,9,8,4,3,3,3,3,2,7,6,0,0
14,1946,4,0,4,0,9,8,4,3,3,3,3,2,7,6,0,0
14,1946,4,0,4,0,9,8,4,3,3,3,3,2,7,6,0,0
14,1946,4,0,4,0,9,8,4,3,3,3,3,2,7,6,0,0
14,1946,4,0,4,0,9,8,4,3,3,3,3,2,7,6,0,0
14,1946,4,0,4,0,9,8,4,3,3,3,3,2,7,6,0,0
14,1946,4,0,4,0,9,8,4,3,3,3,3,2,8,6,8,0
14,1946,4,0,4,0,10,10,4,3,3,3,4,3,8,8,8,2
14,1946,4,0,4,0,10,10,4,3,3,3,4,3,8,8,8,2
14,1946,4,0,4,0,10,10,4,3,3,3,4,3,8,8,9,2
14,1946,4,0,4,0,10,10,4,3,3,3,4,3,8,8,9,2
14,1946,4,0,4,0,10,9,4,3,3,3,4,3,8,8,9,2
14,1946,4,0,4,0,10,9,4,3,3,3,4,3,8,8,9,2
14,1946,4,0,4,0,10,9,4,3,3,3,4,3,8,8,5,2
14,1946,4,0,4,0,10,9,4,3,3,3,4,3,8,8,5,2
14,1946,4,0,4,0,10,9,4,3,3,3,4,3,8,8,5,2
14,1946,4,0,4,0,9,10,4,3,3,3,3,3,8,8,5,2
14,1946,4,0,4,0,9,9,4,3,3,3,3,3,8,8,0,0
14,1946,4,0,4,0,9,9,4,3,3,3,3,3,8,8,0,0
14,1946,4,0,4,0,9,9,4,3,3,3,3,3,8,8,0,0
14,1946,4,0,4,0,9,9,4,3,3,3,3,3,8,8,0,0
14,1946,4,0,4,0,9,9,4,3,3,3,3,3,8,8,0,0
14,1946,4,0,4,0,9,9,4,3,3,3,3,3,8,8,0,0
14,1946,4,0,4,0,9,9,4,3,3,3,3,3,7,8,0,0
15,1947,4,0,4,0,9,9,4,3,3,3,3,3,4,8,0,0
15,1947,4,0,4,0,9,9,4,3,3,3,3,3,4,8,0,0
15,1947,4,0,4,0,9,9,4,3,3,3,3,3,4,8,0,0
15,1947,4,0,4,0,9,9,4,3,3,3,3,3,4,8,0,0
15,1947,4,0,4,0,9,9,4,3,3,3,3,3,4,8,0,0
15,1947,4,0,4,0,9,9,4,3,3,3,3,3,4,8,0,0
15,1947,4,0,4,0,9,9,4,3,3,3,3,3,4,8,8,0
15,1947,4,0,4,0,10,8,4,4,3,3,4,3,5,7,8,2
15,1947,4,0,4,0,10,9,4,4,3,3,4,3,5,7,8,3
15,1947,4,0,4,0,10,10,4,4,3,2,4,3,5,7,9,4
15,1947,4,0,4,0,10,10,4,4,3,3,4,3,5,7,9,4
15,1947,4,0,4,0,10,10,4,4,3,3,4,3,5,7,9,4
15,1947,4,0,4,0,10,10,4,4,3,3,4,3,5,7,9,4
15,1947,4,0,4,0,10,10,4,3,3,3,4,3,5,7,5,3
15,1947,4,0,4,0,10,10,4,3,3,3,4,3,5,7,5,3
15,1947,4,0,4,0,10,10,4,3,3,3,4,3,4,7,5,1
15,1947,4,0,4,0,9,10,4,3,3,3,3,3,4,7,5,1
15,1947,4,0,4,0,9,9,4,3,3,2,3,3,4,7,0,1
15,1947,4,0,4,0,9,9,4,3,3,2,3,3,4,7,0,1
15,1947,4,0,4,0,9,9,4,2,3,2,3,3,4,7,0,1
15,1947,4,0,4,0,9,9,4,2,3,2,3,3,4,7,0,1
15,1947,4,0,4,0,9,9,4,2,3,2,3,3,4,7,0,1
15,1947,4,0,4,0,9,9,4,2,3,2,3,3,4,7,0,1
15,1947,4,0,4,0,9,9,4,2,3,2,3,3,4,7,0,1
16,1948,4,0,4,0,9,9,4,2,3,2,3,3,7,7,0,1
16,1948,4,0,4,0,9,9,4,2,3,2,3,3,7,7,0,1
16,1948,4,0,4,0,9,9,4,2,3,2,3,3,7,7,0,1
16,1948,4,0,4,0,9,9,4,2,3,2,3,3,7,7,0,1
16,1948,4,0,4,0,9,9,4,2,3,2,3,3,7,7,0,1
16,1948,4,0,4,0,9,9,4,2,3,2,3,3,7,7,0,1
16,1948,4,0,4,0,9,9,4,2,3,2,3,3,10,7,8,1
16,1948,4,0,4,0,10,9,4,2,3,2,4,3,10,10,8,1
16,1948,4,0,4,0,10,10,4,2,3,2,4,3,10,10,8,1
16,1948,4,0,4,0,10,10,4,3,3,1,4,3,10,11,9,2
16,1948,4,0,4,0,10,10,4,3,3,1,4,3,10,11,9,2
16,1948,4,0,4,0,10,10,4,4,3,1,4,3,10,11,9,2
16,1948,4,0,4,0,10,10,4,4,3,1,4,3,10,11,9,2
16,1948,4,0,4,0,10,9,4,4,3,1,4,3,10,11,5,2
16,1948,4,0,4,0,10,9,4,2,3,1,4,3,10,10,5,2
16,1948,4,0,4,0,10,9,4,2,3,1,4,3,8,10,5,2
16,1948,4,0,4,0,9,9,4,2,3,1,3,3,8,8,5,0
16,1948,4,0,4,0,9,9,4,2,3,1,3,2,8,8,0,0
16,1948,4,0,4,0,9,9,4,2,3,1,3,2,8,8,0,0
16,1948,4,0,4,0,9,9,4,2,3,1,3,2,8,8,0,0
16,1948,4,0,4,0,9,9,4,2,3,1,3,2,8,8,0,0
16,1948,4,0,4,0,9,9,4,2,3,1,3,2,8,8,0,0
16,1948,4,0,4,0,9,9,4,2,3,1,3,2,8,8,0,0
16,1948,4,0,4,0,9,9,4,2,3,1,3,2,7,8,0,0
17,1949,4,0,4,0,9,9,4,2,3,1,3,2,7,8,0,0
17,1949,4,0,4,0,9,9,4,2,3,1,3,2,7,8,0,0
17,1949,4,0,4,0,9,9,4,2,3,1,3,2,7,8,0,0
17,1949,4,0,4,0,9,9,4,2,3,1,3,2,7,8,0,0
17,1949,4,0,4,0,9,9,4,2,3,1,3,2,7,8,0,0
17,1949,4,0,4,0,9,9,4,2,3,1,3,2,7,8,0,0
17,1949,4,0,4,0,9,9,4,2,3,1,3,2,8,8,8,0
17,1949,4,0,4,0,10,8,4,3,3,1,4,3,8,8,8,0
17,1949,4,0,4,0,10,10,4,3,3,1,4,3,8,8,8,0
17,1949,4,0,4,0,10,10,4,3,3,1,4,3,8,8,9,0
17,1949,4,0,4,0,10,10,4,3,3,1,4,3,8,8,9,0
17,1949,4,0,4,0,10,10,4,3,3,1,4,3,8,8,9,0
17,1949,4,0,4,0,10,10,4,3,3,1,4,3,8,8,9,0
17,1949,4,0,4,0,10,9,4,3,3,1,4,3,8,8,5,0
17,1949,4,0,4,0,10,10,4,3,3,1,4,3,8,8,5,0
17,1949,4,0,4,0,10,10,4,3,3,1,4,3,8,8,5,0
17,1949,4,0,4,0,9,9,4,3,3,1,3,3,8,8,5,0
17,1949,4,0,4,0,9,9,4,3,3,1,3,3,8,8,0,0
17,1949,4,0,4,0,9,9,4,3,3,1,3,3,8,8,0,0
17,1949,4,0,4,0,9,9,4,3,3,1,3,3,8,8,0,0
17,1949,4,0,4,0,9,9,4,3,3,1,3,3,8,8,0,0
17,1949,4,0,4,0,9,9,4,3,3,1,3,3,8,8,0,0
17,1949,4,0,4,0,9,9,4,2,3,1,3,3,8,7,0,0
17,1949,4,0,4,0,9,9,4,2,3,1,3,3,7,7,0,0
18,1950,4,0,4,0,9,9,4,2,3,1,3,3,7,7,0,0
18,1950,4,0,4,0,9,9,4,2,3,1,3,3,7,7,0,0
18,1950,4,0,4,0,9,9,4,2,3,1,3,3,7,7,0,0
18,1950,4,0,4,0,9,9,4,2,3,1,3,3,7,7,0,0
18,1950,4,0,4,0,9,9,4,2,3,1,3,3,7,7,0,0
18,1950,4,0,4,0,9,9,4,2,3,1,3,3,7,7,0,0
18,1950,4,0,4,0,9,9,4,2,3,1,3,3,8,7,8,0
18,1950,4,0,4,0,10,9,4,2,3,2,4,4,8,8,8,1
18,1950,4,0,4,0,10,10,4,3,3,3,4,4,8,8,8,1
18,1950,4,0,4,0,10,10,4,4,3,2,4,4,8,8,9,2
18,1950,4,0,4,0,10,10,4,4,3,3,4,4,8,8,9,2
18,1950,4,0,4,0,10,10,4,4,3,3,4,4,8,8,9,2
18,1950,4,0,4,0,10,10,4,4,3,3,4,4,8,9,9,2
18,1950,4,0,4,0,10,10,4,4,3,3,4,4,8,9,5,2
18,1950,4,0,4,0,10,10,4,4,3,3,4,4,8,8,5,1
18,1950,4,0,4,0,10,10,4,3,3,3,4,4,8,8,5,1
18,1950,4,0,4,0,9,10,4,3,3,3,3,4,8,8,5,1
18,1950,4,0,4,0,9,10,4,3,3,3,3,4,8,8,0,1
18,1950,4,0,4,0,9,10,4,3,3,3,3,4,8,8,0,1
18,1950,4,0,4,0,9,9,4,3,3,3,3,4,8,7,0,1
18,1950,4,0,4,0,9,9,4,3,3,3,3,4,8,7,0,1
18,1950,4,0,4,0,9,9,4,3,3,2,3,4,8,7,0,1
18,1950,4,0,4,0,9,9,4,3,3,2,3,4,8,7,0,1
18,1950,4,0,4,0,9,9,4,3,3,2,3,4,7,7,0,1
19,1951,4,0,3,0,8,9,3,3,2,2,2,4,7,7,0,1
19,1951,4,0,3,0,8,9,3,3,2,2,2,4,7,7,0,1
19,1951,4,0,3,0,8,9,3,3,2,2,2,4,7,7,0,1
19,1951,4,0,3,0,8,9,3,3,2,2,2,4,7,7,0,1
19,1951,4,0,3,0,8,9,3,3,2,2,2,4,7,7,0,1
19,1951,4,0,3,0,8,9,3,3,2,2,2,4,7,7,0,1
19,1951,4,0,3,0,8,9,3,3,2,2,3,4,10,7,0,1
19,1951,4,0,3,0,8,9,3,3,2,2,3,4,10,6,0,0
19,1951,4,0,3,0,8,9,3,3,2,2,3,4,10,6,0,0
19,1951,4,0,3,0,8,8,3,3,2,2,3,4,10,6,0,0
19,1951,4,0,3,0,8,8,3,3,2,2,3,4,10,6,0,0
19,1951,4,0,3,0,8,8,3,3,2,2,3,4,10,6,0,0
19,1951,4,0,3,0,8,8,3,3,2,2,3,4,10,6,0,0
19,1951,4,0,3,0,8,8,3,3,2,2,3,4,10,6,0,0
19,1951,4,0,3,0,8,8,3,3,2,2,3,4,10,6,0,0
19,1951,4,0,3,0,8,8,3,3,2,2,2,4,8,6,0,0
19,1951,4,0,3,0,8,8,3,3,2,2,2,4,8,6,0,0
19,1951,4,0,3,0,8,8,3,3,2,2,2,4,8,6,0,0
19,1951,4,0,3,0,8,7,3,3,2,2,2,4,8,6,0,0
19,1951,4,0,3,0,8,7,3,3,2,2,2,4,8,6,0,0
19,1951,4,0,3,0,8,7,3,3,2,2,2,4,8,6,0,0
19,1951,4,0,3,0,8,7,3,3,2,2,2,4,8,6,0,0
19,1951,4,0,3,0,8,7,3,3,2,2,2,4,8,6,0,0
19,1951,4,0,3,0,8,7,3,3,2,2,2,4,7,6,0,0
20,1952,4,0,3,0,8,7,3,3,2,2,2,4,4,6,0,0
20,1952,4,0,3,0,8,7,3,3,2,2,2,4,4,6,0,0
20,1952,4,0,3,0,8,7,3,3,2,2,2,4,4,6,0,0
20,1952,4,0,3,0,8,7,3,3,2,2,2,4,4,6,0,0
20,1952,4,0,3,0,8,7,3,3,2,2,2,4,4,6,0,0
20,1952,4,0,3,0,8,7,3,3,2,2,2,4,4,6,0,0
20,1952,4,0,3,0,8,7,3,3,2,2,3,4,4,6,0,0
20,1952,4,0,3,0,8,7,3,3,2,2,3,4,5,6,0,0
20,1952,4,0,3,0,8,7,3,3,2,2,3,4,5,6,0,0
20,1952,4,0,3,0,8,7,3,3,2,2,3,4,5,6,0,0
20,1952,4,0,3,0,8,7,3,3,2,2,3,4,5,6,0,0
20,1952,4,0,3,0,8,7,3,3,2,2,3,4,5,6,0,0
20,1952,4,0,3,0,8,7,3,3,2,2,3,4,5,6,0,0
20,1952,4,0,3,0,8,7,3,3,2,2,3,4,5,6,0,0
20,1952,4,0,3,0,8,7,3,3,2,2,3,4,5,6,0,0
20,1952,4,0,3,0,8,7,3,3,2,2,2,4,4,6,0,0
20,1952,4,0,3,0,8,7,3,3,2,2,2,3,4,6,0,0
20,1952,4,0,3,0,8,7,3,3,2,2,2,3,4,6,0,0
20,1952,4,0,3,0,8,7,3,3,2,2,2,3,4,6,0,0
20,1952,4,0,3,0,8,7,3,3,2,2,2,3,4,6,0,0
20,1952,4,0,3,0,8,7,3,3,2,2,2,3,4,6,0,0
20,1952,4,0,3,0,8,7,3,3,2,2,2,3,4,6,0,0
20,1952,4,0,3,0,8,7,3,3,2,2,2,2,4,6,0,0
20,1952,4,0,3,0,8,7,3,3,2,2,2,2,4,6,0,0
21,1953,4,0,4,0,9,7,4,3,3,2,3,2,7,6,0,0
21,1953,4,0,4,0,9,7,4,3,3,2,3,2,7,6,0,0
21,1953,4,0,4,0,9,7,4,3,3,2,3,2,7,6,0,0
21,1953,4,0,4,0,9,7,4,3,3,2,3,2,7,6,0,0
21,1953,4,0,4,0,9,7,4,3,3,2,3,2,7,6,0,0
21,1953,4,0,4,0,9,7,4,3,3,2,3,2,7,6,0,0
21,1953,4,0,4,0,9,7,4,3,3,2,3,2,8,6,8,0
21,1953,4,0,4,0,10,8,4,4,3,3,4,2,8,6,8,1
21,1953,4,0,4,0,10,9,4,4,3,3,4,2,8,6,8,1
21,1953,4,0,4,0,10,10,4,3,3,3,4,2,8,7,9,1
21,1953,4,0,4,0,10,10,4,4,3,3,4,2,8,7,9,1
21,1953,4,0,4,0,10,10,4,4,3,3,4,2,8,7,9,1
21,1953,4,0,4,0,10,10,4,4,3,3,4,2,8,7,9,1
21,1953,4,0,4,0,10,8,4,4,3,3,4,2,8,5,5,1
21,1953,4,0,4,0,10,8,4,4,3,3,4,2,8,5,5,1
21,1953,4,0,4,0,10,8,4,3,3,2,4,2,8,5,5,1
21,1953,4,0,4,0,9,8,4,3,3,2,3,1,8,5,5,1
21,1953,4,0,4,0,9,8,4,3,3,2,3,1,8,5,0,1
21,1953,4,0,4,0,9,8,4,2,3,2,3,1,8,5,0,1
21,1953,4,0,4,0,9,8,4,2,3,2,3,1,8,5,0,1
21,1953,4,0,4,0,9,8,4,2,3,2,3,1,8,5,0,1
21,1953,4,0,4,0,9,8,4,2,3,2,3,1,8,5,0,1
21,1953,4,0,4,0,9,8,4,2,3,2,3,1,8,5,0,1
21,1953,4,0,4,0,9,8,4,2,3,2,3,1,7,5,0,1
22,1954,4,0,4,0,9,8,4,2,3,2,3,1,4,5,0,1
22,1954,4,0,4,0,9,8,4,2,3,2,3,1,4,5,0,1
22,1954,4,0,4,0,9,8,4,2,3,2,3,1,4,5,0,1
22,1954,4,0,4,0,9,8,4,2,3,2,3,1,4,5,0,1
22,1954,4,0,4,0,9,8,4,2,3,2,3,1,4,5,0,1
22,1954,4,0,4,0,9,8,4,2,3,2,3,1,4,5,0,1
22,1954,4,0,4,0,9,8,4,2,3,2,3,1,4,5,8,1
22,1954,4,0,4,0,10,9,4,3,3,3,4,2,5,5,8,6
22,1954,4,0,4,0,10,10,4,4,3,3,4,2,5,5,8,7
22,1954,4,0,4,0,10,10,4,3,3,3,4,2,5,5,9,7
22,1954,4,0,4,0,10,10,4,3,3,3,4,2,5,6,9,8
22,1954,4,0,4,0,10,10,4,4,3,3,4,2,5,6,9,8
22,1954,4,0,4,0,10,10,4,4,3,3,4,2,5,6,9,8
22,1954,4,0,4,0,10,10,4,4,3,3,4,2,5,6,5,8
22,1954,4,0,4,0,10,10,4,4,3,3,4,2,5,6,5,8
22,1954,4,0,4,0,10,10,4,4,3,3,4,2,4,6,5,3
22,1954,4,0,4,0,9,9,4,4,3,3,3,2,4,6,5,3
22,1954,4,0,4,0,9,9,4,4,3,3,3,2,4,5,0,2
22,1954,4,0,4,0,9,9,4,4,3,3,3,2,4,5,0,2
22,1954,4,0,4,0,9,8,4,4,3,3,3,2,4,5,0,2
22,1954,4,0,4,0,9,8,4,4,3,3,3,2,4,5,0,2
22,1954,4,0,4,0,9,8,4,4,3,3,3,2,4,5,0,2
22,1954,4,0,4,0,9,8,4,4,3,3,3,2,4,5,0,2
22,1954,4,0,4,0,9,8,4,4,3,3,3,2,4,5,0,2
23,1955,4,0,4,0,9,8,4,4,3,3,3,2,7,6,0,2
23,1955,4,0,4,0,9,8,4,4,3,3,3,2,7,6,0,2
23,1955,4,0,4,0,9,8,4,4,3,3,3,2,7,6,0,2
23,1955,4,0,4,0,9,8,4,4,3,3,3,2,7,6,0,2
23,1955,4,0,4,0,9,8,4,4,3,3,3,2,7,6,0,2
23,1955,4,0,4,0,9,8,4,4,3,3,3,2,7,6,0,2
23,1955,4,0,4,0,9,8,4,4,3,3,3,2,10,6,8,2
23,1955,4,0,4,0,10,10,4,4,3,3,4,3,10,10,8,0
23,1955,4,0,4,0,10,10,4,4,3,3,4,3,10,10,8,0
23,1955,4,0,4,0,10,10,4,4,3,3,4,3,10,10,9,0
23,1955,4,0,4,0,10,10,4,4,3,3,4,3,10,10,9,0
23,1955,4,0,4,0,10,10,4,4,3,3,4,3,10,10,9,0
23,1955,4,0,4,0,10,10,4,4,3,3,4,3,10,10,9,0
23,1955,4,0,4,0,10,10,4,4,3,3,4,3,10,10,5,0
23,1955,4,0,4,0,10,10,4,4,3,3,4,3,10,10,5,0
23,1955,4,0,4,0,10,10,4,4,3,3,4,3,8,10,5,0
23,1955,4,0,4,0,9,10,4,4,3,3,3,3,8,10,5,0
23,1955,4,0,4,0,9,10,4,4,3,3,3,3,8,9,0,0
23,1955,4,0,4,0,9,10,4,4,3,3,3,3,8,9,0,0
23,1955,4,0,4,0,9,10,4,4,3,3,3,3,8,9,0,0
23,1955,4,0,4,0,9,10,4,4,3,3,3,3,8,8,0,0
23,1955,4,0,4,0,9,10,4,4,3,3,3,3,8,8,0,0
23,1955,4,0,4,0,9,10,4,4,3,3,3,3,8,8,0,0
23,1955,4,0,4,0,9,10,4,4,3,3,3,3,7,8,0,0
24,1956,4,0,4,0,9,10,4,4,3,3,3,3,7,8,0,0
24,1956,4,0,4,0,9,10,4,4,3,3,3,3,7,8,0,0
24,1956,4,0,4,0,9,10,4,4,3,3,3,3,7,8,0,0
24,1956,4,0,4,0,9,10,4,4,3,3,3,3,7,8,0,0
24,1956,4,0,4,0,9,10,4,4,3,3,3,3,7,8,0,0
24,1956,4,0,4,0,9,10,4,4,3,3,3,3,7,8,0,0
24,1956,4,0,4,0,9,10,4,4,3,3,3,3,8,8,8,0
24,1956,4,0,4,0,10,10,4,4,3,3,4,4,8,7,8,0
24,1956,4,0,4,0,10,10,4,4,3,3,4,4,8,8,8,0
24,1956,4,0,4,0,10,10,4,4,3,3,4,4,8,8,9,0
24,1956,4,0,4,0,10,10,4,4,3,3,4,4,8,8,9,0
24,1956,4,0,4,0,10,10,4,4,3,3,4,4,8,7,9,0
24,1956,4,0,4,0,10,10,4,4,3,3,4,4,8,7,9,0
24,1956,4,0,4,0,10,10,4,4,3,3,4,4,8,7,5,0
24,1956,4,0,4,0,10,10,4,4,3,3,4,4,8,7,5,0
24,1956,4,0,4,0,10,10,4,4,3,3,4,4,8,7,5,0
24,1956,4,0,4,0,9,10,4,4,3,3,3,4,8,7,5,0
24,1956,4,0,4,0,9,10,4,4,3,3,3,3,8,6,0,0
24,1956,4,0,4,0,9,10,4,4,3,3,3,3,8,6,0,0
24,1956,4,0,4,0,9,10,4,4,3,3,3,3,8,6,0,0
24,1956,4,0,4,0,9,10,4,4,3,3,3,3,8,6,0,0
24,1956,4,0,4,0,9,10,4,4,3,3,3,3,8,6,0,0
24,1956,4,0,4,0,9,10,4,4,3,3,3,3,8,6,0,0
24,1956,4,0,4,0,9,10,4,4,3,3,3,3,7,6,0,0
25,1957,4,0,4,0,9,10,4,4,3,3,3,3,7,6,0,0
25,1957,4,0,4,0,9,10,4,4,3,3,3,3,7,6,0,0
25,1957,4,0,4,0,9,10,4,4,3,3,3,3,7,6,0,0
25,1957,4,0,4,0,9,10,4,4,3,3,3,3,7,6,0,0
25,1957,4,0,4,0,9,10,4,4,3,3,3,3,7,6,0,0
25,1957,4,0,4,0,9,10,4,4,3,3,3,3,7,6,0,0
25,1957,4,0,4,0,9,10,4,4,3,3,3,3,8,6,8,0
25,1957,4,0,4,0,10,10,4,3,3,3,4,4,8,8,8,1
25,1957,4,0,4,0,10,10,4,4,3,3,4,4,8,8,8,1
25,1957,4,0,4,0,10,10,4,4,3,3,4,4,8,8,9,2
25,1957,4,0,4,0,10,9,4,4,3,3,4,4,8,8,9,3
25,1957,4,0,4,0,10,10,4,4,3,3,4,4,8,8,9,4
25,1957,4,0,4,0,10,9,4,4,3,3,4,4,8,8,9,4
25,1957,4,0,4,0,10,9,4,4,3,3,4,4,8,8,5,3
25,1957,4,0,4,0,10,9,4,4,3,3,4,4,8,8,5,3
25,1957,4,0,4,0,10,9,4,4,3,3,4,4,8,8,5,1
25,1957,4,0,4,0,9,9,4,4,3,3,3,4,8,8,5,1
25,1957,4,0,4,0,9,9,4,4,3,3,3,4,8,8,0,1
25,1957,4,0,4,0,9,9,4,4,3,3,3,4,8,8,0,1
25,1957,4,0,4,0,9,9,4,4,3,3,3,4,8,8,0,1
25,1957,4,0,4,0,9,9,4,4,3,3,3,4,8,8,0,1
25,1957,4,0,4,0,9,9,4,4,3,3,3,4,8,8,0,1
25,1957,4,0,4,0,9,9,4,4,3,3,3,4,8,8,0,1
25,1957,4,0,4,0,9,9,4,4,3,3,3,4,7,8,0,1
26,1958,4,0,3,0,8,9,3,4,2,3,2,4,7,8,0,1
26,1958,4,0,3,0,8,9,3,4,2,3,2,4,7,8,0,1
26,1958,4,0,3,0,8,9,3,4,2,3,2,4,7,8,0,1
26,1958,4,0,3,0,8,9,3,4,2,3,2,4,7,8,0,1
26,1958,4,0,3,0,8,9,3,4,2,3,2,4,7,8,0,1
26,1958,4,0,3,0,8,9,3,4,2,3,2,4,7,8,0,1
26,1958,4,0,3,0,8,9,3,4,2,3,3,4,10,8,0,1
26,1958,4,0,3,0,8,9,3,4,2,3,3,3,10,7,0,0
26,1958,4,0,3,0,8,9,3,4,2,3,3,3,10,7,0,0
26,1958,4,0,3,0,8,9,3,4,2,3,3,3,10,7,0,0
26,1958,4,0,3,0,8,9,3,4,2,3,3,3,10,7,0,0
26,1958,4,0,3,0,8,9,3,4,2,3,3,3,10,7,0,0
26,1958,4,0,3,0,8,9,3,4,2,3,3,3,10,7,0,0
26,1958,4,0,3,0,8,9,3,4,2,3,3,3,10,7,0,0
26,1958,4,0,3,0,8,9,3,4,2,3,3,3,10,7,0,0
26,1958,4,0,3,0,8,9,3,4,2,3,2,3,8,7,0,0
26,1958,4,0,3,0,8,9,3,4,2,3,2,3,8,7,0,0
26,1958,4,0,3,0,8,9,3,4,2,3,2,3,8,7,0,0
26,1958,4,0,3,0,8,9,3,4,2,3,2,3,8,7,0,0
26,1958,4,0,3,0,8,9,3,4,2,3,2,3,8,7,0,0
26,1958,4,0,3,0,8,9,3,4,2,3,2,3,8,7,0,0
26,1958,4,0,3,0,8,8,3,4,2,3,2,3,8,7,0,0
26,1958,4,0,3,0,8,8,3,4,2,3,2,2,8,7,0,0
26,1958,4,0,3,0,8,8,3,4,2,3,2,2,7,7,0,0
27,1959,4,0,3,0,8,8,3,4,2,3,2,2,4,7,0,0
27,1959,4,0,3,0,8,8,3,4,2,3,2,2,4,7,0,0
27,1959,4,0,3,0,8,8,3,4,2,3,2,2,4,7,0,0
27,1959,4,0,3,0,8,8,3,4,2,3,2,2,4,7,0,0
27,1959,4,0,3,0,8,8,3,4,2,3,2,2,4,7,0,0
27,1959,4,0,3,0,8,8,3,4,2,3,2,2,4,7,0,0
27,1959,4,0,3,0,8,8,3,4,2,3,3,2,4,7,0,0
27,1959,4,0,3,0,8,8,3,4,2,3,3,2,5,7,0,0
27,1959,4,0,3,0,8,8,3,4,2,3,3,2,5,7,0,0
27,1959,4,0,3,0,8,8,3,4,2,2,3,2,5,7,0,0
27,1959,4,0,3,0,8,8,3,4,2,2,3,2,5,7,0,0
27,1959,4,0,3,0,8,8,3,4,2,2,3,2,5,7,0,0
27,1959,4,0,3,0,8,8,3,4,2,2,3,2,5,7,0,0
27,1959,4,0,3,0,8,8,3,4,2,2,3,2,5,7,0,0
27,1959,4,0,3,0,8,8,3,4,2,2,3,2,5,7,0,0
27,1959,4,0,3,0,8,8,3,4,2,2,2,2,4,7,0,0
27,1959,4,0,3,0,8,8,3,4,2,2,2,2,4,7,0,0
27,1959,4,0,3,0,8,8,3,4,2,2,2,2,4,7,0,0
27,1959,4,0,3,0,8,8,3,4,2,2,2,2,4,7,0,0
27,1959,4,0,3,0,8,8,3,4,2,2,2,2,4,7,0,0
27,1959,4,0,3,0,8,8,3,4,2,2,2,2,4,7,0,0
27,1959,4,0,3,0,8,8,3,4,2,2,2,2,4,7,0,0
27,1959,4,0,3,0,8,8,3,4,2,2,2,2,4,7,0,0
27,1959,4,0,3,0,8,8,3,4,2,2,2,2,4,7,0,0
0,1960,4,0,4,0,9,8,4,4,3,2,3,2,7,7,0,0
0,1960,4,0,4,0,9,8,4,4,3,2,3,2,7,7,0,0
0,1960,4,0,4,0,9,8,4,4,3,2,3,2,7,7,0,0
0,1960,4,0,4,0,9,8,4,4,3,2,3,2,7,7,0,0
0,1960,4,0,4,0,9,8,4,4,3,2,3,2,7,7,0,0
0,1960,4,0,4,0,9,8,4,4,3,2,3,2,7,7,0,0
0,1960,4,0,4,0,9,8,4,4,3,2,3,2,8,7,8,0
0,1960,4,0,4,0,10,9,4,3,3,3,4,2,8,8,8,2
0,1960,4,0,4,0,10,10,4,4,3,3,4,2,8,8,8,2
0,1960,4,0,4,0,10,10,4,4,3,3,4,2,8,8,9,2
0,1960,4,0,4,0,10,10,4,4,3,3,4,2,8,8,9,2
0,1960,4,0,4,0,10,10,4,4,3,3,4,2,8,8,9,2
0,1960,4,0,4,0,10,10,4,4,3,3,4,2,8,8,9,2
0,1960,4,0,4,0,10,10,4,4,3,3,4,2,8,8,5,2
0,1960,4,0,4,0,10,9,4,4,3,3,4,2,8,8,5,2
0,1960,4,0,4,0,10,9,4,4,3,3,4,2,8,8,5,2
0,1960,4,0,4,0,9,9,4,4,3,3,3,2,8,8,5,2
0,1960,4,0,4,0,9,9,4,4,3,3,3,2,8,8,0,2
0,1960,4,0,4,0,9,9,4,4,3,3,3,1,8,8,0,2
0,1960,4,0,4,0,9,9,4,4,3,3,3,1,8,8,0,2
0,1960,4,0,4,0,9,9,4,4,3,3,3,1,8,8,0,1
0,1960,4,0,4,0,9,9,4,4,3,3,3,1,8,8,0,1
0,1960,4,0,4,0,9,9,4,4,3,3,3,1,8,8,0,1
0,1960,4,0,4,0,9,9,4,4,3,3,3,1,7,8,0,1
1,1961,4,0,4,0,9,9,4,4,3,3,3,1,4,8,0,1
1,1961,4,0,4,0,9,9,4,4,3,3,3,1,4,8,0,1
1,1961,4,0,4,0,9,9,4,4,3,3,3,1,4,8,0,1
1,1961,4,0,4,0,9,9,4,4,3,3,3,1,4,8,0,1
1,1961,4,0,4,0,9,9,4,4,3,3,3,1,4,8,0,1
1,1961,4,0,4,0,9,9,4,4,3,3,3,1,4,8,0,1
1,1961,4,0,4,0,9,9,4,4,3,3,3,1,4,8,8,1
1,1961,4,0,4,0,10,9,4,4,3,3,4,2,5,7,8,1
1,1961,4,0,4,0,10,10,4,4,3,3,4,2,5,7,8,1
1,1961,4,0,4,0,10,10,4,4,3,3,4,2,5,7,9,2
1,1961,4,0,4,0,10,10,4,4,3,3,4,1,5,7,9,2
1,1961,4,0,4,0,10,10,4,4,3,3,4,1,5,7,9,2
1,1961,4,0,4,0,10,10,4,4,3,3,4,1,5,7,9,2
1,1961,4,0,4,0,10,10,4,4,3,3,4,1,5,7,5,2
1,1961,4,0,4,0,10,10,4,4,3,3,4,1,5,7,5,2
1,1961,4,0,4,0,10,10,4,4,3,3,4,1,4,7,5,2
1,1961,4,0,4,0,9,10,4,4,3,3,3,1,4,7,5,2
1,1961,4,0,4,0,9,10,4,4,3,3,3,1,4,7,0,2
1,1961,4,0,4,0,9,10,4,4,3,3,3,1,4,7,0,2
1,1961,4,0,4,0,9,10,4,4,3,3,3,1,4,7,0,2
1,1961,4,0,4,0,9,10,4,4,3,3,3,1,4,7,0,1
1,1961,4,0,4,0,9,10,4,3,3,2,3,1,4,7,0,1
1,1961,4,0,4,0,9,10,4,3,3,2,3,1,4,7,0,1
1,1961,4,0,4,0,9,10,4,3,3,2,3,1,4,7,0,1
2,1962,4,0,4,0,9,10,4,3,3,2,3,1,7,7,0,1
2,1962,4,0,4,0,9,10,4,3,3,2,3,1,7,7,0,1
2,1962,4,0,4,0,9,10,4,3,3,2,3,1,7,7,0,1
2,1962,4,0,4,0,9,10,4,3,3,2,3,1,7,7,0,1
2,1962,4,0,4,0,9,10,4,3,3,2,3,1,7,7,0,1
2,1962,4,0,4,0,9,10,4,3,3,2,3,1,7,7,0,1
2,1962,4,0,4,0,9,10,4,3,3,2,3,1,10,8,8,1
2,1962,4,0,4,0,10,10,4,4,3,2,4,2,10,9,8,2
2,1962,4,0,4,0,10,10,4,4,3,3,4,2,10,10,8,1
2,1962,4,0,4,0,10,10,4,4,3,3,4,2,10,10,9,1
2,1962,4,0,4,0,10,10,4,4,3,3,4,2,10,10,9,1
2,1962,4,0,4,0,10,10,4,4,3,3,4,2,10,9,9,1
2,1962,4,0,4,0,10,10,4,4,3,3,4,2,10,9,9,1
2,1962,4,0,4,0,10,10,4,4,3,3,4,2,10,9,5,1
2,1962,4,0,4,0,10,10,4,4,3,3,4,2,10,8,5,1
2,1962,4,0,4,0,10,10,4,4,3,3,4,2,8,8,5,1
2,1962,4,0,4,0,9,10,4,4,3,3,3,2,8,8,5,1
2,1962,4,0,4,0,9,10,4,3,3,3,3,2,8,7,0,0
2,1962,4,0,4,0,9,10,4,3,3,3,3,2,8,7,0,0
2,1962,4,0,4,0,9,10,4,3,3,3,3,2,8,7,0,0
2,1962,4,0,4,0,9,10,4,3,3,3,3,2,8,7,0,0
2,1962,4,0,4,0,9,10,4,3,3,3,3,2,8,7,0,0
2,1962,4,0,4,0,9,10,4,2,3,3,3,2,8,7,0,0
2,1962,4,0,4,0,9,10,4,2,3,3,3,2,7,7,0,0
3,1963,4,0,4,0,9,10,4,2,3,3,3,2,7,7,0,0
3,1963,4,0,4,0,9,10,4,2,3,3,3,2,7,7,0,0
3,1963,4,0,4,0,9,10,4,2,3,3,3,2,7,7,0,0
3,1963,4,0,4,0,9,10,4,2,3,3,3,2,7,7,0,0
3,1963,4,0,4,0,9,10,4,2,3,3,3,2,7,7,0,0
3,1963,4,0,4,0,9,10,4,2,3,3,3,2,7,7,0,0
3,1963,4,0,4,0,9,10,4,2,3,3,3,2,8,7,8,0
3,1963,4,0,4,0,10,10,4,3,3,3,4,3,8,8,8,0
3,1963,4,0,4,0,10,10,4,3,3,3,4,3,8,8,8,0
3,1963,4,0,4,0,10,10,4,3,3,3,4,3,8,8,9,0
3,1963,4,0,4,0,10,10,4,3,3,3,4,3,8,8,9,0
3,1963,4,0,4,0,10,10,4,3,3,3,4,3,8,8,9,0
3,1963,4,0,4,0,10,10,4,3,3,3,4,3,8,8,9,0
3,1963,4,0,4,0,10,10,4,3,3,3,4,3,8,8,5,0
3,1963,4,0,4,0,10,10,4,3,3,3,4,3,8,8,5,0
3,1963,4,0,4,0,10,10,4,3,3,3,4,3,8,8,5,0
3,1963,4,0,4,0,9,10,4,3,3,3,3,3,8,8,5,0
3,1963,4,0,4,0,9,10,4,2,3,3,3,3,8,8,0,0
3,1963,4,0,4,0,9,10,4,2,3,3,3,3,8,8,0,0
3,1963,4,0,4,0,9,10,4,2,3,3,3,3,8,8,0,0
3,1963,4,0,4,0,9,10,4,2,3,3,3,3,8,8,0,0
3,1963,4,0,4,0,9,10,4,2,3,3,3,3,8,8,0,0
3,1963,4,0,4,0,9,10,4,2,3,3,3,3,8,8,0,0
3,1963,4,0,4,0,9,10,4,2,3,3,3,3,7,8,0,0
4,1964,4,0,4,0,9,10,4,2,3,3,3,3,7,8,0,0
4,1964,4,0,4,0,9,10,4,2,3,3,3,3,7,8,0,0
4,1964,4,0,4,0,9,10,4,2,3,3,3,3,7,8,0,0
4,1964,4,0,4,0,9,10,4,2,3,3,3,3,7,8,0,0
4,1964,4,0,4,0,9,10,4,2,3,3,3,3,7,8,0,0
4,1964,4,0,4,0,9,10,4,2,3,3,3,3,7,8,0,0
4,1964,4,0,4,0,9,10,4,2,3,3,3,3,8,8,8,0
4,1964,4,0,4,0,10,9,4,3,3,3,4,4,8,8,8,1
4,1964,4,0,4,0,10,10,4,4,3,3,4,4,8,8,8,1
4,1964,4,0,4,0,10,10,4,4,3,3,4,4,8,8,9,1
4,1964,4,0,4,0,10,10,4,4,3,3,4,4,8,8,9,1
4,1964,4,0,4,0,10,10,4,4,3,3,4,4,8,8,9,1
4,1964,4,0,4,0,10,10,4,3,3,3,4,4,8,8,9,1
4,1964,4,0,4,0,10,10,4,2,3,3,4,4,8,8,5,1
4,1964,4,0,4,0,10,10,4,2,3,3,4,4,8,8,5,1
4,1964,4,0,4,0,10,10,4,2,3,3,4,4,8,8,5,1
4,1964,4,0,4,0,9,10,4,2,3,3,3,4,8,8,5,1
4,1964,4,0,4,0,9,10,4,2,3,3,3,4,8,8,0,1
4,1964,4,0,4,0,9,10,4,2,3,3,3,4,8,8,0,1
4,1964,4,0,4,0,9,10,4,2,3,3,3,4,8,8,0,1
4,1964,4,0,4,0,9,10,4,2,3,3,3,4,8,8,0,1
4,1964,4,0,4,0,9,10,4,2,3,3,3,4,8,8,0,1
4,1964,4,0,4,0,9,9,4,2,3,3,3,4,8,7,0,1
4,1964,4,0,4,0,9,9,4,2,3,3,3,4,7,7,0,1
5,1965,4,0,3,0,8,9,3,2,2,3,2,4,7,7,0,1
5,1965,4,0,3,0,8,9,3,2,2,3,2,4,7,7,0,1
5,1965,4,0,3,0,8,9,3,2,2,3,2,4,7,7,0,1
5,1965,4,0,3,0,8,9,3,2,2,3,2,4,7,7,0,1
5,1965,4,0,3,0,8,9,3,2,2,3,2,4,7,7,0,1
5,1965,4,0,3,0,8,9,3,2,2,3,2,4,7,7,0,1
5,1965,4,0,3,0,8,9,3,2,2,3,3,4,10,7,0,1
5,1965,4,0,3,0,8,7,3,1,2,3,3,3,10,5,0,0
5,1965,4,0,3,0,8,7,3,1,2,3,3,3,10,5,0,0
5,1965,4,0,3,0,8,7,3,1,2,3,3,3,10,5,0,0
5,1965,4,0,3,0,8,7,3,1,2,3,3,3,10,5,0,0
5,1965,4,0,3,0,8,7,3,1,2,3,3,3,10,5,0,0
5,1965,4,0,3,0,8,7,3,1,2,3,3,3,10,5,0,0
5,1965,4,0,3,0,8,7,3,1,2,3,3,3,10,5,0,0
5,1965,4,0,3,0,8,7,3,1,2,3,3,3,10,5,0,0
5,1965,4,0,3,0,8,7,3,1,2,3,2,3,8,5,0,0
5,1965,4,0,3,0,8,7,3,1,2,3,2,3,8,5,0,0
5,1965,4,0,3,0,8,7,3,1,2,3,2,3,8,5,0,0
5,1965,4,0,3,0,8,7,3,1,2,3,2,3,8,5,0,0
5,1965,4,0,3,0,8,7,3,1,2,3,2,3,8,5,0,0
5,1965,4,0,3,0,8,7,3,1,2,3,2,3,8,5,0,0
5,1965,4,0,3,0,8,7,3,1,2,3,2,3,8,5,0,0
5,1965,4,0,3,0,8,7,3,1,2,3,2,3,8,5,0,0
5,1965,4,0,3,0,8,7,3,1,2,3,2,3,7,5,0,0
6,1966,4,0,3,0,8,7,3,1,2,3,2,3,4,5,0,0
6,1966,4,0,3,0,8,7,3,1,2,3,2,3,4,5,0,0
6,1966,4,0,3,0,8,7,3,1,2,3,2,3,4,5,0,0
6,1966,4,0,3,0,8,7,3,1,2,3,2,3,4,5,0,0
6,1966,4,0,3,0,8,7,3,1,2,3,2,3,4,5,0,0
6,1966,4,0,3,0,8,7,3,1,2,3,2,3,4,5,0,0
6,1966,4,0,3,0,8,7,3,1,2,3,3,3,4,5,0,0
6,1966,4,0,3,0,8,5,3,1,2,3,3,3,5,3,0,0
6,1966,4,0,3,0,8,5,3,1,2,3,3,3,5,3,0,0
6,1966,4,0,3,0,8,5,3,0,2,2,3,3,5,3,0,0
6,1966,4,0,3,0,8,5,3,0,2,2,3,3,5,3,0,0
6,1966,4,0,3,0,8,5,3,0,2,2,3,3,5,3,0,0
6,1966,4,0,3,0,8,5,3,0,2,2,3,3,5,3,0,0
6,1966,4,0,3,0,8,5,3,0,2,2,3,3,5,3,0,0
6,1966,4,0,3,0,8,5,3,0,2,2,3,3,5,3,0,0
6,1966,4,0,3,0,8,5,3,0,2,2,2,3,4,3,0,0
6,1966,4,0,3,0,8,5,3,0,2,2,2,3,4,3,0,0
6,1966,4,0,3,0,8,5,3,0,2,2,2,3,4,3,0,0
6,1966,4,0,3,0,8,5,3,0,2,2,2,3,4,3,0,0
6,1966,4,0,3,0,8,5,3,0,2,2,2,3,4,3,0,0
6,1966,4,0,3,0,8,5,3,0,2,2,2,3,4,3,0,0
6,1966,4,0,3,0,8,5,3,0,2,2,2,3,4,3,0,0
6,1966,4,0,3,0,8,5,3,0,2,2,2,3,4,3,0,0
6,1966,4,0,3,0,8,5,3,0,2,2,2,3,4,3,0,0
7,1967,4,0,4,0,9,5,4,0,3,2,3,3,7,3,0,0
7,1967,4,0,4,0,9,5,4,0,3,2,3,3,7,3,0,0
7,1967,4,0,4,0,9,5,4,0,3,2,3,3,7,3,0,0
7,1967,4,0,4,0,9,5,4,0,3,2,3,3,7,3,0,0
7,1967,4,0,4,0,9,5,4,0,3,2,3,3,7,3,0,0
7,1967,4,0,4,0,9,5,4,0,3,2,3,3,7,3,0,0
7,1967,4,0,4,0,9,5,4,0,3,2,3,3,8,3,8,0
7,1967,4,0,4,0,10,8,4,2,3,3,4,3,8,3,8,1
7,1967,4,0,4,0,10,8,4,3,3,3,4,3,8,4,8,1
7,1967,4,0,4,0,10,8,4,4,3,3,4,3,8,5,9,1
7,1967,4,0,4,0,10,9,4,4,3,3,4,3,8,5,9,1
7,1967,4,0,4,0,10,9,4,4,3,3,4,3,8,6,9,1
7,1967,4,0,4,0,10,9,4,4,3,2,4,3,8,6,9,1
7,1967,4,0,4,0,10,8,4,4,3,1,4,3,8,5,5,1
7,1967,4,0,4,0,10,8,4,4,3,1,4,3,8,4,5,1
7,1967,4,0,4,0,10,8,4,4,3,1,4,3,8,4,5,1
7,1967,4,0,4,0,9,8,4,4,3,1,3,3,8,4,5,1
7,1967,4,0,4,0,9,8,4,4,3,1,3,3,8,4,0,1
7,1967,4,0,4,0,9,8,4,4,3,1,3,3,8,4,0,1
7,1967,4,0,4,0,9,8,4,4,3,1,3,3,8,4,0,1
7,1967,4,0,4,0,9,8,4,4,3,1,3,3,8,4,0,1
7,1967,4,0,4,0,9,8,4,4,3,1,3,3,8,4,0,1
7,1967,4,0,4,0,9,8,4,4,3,1,3,3,8,4,0,1
7,1967,4,0,4,0,9,8,4,4,3,1,3,3,7,4,0,1
8,1968,4,0,4,0,9,8,4,4,3,1,3,3,4,4,0,1
8,1968,4,0,4,0,9,8,4,4,3,1,3,3,4,4,0,1
8,1968,4,0,4,0,9,8,4,4,3,1,3,3,4,4,0,1
8,1968,4,0,4,0,9,8,4,4,3,1,3,3,4,4,0,1
8,1968,4,0,4,0,9,8,4,4,3,1,3,3,4,4,0,1
8,1968,4,0,4,0,9,8,4,4,3,1,3,3,4,4,0,1
8,1968,4,0,4,0,9,8,4,4,3,1,3,3,4,4,8,1
8,1968,4,0,4,0,10,9,4,3,3,3,4,4,5,5,8,2
8,1968,4,0,4,0,10,9,4,4,3,3,4,4,5,5,8,3
8,1968,4,0,4,0,10,10,4,4,3,3,4,4,5,5,9,3
8,1968,4,0,4,0,10,10,4,4,3,3,4,4,5,6,9,3
8,1968,4,0,4,0,10,10,4,4,3,3,4,4,5,6,9,3
8,1968,4,0,4,0,10,10,4,4,3,3,4,4,5,6,9,3
8,1968,4,0,4,0,10,10,4,4,3,3,4,4,5,5,5,2
8,1968,4,0,4,0,10,10,4,4,3,3,4,4,5,5,5,2
8,1968,4,0,4,0,10,10,4,4,3,2,4,4,4,5,5,2
8,1968,4,0,4,0,9,10,4,4,3,2,3,4,4,5,5,2
8,1968,4,0,4,0,9,10,4,4,3,2,3,4,4,5,0,2
8,1968,4,0,4,0,9,10,4,4,3,2,3,4,4,5,0,2
8,1968,4,0,4,0,9,10,4,4,3,1,3,4,4,5,0,2
8,1968,4,0,4,0,9,10,4,4,3,1,3,4,4,5,0,2
8,1968,4,0,4,0,9,10,4,4,3,1,3,4,4,5,0,2
8,1968,4,0,4,0,9,10,4,4,3,1,3,4,4,5,0,2
8,1968,4,0,4,0,9,10,4,4,3,1,3,4,4,5,0,2
9,1969,4,0,4,0,9,10,4,4,3,1,3,4,7,6,0,2
9,1969,4,0,4,0,9,10,4,4,3,1,3,4,7,6,0,2
9,1969,4,0,4,0,9,10,4,4,3,1,3,4,7,6,0,2
9,1969,4,0,4,0,9,10,4,4,3,1,3,4,7,6,0,2
9,1969,4,0,4,0,9,10,4,4,3,1,3,4,7,6,0,2
9,1969,4,0,4,0,9,10,4,4,3,1,3,4,7,6,0,2
9,1969,4,0,4,0,9,10,4,4,3,1,3,4,10,6,8,2
9,1969,4,0,4,0,10,9,4,4,3,2,4,4,10,10,8,1
9,1969,4,0,4,0,10,10,4,4,3,2,4,4,10,10,8,2
9,1969,4,0,4,0,10,10,4,4,3,3,4,4,10,10,9,2
9,1969,4,0,4,0,10,10,4,4,3,3,4,4,10,11,9,3
9,1969,4,0,4,0,10,10,4,4,3,3,4,4,10,10,9,3
9,1969,4,0,4,0,10,10,4,3,3,3,4,4,10,10,9,3
9,1969,4,0,4,0,10,10,4,3,3,3,4,4,10,10,5,3
9,1969,4,0,4,0,10,10,4,3,3,3,4,4,10,9,5,2
9,1969,4,0,4,0,10,10,4,3,3,3,4,4,8,9,5,2
9,1969,4,0,4,0,9,9,4,3,3,3,3,4,8,9,5,2
9,1969,4,0,4,0,9,9,4,3,3,3,3,4,8,8,0,1
9,1969,4,0,4,0,9,9,4,3,3,3,3,4,8,7,0,0
9,1969,4,0,4,0,9,8,4,3,3,3,3,4,8,7,0,0
9,1969,4,0,4,0,9,8,4,3,3,3,3,4,8,7,0,0
9,1969,4,0,4,0,9,8,4,3,3,3,3,4,8,7,0,0
9,1969,4,0,4,0,9,8,4,3,3,3,3,4,8,6,0,0
9,1969,4,0,4,0,9,8,4,3,3,3,3,4,7,6,0,0
10,1970,4,0,4,0,9,8,4,3,3,3,3,4,7,6,0,0
10,1970,4,0,4,0,9,8,4,3,3,3,3,4,7,6,0,0
10,1970,4,0,4,0,9,8,4,3,3,3,3,4,7,6,0,0
10,1970,4,0,4,0,9,8,4,3,3,3,3,4,7,6,0,0
10,1970,4,0,4,0,9,8,4,3,3,3,3,4,7,6,0,0
10,1970,4,0,4,0,9,8,4,3,3,3,3,4,7,6,0,0
10,1970,4,0,4,0,9,8,4,3,3,3,3,4,8,6,8,0
10,1970,4,0,4,0,10,10,4,4,3,3,4,4,8,8,8,0
10,1970,4,0,4,0,10,10,4,4,3,3,4,4,8,8,8,0
10,1970,4,0,4,0,10,10,4,4,3,3,4,4,8,8,9,0
10,1970,4,0,4,0,10,10,4,4,3,3,4,4,8,8,9,0
10,1970,4,0,4,0,10,10,4,4,3,3,4,3,8,8,9,0
10,1970,4,0,4,0,10,10,4,4,3,3,4,3,8,8,9,0
10,1970,4,0,4,0,10,10,4,4,3,3,4,3,8,8,5,0
10,1970,4,0,4,0,10,10,4,4,3,3,4,3,8,8,5,0
10,1970,4,0,4,0,10,10,4,4,3,3,4,3,8,8,5,0
10,1970,4,0,4,0,9,9,4,4,3,3,3,3,8,6,5,0
10,1970,4,0,4,0,9,9,4,4,3,3,3,3,8,6,0,0
10,1970,4,0,4,0,9,9,4,4,3,3,3,3,8,5,0,0
10,1970,4,0,4,0,9,9,4,4,3,3,3,3,8,5,0,0
10,1970,4,0,4,0,9,9,4,4,3,3,3,3,8,5,0,0
10,1970,4,0,4,0,9,9,4,4,3,3,3,3,8,5,0,0
10,1970,4,0,4,0,9,9,4,4,3,3,3,3,8,5,0,0
10,1970,4,0,4,0,9,9,4,4,3,3,3,3,7,5,0,0
11,1971,4,0,4,0,9,9,4,4,3,3,3,3,7,5,0,0
11,1971,4,0,4,0,9,9,4,4,3,3,3,3,7,5,0,0
11,1971,4,0,4,0,9,9,4,4,3,3,3,3,7,5,0,0
11,1971,4,0,4,0,9,9,4,4,3,3,3,3,7,5,0,0
11,1971,4,0,4,0,9,9,4,4,3,3,3,3,7,5,0,0
11,1971,4,0,4,0,9,9,4,4,3,3,3,3,7,5,0,0
11,1971,4,0,4,0,9,9,4,4,3,3,3,3,8,5,8,0
11,1971,4,0,4,0,10,10,4,3,3,3,4,4,8,8,8,0
11,1971,4,0,4,0,10,10,4,4,3,3,4,4,8,8,8,1
11,1971,4,0,4,0,10,10,4,4,3,3,4,4,8,8,9,1
11,1971,4,0,4,0,10,10,4,4,3,3,4,4,8,8,9,1
11,1971,4,0,4,0,10,10,4,4,3,3,4,4,8,8,9,1
11,1971,4,0,4,0,10,10,4,4,3,3,4,4,8,8,9,1
11,1971,4,0,4,0,10,10,4,4,3,3,4,4,8,8,5,1
11,1971,4,0,4,0,10,10,4,4,3,3,4,4,8,8,5,0
11,1971,4,0,4,0,10,10,4,4,3,3,4,4,8,8,5,0
11,1971,4,0,4,0,9,10,4,4,3,3,3,4,8,8,5,0
11,1971,4,0,4,0,9,10,4,4,3,3,3,4,8,8,0,0
11,1971,4,0,4,0,9,9,4,4,3,3,3,4,8,8,0,0
11,1971,4,0,4,0,9,9,4,4,3,3,3,4,8,8,0,0
11,1971,4,0,4,0,9,9,4,4,3,3,3,4,8,8,0,0
11,1971,4,0,4,0,9,9,4,4,3,3,3,4,8,7,0,0
11,1971,4,0,4,0,9,9,4,4,3,3,3,3,8,6,0,0
11,1971,4,0,4,0,9,9,4,4,3,3,3,3,7,6,0,0
12,1972,4,0,3,0,8,9,3,4,2,3,2,3,7,6,0,0
12,1972,4,0,3,0,8,9,3,4,2,3,2,3,7,6,0,0
12,1972,4,0,3,0,8,9,3,4,2,3,2,3,7,6,0,0
12,1972,4,0,3,0,8,9,3,4,2,3,2,3,7,6,0,0
12,1972,4,0,3,0,8,9,3,4,2,3,2,3,7,6,0,0
12,1972,4,0,3,0,8,9,3,4,2,3,2,3,7,6,0,0
12,1972,4,0,3,0,8,9,3,4,2,3,3,3,10,6,0,0
12,1972,4,0,3,0,8,8,3,4,2,3,3,2,10,6,0,0
12,1972,4,0,3,0,8,8,3,3,2,3,3,2,10,6,0,0
12,1972,4,0,3,0,8,8,3,3,2,3,3,2,10,6,0,0
12,1972,4,0,3,0,8,8,3,3,2,3,3,2,10,6,0,0
12,1972,4,0,3,0,8,8,3,3,2,3,3,2,10,6,0,0
12,1972,4,0,3,0,8,8,3,3,2,3,3,2,10,6,0,0
12,1972,4,0,3,0,8,8,3,3,2,3,3,2,10,6,0,0
12,1972,4,0,3,0,8,8,3,3,2,3,3,2,10,6,0,0
12,1972,4,0,3,0,8,8,3,3,2,3,2,2,8,6,0,0
12,1972,4,0,3,0,8,8,3,3,2,3,2,2,8,6,0,0
12,1972,4,0,3,0,8,8,3,3,2,3,2,2,8,6,0,0
12,1972,4,0,3,0,8,7,3,3,2,3,2,2,8,5,0,0
12,1972,4,0,3,0,8,7,3,3,2,3,2,2,8,5,0,0
12,1972,4,0,3,0,8,7,3,3,2,3,2,2,8,5,0,0
12,1972,4,0,3,0,8,7,3,3,2,2,2,2,8,5,0,0
12,1972,4,0,3,0,8,7,3,3,2,2,2,2,8,5,0,0
12,1972,4,0,3,0,8,7,3,3,2,2,2,2,7,5,0,0
13,1973,4,0,3,0,8,7,3,3,2,2,2,2,4,5,0,0
13,1973,4,0,3,0,8,7,3,3,2,2,2,2,4,5,0,0
13,1973,4,0,3,0,8,7,3,3,2,2,2,2,4,5,0,0
13,1973,4,0,3,0,8,7,3,3,2,2,2,2,4,5,0,0
13,1973,4,0,3,0,8,7,3,3,2,2,2,2,4,5,0,0
13,1973,4,0,3,0,8,7,3,3,2,2,2,2,4,5,0,0
13,1973,4,0,3,0,8,7,3,3,2,2,3,2,4,5,0,0
13,1973,4,0,3,0,8,5,3,3,2,2,3,2,5,5,0,0
13,1973,4,0,3,0,8,5,3,3,2,2,3,2,5,5,0,0
13,1973,4,0,3,0,8,5,3,3,2,2,3,2,5,5,0,0
13,1973,4,0,3,0,8,5,3,3,2,2,3,2,5,5,0,0
13,1973,4,0,3,0,8,5,3,3,2,2,3,2,5,5,0,0
13,1973,4,0,3,0,8,5,3,3,2,2,3,2,5,5,0,0
13,1973,4,0,3,0,8,5,3,3,2,2,3,2,5,5,0,0
13,1973,4,0,3,0,8,5,3,3,2,2,3,2,5,5,0,0
13,1973,4,0,3,0,8,5,3,3,2,2,2,2,4,5,0,0
13,1973,4,0,3,0,8,5,3,3,2,2,2,2,4,5,0,0
13,1973,4,0,3,0,8,5,3,3,2,2,2,2,4,5,0,0
13,1973,4,0,3,0,8,5,3,3,2,2,2,2,4,5,0,0
13,1973,4,0,3,0,8,5,3,3,2,2,2,2,4,5,0,0
13,1973,4,0,3,0,8,5,3,3,2,2,2,2,4,5,0,0
13,1973,4,0,3,0,8,5,3,3,2,2,2,1,4,5,0,0
13,1973,4,0,3,0,8,5,3,3,2,2,2,1,4,5,0,0
13,1973,4,0,3,0,8,5,3,3,2,2,2,1,4,5,0,0
14,1974,4,0,4,0,9,5,4,3,3,2,3,1,7,5,0,0
14,1974,4,0,4,0,9,5,4,3,3,2,3,1,7,5,0,0
14,1974,4,0,4,0,9,5,4,3,3,2,3,1,7,5,0,0
14,1974,4,0,4,0,9,5,4,3,3,2,3,1,7,5,0,0
14,1974,4,0,4,0,9,5,4,3,3,2,3,1,7,5,0,0
14,1974,4,0,4,0,9,5,4,3,3,2,3,1,7,5,0,0
14,1974,4,0,4,0,9,5,4,3,3,2,3,1,8,5,8,0
14,1974,4,0,4,0,10,8,4,4,3,3,4,2,8,5,8,2
14,1974,4,0,4,0,10,9,4,4,3,3,4,2,8,5,8,2
14,1974,4,0,4,0,10,9,4,4,3,3,4,2,8,8,9,2
14,1974,4,0,4,0,10,9,4,4,3,3,4,2,8,8,9,2
14,1974,4,0,4,0,10,10,4,4,3,3,4,1,8,8,9,2
14,1974,4,0,4,0,10,10,4,4,3,3,4,1,8,9,9,2
14,1974,4,0,4,0,10,9,4,3,3,3,4,1,8,8,5,2
14,1974,4,0,4,0,10,9,4,3,3,3,4,1,8,6,5,0
14,1974,4,0,4,0,10,9,4,3,3,3,4,1,8,6,5,0
14,1974,4,0,4,0,9,9,4,3,3,3,3,1,8,6,5,0
14,1974,4,0,4,0,9,9,4,3,3,3,3,1,8,6,0,0
14,1974,4,0,4,0,9,9,4,3,3,3,3,1,8,6,0,0
14,1974,4,0,4,0,9,9,4,3,3,3,3,1,8,6,0,0
14,1974,4,0,4,0,9,9,4,3,3,3,3,1,8,6,0,0
14,1974,4,0,4,0,9,9,4,3,3,3,3,1,8,6,0,0
14,1974,4,0,4,0,9,9,4,3,3,3,3,1,8,6,0,0
14,1974,4,0,4,0,9,9,4,3,3,3,3,1,7,6,0,0
15,1975,4,0,4,0,9,9,4,3,3,3,3,1,4,6,0,0
15,1975,4,0,4,0,9,9,4,3,3,3,3,1,4,6,0,0
15,1975,4,0,4,0,9,9,4,3,3,3,3,1,4,6,0,0
15,1975,4,0,4,0,9,9,4,3,3,3,3,1,4,6,0,0
15,1975,4,0,4,0,9,9,4,3,3,3,3,1,4,6,0,0
15,1975,4,0,4,0,9,9,4,3,3,3,3,1,4,6,0,0
15,1975,4,0,4,0,9,9,4,3,3,3,3,1,4,6,8,0
15,1975,4,0,4,0,10,9,4,4,3,3,4,2,5,5,8,2
15,1975,4,0,4,0,10,10,4,4,3,3,4,2,5,5,8,3
15,1975,4,0,4,0,10,10,4,4,3,3,4,2,5,5,9,4
15,1975,4,0,4,0,10,10,4,4,3,3,4,2,5,5,9,4
15,1975,4,0,4,0,10,10,4,4,3,3,4,1,5,5,9,3
15,1975,4,0,4,0,10,10,4,4,3,3,4,1,5,5,9,3
15,1975,4,0,4,0,10,10,4,4,3,3,4,1,5,5,5,3
15,1975,4,0,4,0,10,10,4,4,3,3,4,1,5,5,5,3
15,1975,4,0,4,0,10,9,4,4,3,3,4,1,4,5,5,1
15,1975,4,0,4,0,9,10,4,4,3,3,3,1,4,5,5,1
15,1975,4,0,4,0,9,9,4,4,3,3,3,1,4,5,0,0
15,1975,4,0,4,0,9,9,4,4,3,2,3,1,4,5,0,0
15,1975,4,0,4,0,9,9,4,4,3,2,3,1,4,4,0,0
15,1975,4,0,4,0,9,9,4,4,3,2,3,1,4,4,0,0
15,1975,4,0,4,0,9,9,4,4,3,2,3,1,4,4,0,0
15,1975,4,0,4,0,9,9,4,4,3,2,3,1,4,4,0,0
15,1975,4,0,4,0,9,9,4,4,3,2,3,1,4,4,0,0
16,1976,4,0,4,0,9,9,4,4,3,2,3,1,7,4,0,0
16,1976,4,0,4,0,9,9,4,4,3,2,3,1,7,4,0,0
16,1976,4,0,4,0,9,9,4,4,3,2,3,1,7,4,0,0
16,1976,4,0,4,0,9,9,4,4,3,2,3,1,7,4,0,0
16,1976,4,0,4,0,9,9,4,4,3,2,3,1,7,4,0,0
16,1976,4,0,4,0,9,9,4,4,3,2,3,1,7,4,0,0
16,1976,4,0,4,0,9,9,4,4,3,2,3,1,10,4,8,0
16,1976,4,0,4,0,10,8,4,4,3,3,4,2,10,9,8,1
16,1976,4,0,4,0,10,10,4,4,3,3,4,2,10,10,8,1
16,1976,4,0,4,0,10,10,4,4,3,3,4,2,10,11,9,2
16,1976,4,0,4,0,10,10,4,4,3,2,4,2,10,11,9,2
16,1976,4,0,4,0,10,10,4,4,3,3,4,2,10,11,9,2
16,1976,4,0,4,0,10,10,4,4,3,3,4,2,10,11,9,2
16,1976,4,0,4,0,10,10,4,4,3,3,4,2,10,11,5,2
16,1976,4,0,4,0,10,10,4,4,3,2,4,2,10,11,5,2
16,1976,4,0,4,0,10,10,4,4,3,2,4,2,8,11,5,2
16,1976,4,0,4,0,9,10,4,4,3,2,3,2,8,10,5,1
16,1976,4,0,4,0,9,9,4,4,3,2,3,2,8,10,0,1
16,1976,4,0,4,0,9,9,4,4,3,2,3,2,8,10,0,1
16,1976,4,0,4,0,9,9,4,3,3,2,3,2,8,10,0,1
16,1976,4,0,4,0,9,9,4,3,3,2,3,2,8,10,0,1
16,1976,4,0,4,0,9,9,4,3,3,2,3,2,8,9,0,1
16,1976,4,0,4,0,9,9,4,3,3,2,3,2,8,9,0,1
16,1976,4,0,4,0,9,9,4,3,3,2,3,2,7,9,0,1
17,1977,4,0,4,0,9,9,4,3,3,2,3,2,7,9,0,1
17,1977,4,0,4,0,9,9,4,3,3,2,3,2,7,9,0,1
17,1977,4,0,4,0,9,9,4,3,3,2,3,2,7,9,0,1
17,1977,4,0,4,0,9,9,4,3,3,2,3,2,7,9,0,1
17,1977,4,0,4,0,9,9,4,3,3,2,3,2,7,9,0,1
17,1977,4,0,4,0,9,9,4,3,3,2,3,2,7,9,0,1
17,1977,4,0,4,0,9,9,4,3,3,2,3,2,8,9,8,1
17,1977,4,0,4,0,10,9,4,4,3,2,4,3,8,9,8,1
17,1977,4,0,4,0,10,10,4,4,3,2,4,3,8,8,8,1
17,1977,4,0,4,0,10,10,4,4,3,2,4,3,8,8,9,1
17,1977,4,0,4,0,10,10,4,3,3,2,4,3,8,8,9,1
17,1977,4,0,4,0,10,10,4,3,3,2,4,3,8,8,9,1
17,1977,4,0,4,0,10,10,4,3,3,2,4,3,8,7,9,0
17,1977,4,0,4,0,10,10,4,3,3,2,4,3,8,7,5,0
17,1977,4,0,4,0,10,10,4,3,3,2,4,3,8,7,5,0
17,1977,4,0,4,0,10,10,4,3,3,2,4,3,8,7,5,0
17,1977,4,0,4,0,9,10,4,3,3,2,3,3,8,7,5,0
17,1977,4,0,4,0,9,10,4,3,3,2,3,3,8,7,0,0
17,1977,4,0,4,0,9,10,4,3,3,2,3,3,8,7,0,0
17,1977,4,0,4,0,9,10,4,3,3,2,3,3,8,7,0,0
17,1977,4,0,4,0,9,9,4,3,3,2,3,3,8,7,0,0
17,1977,4,0,4,0,9,9,4,3,3,2,3,3,8,7,0,0
17,1977,4,0,4,0,9,9,4,2,3,2,3,3,8,6,0,0
17,1977,4,0,4,0,9,9,4,2,3,2,3,3,7,6,0,0
18,1978,4,0,4,0,9,9,4,2,3,2,3,3,7,6,0,0
18,1978,4,0,4,0,9,9,4,2,3,2,3,3,7,6,0,0
18,1978,4,0,4,0,9,9,4,2,3,2,3,3,7,6,0,0
18,1978,4,0,4,0,9,9,4,2,3,2,3,3,7,6,0,0
18,1978,4,0,4,0,9,9,4,2,3,2,3,3,7,6,0,0
18,1978,4,0,4,0,9,9,4,2,3,2,3,3,7,6,0,0
18,1978,4,0,4,0,9,9,4,2,3,2,3,3,8,6,8,0
18,1978,4,0,4,0,10,7,4,1,3,3,4,3,8,8,8,1
18,1978,4,0,4,0,10,10,4,3,3,3,4,3,8,8,8,1
18,1978,4,0,4,0,10,10,4,4,3,3,4,3,8,8,9,2
18,1978,4,0,4,0,10,10,4,4,3,3,4,3,8,8,9,2
18,1978,4,0,4,0,10,10,4,4,3,3,4,3,8,8,9,2
18,1978,4,0,4,0,10,10,4,4,3,3,4,3,8,8,9,2
18,1978,4,0,4,0,10,10,4,4,3,3,4,3,8,9,5,2
18,1978,4,0,4,0,10,9,4,3,3,3,4,3,8,9,5,2
18,1978,4,0,4,0,10,9,4,3,3,3,4,2,8,9,5,2
18,1978,4,0,4,0,9,8,4,3,3,3,3,2,8,8,5,1
18,1978,4,0,4,0,9,8,4,3,3,3,3,2,8,8,0,1
18,1978,4,0,4,0,9,8,4,3,3,3,3,2,8,8,0,1
18,1978,4,0,4,0,9,8,4,3,3,3,3,2,8,8,0,1
18,1978,4,0,4,0,9,8,4,3,3,3,3,2,8,7,0,1
18,1978,4,0,4,0,9,8,4,3,3,3,3,2,8,6,0,0
18,1978,4,0,4,0,9,8,4,3,3,3,3,2,8,6,0,0
18,1978,4,0,4,0,9,8,4,3,3,3,3,2,7,6,0,0
19,1979,4,0,3,0,8,8,3,3,2,3,2,2,7,6,0,0
19,1979,4,0,3,0,8,8,3,3,2,3,2,2,7,6,0,0
19,1979,4,0,3,0,8,8,3,3,2,3,2,2,7,6,0,0
19,1979,4,0,3,0,8,8,3,3,2,3,2,2,7,6,0,0
19,1979,4,0,3,0,8,8,3,3,2,3,2,2,7,6,0,0
19,1979,4,0,3,0,8,8,3,3,2,3,2,2,7,6,0,0
19,1979,4,0,3,0,8,8,3,3,2,3,3,2,10,6,0,0
19,1979,4,0,3,0,8,8,3,3,2,3,3,2,10,6,0,0
19,1979,4,0,3,0,8,8,3,3,2,3,3,2,10,6,0,0
19,1979,4,0,3,0,8,8,3,2,2,3,3,2,10,6,0,0
19,1979,4,0,3,0,8,8,3,2,2,3,3,2,10,6,0,0
19,1979,4,0,3,0,8,8,3,2,2,3,3,2,10,6,0,0
19,1979,4,0,3,0,8,8,3,2,2,3,3,2,10,6,0,0
19,1979,4,0,3,0,8,8,3,1,2,3,3,2,10,6,0,0
19,1979,4,0,3,0,8,8,3,1,2,3,3,2,10,6,0,0
19,1979,4,0,3,0,8,8,3,1,2,3,2,2,8,6,0,0
19,1979,4,0,3,0,8,8,3,1,2,3,2,2,8,6,0,0
19,1979,4,0,3,0,8,8,3,1,2,3,2,2,8,6,0,0
19,1979,4,0,3,0,8,8,3,1,2,3,2,2,8,6,0,0
19,1979,4,0,3,0,8,8,3,1,2,3,2,2,8,6,0,0
19,1979,4,0,3,0,8,8,3,1,2,3,2,2,8,6,0,0
19,1979,4,0,3,0,8,8,3,1,2,3,2,2,8,6,0,0
19,1979,4,0,3,0,8,8,3,1,2,3,2,2,8,6,0,0
19,1979,4,0,3,0,8,8,3,1,2,3,2,2,7,6,0,0
20,1980,4,0,3,0,8,8,3,1,2,3,2,2,4,6,0,0
20,1980,4,0,3,0,8,8,3,1,2,3,2,2,4,6,0,0
20,1980,4,0,3,0,8,8,3,1,2,3,2,2,4,6,0,0
20,1980,4,0,3,0,8,8,3,1,2,3,2,2,4,6,0,0
20,1980,4,0,3,0,8,8,3,1,2,3,2,2,4,6,0,0
20,1980,4,0,3,0,8,8,3,1,2,3,2,2,4,6,0,0
20,1980,4,0,3,0,8,8,3,1,2,3,3,2,4,6,0,0
20,1980,4,0,3,0,8,7,3,0,2,3,3,1,5,4,0,0
20,1980,4,0,3,0,8,7,3,0,2,3,3,1,5,4,0,0
20,1980,4,0,3,0,8,7,3,0,2,3,3,1,5,4,0,0
20,1980,4,0,3,0,8,7,3,0,2,2,3,1,5,4,0,0
20,1980,4,0,3,0,8,7,3,0,2,2,3,1,5,4,0,0
20,1980,4,0,3,0,8,7,3,0,2,2,3,1,5,4,0,0
20,1980,4,0,3,0,8,7,3,0,2,2,3,1,5,4,0,0
20,1980,4,0,3,0,8,7,3,0,2,2,3,1,5,4,0,0
20,1980,4,0,3,0,8,7,3,0,2,2,2,1,4,4,0,0
20,1980,4,0,3,0,8,7,3,0,2,2,2,1,4,4,0,0
20,1980,4,0,3,0,8,7,3,0,2,2,2,1,4,4,0,0
20,1980,4,0,3,0,8,7,3,0,2,2,2,1,4,4,0,0
20,1980,4,0,3,0,8,7,3,0,2,2,2,1,4,4,0,0
20,1980,4,0,3,0,8,7,3,0,2,2,2,1,4,4,0,0
20,1980,4,0,3,0,8,7,3,0,2,2,2,1,4,4,0,0
20,1980,4,0,3,0,8,7,3,0,2,2,2,1,4,4,0,0
20,1980,4,0,3,0,8,7,3,0,2,2,2,1,4,4,0,0
21,1981,4,0,4,0,9,7,4,0,3,2,3,1,7,4,0,0
21,1981,4,0,4,0,9,7,4,0,3,2,3,1,7,4,0,0
21,1981,4,0,4,0,9,7,4,0,3,2,3,1,7,4,0,0
21,1981,4,0,4,0,9,7,4,0,3,2,3,1,7,4,0,0
21,1981,4,0,4,0,9,7,4,0,3,2,3,1,7,4,0,0
21,1981,4,0,4,0,9,7,4,0,3,2,3,1,7,4,0,0
21,1981,4,0,4,0,9,7,4,0,3,2,3,1,8,4,8,0
21,1981,4,0,4,0,10,9,4,2,3,2,4,2,8,5,8,1
21,1981,4,0,4,0,10,10,4,3,3,3,4,2,8,5,8,1
21,1981,4,0,4,0,10,10,4,4,3,2,4,2,8,7,9,1
21,1981,4,0,4,0,10,10,4,4,3,3,4,2,8,7,9,1
21,1981,4,0,4,0,10,10,4,4,3,3,4,2,8,7,9,1
21,1981,4,0,4,0,10,10,4,4,3,3,4,2,8,7,9,1
21,1981,4,0,4,0,10,10,4,4,3,2,4,2,8,5,5,1
21,1981,4,0,4,0,10,10,4,4,3,2,4,2,8,5,5,1
21,1981,4,0,4,0,10,10,4,4,3,1,4,2,8,5,5,1
21,1981,4,0,4,0,9,10,4,4,3,1,3,2,8,5,5,1
21,1981,4,0,4,0,9,10,4,4,3,1,3,1,8,5,0,1
21,1981,4,0,4,0,9,10,4,4,3,1,3,1,8,5,0,1
21,1981,4,0,4,0,9,10,4,4,3,1,3,1,8,5,0,0
21,1981,4,0,4,0,9,10,4,4,3,1,3,1,8,5,0,0
21,1981,4,0,4,0,9,10,4,4,3,1,3,1,8,5,0,0
21,1981,4,0,4,0,9,10,4,4,3,1,3,1,8,5,0,0
21,1981,4,0,4,0,9,10,4,4,3,1,3,1,7,5,0,0
22,1982,4,0,4,0,9,10,4,4,3,1,3,1,4,5,0,0
22,1982,4,0,4,0,9,10,4,4,3,1,3,1,4,5,0,0
22,1982,4,0,4,0,9,10,4,4,3,1,3,1,4,5,0,0
22,1982,4,0,4,0,9,10,4,4,3,1,3,1,4,5,0,0
22,1982,4,0,4,0,9,10,4,4,3,1,3,1,4,5,0,0
22,1982,4,0,4,0,9,10,4,4,3,1,3,1,4,5,0,0
22,1982,4,0,4,0,9,10,4,4,3,1,3,1,4,5,8,0
22,1982,4,0,4,0,10,9,4,3,3,3,4,2,5,5,8,5
22,1982,4,0,4,0,10,10,4,4,3,3,4,2,5,6,8,6
22,1982,4,0,4,0,10,10,4,4,3,3,4,2,5,6,9,7
22,1982,4,0,4,0,10,10,4,4,3,3,4,2,5,7,9,8
22,1982,4,0,4,0,10,10,4,4,3,3,4,2,5,7,9,8
22,1982,4,0,4,0,10,10,4,4,3,3,4,2,5,6,9,7
22,1982,4,0,4,0,10,9,4,4,3,3,4,2,5,6,5,7
22,1982,4,0,4,0,10,9,4,4,3,3,4,2,5,6,5,7
22,1982,4,0,4,0,10,9,4,4,3,2,4,2,4,6,5,5
22,1982,4,0,4,0,9,9,4,4,3,2,3,2,4,6,5,5
22,1982,4,0,4,0,9,9,4,4,3,2,3,2,4,6,0,5
22,1982,4,0,4,0,9,8,4,4,3,2,3,2,4,5,0,4
22,1982,4,0,4,0,9,8,4,3,3,2,3,2,4,5,0,4
22,1982,4,0,4,0,9,8,4,3,3,2,3,2,4,5,0,4
22,1982,4,0,4,0,9,8,4,3,3,2,3,2,4,5,0,4
22,1982,4,0,4,0,9,8,4,3,3,2,3,2,4,5,0,3
22,1982,4,0,4,0,9,8,4,3,3,2,3,2,4,5,0,3
23,1983,4,0,4,0,9,8,4,3,3,2,3,2,7,7,0,3
23,1983,4,0,4,0,9,8,4,3,3,2,3,2,7,7,0,3
23,1983,4,0,4,0,9,8,4,3,3,2,3,2,7,7,0,3
23,1983,4,0,4,0,9,8,4,3,3,2,3,2,7,7,0,3
23,1983,4,0,4,0,9,8,4,3,3,2,3,2,7,7,0,3
23,1983,4,0,4,0,9,8,4,3,3,2,3,2,7,7,0,3
23,1983,4,0,4,0,9,8,4,3,3,2,3,2,10,8,8,3
23,1983,4,0,4,0,10,10,4,2,3,1,4,3,10,9,8,1
23,1983,4,0,4,0,10,10,4,2,3,1,4,3,10,10,8,1
23,1983,4,0,4,0,10,10,4,3,3,1,4,3,10,10,9,1
23,1983,4,0,4,0,10,10,4,3,3,1,4,3,10,9,9,0
23,1983,4,0,4,0,10,10,4,3,3,1,4,3,10,9,9,0
23,1983,4,0,4,0,10,10,4,3,3,1,4,3,10,10,9,0
23,1983,4,0,4,0,10,10,4,2,3,1,4,3,10,10,5,0
23,1983,4,0,4,0,10,10,4,2,3,1,4,3,10,10,5,0
23,1983,4,0,4,0,10,10,4,2,3,1,4,3,8,10,5,0
23,1983,4,0,4,0,9,10,4,2,3,1,3,3,8,10,5,0
23,1983,4,0,4,0,9,10,4,2,3,1,3,3,8,9,0,0
23,1983,4,0,4,0,9,10,4,2,3,1,3,3,8,9,0,0
23,1983,4,0,4,0,9,10,4,2,3,1,3,3,8,9,0,0
23,1983,4,0,4,0,9,10,4,2,3,1,3,3,8,8,0,0
23,1983,4,0,4,0,9,10,4,2,3,1,3,3,8,8,0,0
23,1983,4,0,4,0,9,10,4,2,3,1,3,3,8,8,0,0
23,1983,4,0,4,0,9,10,4,2,3,1,3,3,7,8,0,0
24,1984,4,0,4,0,9,10,4,2,3,1,3,3,7,8,0,0
24,1984,4,0,4,0,9,10,4,2,3,1,3,3,7,8,0,0
24,1984,4,0,4,0,9,10,4,2,3,1,3,3,7,8,0,0
24,1984,4,0,4,0,9,10,4,2,3,1,3,3,7,8,0,0
24,1984,4,0,4,0,9,10,4,2,3,1,3,3,7,8,0,0
24,1984,4,0,4,0,9,10,4,2,3,1,3,3,7,8,0,0
24,1984,4,0,4,0,9,10,4,2,3,1,3,3,8,8,8,0
24,1984,4,0,4,0,10,10,4,3,3,1,4,4,8,7,8,0
24,1984,4,0,4,0,10,10,4,3,3,1,4,4,8,8,8,0
24,1984,4,0,4,0,10,10,4,3,3,1,4,4,8,8,9,0
24,1984,4,0,4,0,10,10,4,3,3,1,4,4,8,8,9,0
24,1984,4,0,4,0,10,10,4,3,3,1,4,4,8,8,9,0
24,1984,4,0,4,0,10,10,4,3,3,1,4,4,8,8,9,0
24,1984,4,0,4,0,10,10,4,3,3,1,4,4,8,8,5,0
24,1984,4,0,4,0,10,10,4,3,3,1,4,4,8,8,5,0
24,1984,4,0,4,0,10,10,4,3,3,1,4,3,8,8,5,0
24,1984,4,0,4,0,9,10,4,3,3,1,3,3,8,8,5,0
24,1984,4,0,4,0,9,10,4,3,3,1,3,2,8,8,0,0
24,1984,4,0,4,0,9,10,4,3,3,1,3,2,8,8,0,0
24,1984,4,0,4,0,9,10,4,3,3,1,3,2,8,6,0,0
24,1984,4,0,4,0,9,10,4,3,3,1,3,2,8,6,0,0
24,1984,4,0,4,0,9,10,4,3,3,1,3,2,8,6,0,0
24,1984,4,0,4,0,9,10,4,3,3,1,3,2,8,6,0,0
24,1984,4,0,4,0,9,10,4,3,3,1,3,2,7,6,0,0
25,1985,4,0,4,0,9,10,4,3,3,1,3,2,7,6,0,0
25,1985,4,0,4,0,9,10,4,3,3,1,3,2,7,6,0,0
25,1985,4,0,4,0,9,10,4,3,3,1,3,2,7,6,0,0
25,1985,4,0,4,0,9,10,4,3,3,1,3,2,7,6,0,0
25,1985,4,0,4,0,9,10,4,3,3,1,3,2,7,6,0,0
25,1985,4,0,4,0,9,10,4,3,3,1,3,2,7,6,0,0
25,1985,4,0,4,0,9,10,4,3,3,1,3,2,8,6,8,0
25,1985,4,0,4,0,10,10,4,2,3,2,4,2,8,7,8,1
25,1985,4,0,4,0,10,10,4,3,3,3,4,2,8,8,8,1
25,1985,4,0,4,0,10,10,4,4,3,3,4,2,8,8,9,2
25,1985,4,0,4,0,10,10,4,4,3,3,4,2,8,8,9,3
25,1985,4,0,4,0,10,10,4,4,3,3,4,2,8,8,9,4
25,1985,4,0,4,0,10,10,4,4,3,3,4,2,8,8,9,4
25,1985,4,0,4,0,10,10,4,4,3,3,4,2,8,8,5,4
25,1985,4,0,4,0,10,10,4,3,3,3,4,2,8,8,5,4
25,1985,4,0,4,0,10,10,4,3,3,2,4,2,8,8,5,2
25,1985,4,0,4,0,9,10,4,3,3,2,3,2,8,8,5,2
25,1985,4,0,4,0,9,10,4,3,3,2,3,2,8,8,0,1
25,1985,4,0,4,0,9,10,4,3,3,2,3,2,8,8,0,1
25,1985,4,0,4,0,9,10,4,3,3,2,3,2,8,8,0,1
25,1985,4,0,4,0,9,10,4,3,3,2,3,2,8,8,0,1
25,1985,4,0,4,0,9,10,4,3,3,2,3,2,8,8,0,1
25,1985,4,0,4,0,9,9,4,3,3,2,3,2,8,8,0,0
25,1985,4,0,4,0,9,9,4,3,3,2,3,2,7,8,0,0
26,1986,4,0,3,0,8,9,3,3,2,2,2,2,7,8,0,0
26,1986,4,0,3,0,8,9,3,3,2,2,2,2,7,8,0,0
26,1986,4,0,3,0,8,9,3,3,2,2,2,2,7,8,0,0
26,1986,4,0,3,0,8,9,3,3,2,2,2,2,7,8,0,0
26,1986,4,0,3,0,8,9,3,3,2,2,2,2,7,8,0,0
26,1986,4,0,3,0,8,9,3,3,2,2,2,2,7,8,0,0
26,1986,4,0,3,0,8,9,3,3,2,2,3,2,10,8,0,0
26,1986,4,0,3,0,8,9,3,3,2,2,3,2,10,7,0,0
26,1986,4,0,3,0,8,9,3,3,2,2,3,2,10,7,0,0
26,1986,4,0,3,0,8,9,3,3,2,2,3,2,10,6,0,0
26,1986,4,0,3,0,8,9,3,3,2,2,3,2,10,6,0,0
26,1986,4,0,3,0,8,9,3,3,2,2,3,2,10,6,0,0
26,1986,4,0,3,0,8,9,3,2,2,2,3,2,10,6,0,0
26,1986,4,0,3,0,8,9,3,2,2,2,3,2,10,6,0,0
26,1986,4,0,3,0,8,9,3,2,2,2,3,2,10,6,0,0
26,1986,4,0,3,0,8,9,3,2,2,2,2,2,8,6,0,0
26,1986,4,0,3,0,8,9,3,2,2,2,2,2,8,6,0,0
26,1986,4,0,3,0,8,9,3,2,2,2,2,2,8,6,0,0
26,1986,4,0,3,0,8,9,3,2,2,2,2,2,8,6,0,0
26,1986,4,0,3,0,8,9,3,2,2,2,2,2,8,6,0,0
26,1986,4,0,3,0,8,9,3,2,2,2,2,2,8,6,0,0
26,1986,4,0,3,0,8,9,3,2,2,2,2,2,8,6,0,0
26,1986,4,0,3,0,8,9,3,2,2,2,2,2,8,6,0,0
26,1986,4,0,3,0,8,9,3,2,2,2,2,2,7,6,0,0
27,1987,4,0,3,0,8,9,3,2,2,2,2,2,4,6,0,0
27,1987,4,0,3,0,8,9,3,2,2,2,2,2,4,6,0,0
27,1987,4,0,3,0,8,9,3,2,2,2,2,2,4,6,0,0
27,1987,4,0,3,0,8,9,3,2,2,2,2,2,4,6,0,0
27,1987,4,0,3,0,8,9,3,2,2,2,2,2,4,6,0,0
27,1987,4,0,3,0,8,9,3,2,2,2,2,2,4,6,0,0
27,1987,4,0,3,0,8,9,3,2,2,2,3,2,4,6,0,0
27,1987,4,0,3,0,8,8,3,2,2,2,3,2,5,5,0,0
27,1987,4,0,3,0,8,8,3,2,2,2,3,2,5,5,0,0
27,1987,4,0,3,0,8,8,3,2,2,2,3,2,5,5,0,0
27,1987,4,0,3,0,8,8,3,2,2,2,3,2,5,5,0,0
27,1987,4,0,3,0,8,8,3,2,2,2,3,2,5,5,0,0
27,1987,4,0,3,0,8,8,3,2,2,2,3,2,5,5,0,0
27,1987,4,0,3,0,8,8,3,2,2,2,3,2,5,4,0,0
27,1987,4,0,3,0,8,8,3,2,2,2,3,2,5,4,0,0
27,1987,4,0,3,0,8,7,3,2,2,2,2,2,4,3,0,0
27,1987,4,0,3,0,8,7,3,2,2,2,2,2,4,3,0,0
27,1987,4,0,3,0,8,7,3,2,2,2,2,2,4,3,0,0
27,1987,4,0,3,0,8,7,3,2,2,2,2,2,4,3,0,0
27,1987,4,0,3,0,8,7,3,2,2,2,2,2,4,3,0,0
27,1987,4,0,3,0,8,7,3,2,2,2,2,2,4,3,0,0
27,1987,4,0,3,0,8,7,3,2,2,2,2,2,4,3,0,0
27,1987,4,0,3,0,8,7,3,2,2,2,2,2,4,3,0,0
27,1987,4,0,3,0,8,7,3,2,2,2,2,2,4,3,0,0
0,1988,4,0,4,0,9,7,4,2,3,2,3,2,7,3,0,0
0,1988,4,0,4,0,9,7,4,2,3,2,3,2,7,3,0,0
0,1988,4,0,4,0,9,7,4,2,3,2,3,2,7,3,0,0
0,1988,4,0,4,0,9,7,4,2,3,2,3,2,7,3,0,0
0,1988,4,0,4,0,9,7,4,2,3,2,3,2,7,3,0,0
0,1988,4,0,4,0,9,7,4,2,3,2,3,2,7,3,0,0
0,1988,4,0,4,0,9,7,4,2,3,2,3,2,8,3,8,0
0,1988,4,0,4,0,10,9,4,4,3,2,4,3,8,5,8,2
0,1988,4,0,4,0,10,10,4,4,3,3,4,3,8,5,8,2
0,1988,4,0,4,0,10,9,4,4,3,3,4,3,8,7,9,2
0,1988,4,0,4,0,10,10,4,4,3,3,4,2,8,7,9,2
0,1988,4,0,4,0,10,10,4,3,3,3,4,1,8,7,9,2
0,1988,4,0,4,0,10,10,4,3,3,3,4,1,8,8,9,2
0,1988,4,0,4,0,10,10,4,3,3,3,4,1,8,6,5,2
0,1988,4,0,4,0,10,8,4,3,3,3,4,1,8,7,5,2
0,1988,4,0,4,0,10,8,4,3,3,3,4,1,8,6,5,2
0,1988,4,0,4,0,9,8,4,3,3,3,3,1,8,6,5,2
0,1988,4,0,4,0,9,8,4,3,3,3,3,1,8,5,0,1
0,1988,4,0,4,0,9,8,4,3,3,3,3,1,8,5,0,1
0,1988,4,0,4,0,9,8,4,3,3,3,3,1,8,5,0,0
0,1988,4,0,4,0,9,8,4,3,3,3,3,1,8,5,0,0
0,1988,4,0,4,0,9,8,4,3,3,3,3,1,8,5,0,0
0,1988,4,0,4,0,9,8,4,3,3,3,3,1,8,5,0,0
0,1988,4,0,4,0,9,8,4,3,3,3,3,1,7,5,0,0
1,1989,4,0,4,0,9,8,4,3,3,3,3,1,4,5,0,0
1,1989,4,0,4,0,9,8,4,3,3,3,3,1,4,5,0,0
1,1989,4,0,4,0,9,8,4,3,3,3,3,1,4,5,0,0
1,1989,4,0,4,0,9,8,4,3,3,3,3,1,4,5,0,0
1,1989,4,0,4,0,9,8,4,3,3,3,3,1,4,5,0,0
1,1989,4,0,4,0,9,8,4,3,3,3,3,1,4,5,0,0
1,1989,4,0,4,0,9,8,4,3,3,3,3,1,4,5,8,0
1,1989,4,0,4,0,10,9,4,3,3,3,4,1,5,5,8,1
1,1989,4,0,4,0,10,10,4,4,3,3,4,1,5,5,8,1
1,1989,4,0,4,0,10,10,4,4,3,3,4,1,5,5,9,2
1,1989,4,0,4,0,10,10,4,3,3,3,4,1,5,6,9,2
1,1989,4,0,4,0,10,10,4,4,3,3,4,1,5,6,9,2
1,1989,4,0,4,0,10,10,4,4,3,3,4,1,5,6,9,2
1,1989,4,0,4,0,10,10,4,3,3,3,4,1,5,5,5,1
1,1989,4,0,4,0,10,10,4,3,3,3,4,1,5,5,5,1
1,1989,4,0,4,0,10,10,4,3,3,3,4,1,4,5,5,1
1,1989,4,0,4,0,9,10,4,3,3,3,3,1,4,5,5,1
1,1989,4,0,4,0,9,10,4,3,3,3,3,1,4,5,0,0
1,1989,4,0,4,0,9,10,4,3,3,3,3,1,4,5,0,0
1,1989,4,0,4,0,9,9,4,3,3,3,3,1,4,4,0,0
1,1989,4,0,4,0,9,8,4,3,3,2,3,1,4,4,0,0
1,1989,4,0,4,0,9,6,4,3,3,2,3,1,4,3,0,0
1,1989,4,0,4,0,9,5,4,3,3,2,3,1,4,3,0,0
1,1989,4,0,4,0,9,5,4,3,3,2,3,1,4,3,0,0
2,1990,4,0,4,0,9,5,4,3,3,2,3,1,7,3,0,0
2,1990,4,0,4,0,9,5,4,3,3,2,3,1,7,3,0,0
2,1990,4,0,4,0,9,5,4,3,3,2,3,1,7,3,0,0
2,1990,4,0,4,0,9,5,4,3,3,2,3,1,7,3,0,0
2,1990,4,0,4,0,9,5,4,3,3,2,3,1,7,3,0,0
2,1990,4,0,4,0,9,5,4,3,3,2,3,1,7,3,0,0
2,1990,4,0,4,0,9,5,4,3,3,2,3,1,10,3,8,0
2,1990,4,0,4,0,10,8,4,3,3,1,4,2,10,6,8,1
2,1990,4,0,4,0,10,10,4,4,3,1,4,2,10,7,8,1
2,1990,4,0,4,0,10,10,4,4,3,1,4,2,10,8,9,1
2,1990,4,0,4,0,10,10,4,4,3,2,4,2,10,10,9,1
2,1990,4,0,4,0,10,10,4,4,3,2,4,2,10,11,9,1
2,1990,4,0,4,0,10,10,4,4,3,2,4,2,10,11,9,1
2,1990,4,0,4,0,10,9,4,4,3,2,4,2,10,10,5,0
2,1990,4,0,4,0,10,9,4,4,3,2,4,2,10,8,5,0
2,1990,4,0,4,0,10,8,4,4,3,2,4,2,8,8,5,0
2,1990,4,0,4,0,9,8,4,4,3,2,3,2,8,8,5,0
2,1990,4,0,4,0,9,8,4,4,3,2,3,2,8,8,0,0
2,1990,4,0,4,0,9,8,4,4,3,2,3,2,8,8,0,0
2,1990,4,0,4,0,9,8,4,4,3,2,3,2,8,8,0,0
2,1990,4,0,4,0,9,8,4,4,3,2,3,1,8,8,0,0
2,1990,4,0,4,0,9,8,4,4,3,2,3,1,8,8,0,0
2,1990,4,0,4,0,9,8,4,4,3,2,3,1,8,8,0,0
2,1990,4,0,4,0,9,8,4,4,3,2,3,1,7,8,0,0
3,1991,4,0,4,0,9,8,4,4,3,2,3,1,7,8,0,0
3,1991,4,0,4,0,9,8,4,4,3,2,3,1,7,8,0,0
3,1991,4,0,4,0,9,8,4,4,3,2,3,1,7,8,0,0
3,1991,4,0,4,0,9,8,4,4,3,2,3,1,7,8,0,0
3,1991,4,0,4,0,9,8,4,4,3,2,3,1,7,8,0,0
3,1991,4,0,4,0,9,8,4,4,3,2,3,1,7,8,0,0
3,1991,4,0,4,0,9,8,4,4,3,2,3,1,8,8,8,0
3,1991,4,0,4,0,10,9,4,4,3,2,4,2,8,8,8,0
3,1991,4,0,4,0,10,10,4,4,3,2,4,2,8,8,8,0
3,1991,4,0,4,0,10,10,4,4,3,2,4,2,8,8,9,0
3,1991,4,0,4,0,10,10,4,4,3,2,4,2,8,8,9,0
3,1991,4,0,4,0,10,9,4,4,3,2,4,2,8,8,9,0
3,1991,4,0,4,0,10,9,4,4,3,2,4,2,8,8,9,0
3,1991,4,0,4,0,10,8,4,4,3,2,4,2,8,8,5,0
3,1991,4,0,4,0,10,7,4,4,3,2,4,2,8,8,5,0
3,1991,4,0,4,0,10,7,4,4,3,2,4,2,8,7,5,0
3,1991,4,0,4,0,9,7,4,4,3,2,3,2,8,7,5,0
3,1991,4,0,4,0,9,7,4,3,3,2,3,2,8,6,0,0
3,1991,4,0,4,0,9,7,4,3,3,2,3,2,8,6,0,0
3,1991,4,0,4,0,9,7,4,3,3,2,3,2,8,6,0,0
3,1991,4,0,4,0,9,7,4,3,3,2,3,2,8,6,0,0
3,1991,4,0,4,0,9,7,4,3,3,2,3,2,8,5,0,0
3,1991,4,0,4,0,9,7,4,3,3,2,3,2,8,5,0,0
3,1991,4,0,4,0,9,7,4,3,3,2,3,2,7,5,0,0
4,1992,4,0,4,0,9,7,4,3,3,2,3,2,7,5,0,0
4,1992,4,0,4,0,9,7,4,3,3,2,3,2,7,5,0,0
4,1992,4,0,4,0,9,7,4,3,3,2,3,2,7,5,0,0
4,1992,4,0,4,0,9,7,4,3,3,2,3,2,7,5,0,0
4,1992,4,0,4,0,9,7,4,3,3,2,3,2,7,5,0,0
4,1992,4,0,4,0,9,7,4,3,3,2,3,2,7,5,0,0
4,1992,4,0,4,0,9,7,4,3,3,2,3,2,8,5,8,0
4,1992,4,0,4,0,10,8,4,3,3,3,4,2,8,8,8,1
4,1992,4,0,4,0,10,10,4,4,3,3,4,2,8,8,8,1
4,1992,4,0,4,0,10,10,4,4,3,2,4,2,8,8,9,1
4,1992,4,0,4,0,10,10,4,4,3,3,4,2,8,8,9,1
4,1992,4,0,4,0,10,10,4,4,3,3,4,2,8,8,9,1
4,1992,4,0,4,0,10,9,4,4,3,3,4,2,8,8,9,1
4,1992,4,0,4,0,10,10,4,4,3,3,4,2,8,8,5,1
4,1992,4,0,4,0,10,8,4,4,3,3,4,2,8,8,5,1
4,1992,4,0,4,0,10,8,4,4,3,3,4,2,8,8,5,1
4,1992,4,0,4,0,9,8,4,3,3,2,3,2,8,8,5,1
4,1992,4,0,4,0,9,8,4,3,3,2,3,2,8,8,0,1
4,1992,4,0,4,0,9,8,4,3,3,2,3,2,8,8,0,1
4,1992,4,0,4,0,9,7,4,3,3,2,3,2,8,7,0,1
4,1992,4,0,4,0,9,7,4,3,3,2,3,2,8,7,0,1
4,1992,4,0,4,0,9,6,4,3,3,2,3,2,8,6,0,1
4,1992,4,0,4,0,9,6,4,3,3,2,3,2,8,6,0,1
4,1992,4,0,4,0,9,6,4,3,3,2,3,2,7,6,0,1
5,1993,4,0,3,0,8,6,3,3,2,2,2,2,7,6,0,1
5,1993,4,0,3,0,8,6,3,3,2,2,2,2,7,6,0,1
5,1993,4,0,3,0,8,6,3,3,2,2,2,2,7,6,0,1
5,1993,4,0,3,0,8,6,3,3,2,2,2,2,7,6,0,1
5,1993,4,0,3,0,8,6,3,3,2,2,2,2,7,6,0,1
5,1993,4,0,3,0,8,6,3,3,2,3,2,2,7,6,0,1
5,1993,4,0,3,0,8,6,3,3,2,3,3,2,10,6,0,1
5,1993,4,0,3,0,8,6,3,3,2,3,3,2,10,4,0,1
5,1993,4,0,3,0,8,6,3,3,2,3,3,2,10,4,0,1
5,1993,4,0,3,0,8,6,3,3,2,2,3,2,10,4,0,0
5,1993,4,0,3,0,8,6,3,3,2,2,3,2,10,4,0,0
5,1993,4,0,3,0,8,6,3,3,2,2,3,2,10,4,0,0
5,1993,4,0,3,0,8,6,3,3,2,2,3,2,10,4,0,0
5,1993,4,0,3,0,8,6,3,3,2,2,3,2,10,4,0,0
5,1993,4,0,3,0,8,6,3,3,2,2,3,2,10,4,0,0
5,1993,4,0,3,0,8,6,3,3,2,2,2,2,8,4,0,0
5,1993,4,0,3,0,8,6,3,3,2,2,2,2,8,4,0,0
5,1993,4,0,3,0,8,6,3,3,2,2,2,2,8,4,0,0
5,1993,4,0,3,0,8,6,3,3,2,2,2,2,8,4,0,0
5,1993,4,0,3,0,8,6,3,3,2,2,2,2,8,4,0,0
5,1993,4,0,3,0,8,6,3,3,2,2,2,2,8,4,0,0
5,1993,4,0,3,0,8,6,3,3,2,2,2,2,8,4,0,0
5,1993,4,0,3,0,8,5,3,3,2,2,2,2,8,4,0,0
5,1993,4,0,3,0,8,5,3,3,2,2,2,2,7,4,0,0
6,1994,4,0,3,0,8,5,3,3,2,2,2,2,4,4,0,0
6,1994,4,0,3,0,8,5,3,3,2,2,2,2,4,4,0,0
6,1994,4,0,3,0,8,5,3,3,2,2,2,2,4,4,0,0
6,1994,4,0,3,0,8,5,3,3,2,2,2,2,4,4,0,0
6,1994,4,0,3,0,8,5,3,3,2,2,2,2,4,4,0,0
6,1994,4,0,3,0,8,5,3,3,2,2,2,2,4,4,0,0
6,1994,4,0,3,0,8,5,3,3,2,2,3,2,4,4,0,0
6,1994,4,0,3,0,8,5,3,3,2,2,3,2,5,4,0,0
6,1994,4,0,3,0,8,5,3,3,2,2,3,2,5,4,0,0
6,1994,4,0,3,0,8,5,3,3,2,2,3,2,5,4,0,0
6,1994,4,0,3,0,8,5,3,3,2,2,3,2,5,4,0,0
6,1994,4,0,3,0,8,5,3,3,2,2,3,2,5,4,0,0
6,1994,4,0,3,0,8,5,3,3,2,2,3,2,5,4,0,0
6,1994,4,0,3,0,8,5,3,3,2,2,3,2,5,4,0,0
6,1994,4,0,3,0,8,5,3,3,2,2,3,2,5,4,0,0
6,1994,4,0,3,0,8,5,3,3,2,2,2,2,4,4,0,0
6,1994,4,0,3,0,8,5,3,3,2,2,2,1,4,4,0,0
6,1994,4,0,3,0,8,5,3,3,2,2,2,1,4,4,0,0
6,1994,4,0,3,0,8,5,3,3,2,2,2,1,4,4,0,0
6,1994,4,0,3,0,8,5,3,3,2,2,2,1,4,3,0,0
6,1994,4,0,3,0,8,5,3,3,2,2,2,1,4,3,0,0
6,1994,4,0,3,0,8,5,3,3,2,2,2,1,4,3,0,0
6,1994,4,0,3,0,8,5,3,3,2,2,2,1,4,3,0,0
6,1994,4,0,3,0,8,5,3,3,2,2,2,1,4,3,0,0
7,1995,4,0,4,0,9,5,4,3,3,2,3,1,7,3,0,0
7,1995,4,0,4,0,9,5,4,3,3,2,3,1,7,3,0,0
7,1995,4,0,4,0,9,5,4,3,3,2,3,1,7,3,0,0
7,1995,4,0,4,0,9,5,4,3,3,2,3,1,7,3,0,0
7,1995,4,0,4,0,9,5,4,3,3,2,3,1,7,3,0,0
7,1995,4,0,4,0,9,5,4,3,3,2,3,1,7,3,0,0
7,1995,4,0,4,0,9,5,4,3,3,2,3,1,8,3,8,0
7,1995,4,0,4,0,10,8,4,4,3,2,4,2,8,3,8,1
7,1995,4,0,4,0,10,8,4,4,3,3,4,2,8,4,8,1
7,1995,4,0,4,0,10,8,4,4,3,3,4,2,8,5,9,1
7,1995,4,0,4,0,10,9,4,4,3,2,4,2,8,5,9,1
7,1995,4,0,4,0,10,9,4,4,3,2,4,2,8,6,9,1
7,1995,4,0,4,0,10,9,4,4,3,3,4,1,8,6,9,1
7,1995,4,0,4,0,10,8,4,4,3,3,4,1,8,5,5,1
7,1995,4,0,4,0,10,8,4,4,3,3,4,1,8,4,5,1
7,1995,4,0,4,0,10,8,4,4,3,3,4,1,8,4,5,0
7,1995,4,0,4,0,9,8,4,4,3,3,3,1,8,4,5,0
7,1995,4,0,4,0,9,8,4,4,3,3,3,1,8,4,0,0
7,1995,4,0,4,0,9,8,4,4,3,3,3,1,8,4,0,0
7,1995,4,0,4,0,9,8,4,4,3,3,3,1,8,4,0,0
7,1995,4,0,4,0,9,8,4,4,3,3,3,1,8,4,0,0
7,1995,4,0,4,0,9,8,4,4,3,3,3,1,8,4,0,0
7,1995,4,0,4,0,9,8,4,4,3,3,3,1,8,4,0,0
7,1995,4,0,4,0,9,8,4,4,3,3,3,1,7,4,0,0
8,1996,4,0,4,0,9,8,4,4,3,3,3,1,4,4,0,0
8,1996,4,0,4,0,9,8,4,4,3,3,3,1,4,4,0,0
8,1996,4,0,4,0,9,8,4,4,3,3,3,1,4,4,0,0
8,1996,4,0,4,0,9,8,4,4,3,3,3,1,4,4,0,0
8,1996,4,0,4,0,9,8,4,4,3,3,3,1,4,4,0,0
8,1996,4,0,4,0,9,8,4,4,3,3,3,1,4,4,0,0
8,1996,4,0,4,0,9,8,4,4,3,3,3,1,4,4,8,0
8,1996,4,0,4,0,10,10,4,3,3,3,4,2,5,5,8,2
8,1996,4,0,4,0,10,10,4,4,3,3,4,2,5,5,8,3
8,1996,4,0,4,0,10,10,4,4,3,3,4,2,5,5,9,3
8,1996,4,0,4,0,10,10,4,4,3,3,4,2,5,5,9,3
8,1996,4,0,4,0,10,10,4,3,3,3,4,2,5,5,9,3
8,1996,4,0,4,0,10,10,4,4,3,3,4,2,5,5,9,3
8,1996,4,0,4,0,10,10,4,4,3,3,4,2,5,5,5,3
8,1996,4,0,4,0,10,10,4,4,3,3,4,2,5,5,5,2
8,1996,4,0,4,0,10,10,4,4,3,3,4,2,4,5,5,1
8,1996,4,0,4,0,9,10,4,4,3,3,3,2,4,5,5,1
8,1996,4,0,4,0,9,10,4,4,3,3,3,2,4,5,0,1
8,1996,4,0,4,0,9,10,4,4,3,3,3,2,4,5,0,1
8,1996,4,0,4,0,9,10,4,4,3,3,3,2,4,5,0,1
8,1996,4,0,4,0,9,10,4,4,3,3,3,2,4,5,0,1
8,1996,4,0,4,0,9,10,4,4,3,3,3,2,4,5,0,1
8,1996,4,0,4,0,9,10,4,4,3,3,3,2,4,5,0,1
8,1996,4,0,4,0,9,10,4,4,3,3,3,2,4,5,0,1
9,1997,4,0,4,0,9,10,4,4,3,3,3,2,7,5,0,1
9,1997,4,0,4,0,9,10,4,4,3,3,3,2,7,5,0,1
9,1997,4,0,4,0,9,10,4,4,3,3,3,2,7,5,0,1
9,1997,4,0,4,0,9,10,4,4,3,3,3,2,7,5,0,1
9,1997,4,0,4,0,9,10,4,4,3,3,3,2,7,5,0,1
9,1997,4,0,4,0,9,10,4,4,3,3,3,2,7,5,0,1
9,1997,4,0,4,0,9,10,4,4,3,3,3,2,10,5,8,1
9,1997,4,0,4,0,10,10,4,4,3,3,4,2,10,9,8,1
9,1997,4,0,4,0,10,10,4,4,3,3,4,2,10,10,8,2
9,1997,4,0,4,0,10,10,4,4,3,3,4,2,10,11,9,2
9,1997,4,0,4,0,10,10,4,4,3,3,4,2,10,11,9,3
9,1997,4,0,4,0,10,10,4,4,3,3,4,2,10,11,9,3
9,1997,4,0,4,0,10,10,4,4,3,3,4,2,10,11,9,3
9,1997,4,0,4,0,10,10,4,4,3,3,4,2,10,9,5,2
9,1997,4,0,4,0,10,10,4,4,3,2,4,2,10,8,5,1
9,1997,4,0,4,0,10,10,4,4,3,2,4,1,8,8,5,1
9,1997,4,0,4,0,9,10,4,4,3,2,3,1,8,8,5,1
9,1997,4,0,4,0,9,10,4,4,3,2,3,1,8,8,0,1
9,1997,4,0,4,0,9,10,4,4,3,2,3,1,8,8,0,1
9,1997,4,0,4,0,9,10,4,4,3,2,3,1,8,8,0,1
9,1997,4,0,4,0,9,10,4,4,3,2,3,1,8,8,0,1
9,1997,4,0,4,0,9,9,4,4,3,2,3,1,8,7,0,1
9,1997,4,0,4,0,9,9,4,4,3,2,3,1,8,7,0,1
9,1997,4,0,4,0,9,9,4,4,3,2,3,1,7,7,0,1
10,1998,4,0,4,0,9,9,4,4,3,2,3,1,7,7,0,1
10,1998,4,0,4,0,9,9,4,4,3,2,3,1,7,7,0,1
10,1998,4,0,4,0,9,9,4,4,3,2,3,1,7,7,0,1
10,1998,4,0,4,0,9,9,4,4,3,2,3,1,7,7,0,1
10,1998,4,0,4,0,9,9,4,4,3,2,3,1,7,7,0,1
10,1998,4,0,4,0,9,9,4,4,3,2,3,1,7,7,0,1
10,1998,4,0,4,0,9,9,4,4,3,2,3,1,8,7,8,1
10,1998,4,0,4,0,10,9,4,4,3,3,4,2,8,8,8,0
10,1998,4,0,4,0,10,10,4,4,3,3,4,2,8,8,8,0
10,1998,4,0,4,0,10,10,4,4,3,3,4,2,8,8,9,0
10,1998,4,0,4,0,10,10,4,4,3,3,4,2,8,8,9,0
10,1998,4,0,4,0,10,10,4,4,3,3,4,2,8,8,9,0
10,1998,4,0,4,0,10,10,4,4,3,2,4,2,8,7,9,0
10,1998,4,0,4,0,10,10,4,4,3,2,4,2,8,7,5,0
10,1998,4,0,4,0,10,10,4,4,3,2,4,2,8,7,5,0
10,1998,4,0,4,0,10,10,4,4,3,2,4,2,8,7,5,0
10,1998,4,0,4,0,9,10,4,4,3,2,3,2,8,7,5,0
10,1998,4,0,4,0,9,9,4,4,3,2,3,2,8,7,0,0
10,1998,4,0,4,0,9,9,4,4,3,1,3,2,8,7,0,0
10,1998,4,0,4,0,9,9,4,4,3,1,3,2,8,7,0,0
10,1998,4,0,4,0,9,9,4,4,3,1,3,2,8,7,0,0
10,1998,4,0,4,0,9,9,4,4,3,1,3,2,8,6,0,0
10,1998,4,0,4,0,9,9,4,4,3,1,3,2,8,6,0,0
10,1998,4,0,4,0,9,9,4,4,3,1,3,2,7,6,0,0
11,1999,4,0,4,0,9,9,4,4,3,1,3,2,7,6,0,0
11,1999,4,0,4,0,9,9,4,4,3,1,3,2,7,6,0,0
11,1999,4,0,4,0,9,9,4,4,3,1,3,2,7,6,0,0
11,1999,4,0,4,0,9,9,4,4,3,1,3,2,7,6,0,0
11,1999,4,0,4,0,9,9,4,4,3,1,3,2,7,6,0,0
11,1999,4,0,4,0,9,9,4,4,3,1,3,2,7,6,0,0
11,1999,4,0,4,0,9,9,4,4,3,1,3,2,8,6,8,0
11,1999,4,0,4,0,10,9,4,4,3,3,4,2,8,8,8,0
11,1999,4,0,4,0,10,10,4,4,3,3,4,2,8,8,8,1
11,1999,4,0,4,0,10,10,4,4,3,3,4,1,8,8,9,1
11,1999,4,0,4,0,10,9,4,4,3,3,4,1,8,8,9,1
11,1999,4,0,4,0,10,9,4,4,3,3,4,1,8,8,9,1
11,1999,4,0,4,0,10,9,4,4,3,3,4,1,8,8,9,1
11,1999,4,0,4,0,10,10,4,3,3,3,4,1,8,8,5,1
11,1999,4,0,4,0,10,10,4,3,3,3,4,1,8,8,5,1
11,1999,4,0,4,0,10,9,4,3,3,3,4,1,8,8,5,1
11,1999,4,0,4,0,9,9,4,3,3,3,3,1,8,8,5,1
11,1999,4,0,4,0,9,8,4,3,3,3,3,1,8,8,0,0
11,1999,4,0,4,0,9,8,4,3,3,3,3,1,8,8,0,0
11,1999,4,0,4,0,9,8,4,3,3,3,3,1,8,8,0,0
11,1999,4,0,4,0,9,8,4,3,3,3,3,1,8,8,0,0
11,1999,4,0,4,0,9,8,4,3,3,3,3,1,8,8,0,0
11,1999,4,0,4,0,9,8,4,3,3,3,3,1,8,8,0,0
11,1999,4,0,4,0,9,8,4,3,3,3,3,1,7,8,0,0
12,2000,4,0,3,0,8,8,3,3,2,3,2,1,7,8,0,0
12,2000,4,0,3,0,8,8,3,3,2,3,2,1,7,8,0,0
12,2000,4,0,3,0,8,8,3,3,2,3,2,1,7,8,0,0
12,2000,4,0,3,0,8,8,3,3,2,3,2,1,7,8,0,0
12,2000,4,0,3,0,8,8,3,3,2,3,2,1,7,8,0,0
12,2000,4,0,3,0,8,8,3,3,2,3,2,1,7,8,0,0
12,2000,4,0,3,0,8,8,3,3,2,3,3,1,10,8,0,0
12,2000,4,0,3,0,8,8,3,3,2,2,3,1,10,6,0,0
12,2000,4,0,3,0,8,8,3,3,2,2,3,1,10,6,0,0
12,2000,4,0,3,0,8,8,3,3,2,2,3,1,10,6,0,0
12,2000,4,0,3,0,8,8,3,3,2,2,3,1,10,6,0,0
12,2000,4,0,3,0,8,8,3,3,2,2,3,1,10,6,0,0
12,2000,4,0,3,0,8,8,3,3,2,2,3,1,10,6,0,0
12,2000,4,0,3,0,8,8,3,3,2,2,3,1,10,6,0,0
12,2000,4,0,3,0,8,8,3,3,2,2,3,1,10,6,0,0
12,2000,4,0,3,0,8,8,3,3,2,2,2,1,8,6,0,0
12,2000,4,0,3,0,8,8,3,3,2,2,2,1,8,6,0,0
12,2000,4,0,3,0,8,8,3,3,2,2,2,1,8,5,0,0
12,2000,4,0,3,0,8,8,3,3,2,2,2,1,8,5,0,0
12,2000,4,0,3,0,8,8,3,3,2,2,2,1,8,5,0,0
12,2000,4,0,3,0,8,8,3,3,2,2,2,1,8,5,0,0
12,2000,4,0,3,0,8,8,3,3,2,2,2,1,8,5,0,0
12,2000,4,0,3,0,8,7,3,3,2,2,2,1,8,5,0,0
12,2000,4,0,3,0,8,7,3,3,2,2,2,1,7,5,0,0
13,2001,4,0,3,0,8,7,3,3,2,2,2,1,4,5,0,0
13,2001,4,0,3,0,8,7,3,3,2,2,2,1,4,5,0,0
13,2001,4,0,3,0,8,7,3,3,2,2,2,1,4,5,0,0
13,2001,4,0,3,0,8,7,3,3,2,2,2,1,4,5,0,0
13,2001,4,0,3,0,8,7,3,3,2,2,2,1,4,5,0,0
13,2001,4,0,3,0,8,7,3,3,2,2,2,1,4,5,0,0
13,2001,4,0,3,0,8,7,3,3,2,2,3,1,4,5,0,0
13,2001,4,0,3,0,8,6,3,3,2,2,3,0,5,5,0,0
13,2001,4,0,3,0,8,6,3,3,2,2,3,0,5,5,0,0
13,2001,4,0,3,0,8,6,3,3,2,2,3,0,5,5,0,0
13,2001,4,0,3,0,8,6,3,3,2,2,3,0,5,5,0,0
13,2001,4,0,3,0,8,6,3,3,2,2,3,0,5,5,0,0
13,2001,4,0,3,0,8,6,3,3,2,2,3,0,5,5,0,0
13,2001,4,0,3,0,8,6,3,3,2,2,3,0,5,5,0,0
13,2001,4,0,3,0,8,6,3,3,2,2,3,0,5,5,0,0
13,2001,4,0,3,0,8,6,3,3,2,2,2,0,4,5,0,0
13,2001,4,0,3,0,8,6,3,3,2,2,2,0,4,5,0,0
13,2001,4,0,3,0,8,6,3,3,2,2,2,0,4,5,0,0
13,2001,4,0,3,0,8,6,3,3,2,2,2,0,4,5,0,0
13,2001,4,0,3,0,8,6,3,3,2,2,2,0,4,5,0,0
13,2001,4,0,3,0,8,6,3,3,2,2,2,0,4,5,0,0
13,2001,4,0,3,0,8,6,3,3,2,2,2,0,4,5,0,0
13,2001,4,0,3,0,8,6,3,3,2,2,2,0,4,5,0,0
13,2001,4,0,3,0,8,6,3,3,2,2,2,0,4,5,0,0
14,2002,4,0,4,0,9,6,4,3,3,2,3,0,7,5,0,0
14,2002,4,0,4,0,9,6,4,3,3,2,3,0,7,5,0,0
14,2002,4,0,4,0,9,6,4,3,3,2,3,0,7,5,0,0
14,2002,4,0,4,0,9,6,4,3,3,2,3,0,7,5,0,0
14,2002,4,0,4,0,9,6,4,3,3,2,3,0,7,5,0,0
14,2002,4,0,4,0,9,6,4,3,3,2,3,0,7,5,0,0
14,2002,4,0,4,0,9,6,4,3,3,2,3,0,8,5,8,0
14,2002,4,0,4,0,10,9,4,4,3,3,4,1,8,6,8,2
14,2002,4,0,4,0,10,10,4,4,3,3,4,1,8,6,8,2
14,2002,4,0,4,0,10,10,4,4,3,3,4,1,8,8,9,2
14,2002,4,0,4,0,10,10,4,3,3,3,4,1,8,8,9,2
14,2002,4,0,4,0,10,10,4,3,3,3,4,1,8,8,9,2
14,2002,4,0,4,0,10,10,4,3,3,3,4,1,8,8,9,2
14,2002,4,0,4,0,10,10,4,3,3,3,4,1,8,7,5,2
14,2002,4,0,4,0,10,10,4,3,3,3,4,1,8,8,5,2
14,2002,4,0,4,0,10,10,4,3,3,3,4,1,8,8,5,2
14,2002,4,0,4,0,9,10,4,3,3,3,3,1,8,7,5,1
14,2002,4,0,4,0,9,9,4,3,3,3,3,1,8,6,0,1
14,2002,4,0,4,0,9,9,4,3,3,3,3,1,8,6,0,1
14,2002,4,0,4,0,9,9,4,3,3,3,3,1,8,6,0,1
14,2002,4,0,4,0,9,9,4,3,3,3,3,1,8,6,0,1
14,2002,4,0,4,0,9,9,4,3,3,3,3,1,8,6,0,1
14,2002,4,0,4,0,9,9,4,3,3,3,3,1,8,6,0,1
14,2002,4,0,4,0,9,9,4,3,3,3,3,1,7,6,0,1
15,2003,4,0,4,0,9,9,4,3,3,3,3,1,4,6,0,1
15,2003,4,0,4,0,9,9,4,3,3,3,3,1,4,6,0,1
15,2003,4,0,4,0,9,9,4,3,3,3,3,1,4,6,0,1
15,2003,4,0,4,0,9,9,4,3,3,3,3,1,4,6,0,1
15,2003,4,0,4,0,9,9,4,3,3,3,3,1,4,6,0,1
15,2003,4,0,4,0,9,9,4,3,3,3,3,1,4,6,0,1
15,2003,4,0,4,0,9,9,4,3,3,3,3,1,4,6,8,1
15,2003,4,0,4,0,10,8,4,4,3,3,4,2,5,5,8,2
15,2003,4,0,4,0,10,9,4,4,3,2,4,2,5,5,8,3
15,2003,4,0,4,0,10,10,4,4,3,3,4,2,5,5,9,4
15,2003,4,0,4,0,10,10,4,4,3,3,4,2,5,5,9,4
15,2003,4,0,4,0,10,10,4,4,3,3,4,2,5,5,9,4
15,2003,4,0,4,0,10,10,4,4,3,3,4,2,5,6,9,4
15,2003,4,0,4,0,10,10,4,4,3,3,4,2,5,5,5,3
15,2003,4,0,4,0,10,10,4,4,3,3,4,2,5,5,5,3
15,2003,4,0,4,0,10,10,4,4,3,3,4,2,4,5,5,1
15,2003,4,0,4,0,9,10,4,4,3,3,3,2,4,5,5,1
15,2003,4,0,4,0,9,10,4,4,3,3,3,2,4,5,0,1
15,2003,4,0,4,0,9,9,4,4,3,3,3,2,4,4,0,1
15,2003,4,0,4,0,9,9,4,4,3,3,3,2,4,4,0,1
15,2003,4,0,4,0,9,9,4,4,3,3,3,2,4,4,0,1
15,2003,4,0,4,0,9,9,4,4,3,3,3,2,4,4,0,1
15,2003,4,0,4,0,9,9,4,4,3,3,3,2,4,4,0,0
15,2003,4,0,4,0,9,9,4,4,3,3,3,2,4,4,0,0
16,2004,4,0,4,0,9,9,4,4,3,3,3,2,7,4,0,0
16,2004,4,0,4,0,9,9,4,4,3,3,3,2,7,4,0,0
16,2004,4,0,4,0,9,9,4,4,3,3,3,2,7,4,0,0
16,2004,4,0,4,0,9,9,4,4,3,3,3,2,7,4,0,0
16,2004,4,0,4,0,9,9,4,4,3,3,3,2,7,4,0,0
16,2004,4,0,4,0,9,9,4,4,3,3,3,2,7,4,0,0
16,2004,4,0,4,0,9,9,4,4,3,3,3,2,10,4,8,0
16,2004,4,0,4,0,10,7,4,4,3,1,4,3,10,8,8,1
16,2004,4,0,4,0,10,8,4,4,3,1,4,3,10,10,8,1
16,2004,4,0,4,0,10,10,4,4,3,2,4,3,10,10,9,2
16,2004,4,0,4,0,10,10,4,4,3,2,4,3,10,11,9,2
16,2004,4,0,4,0,10,10,4,4,3,3,4,3,10,11,9,2
16,2004,4,0,4,0,10,10,4,4,3,3,4,3,10,11,9,2
16,2004,4,0,4,0,10,10,4,4,3,3,4,3,10,11,5,2
16,2004,4,0,4,0,10,10,4,4,3,2,4,3,10,11,5,2
16,2004,4,0,4,0,10,9,4,4,3,1,4,3,8,11,5,1
16,2004,4,0,4,0,9,9,4,4,3,1,3,3,8,11,5,1
16,2004,4,0,4,0,9,9,4,4,3,1,3,3,8,10,0,0
16,2004,4,0,4,0,9,8,4,4,3,1,3,3,8,10,0,0
16,2004,4,0,4,0,9,8,4,4,3,1,3,3,8,10,0,0
16,2004,4,0,4,0,9,8,4,4,3,1,3,3,8,9,0,0
16,2004,4,0,4,0,9,7,4,4,3,1,3,3,8,9,0,0
16,2004,4,0,4,0,9,7,4,4,3,1,3,3,8,9,0,0
16,2004,4,0,4,0,9,7,4,4,3,1,3,3,7,9,0,0
17,2005,4,0,4,0,9,7,4,4,3,1,3,3,7,9,0,0
17,2005,4,0,4,0,9,7,4,4,3,1,3,3,7,9,0,0
17,2005,4,0,4,0,9,7,4,4,3,1,3,3,7,9,0,0
17,2005,4,0,4,0,9,7,4,4,3,1,3,3,7,9,0,0
17,2005,4,0,4,0,9,7,4,4,3,1,3,3,7,9,0,0
17,2005,4,0,4,0,9,7,4,4,3,1,3,3,7,9,0,0
17,2005,4,0,4,0,9,7,4,4,3,1,3,3,8,9,8,0
17,2005,4,0,4,0,10,10,4,4,3,2,4,4,8,8,8,0
17,2005,4,0,4,0,10,10,4,4,3,2,4,4,8,8,8,0
17,2005,4,0,4,0,10,10,4,4,3,2,4,4,8,8,9,0
17,2005,4,0,4,0,10,10,4,4,3,2,4,4,8,7,9,0
17,2005,4,0,4,0,10,10,4,4,3,2,4,4,8,8,9,0
17,2005,4,0,4,0,10,10,4,4,3,2,4,4,8,8,9,0
17,2005,4,0,4,0,10,10,4,4,3,2,4,4,8,8,5,0
17,2005,4,0,4,0,10,10,4,4,3,2,4,4,8,8,5,0
17,2005,4,0,4,0,10,10,4,4,3,2,4,4,8,8,5,0
17,2005,4,0,4,0,9,10,4,4,3,2,3,4,8,8,5,0
17,2005,4,0,4,0,9,10,4,4,3,2,3,4,8,8,0,0
17,2005,4,0,4,0,9,10,4,4,3,2,3,4,8,8,0,0
17,2005,4,0,4,0,9,10,4,4,3,2,3,4,8,8,0,0
17,2005,4,0,4,0,9,10,4,4,3,2,3,4,8,8,0,0
17,2005,4,0,4,0,9,10,4,4,3,2,3,4,8,8,0,0
17,2005,4,0,4,0,9,10,4,4,3,2,3,4,8,8,0,0
17,2005,4,0,4,0,9,10,4,4,3,2,3,4,7,8,0,0
18,2006,4,0,4,0,9,10,4,4,3,2,3,4,7,8,0,0
18,2006,4,0,4,0,9,10,4,4,3,2,3,4,7,8,0,0
18,2006,4,0,4,0,9,10,4,4,3,2,3,4,7,8,0,0
18,2006,4,0,4,0,9,10,4,4,3,2,3,4,7,8,0,0
18,2006,4,0,4,0,9,10,4,4,3,2,3,4,7,8,0,0
18,2006,4,0,4,0,9,10,4,4,3,2,3,4,7,8,0,0
18,2006,4,0,4,0,9,10,4,4,3,2,3,4,8,8,8,0
18,2006,4,0,4,0,10,10,4,3,3,2,4,4,8,8,8,1
18,2006,4,0,4,0,10,10,4,4,3,3,4,4,8,8,8,1
18,2006,4,0,4,0,10,10,4,4,3,3,4,4,8,8,9,2
18,2006,4,0,4,0,10,10,4,4,3,3,4,4,8,8,9,2
18,2006,4,0,4,0,10,10,4,4,3,3,4,4,8,8,9,2
18,2006,4,0,4,0,10,10,4,4,3,3,4,4,8,8,9,2
18,2006,4,0,4,0,10,10,4,4,3,3,4,4,8,8,5,2
18,2006,4,0,4,0,10,10,4,3,3,3,4,4,8,9,5,2
18,2006,4,0,4,0,10,10,4,3,3,3,4,4,8,9,5,2
18,2006,4,0,4,0,9,10,4,2,3,2,3,4,8,8,5,1
18,2006,4,0,4,0,9,10,4,2,3,2,3,4,8,8,0,1
18,2006,4,0,4,0,9,10,4,2,3,2,3,4,8,8,0,1
18,2006,4,0,4,0,9,10,4,2,3,2,3,4,8,8,0,1
18,2006,4,0,4,0,9,10,4,2,3,2,3,4,8,8,0,1
18,2006,4,0,4,0,9,10,4,2,3,2,3,4,8,8,0,1
18,2006,4,0,4,0,9,9,4,2,3,2,3,4,8,7,0,1
18,2006,4,0,4,0,9,9,4,2,3,2,3,4,7,7,0,1
19,2007,4,0,3,0,8,9,3,2,2,2,2,4,7,7,0,1
19,2007,4,0,3,0,8,9,3,2,2,2,2,4,7,7,0,1
19,2007,4,0,3,0,8,9,3,2,2,2,2,4,7,7,0,1
19,2007,4,0,3,0,8,9,3,2,2,2,2,4,7,7,0,1
19,2007,4,0,3,0,8,9,3,2,2,2,2,4,7,7,0,1
19,2007,4,0,3,0,8,9,3,2,2,2,2,4,7,7,0,1
19,2007,4,0,3,0,8,9,3,2,2,2,3,4,10,7,0,1
19,2007,4,0,3,0,8,9,3,2,2,2,3,2,10,7,0,0
19,2007,4,0,3,0,8,9,3,2,2,2,3,2,10,7,0,0
19,2007,4,0,3,0,8,9,3,2,2,2,3,2,10,7,0,0
19,2007,4,0,3,0,8,8,3,2,2,2,3,2,10,7,0,0
19,2007,4,0,3,0,8,8,3,2,2,2,3,2,10,7,0,0
19,2007,4,0,3,0,8,8,3,2,2,2,3,2,10,7,0,0
19,2007,4,0,3,0,8,8,3,2,2,2,3,2,10,7,0,0
19,2007,4,0,3,0,8,8,3,2,2,2,3,2,10,7,0,0
19,2007,4,0,3,0,8,8,3,2,2,2,2,2,8,7,0,0
19,2007,4,0,3,0,8,8,3,2,2,2,2,2,8,7,0,0
19,2007,4,0,3,0,8,8,3,2,2,2,2,2,8,7,0,0
19,2007,4,0,3,0,8,8,3,2,2,2,2,2,8,7,0,0
19,2007,4,0,3,0,8,8,3,2,2,2,2,2,8,7,0,0
19,2007,4,0,3,0,8,8,3,2,2,2,2,2,8,7,0,0
19,2007,4,0,3,0,8,8,3,2,2,2,2,2,8,7,0,0
19,2007,4,0,3,0,8,8,3,2,2,2,2,2,8,7,0,0
19,2007,4,0,3,0,8,8,3,2,2,2,2,2,7,7,0,0
20,2008,4,0,3,0,8,8,3,2,2,2,2,2,4,7,0,0
20,2008,4,0,3,0,8,8,3,2,2,2,2,2,4,7,0,0
20,2008,4,0,3,0,8,8,3,2,2,2,2,2,4,7,0,0
20,2008,4,0,3,0,8,8,3,2,2,2,2,2,4,7,0,0
20,2008,4,0,3,0,8,8,3,2,2,2,2,2,4,7,0,0
20,2008,4,0,3,0,8,8,3,2,2,2,2,2,4,7,0,0
20,2008,4,0,3,0,8,8,3,2,2,2,3,2,4,7,0,0
20,2008,4,0,3,0,8,7,3,2,2,2,3,2,5,6,0,0
20,2008,4,0,3,0,8,7,3,2,2,2,3,2,5,6,0,0
20,2008,4,0,3,0,8,7,3,2,2,2,3,2,5,6,0,0
20,2008,4,0,3,0,8,7,3,2,2,2,3,2,5,6,0,0
20,2008,4,0,3,0,8,7,3,2,2,2,3,2,5,6,0,0
20,2008,4,0,3,0,8,7,3,2,2,2,3,2,5,6,0,0
20,2008,4,0,3,0,8,7,3,2,2,2,3,2,5,6,0,0
20,2008,4,0,3,0,8,6,3,2,2,2,3,2,5,5,0,0
20,2008,4,0,3,0,8,6,3,2,2,2,2,2,4,4,0,0
20,2008,4,0,3,0,8,6,3,2,2,2,2,2,4,4,0,0
20,2008,4,0,3,0,8,6,3,2,2,2,2,2,4,4,0,0
20,2008,4,0,3,0,8,6,3,2,2,2,2,2,4,4,0,0
20,2008,4,0,3,0,8,6,3,2,2,2,2,2,4,4,0,0
20,2008,4,0,3,0,8,6,3,1,2,2,2,2,4,4,0,0
20,2008,4,0,3,0,8,6,3,1,2,2,2,2,4,4,0,0
20,2008,4,0,3,0,8,6,3,1,2,2,2,2,4,4,0,0
20,2008,4,0,3,0,8,6,3,1,2,2,2,2,4,4,0,0
21,2009,4,0,4,0,9,6,4,1,3,2,3,2,7,4,0,0
21,2009,4,0,4,0,9,6,4,1,3,2,3,2,7,4,0,0
21,2009,4,0,4,0,9,6,4,1,3,2,3,2,7,4,0,0
21,2009,4,0,4,0,9,6,4,1,3,2,3,2,7,4,0,0
21,2009,4,0,4,0,9,6,4,1,3,2,3,2,7,4,0,0
21,2009,4,0,4,0,9,6,4,1,3,2,3,2,7,4,0,0
21,2009,4,0,4,0,9,6,4,1,3,2,3,2,8,4,8,0
21,2009,4,0,4,0,10,9,4,3,3,3,4,3,8,5,8,1
21,2009,4,0,4,0,10,10,4,4,3,3,4,3,8,5,8,1
21,2009,4,0,4,0,10,10,4,4,3,3,4,3,8,7,9,1
21,2009,4,0,4,0,10,10,4,4,3,3,4,3,8,7,9,1
21,2009,4,0,4,0,10,9,4,4,3,3,4,3,8,7,9,1
21,2009,4,0,4,0,10,9,4,4,3,3,4,3,8,7,9,1
21,2009,4,0,4,0,10,9,4,4,3,2,4,3,8,5,5,1
21,2009,4,0,4,0,10,9,4,4,3,2,4,3,8,5,5,1
21,2009,4,0,4,0,10,9,4,4,3,2,4,3,8,5,5,1
21,2009,4,0,4,0,9,9,4,4,3,2,3,3,8,5,5,1
21,2009,4,0,4,0,9,9,4,4,3,2,3,3,8,5,0,1
21,2009,4,0,4,0,9,9,4,3,3,2,3,3,8,5,0,1
21,2009,4,0,4,0,9,9,4,3,3,1,3,3,8,5,0,1
21,2009,4,0,4,0,9,9,4,3,3,1,3,3,8,5,0,1
21,2009,4,0,4,0,9,9,4,3,3,1,3,3,8,5,0,1
21,2009,4,0,4,0,9,9,4,3,3,1,3,3,8,5,0,1
21,2009,4,0,4,0,9,9,4,3,3,1,3,3,7,5,0,1
22,2010,4,0,4,0,9,9,4,3,3,1,3,3,4,5,0,1
22,2010,4,0,4,0,9,9,4,3,3,1,3,3,4,5,0,1
22,2010,4,0,4,0,9,9,4,3,3,1,3,3,4,5,0,1
22,2010,4,0,4,0,9,9,4,3,3,1,3,3,4,5,0,1
22,2010,4,0,4,0,9,9,4,3,3,1,3,3,4,5,0,1
22,2010,4,0,4,0,9,9,4,3,3,1,3,3,4,5,0,1
22,2010,4,0,4,0,9,9,4,3,3,1,3,3,4,5,8,1
22,2010,4,0,4,0,10,10,4,3,3,3,4,4,5,5,8,5
22,2010,4,0,4,0,10,10,4,4,3,3,4,4,5,6,8,6
22,2010,4,0,4,0,10,10,4,4,3,3,4,4,5,6,9,7
22,2010,4,0,4,0,10,10,4,4,3,3,4,4,5,6,9,8
22,2010,4,0,4,0,10,9,4,4,3,3,4,4,5,6,9,8
22,2010,4,0,4,0,10,10,4,4,3,3,4,4,5,6,9,8
22,2010,4,0,4,0,10,9,4,4,3,3,4,4,5,5,5,7
22,2010,4,0,4,0,10,10,4,4,3,3,4,4,5,5,5,7
22,2010,4,0,4,0,10,10,4,4,3,3,4,4,4,5,5,5
22,2010,4,0,4,0,9,10,4,3,3,3,3,4,4,5,5,5
22,2010,4,0,4,0,9,10,4,3,3,3,3,4,4,5,0,5
22,2010,4,0,4,0,9,9,4,3,3,3,3,4,4,4,0,3
22,2010,4,0,4,0,9,9,4,3,3,3,3,4,4,4,0,3
22,2010,4,0,4,0,9,9,4,3,3,3,3,4,4,4,0,3
22,2010,4,0,4,0,9,9,4,3,3,3,3,4,4,4,0,3
22,2010,4,0,4,0,9,9,4,3,3,3,3,4,4,4,0,3
22,2010,4,0,4,0,9,9,4,3,3,3,3,4,4,4,0,3
23,2011,4,0,4,0,9,9,4,3,3,3,3,4,7,6,0,3
23,2011,4,0,4,0,9,9,4,3,3,3,3,4,7,6,0,3
23,2011,4,0,4,0,9,9,4,3,3,3,3,4,7,6,0,3
23,2011,4,0,4,0,9,9,4,3,3,3,3,4,7,6,0,3
23,2011,4,0,4,0,9,9,4,3,3,3,3,4,7,6,0,3
23,2011,4,0,4,0,9,9,4,3,3,3,3,4,7,6,0,3
23,2011,4,0,4,0,9,9,4,3,3,3,3,4,10,6,8,3
23,2011,4,0,4,0,10,10,4,3,3,1,4,4,10,9,8,0
23,2011,4,0,4,0,10,10,4,3,3,1,4,4,10,10,8,0
23,2011,4,0,4,0,10,10,4,4,3,1,4,4,10,10,9,0
23,2011,4,0,4,0,10,10,4,4,3,2,4,4,10,10,9,0
23,2011,4,0,4,0,10,10,4,4,3,2,4,4,10,10,9,0
23,2011,4,0,4,0,10,10,4,4,3,2,4,4,10,10,9,0
23,2011,4,0,4,0,10,10,4,4,3,2,4,4,10,10,5,0
23,2011,4,0,4,0,10,10,4,4,3,2,4,4,10,10,5,0
23,2011,4,0,4,0,10,10,4,4,3,2,4,4,8,10,5,0
23,2011,4,0,4,0,9,10,4,4,3,2,3,4,8,10,5,0
23,2011,4,0,4,0,9,10,4,4,3,2,3,4,8,10,0,0
23,2011,4,0,4,0,9,10,4,4,3,2,3,4,8,10,0,0
23,2011,4,0,4,0,9,10,4,4,3,2,3,4,8,10,0,0
23,2011,4,0,4,0,9,10,4,4,3,2,3,4,8,10,0,0
23,2011,4,0,4,0,9,10,4,4,3,2,3,4,8,9,0,0
23,2011,4,0,4,0,9,10,4,4,3,2,3,3,8,9,0,0
23,2011,4,0,4,0,9,10,4,4,3,2,3,3,7,9,0,0
24,2012,4,0,4,0,9,10,4,4,3,2,3,3,7,9,0,0
24,2012,4,0,4,0,9,10,4,4,3,2,3,3,7,9,0,0
24,2012,4,0,4,0,9,10,4,4,3,2,3,3,7,9,0,0
24,2012,4,0,4,0,9,10,4,4,3,2,3,3,7,9,0,0
24,2012,4,0,4,0,9,10,4,4,3,2,3,3,7,9,0,0
24,2012,4,0,4,0,9,10,4,4,3,2,3,3,7,9,0,0
24,2012,4,0,4,0,9,10,4,4,3,2,3,3,8,9,8,0
24,2012,4,0,4,0,10,10,4,4,3,3,4,4,8,8,8,0
24,2012,4,0,4,0,10,10,4,4,3,3,4,4,8,8,8,0
24,2012,4,0,4,0,10,10,4,4,3,2,4,4,8,8,9,0
24,2012,4,0,4,0,10,10,4,4,3,2,4,4,8,8,9,0
24,2012,4,0,4,0,10,10,4,4,3,2,4,4,8,8,9,0
24,2012,4,0,4,0,10,10,4,4,3,2,4,4,8,8,9,0
24,2012,4,0,4,0,10,10,4,4,3,2,4,4,8,8,5,0
24,2012,4,0,4,0,10,10,4,4,3,2,4,4,8,7,5,0
24,2012,4,0,4,0,10,10,4,4,3,2,4,4,8,7,5,0
24,2012,4,0,4,0,9,10,4,4,3,2,3,4,8,7,5,0
24,2012,4,0,4,0,9,10,4,4,3,2,3,4,8,7,0,0
24,2012,4,0,4,0,9,10,4,4,3,2,3,4,8,7,0,0
24,2012,4,0,4,0,9,10,4,4,3,2,3,4,8,7,0,0
24,2012,4,0,4,0,9,10,4,4,3,2,3,4,8,5,0,0
24,2012,4,0,4,0,9,10,4,4,3,2,3,4,8,5,0,0
24,2012,4,0,4,0,9,10,4,4,3,2,3,4,8,5,0,0
24,2012,4,0,4,0,9,10,4,4,3,2,3,4,7,5,0,0
25,2013,4,0,4,0,9,10,4,4,3,2,3,4,7,5,0,0
25,2013,4,0,4,0,9,10,4,4,3,2,3,4,7,5,0,0
25,2013,4,0,4,0,9,10,4,4,3,2,3,4,7,5,0,0
25,2013,4,0,4,0,9,10,4,4,3,2,3,4,7,5,0,0
25,2013,4,0,4,0,9,10,4,4,3,2,3,4,7,5,0,0
25,2013,4,0,4,0,9,10,4,4,3,2,3,4,7,5,0,0
25,2013,4,0,4,0,9,10,4,4,3,2,3,4,8,5,8,0
25,2013,4,0,4,0,10,10,4,4,3,3,4,4,8,8,8,1
25,2013,4,0,4,0,10,10,4,4,3,3,4,4,8,8,8,1
25,2013,4,0,4,0,10,10,4,4,3,2,4,4,8,8,9,2
25,2013,4,0,4,0,10,10,4,4,3,3,4,4,8,8,9,3
25,2013,4,0,4,0,10,10,4,4,3,3,4,4,8,9,9,4
25,2013,4,0,4,0,10,10,4,4,3,3,4,4,8,8,9,4
25,2013,4,0,4,0,10,10,4,4,3,3,4,3,8,8,5,4
25,2013,4,0,4,0,10,10,4,4,3,3,4,2,8,8,5,4
25,2013,4,0,4,0,10,10,4,4,3,3,4,2,8,6,5,1
25,2013,4,0,4,0,9,10,4,4,3,3,3,2,8,6,5,1
25,2013,4,0,4,0,9,10,4,4,3,3,3,2,8,6,0,1
25,2013,4,0,4,0,9,10,4,4,3,3,3,2,8,6,0,1
25,2013,4,0,4,0,9,10,4,4,3,3,3,2,8,6,0,1
25,2013,4,0,4,0,9,10,4,4,3,3,3,2,8,5,0,1
25,2013,4,0,4,0,9,10,4,4,3,3,3,2,8,5,0,1
25,2013,4,0,4,0,9,10,4,4,3,3,3,2,8,5,0,1
25,2013,4,0,4,0,9,10,4,4,3,3,3,2,7,5,0,1
26,2014,4,0,3,0,8,10,3,4,2,3,2,2,7,5,0,1
26,2014,4,0,3,0,8,10,3,4,2,3,2,2,7,5,0,1
26,2014,4,0,3,0,8,10,3,4,2,3,2,2,7,5,0,1
26,2014,4,0,3,0,8,10,3,4,2,3,2,2,7,5,0,1
26,2014,4,0,3,0,8,10,3,4,2,3,2,2,7,5,0,1
26,2014,4,0,3,0,8,10,3,4,2,3,2,2,7,5,0,1
26,2014,4,0,3,0,8,10,3,4,2,3,3,2,10,5,0,1
26,2014,4,0,3,0,8,9,3,3,2,1,3,2,10,4,0,0
26,2014,4,0,3,0,8,9,3,3,2,1,3,2,10,4,0,0
26,2014,4,0,3,0,8,9,3,3,2,1,3,2,10,4,0,0
26,2014,4,0,3,0,8,9,3,3,2,1,3,2,10,4,0,0
26,2014,4,0,3,0,8,9,3,3,2,1,3,2,10,4,0,0
26,2014,4,0,3,0,8,9,3,3,2,1,3,2,10,4,0,0
26,2014,4,0,3,0,8,9,3,3,2,1,3,2,10,4,0,0
26,2014,4,0,3,0,8,9,3,3,2,1,3,2,10,4,0,0
26,2014,4,0,3,0,8,9,3,3,2,1,2,2,8,4,0,0
26,2014,4,0,3,0,8,9,3,3,2,1,2,2,8,4,0,0
26,2014,4,0,3,0,8,9,3,3,2,1,2,2,8,4,0,0
26,2014,4,0,3,0,8,8,3,3,2,1,2,2,8,4,0,0
26,2014,4,0,3,0,8,8,3,3,2,1,2,1,8,4,0,0
26,2014,4,0,3,0,8,8,3,3,2,1,2,1,8,4,0,0
26,2014,4,0,3,0,8,8,3,3,2,1,2,1,8,4,0,0
26,2014,4,0,3,0,8,8,3,3,2,1,2,1,8,4,0,0
26,2014,4,0,3,0,8,8,3,3,2,1,2,1,7,4,0,0
27,2015,4,0,3,0,8,8,3,3,2,1,2,1,4,4,0,0
27,2015,4,0,3,0,8,8,3,3,2,1,2,1,4,4,0,0
27,2015,4,0,3,0,8,8,3,3,2,1,2,1,4,4,0,0
27,2015,4,0,3,0,8,8,3,3,2,1,2,1,4,4,0,0
27,2015,4,0,3,0,8,8,3,3,2,1,2,1,4,4,0,0
27,2015,4,0,3,0,8,8,3,3,2,1,2,1,4,4,0,0
27,2015,4,0,3,0,8,8,3,3,2,1,3,1,4,4,0,0
27,2015,4,0,3,0,8,7,3,3,2,1,3,1,5,4,0,0
27,2015,4,0,3,0,8,7,3,3,2,1,3,1,5,4,0,0
27,2015,4,0,3,0,8,7,3,3,2,1,3,1,5,4,0,0
27,2015,4,0,3,0,8,7,3,3,2,1,3,1,5,4,0,0
27,2015,4,0,3,0,8,7,3,3,2,1,3,1,5,4,0,0
27,2015,4,0,3,0,8,7,3,2,2,1,3,1,5,4,0,0
27,2015,4,0,3,0,8,7,3,2,2,1,3,1,5,4,0,0
27,2015,4,0,3,0,8,7,3,2,2,1,3,1,5,4,0,0
27,2015,4,0,3,0,8,7,3,2,2,1,2,1,4,4,0,0
27,2015,4,0,3,0,8,7,3,2,2,1,2,1,4,4,0,0
27,2015,4,0,3,0,8,7,3,2,2,1,2,1,4,4,0,0
27,2015,4,0,3,0,8,7,3,2,2,1,2,1,4,4,0,0
27,2015,4,0,3,0,8,7,3,2,2,1,2,1,4,4,0,0
27,2015,4,0,3,0,8,7,3,2,2,1,2,1,4,4,0,0
27,2015,4,0,3,0,8,7,3,2,2,1,2,1,4,4,0,0
27,2015,4,0,3,0,8,7,3,2,2,1,2,1,4,4,0,0
27,2015,4,0,3,0,8,7,3,2,2,1,2,1,4,4,0,0
0,2016,4,0,4,0,9,7,4,2,3,1,3,1,7,4,0,0
0,2016,4,0,4,0,9,7,4,2,3,1,3,1,7,4,0,0
0,2016,4,0,4,0,9,7,4,2,3,1,3,1,7,4,0,0
0,2016,4,0,4,0,9,7,4,2,3,1,3,1,7,4,0,0
0,2016,4,0,4,0,9,7,4,2,3,1,3,1,7,4,0,0
0,2016,4,0,4,0,9,7,4,2,3,1,3,1,7,4,0,0
0,2016,4,0,4,0,9,7,4,2,3,1,3,1,8,4,8,0
0,2016,4,0,4,0,10,9,4,4,3,1,4,2,8,6,8,2
0,2016,4,0,4,0,10,10,4,4,3,2,4,2,8,6,8,2
0,2016,4,0,4,0,10,10,4,3,3,2,4,2,8,8,9,2
0,2016,4,0,4,0,10,10,4,3,3,2,4,2,8,8,9,2
0,2016,4,0,4,0,10,10,4,4,3,2,4,2,8,8,9,2
0,2016,4,0,4,0,10,10,4,4,3,2,4,2,8,8,9,2
0,2016,4,0,4,0,10,10,4,4,3,2,4,2,8,6,5,2
0,2016,4,0,4,0,10,10,4,3,3,2,4,1,8,7,5,2
0,2016,4,0,4,0,10,9,4,3,3,2,4,1,8,6,5,1
0,2016,4,0,4,0,9,9,4,3,3,2,3,1,8,6,5,1
0,2016,4,0,4,0,9,9,4,3,3,2,3,0,8,6,0,1
0,2016,4,0,4,0,9,9,4,3,3,2,3,0,8,6,0,1
0,2016,4,0,4,0,9,9,4,3,3,2,3,0,8,6,0,1
0,2016,4,0,4,0,9,9,4,3,3,2,3,0,8,6,0,0
0,2016,4,0,4,0,9,9,4,3,3,2,3,0,8,6,0,0
0,2016,4,0,4,0,9,9,4,3,3,2,3,0,8,6,0,0
0,2016,4,0,4,0,9,9,4,3,3,2,3,0,7,6,0,0
1,2017,4,0,4,0,9,9,4,3,3,2,3,0,4,6,0,0
1,2017,4,0,4,0,9,9,4,3,3,2,3,0,4,6,0,0
1,2017,4,0,4,0,9,9,4,3,3,2,3,0,4,6,0,0
1,2017,4,0,4,0,9,9,4,3,3,2,3,0,4,6,0,0
1,2017,4,0,4,0,9,9,4,3,3,2,3,0,4,6,0,0
1,2017,4,0,4,0,9,9,4,3,3,2,3,0,4,6,0,0
1,2017,4,0,4,0,9,9,4,3,3,2,3,0,4,6,8,0
1,2017,4,0,4,0,10,9,4,4,3,3,4,1,5,6,8,1
1,2017,4,0,4,0,10,10,4,4,3,3,4,1,5,6,8,1
1,2017,4,0,4,0,10,10,4,4,3,3,4,1,5,5,9,2
1,2017,4,0,4,0,10,10,4,4,3,2,4,1,5,5,9,2
1,2017,4,0,4,0,10,10,4,4,3,3,4,1,5,6,9,2
1,2017,4,0,4,0,10,10,4,4,3,3,4,1,5,6,9,2
1,2017,4,0,4,0,10,10,4,4,3,3,4,1,5,5,5,1
1,2017,4,0,4,0,10,9,4,4,3,3,4,1,5,5,5,1
1,2017,4,0,4,0,10,9,4,4,3,3,4,1,4,5,5,1
1,2017,4,0,4,0,9,9,4,4,3,3,3,1,4,5,5,1
1,2017,4,0,4,0,9,9,4,3,3,2,3,1,4,5,0,1
1,2017,4,0,4,0,9,9,4,3,3,2,3,1,4,5,0,1
1,2017,4,0,4,0,9,9,4,3,3,2,3,1,4,5,0,1
1,2017,4,0,4,0,9,8,4,3,3,2,3,1,4,5,0,1
1,2017,4,0,4,0,9,8,4,3,3,2,3,1,4,5,0,1
1,2017,4,0,4,0,9,8,4,3,3,2,3,1,4,5,0,1
1,2017,4,0,4,0,9,8,4,3,3,2,3,1,4,5,0,1
2,2018,4,0,4,0,9,8,4,3,3,2,3,1,7,5,0,1
2,2018,4,0,4,0,9,8,4,3,3,2,3,1,7,5,0,1
2,2018,4,0,4,0,9,8,4,3,3,2,3,1,7,5,0,1
2,2018,4,0,4,0,9,8,4,3,3,2,3,1,7,5,0,1
2,2018,4,0,4,0,9,8,4,3,3,2,3,1,7,5,0,1
2,2018,4,0,4,0,9,8,4,3,3,2,3,1,7,5,0,1
2,2018,4,0,4,0,9,8,4,3,3,2,3,1,10,5,8,1
2,2018,4,0,4,0,10,9,4,4,3,2,4,1,10,10,8,1
2,2018,4,0,4,0,10,10,4,4,3,3,4,1,10,10,8,1
2,2018,4,0,4,0,10,10,4,4,3,3,4,1,10,10,9,1
2,2018,4,0,4,0,10,10,4,4,3,2,4,1,10,10,9,1
2,2018,4,0,4,0,10,10,4,4,3,2,4,1,10,11,9,1
2,2018,4,0,4,0,10,10,4,4,3,2,4,1,10,11,9,1
2,2018,4,0,4,0,10,10,4,4,3,2,4,1,10,11,5,1
2,2018,4,0,4,0,10,10,4,4,3,2,4,1,10,11,5,1
2,2018,4,0,4,0,10,10,4,4,3,2,4,1,8,11,5,1
2,2018,4,0,4,0,9,9,4,4,3,2,3,1,8,9,5,0
2,2018,4,0,4,0,9,9,4,4,3,2,3,1,8,9,0,0
2,2018,4,0,4,0,9,9,4,4,3,2,3,1,8,9,0,0
2,2018,4,0,4,0,9,9,4,4,3,2,3,1,8,9,0,0
2,2018,4,0,4,0,9,9,4,4,3,2,3,1,8,9,0,0
2,2018,4,0,4,0,9,9,4,4,3,2,3,1,8,9,0,0
2,2018,4,0,4,0,9,9,4,4,3,2,3,1,8,9,0,0
2,2018,4,0,4,0,9,9,4,4,3,2,3,1,7,9,0,0
3,2019,4,0,4,0,9,9,4,4,3,2,3,1,7,9,0,0
3,2019,4,0,4,0,9,9,4,4,3,2,3,1,7,9,0,0
3,2019,4,0,4,0,9,9,4,4,3,2,3,1,7,9,0,0
3,2019,4,0,4,0,9,9,4,4,3,2,3,1,7,9,0,0
3,2019,4,0,4,0,9,9,4,4,3,2,3,1,7,9,0,0
3,2019,4,0,4,0,9,9,4,4,3,2,3,1,7,9,0,0
3,2019,4,0,4,0,9,9,4,4,3,2,3,1,8,9,8,0
3,2019,4,0,4,0,10,9,4,4,3,3,4,2,8,8,8,0
3,2019,4,0,4,0,10,10,4,4,3,3,4,2,8,8,8,0
3,2019,4,0,4,0,10,10,4,4,3,2,4,2,8,8,9,0
3,2019,4,0,4,0,10,9,4,4,3,2,4,2,8,8,9,0
3,2019,4,0,4,0,10,9,4,4,3,2,4,2,8,8,9,0
3,2019,4,0,4,0,10,9,4,4,3,1,4,2,8,8,9,0
3,2019,4,0,4,0,10,9,4,4,3,1,4,2,8,8,5,0
3,2019,4,0,4,0,10,9,4,4,3,1,4,2,8,8,5,0
3,2019,4,0,4,0,10,9,4,4,3,1,4,2,8,8,5,0
3,2019,4,0,4,0,9,9,4,4,3,1,3,2,8,7,5,0
3,2019,4,0,4,0,9,9,4,4,3,1,3,2,8,6,0,0
3,2019,4,0,4,0,9,9,4,4,3,1,3,2,8,6,0,0
3,2019,4,0,4,0,9,9,4,4,3,1,3,2,8,6,0,0
3,2019,4,0,4,0,9,9,4,4,3,1,3,2,8,6,0,0
3,2019,4,0,4,0,9,9,4,4,3,1,3,2,8,6,0,0
3,2019,4,0,4,0,9,9,4,4,3,1,3,2,8,6,0,0
3,2019,4,0,4,0,9,9,4,4,3,1,3,2,7,6,0,0
4,2020,4,0,4,0,9,9,4,4,3,1,3,2,7,6,0,0
4,2020,4,0,4,0,9,9,4,4,3,1,3,2,7,6,0,0
4,2020,4,0,4,0,9,9,4,4,3,1,3,2,7,6,0,0
4,2020,4,0,4,0,9,9,4,4,3,1,3,2,7,6,0,0
4,2020,4,0,4,0,9,9,4,4,3,1,3,2,7,6,0,0
4,2020,4,0,4,0,9,9,4,4,3,1,3,2,7,6,0,0
4,2020,4,0,4,0,9,9,4,4,3,1,3,2,8,6,8,0
4,2020,4,0,4,0,10,9,4,4,3,2,4,3,8,8,8,1
4,2020,4,0,4,0,10,10,4,4,3,3,4,3,8,8,8,1
4,2020,4,0,4,0,10,10,4,4,3,3,4,3,8,8,9,1
4,2020,4,0,4,0,10,10,4,4,3,2,4,3,8,8,9,1
4,2020,4,0,4,0,10,9,4,4,3,3,4,3,8,8,9,1
4,2020,4,0,4,0,10,10,4,4,3,3,4,3,8,8,9,1
4,2020,4,0,4,0,10,10,4,4,3,2,4,3,8,8,5,1
4,2020,4,0,4,0,10,9,4,4,3,1,4,3,8,8,5,1
4,2020,4,0,4,0,10,8,4,4,3,1,4,3,8,8,5,1
4,2020,4,0,4,0,9,8,4,4,3,1,3,3,8,8,5,1
4,2020,4,0,4,0,9,8,4,4,3,1,3,3,8,8,0,1
4,2020,4,0,4,0,9,8,4,4,3,1,3,3,8,8,0,1
4,2020,4,0,4,0,9,8,4,4,3,1,3,3,8,8,0,1
4,2020,4,0,4,0,9,8,4,4,3,1,3,3,8,8,0,1
4,2020,4,0,4,0,9,8,4,4,3,1,3,3,8,8,0,1
4,2020,4,0,4,0,9,8,4,4,3,1,3,3,8,8,0,1
4,2020,4,0,4,0,9,8,4,4,3,1,3,3,7,8,0,1
5,2021,4,0,3,0,8,8,3,4,2,1,2,3,7,8,0,1
5,2021,4,0,3,0,8,8,3,4,2,1,2,3,7,8,0,1
5,2021,4,0,3,0,8,8,3,4,2,1,2,3,7,8,0,1
5,2021,4,0,3,0,8,8,3,4,2,1,2,3,7,8,0,1
5,2021,4,0,3,0,8,8,3,4,2,1,2,3,7,8,0,1
5,2021,4,0,3,0,8,8,3,4,2,1,2,3,7,8,0,1
5,2021,4,0,3,0,8,8,3,4,2,1,3,3,10,8,0,1
5,2021,4,0,3,0,8,8,3,3,2,0,3,3,10,6,0,1
5,2021,4,0,3,0,8,8,3,3,2,0,3,3,10,5,0,1
5,2021,4,0,3,0,8,8,3,3,2,0,3,3,10,5,0,1
5,2021,4,0,3,0,8,8,3,3,2,0,3,3,10,5,0,1
5,2021,4,0,3,0,8,8,3,3,2,0,3,3,10,5,0,1
5,2021,4,0,3,0,8,8,3,3,2,0,3,3,10,5,0,1
5,2021,4,0,3,0,8,8,3,3,2,0,3,3,10,5,0,1
5,2021,4,0,3,0,8,8,3,3,2,0,3,3,10,5,0,1
5,2021,4,0,3,0,8,8,3,3,2,0,2,3,8,5,0,1
5,2021,4,0,3,0,8,8,3,3,2,0,2,3,8,5,0,1
5,2021,4,0,3,0,8,8,3,3,2,0,2,3,8,5,0,1
5,2021,4,0,3,0,8,8,3,3,2,0,2,3,8,5,0,0
5,2021,4,0,3,0,8,8,3,3,2,0,2,3,8,5,0,0
5,2021,4,0,3,0,8,7,3,3,2,0,2,3,8,4,0,0
5,2021,4,0,3,0,8,7,3,3,2,0,2,3,8,4,0,0
5,2021,4,0,3,0,8,7,3,3,2,0,2,3,8,3,0,0
5,2021,4,0,3,0,8,7,3,3,2,0,2,3,7,3,0,0
6,2022,4,0,3,0,8,7,3,3,2,0,2,3,4,3,0,0
6,2022,4,0,3,0,8,7,3,3,2,0,2,3,4,3,0,0
6,2022,4,0,3,0,8,7,3,3,2,0,2,3,4,3,0,0
6,2022,4,0,3,0,8,7,3,3,2,0,2,3,4,3,0,0
6,2022,4,0,3,0,8,7,3,3,2,0,2,3,4,3,0,0
6,2022,4,0,3,0,8,7,3,3,2,0,2,3,4,3,0,0
6,2022,4,0,3,0,8,7,3,3,2,0,3,3,4,3,0,0
6,2022,4,0,3,0,8,6,3,3,2,0,3,3,5,2,0,0
6,2022,4,0,3,0,8,6,3,3,2,0,3,3,5,2,0,0
6,2022,4,0,3,0,8,6,3,3,2,0,3,2,5,2,0,0
6,2022,4,0,3,0,8,6,3,3,2,0,3,2,5,2,0,0
6,2022,4,0,3,0,8,6,3,3,2,0,3,2,5,2,0,0
6,2022,4,0,3,0,8,6,3,3,2,0,3,2,5,2,0,0
6,2022,4,0,3,0,8,6,3,3,2,0,3,2,5,2,0,0
6,2022,4,0,3,0,8,6,3,3,2,0,3,2,5,2,0,0
6,2022,4,0,3,0,8,6,3,3,2,0,2,2,4,2,0,0
6,2022,4,0,3,0,8,6,3,3,2,0,2,2,4,2,0,0
6,2022,4,0,3,0,8,6,3,3,2,0,2,1,4,2,0,0
6,2022,4,0,3,0,8,6,3,3,2,0,2,1,4,2,0,0
6,2022,4,0,3,0,8,6,3,3,2,0,2,1,4,2,0,0
6,2022,4,0,3,0,8,6,3,3,2,0,2,1,4,2,0,0
6,2022,4,0,3,0,8,6,3,3,2,0,2,1,4,2,0,0
6,2022,4,0,3,0,8,6,3,3,2,0,2,1,4,2,0,0
6,2022,4,0,3,0,8,6,3,3,2,0,2,1,4,2,0,0
7,2023,4,0,4,0,9,6,4,3,3,0,3,1,7,2,0,0
7,2023,4,0,4,0,9,6,4,3,3,0,3,1,7,2,0,0
7,2023,4,0,4,0,9,6,4,3,3,0,3,1,7,2,0,0
7,2023,4,0,4,0,9,6,4,3,3,0,3,1,7,2,0,0
7,2023,4,0,4,0,9,6,4,3,3,0,3,1,7,2,0,0
7,2023,4,0,4,0,9,6,4,3,3,0,3,1,7,2,0,0
7,2023,4,0,4,0,9,6,4,3,3,0,3,1,8,2,8,0
7,2023,4,0,4,0,10,9,4,4,3,2,4,2,8,3,8,1
7,2023,4,0,4,0,10,9,4,4,3,3,4,2,8,4,8,1
7,2023,4,0,4,0,10,9,4,4,3,3,4,2,8,5,9,1
7,2023,4,0,4,0,10,10,4,4,3,3,4,2,8,4,9,1
7,2023,4,0,4,0,10,10,4,4,3,3,4,2,8,5,9,1
7,2023,4,0,4,0,10,10,4,4,3,3,4,2,8,5,9,1
7,2023,4,0,4,0,10,9,4,4,3,3,4,2,8,4,5,1
7,2023,4,0,4,0,10,9,4,4,3,3,4,2,8,4,5,0
7,2023,4,0,4,0,10,9,4,4,3,3,4,2,8,4,5,0
7,2023,4,0,4,0,9,9,4,4,3,3,3,2,8,4,5,0
7,2023,4,0,4,0,9,9,4,4,3,2,3,2,8,4,0,0
7,2023,4,0,4,0,9,9,4,4,3,2,3,2,8,4,0,0
7,2023,4,0,4,0,9,9,4,4,3,2,3,2,8,4,0,0
7,2023,4,0,4,0,9,9,4,4,3,2,3,2,8,4,0,0
7,2023,4,0,4,0,9,9,4,4,3,2,3,2,8,4,0,0
7,2023,4,0,4,0,9,9,4,4,3,1,3,2,8,4,0,0
7,2023,4,0,4,0,9,9,4,4,3,1,3,2,7,4,0,0
8,2024,4,0,4,0,9,9,4,4,3,1,3,2,4,4,0,0
8,2024,4,0,4,0,9,9,4,4,3,1,3,2,4,4,0,0
8,2024,4,0,4,0,9,9,4,4,3,1,3,2,4,4,0,0
8,2024,4,0,4,0,9,9,4,4,3,1,3,2,4,4,0,0
8,2024,4,0,4,0,9,9,4,4,3,1,3,2,4,4,0,0
8,2024,4,0,4,0,9,9,4,4,3,1,3,2,4,4,0,0
8,2024,4,0,4,0,9,9,4,4,3,1,3,2,4,4,8,0
8,2024,4,0,4,0,10,10,4,4,3,3,4,2,5,5,8,2
8,2024,4,0,4,0,10,10,4,4,3,3,4,2,5,5,8,3
8,2024,4,0,4,0,10,10,4,4,3,3,4,2,5,5,9,3
8,2024,4,0,4,0,10,10,4,4,3,3,4,2,5,5,9,3
8,2024,4,0,4,0,10,10,4,4,3,3,4,2,5,6,9,3
8,2024,4,0,4,0,10,10,4,4,3,3,4,2,5,6,9,3
8,2024,4,0,4,0,10,10,4,4,3,3,4,2,5,6,5,3
8,2024,4,0,4,0,10,10,4,4,3,3,4,2,5,6,5,3
8,2024,4,0,4,0,10,10,4,4,3,3,4,2,4,6,5,3
8,2024,4,0,4,0,9,10,4,4,3,3,3,2,4,5,5,2
8,2024,4,0,4,0,9,10,4,4,3,3,3,2,4,5,0,2
8,2024,4,0,4,0,9,10,4,4,3,2,3,2,4,5,0,2
8,2024,4,0,4,0,9,10,4,3,3,2,3,2,4,5,0,2
8,2024,4,0,4,0,9,10,4,3,3,2,3,2,4,5,0,2
8,2024,4,0,4,0,9,10,4,3,3,2,3,2,4,5,0,2
8,2024,4,0,4,0,9,10,4,3,3,2,3,2,4,5,0,2
8,2024,4,0,4,0,9,10,4,3,3,2,3,2,4,5,0,2
9,2025,4,0,4,0,9,10,4,3,3,2,3,2,7,5,0,2
9,2025,4,0,4,0,9,10,4,3,3,2,3,2,7,5,0,2
9,2025,4,0,4,0,9,10,4,3,3,2,3,2,7,5,0,2
9,2025,4,0,4,0,9,10,4,3,3,2,3,2,7,5,0,2
9,2025,4,0,4,0,9,10,4,3,3,2,3,2,7,5,0,2
9,2025,4,0,4,0,9,10,4,3,3,2,3,2,7,5,0,2
9,2025,4,0,4,0,9,10,4,3,3,2,3,2,10,5,8,2
9,2025,4,0,4,0,10,9,4,4,3,1,4,3,10,6,8,1
9,2025,4,0,4,0,10,10,4,4,3,1,4,3,10,7,8,2
9,2025,4,0,4,0,10,10,4,4,3,2,4,3,10,11,9,2
9,2025,4,0,4,0,10,10,4,4,3,3,4,3,10,11,9,3
9,2025,4,0,4,0,10,10,4,4,3,3,4,3,10,11,9,3
9,2025,4,0,4,0,10,10,4,4,3,3,4,3,10,11,9,3
9,2025,4,0,4,0,10,10,4,4,3,3,4,3,10,11,5,3
9,2025,4,0,4,0,10,10,4,4,3,3,4,3,10,11,5,3
9,2025,4,0,4,0,10,10,4,4,3,3,4,3,8,11,5,3
9,2025,4,0,4,0,9,10,4,4,3,3,3,3,8,9,5,2
9,2025,4,0,4,0,9,10,4,4,3,3,3,3,8,9,0,2
9,2025,4,0,4,0,9,10,4,4,3,3,3,3,8,8,0,2
9,2025,4,0,4,0,9,10,4,4,3,3,3,3,8,8,0,2
9,2025,4,0,4,0,9,10,4,4,3,3,3,3,8,8,0,2
9,2025,4,0,4,0,9,10,4,4,3,3,3,3,8,8,0,2
9,2025,4,0,4,0,9,10,4,4,3,3,3,3,8,8,0,1
9,2025,4,0,4,0,9,10,4,4,3,3,3,3,7,8,0,1
10,2026,4,0,4,0,9,10,4,4,3,3,3,3,7,8,0,1
10,2026,4,0,4,0,9,10,4,4,3,3,3,3,7,8,0,1
10,2026,4,0,4,0,9,10,4,4,3,3,3,3,7,8,0,1
10,2026,4,0,4,0,9,10,4,4,3,3,3,3,7,8,0,1
10,2026,4,0,4,0,9,10,4,4,3,3,3,3,7,8,0,1
10,2026,4,0,4,0,9,10,4,4,3,3,3,3,7,8,0,1
10,2026,4,0,4,0,9,10,4,4,3,3,3,3,8,8,8,1
10,2026,4,0,4,0,10,10,4,4,3,3,4,3,8,6,8,0
10,2026,4,0,4,0,10,10,4,4,3,3,4,3,8,7,8,0
10,2026,4,0,4,0,10,10,4,4,3,3,4,3,8,8,9,0
10,2026,4,0,4,0,10,10,4,4,3,3,4,3,8,8,9,0
10,2026,4,0,4,0,10,10,4,4,3,3,4,3,8,8,9,0
10,2026,4,0,4,0,10,10,4,4,3,3,4,3,8,6,9,0
10,2026,4,0,4,0,10,10,4,4,3,3,4,3,8,5,5,0
10,2026,4,0,4,0,10,10,4,4,3,3,4,3,8,5,5,0
10,2026,4,0,4,0,10,10,4,4,3,3,4,3,8,5,5,0
10,2026,4,0,4,0,9,10,4,4,3,2,3,3,8,5,5,0
10,2026,4,0,4,0,9,10,4,4,3,2,3,3,8,5,0,0
10,2026,4,0,4,0,9,10,4,4,3,2,3,3,8,5,0,0
10,2026,4,0,4,0,9,10,4,4,3,2,3,3,8,5,0,0
10,2026,4,0,4,0,9,10,4,4,3,2,3,3,8,5,0,0
10,2026,4,0,4,0,9,9,4,3,3,2,3,3,8,5,0,0
10,2026,4,0,4,0,9,8,4,3,3,2,3,3,8,5,0,0
10,2026,4,0,4,0,9,8,4,3,3,2,3,3,7,5,0,0
11,2027,4,0,4,0,9,8,4,3,3,2,3,3,7,5,0,0
11,2027,4,0,4,0,9,8,4,3,3,2,3,3,7,5,0,0
11,2027,4,0,4,0,9,8,4,3,3,2,3,3,7,5,0,0
11,2027,4,0,4,0,9,8,4,3,3,2,3,3,7,5,0,0
11,2027,4,0,4,0,9,8,4,3,3,2,3,3,7,5,0,0
11,2027,4,0,4,0,9,8,4,3,3,2,3,3,7,5,0,0
11,2027,4,0,4,0,9,8,4,3,3,2,3,3,8,5,8,0
11,2027,4,0,4,0,10,10,4,3,3,2,4,3,8,8,8,0
11,2027,4,0,4,0,10,10,4,3,3,3,4,3,8,8,8,1
11,2027,4,0,4,0,10,10,4,4,3,3,4,3,8,8,9,1
11,2027,4,0,4,0,10,10,4,4,3,3,4,3,8,8,9,1
11,2027,4,0,4,0,10,10,4,4,3,3,4,3,8,8,9,1
11,2027,4,0,4,0,10,10,4,4,3,3,4,3,8,8,9,1
11,2027,4,0,4,0,10,10,4,4,3,3,4,3,8,8,5,1
11,2027,4,0,4,0,10,10,4,4,3,3,4,3,8,8,5,1
11,2027,4,0,4,0,10,10,4,4,3,3,4,3,8,9,5,1
11,2027,4,0,4,0,9,10,4,3,3,3,3,3,8,9,5,1
11,2027,4,0,4,0,9,10,4,2,3,3,3,3,8,8,0,0
11,2027,4,0,4,0,9,10,4,2,3,3,3,3,8,7,0,0
11,2027,4,0,4,0,9,10,4,2,3,3,3,3,8,7,0,0
11,2027,4,0,4,0,9,9,4,2,3,3,3,3,8,6,0,0
11,2027,4,0,4,0,9,9,4,1,3,3,3,3,8,6,0,0
11,2027,4,0,4,0,9,9,4,1,3,3,3,3,8,6,0,0
11,2027,4,0,4,0,9,9,4,1,3,3,3,3,7,6,0,0
12,2028,4,0,3,0,8,9,3,1,2,3,2,3,7,6,0,0
12,2028,4,0,3,0,8,9,3,1,2,3,2,3,7,6,0,0
12,2028,4,0,3,0,8,9,3,1,2,3,2,3,7,6,0,0
12,2028,4,0,3,0,8,9,3,1,2,3,2,3,7,6,0,0
12,2028,4,0,3,0,8,9,3,1,2,3,2,3,7,6,0,0
12,2028,4,0,3,0,8,9,3,1,2,3,2,3,7,6,0,0
12,2028,4,0,3,0,8,9,3,1,2,3,3,3,10,6,0,0
12,2028,4,0,3,0,8,9,3,0,2,3,3,3,10,5,0,0
12,2028,4,0,3,0,8,9,3,0,2,3,3,3,10,5,0,0
12,2028,4,0,3,0,8,9,3,0,2,3,3,3,10,5,0,0
12,2028,4,0,3,0,8,8,3,0,2,3,3,3,10,5,0,0
12,2028,4,0,3,0,8,7,3,0,2,3,3,3,10,5,0,0
12,2028,4,0,3,0,8,7,3,0,2,3,3,3,10,5,0,0
12,2028,4,0,3,0,8,7,3,0,2,3,3,3,10,5,0,0
12,2028,4,0,3,0,8,7,3,0,2,3,3,3,10,5,0,0
12,2028,4,0,3,0,8,7,3,0,2,3,2,3,8,5,0,0
12,2028,4,0,3,0,8,7,3,0,2,3,2,3,8,5,0,0
12,2028,4,0,3,0,8,7,3,0,2,3,2,2,8,5,0,0
12,2028,4,0,3,0,8,7,3,0,2,3,2,2,8,5,0,0
12,2028,4,0,3,0,8,7,3,0,2,3,2,2,8,5,0,0
12,2028,4,0,3,0,8,7,3,0,2,3,2,2,8,5,0,0
12,2028,4,0,3,0,8,7,3,0,2,3,2,2,8,5,0,0
12,2028,4,0,3,0,8,7,3,0,2,3,2,2,8,5,0,0
12,2028,4,0,3,0,8,7,3,0,2,3,2,2,7,5,0,0
13,2029,4,0,3,0,8,7,3,0,2,3,2,2,4,5,0,0
13,2029,4,0,3,0,8,7,3,0,2,3,2,2,4,5,0,0
13,2029,4,0,3,0,8,7,3,0,2,3,2,2,4,5,0,0
13,2029,4,0,3,0,8,7,3,0,2,3,2,2,4,5,0,0
13,2029,4,0,3,0,8,7,3,0,2,3,2,2,4,5,0,0
13,2029,4,0,3,0,8,7,3,0,2,3,2,2,4,5,0,0
13,2029,4,0,3,0,8,7,3,0,2,3,3,2,4,5,0,0
13,2029,4,0,3,0,8,7,3,0,2,3,3,1,5,4,0,0
13,2029,4,0,3,0,8,7,3,0,2,3,3,1,5,4,0,0
13,2029,4,0,3,0,8,7,3,0,2,3,3,1,5,4,0,0
13,2029,4,0,3,0,8,7,3,0,2,3,3,1,5,4,0,0
13,2029,4,0,3,0,8,7,3,0,2,3,3,1,5,4,0,0
13,2029,4,0,3,0,8,7,3,0,2,3,3,1,5,4,0,0
13,2029,4,0,3,0,8,7,3,0,2,3,3,1,5,4,0,0
13,2029,4,0,3,0,8,7,3,0,2,3,3,1,5,4,0,0
13,2029,4,0,3,0,8,7,3,0,2,3,2,1,4,4,0,0
13,2029,4,0,3,0,8,7,3,0,2,3,2,1,4,4,0,0
13,2029,4,0,3,0,8,7,3,0,2,3,2,1,4,4,0,0
13,2029,4,0,3,0,8,7,3,0,2,3,2,1,4,4,0,0
13,2029,4,0,3,0,8,7,3,0,2,3,2,1,4,4,0,0
13,2029,4,0,3,0,8,7,3,0,2,3,2,1,4,4,0,0
13,2029,4,0,3,0,8,7,3,0,2,3,2,1,4,4,0,0
13,2029,4,0,3,0,8,7,3,0,2,3,2,1,4,4,0,0
13,2029,4,0,3,0,8,7,3,0,2,3,2,1,4,4,0,0
14,2030,4,0,4,0,9,7,4,0,3,3,3,1,7,4,0,0
14,2030,4,0,4,0,9,7,4,0,3,3,3,1,7,4,0,0
14,2030,4,0,4,0,9,7,4,0,3,3,3,1,7,4,0,0
14,2030,4,0,4,0,9,7,4,0,3,3,3,1,7,4,0,0
14,2030,4,0,4,0,9,7,4,0,3,3,3,1,7,4,0,0
14,2030,4,0,4,0,9,7,4,0,3,3,3,1,7,4,0,0
14,2030,4,0,4,0,9,7,4,0,3,3,3,1,8,4,8,0
14,2030,4,0,4,0,10,9,4,2,3,3,4,1,8,6,8,2
14,2030,4,0,4,0,10,10,4,2,3,3,4,1,8,6,8,2
14,2030,4,0,4,0,10,10,4,3,3,3,4,1,8,8,9,2
14,2030,4,0,4,0,10,10,4,3,3,3,4,1,8,8,9,2
14,2030,4,0,4,0,10,10,4,3,3,3,4,1,8,8,9,2
14,2030,4,0,4,0,10,10,4,3,3,3,4,1,8,8,9,2
14,2030,4,0,4,0,10,10,4,1,3,3,4,1,8,6,5,2
14,2030,4,0,4,0,10,10,4,1,3,3,4,1,8,7,5,2
14,2030,4,0,4,0,10,10,4,1,3,3,4,1,8,6,5,1
14,2030,4,0,4,0,9,10,4,1,3,3,3,1,8,6,5,1
14,2030,4,0,4,0,9,10,4,1,3,3,3,1,8,6,0,1
14,2030,4,0,4,0,9,10,4,1,3,3,3,1,8,6,0,0
14,2030,4,0,4,0,9,10,4,1,3,3,3,1,8,6,0,0
14,2030,4,0,4,0,9,10,4,1,3,3,3,1,8,6,0,0
14,2030,4,0,4,0,9,10,4,1,3,3,3,1,8,6,0,0
14,2030,4,0,4,0,9,10,4,1,3,3,3,1,8,6,0,0
14,2030,4,0,4,0,9,10,4,1,3,3,3,1,7,6,0,0
15,2031,4,0,4,0,9,10,4,1,3,3,3,1,4,6,0,0
15,2031,4,0,4,0,9,10,4,1,3,3,3,1,4,6,0,0
15,2031,4,0,4,0,9,10,4,1,3,3,3,1,4,6,0,0
15,2031,4,0,4,0,9,10,4,1,3,3,3,1,4,6,0,0
15,2031,4,0,4,0,9,10,4,1,3,3,3,1,4,6,0,0
15,2031,4,0,4,0,9,10,4,1,3,3,3,1,4,6,0,0
15,2031,4,0,4,0,9,10,4,1,3,3,3,1,4,6,8,0
15,2031,4,0,4,0,10,8,4,3,3,3,4,2,5,5,8,2
15,2031,4,0,4,0,10,9,4,4,3,3,4,2,5,5,8,3
15,2031,4,0,4,0,10,10,4,4,3,3,4,2,5,5,9,4
15,2031,4,0,4,0,10,10,4,4,3,3,4,2,5,5,9,4
15,2031,4,0,4,0,10,10,4,3,3,3,4,2,5,6,9,4
15,2031,4,0,4,0,10,10,4,4,3,3,4,2,5,6,9,4
15,2031,4,0,4,0,10,10,4,4,3,3,4,2,5,5,5,3
15,2031,4,0,4,0,10,10,4,4,3,3,4,1,5,5,5,3
15,2031,4,0,4,0,10,10,4,4,3,3,4,1,4,5,5,1
15,2031,4,0,4,0,9,9,4,4,3,3,3,1,4,5,5,1
15,2031,4,0,4,0,9,9,4,4,3,3,3,1,4,5,0,1
15,2031,4,0,4,0,9,9,4,4,3,2,3,1,4,5,0,1
15,2031,4,0,4,0,9,9,4,4,3,2,3,1,4,5,0,1
15,2031,4,0,4,0,9,9,4,3,3,1,3,1,4,5,0,1
15,2031,4,0,4,0,9,9,4,3,3,1,3,1,4,5,0,1
15,2031,4,0,4,0,9,9,4,2,3,1,3,1,4,5,0,1
15,2031,4,0,4,0,9,9,4,2,3,1,3,1,4,5,0,1
16,2032,4,0,4,0,9,9,4,2,3,1,3,1,7,5,0,1
16,2032,4,0,4,0,9,9,4,2,3,1,3,1,7,5,0,1
16,2032,4,0,4,0,9,9,4,2,3,1,3,1,7,5,0,1
16,2032,4,0,4,0,9,9,4,2,3,1,3,1,7,5,0,1
16,2032,4,0,4,0,9,9,4,2,3,1,3,1,7,5,0,1
16,2032,4,0,4,0,9,9,4,2,3,1,3,1,7,5,0,1
16,2032,4,0,4,0,9,9,4,2,3,1,3,1,10,5,8,1
16,2032,4,0,4,0,10,9,4,3,3,1,4,2,10,9,8,1
16,2032,4,0,4,0,10,10,4,3,3,1,4,2,10,10,8,1
16,2032,4,0,4,0,10,10,4,4,3,1,4,2,10,10,9,2
16,2032,4,0,4,0,10,10,4,4,3,1,4,2,10,10,9,2
16,2032,4,0,4,0,10,10,4,4,3,2,4,2,10,10,9,2
16,2032,4,0,4,0,10,10,4,4,3,2,4,2,10,10,9,2
16,2032,4,0,4,0,10,10,4,4,3,2,4,2,10,10,5,2
16,2032,4,0,4,0,10,10,4,3,3,1,4,2,10,10,5,1
16,2032,4,0,4,0,10,10,4,3,3,1,4,2,8,10,5,1
16,2032,4,0,4,0,9,10,4,3,3,1,3,2,8,10,5,1
16,2032,4,0,4,0,9,10,4,3,3,1,3,2,8,10,0,1
16,2032,4,0,4,0,9,10,4,3,3,1,3,2,8,9,0,0
16,2032,4,0,4,0,9,10,4,3,3,1,3,2,8,9,0,0
16,2032,4,0,4,0,9,10,4,3,3,1,3,2,8,9,0,0
16,2032,4,0,4,0,9,10,4,3,3,1,3,2,8,9,0,0
16,2032,4,0,4,0,9,10,4,3,3,1,3,2,8,9,0,0
16,2032,4,0,4,0,9,10,4,3,3,1,3,2,7,9,0,0
17,2033,4,0,4,0,9,10,4,3,3,1,3,2,7,9,0,0
17,2033,4,0,4,0,9,10,4,3,3,1,3,2,7,9,0,0
17,2033,4,0,4,0,9,10,4,3,3,1,3,2,7,9,0,0
17,2033,4,0,4,0,9,10,4,3,3,1,3,2,7,9,0,0
17,2033,4,0,4,0,9,10,4,3,3,1,3,2,7,9,0,0
17,2033,4,0,4,0,9,10,4,3,3,1,3,2,7,9,0,0
17,2033,4,0,4,0,9,10,4,3,3,1,3,2,8,9,8,0
17,2033,4,0,4,0,10,9,4,4,3,1,4,3,8,9,8,0
17,2033,4,0,4,0,10,10,4,4,3,1,4,3,8,9,8,0
17,2033,4,0,4,0,10,10,4,4,3,1,4,3,8,9,9,0
17,2033,4,0,4,0,10,10,4,4,3,1,4,3,8,9,9,0
17,2033,4,0,4,0,10,10,4,4,3,1,4,3,8,9,9,0
17,2033,4,0,4,0,10,10,4,4,3,1,4,3,8,9,9,0
17,2033,4,0,4,0,10,10,4,4,3,1,4,3,8,9,5,0
17,2033,4,0,4,0,10,10,4,4,3,1,4,3,8,9,5,0
17,2033,4,0,4,0,10,9,4,4,3,1,4,3,8,8,5,0
17,2033,4,0,4,0,9,9,4,4,3,1,3,3,8,8,5,0
17,2033,4,0,4,0,9,9,4,4,3,1,3,3,8,8,0,0
17,2033,4,0,4,0,9,9,4,4,3,1,3,3,8,7,0,0
17,2033,4,0,4,0,9,9,4,4,3,1,3,3,8,7,0,0
17,2033,4,0,4,0,9,9,4,4,3,1,3,3,8,7,0,0
17,2033,4,0,4,0,9,9,4,4,3,1,3,2,8,6,0,0
17,2033,4,0,4,0,9,9,4,4,3,1,3,2,8,6,0,0
17,2033,4,0,4,0,9,9,4,4,3,1,3,2,7,6,0,0
18,2034,4,0,4,0,9,9,4,4,3,1,3,2,7,6,0,0
18,2034,4,0,4,0,9,9,4,4,3,1,3,2,7,6,0,0
18,2034,4,0,4,0,9,9,4,4,3,1,3,2,7,6,0,0
18,2034,4,0,4,0,9,9,4,4,3,1,3,2,7,6,0,0
18,2034,4,0,4,0,9,9,4,4,3,1,3,2,7,6,0,0
18,2034,4,0,4,0,9,9,4,4,3,1,3,2,7,6,0,0
18,2034,4,0,4,0,9,9,4,4,3,1,3,2,8,6,8,0
18,2034,4,0,4,0,10,10,4,4,3,2,4,2,8,8,8,1
18,2034,4,0,4,0,10,10,4,4,3,3,4,2,8,8,8,1
18,2034,4,0,4,0,10,10,4,4,3,3,4,2,8,8,9,2
18,2034,4,0,4,0,10,10,4,4,3,3,4,2,8,8,9,2
18,2034,4,0,4,0,10,10,4,4,3,3,4,2,8,8,9,2
18,2034,4,0,4,0,10,10,4,4,3,3,4,2,8,8,9,2
18,2034,4,0,4,0,10,10,4,4,3,3,4,2,8,8,5,2
18,2034,4,0,4,0,10,10,4,4,3,3,4,2,8,8,5,1
18,2034,4,0,4,0,10,10,4,4,3,3,4,2,8,8,5,1
18,2034,4,0,4,0,9,10,4,4,3,2,3,2,8,8,5,1
18,2034,4,0,4,0,9,9,4,4,3,1,3,2,8,8,0,1
18,2034,4,0,4,0,9,9,4,4,3,1,3,2,8,8,0,1
18,2034,4,0,4,0,9,8,4,4,3,1,3,1,8,7,0,1
18,2034,4,0,4,0,9,8,4,4,3,1,3,1,8,7,0,1
18,2034,4,0,4,0,9,8,4,4,3,1,3,1,8,6,0,1
18,2034,4,0,4,0,9,8,4,4,3,1,3,1,8,6,0,1
18,2034,4,0,4,0,9,8,4,4,3,1,3,1,7,6,0,1
19,2035,4,0,3,0,8,8,3,4,2,1,2,1,7,6,0,1
19,2035,4,0,3,0,8,8,3,4,2,1,2,1,7,6,0,1
19,2035,4,0,3,0,8,8,3,4,2,1,2,1,7,6,0,1
19,2035,4,0,3,0,8,8,3,4,2,1,2,1,7,6,0,1
19,2035,4,0,3,0,8,8,3,4,2,1,2,1,7,6,0,1
19,2035,4,0,3,0,8,8,3,4,2,1,2,1,7,6,0,1
19,2035,4,0,3,0,8,8,3,4,2,1,3,1,10,6,0,1
19,2035,4,0,3,0,8,8,3,4,2,1,3,1,10,5,0,0
19,2035,4,0,3,0,8,8,3,4,2,1,3,1,10,4,0,0
19,2035,4,0,3,0,8,8,3,4,2,1,3,1,10,4,0,0
19,2035,4,0,3,0,8,8,3,4,2,1,3,1,10,4,0,0
19,2035,4,0,3,0,8,8,3,4,2,1,3,1,10,4,0,0
19,2035,4,0,3,0,8,8,3,4,2,1,3,1,10,4,0,0
19,2035,4,0,3,0,8,8,3,4,2,1,3,1,10,4,0,0
19,2035,4,0,3,0,8,8,3,4,2,1,3,1,10,4,0,0
19,2035,4,0,3,0,8,8,3,4,2,0,2,1,8,4,0,0
19,2035,4,0,3,0,8,8,3,4,2,0,2,1,8,4,0,0
19,2035,4,0,3,0,8,8,3,4,2,0,2,1,8,4,0,0
19,2035,4,0,3,0,8,8,3,4,2,0,2,1,8,4,0,0
19,2035,4,0,3,0,8,8,3,4,2,0,2,1,8,4,0,0
19,2035,4,0,3,0,8,8,3,4,2,0,2,1,8,4,0,0
19,2035,4,0,3,0,8,8,3,4,2,0,2,1,8,4,0,0
19,2035,4,0,3,0,8,8,3,4,2,0,2,1,8,4,0,0
19,2035,4,0,3,0,8,8,3,4,2,0,2,1,7,4,0,0
20,2036,4,0,3,0,8,8,3,4,2,0,2,1,4,4,0,0
20,2036,4,0,3,0,8,8,3,4,2,0,2,1,4,4,0,0
20,2036,4,0,3,0,8,8,3,4,2,0,2,1,4,4,0,0
20,2036,4,0,3,0,8,8,3,4,2,0,2,1,4,4,0,0
20,2036,4,0,3,0,8,8,3,4,2,0,2,1,4,4,0,0
20,2036,4,0,3,0,8,8,3,4,2,0,2,1,4,4,0,0
20,2036,4,0,3,0,8,8,3,4,2,0,3,1,4,4,0,0
20,2036,4,0,3,0,8,8,3,4,2,0,3,1,5,4,0,0
20,2036,4,0,3,0,8,8,3,4,2,0,3,0,5,4,0,0
20,2036,4,0,3,0,8,8,3,4,2,0,3,0,5,4,0,0
20,2036,4,0,3,0,8,8,3,4,2,0,3,0,5,4,0,0
20,2036,4,0,3,0,8,8,3,4,2,0,3,0,5,4,0,0
20,2036,4,0,3,0,8,8,3,4,2,0,3,0,5,4,0,0
20,2036,4,0,3,0,8,8,3,4,2,0,3,0,5,4,0,0
20,2036,4,0,3,0,8,8,3,4,2,0,3,0,5,4,0,0
20,2036,4,0,3,0,8,8,3,4,2,0,2,0,4,4,0,0
20,2036,4,0,3,0,8,8,3,4,2,0,2,0,4,4,0,0
20,2036,4,0,3,0,8,8,3,4,2,0,2,0,4,4,0,0
20,2036,4,0,3,0,8,8,3,4,2,0,2,0,4,4,0,0
20,2036,4,0,3,0,8,8,3,4,2,0,2,0,4,4,0,0
20,2036,4,0,3,0,8,8,3,4,2,0,2,0,4,4,0,0
20,2036,4,0,3,0,8,8,3,4,2,0,2,0,4,4,0,0
20,2036,4,0,3,0,8,8,3,4,2,0,2,0,4,4,0,0
20,2036,4,0,3,0,8,8,3,4,2,0,2,0,4,4,0,0
21,2037,4,0,4,0,9,8,4,4,3,0,3,0,7,4,0,0
21,2037,4,0,4,0,9,8,4,4,3,0,3,0,7,4,0,0
21,2037,4,0,4,0,9,8,4,4,3,0,3,0,7,4,0,0
21,2037,4,0,4,0,9,8,4,4,3,0,3,0,7,4,0,0
21,2037,4,0,4,0,9,8,4,4,3,0,3,0,7,4,0,0
21,2037,4,0,4,0,9,8,4,4,3,0,3,0,7,4,0,0
21,2037,4,0,4,0,9,8,4,4,3,0,3,0,8,4,8,0
21,2037,4,0,4,0,10,9,4,3,3,3,4,1,8,6,8,1
21,2037,4,0,4,0,10,10,4,4,3,3,4,1,8,6,8,1
21,2037,4,0,4,0,10,10,4,4,3,3,4,1,8,8,9,1
21,2037,4,0,4,0,10,10,4,3,3,3,4,1,8,7,9,1
21,2037,4,0,4,0,10,10,4,4,3,3,4,1,8,7,9,1
21,2037,4,0,4,0,10,10,4,4,3,3,4,1,8,7,9,1
21,2037,4,0,4,0,10,10,4,4,3,2,4,1,8,5,5,1
21,2037,4,0,4,0,10,10,4,4,3,2,4,1,8,6,5,1
21,2037,4,0,4,0,10,10,4,4,3,2,4,1,8,6,5,1
21,2037,4,0,4,0,9,10,4,4,3,2,3,1,8,6,5,1
21,2037,4,0,4,0,9,10,4,4,3,2,3,1,8,5,0,0
21,2037,4,0,4,0,9,10,4,4,3,2,3,1,8,5,0,0
21,2037,4,0,4,0,9,10,4,4,3,2,3,1,8,5,0,0
21,2037,4,0,4,0,9,10,4,4,3,2,3,1,8,5,0,0
21,2037,4,0,4,0,9,10,4,4,3,2,3,1,8,5,0,0
21,2037,4,0,4,0,9,10,4,4,3,2,3,1,8,5,0,0
21,2037,4,0,4,0,9,10,4,4,3,2,3,1,7,5,0,0
22,2038,4,0,4,0,9,10,4,4,3,2,3,1,4,5,0,0
22,2038,4,0,4,0,9,10,4,4,3,2,3,1,4,5,0,0
22,2038,4,0,4,0,9,10,4,4,3,2,3,1,4,5,0,0
22,2038,4,0,4,0,9,10,4,4,3,2,3,1,4,5,0,0
22,2038,4,0,4,0,9,10,4,4,3,2,3,1,4,5,0,0
22,2038,4,0,4,0,9,10,4,4,3,2,3,1,4,5,0,0
22,2038,4,0,4,0,9,10,4,4,3,2,3,1,4,5,8,0
22,2038,4,0,4,0,10,9,4,4,3,3,4,2,5,5,8,5
22,2038,4,0,4,0,10,10,4,4,3,3,4,2,5,6,8,6
22,2038,4,0,4,0,10,10,4,4,3,3,4,2,5,6,9,7
22,2038,4,0,4,0,10,10,4,4,3,3,4,2,5,6,9,8
22,2038,4,0,4,0,10,10,4,4,3,3,4,2,5,7,9,7
22,2038,4,0,4,0,10,10,4,4,3,3,4,2,5,7,9,7
22,2038,4,0,4,0,10,10,4,4,3,3,4,2,5,6,5,6
22,2038,4,0,4,0,10,10,4,4,3,3,4,2,5,6,5,6
22,2038,4,0,4,0,10,10,4,4,3,3,4,2,4,6,5,5
22,2038,4,0,4,0,9,10,4,4,3,3,3,2,4,6,5,5
22,2038,4,0,4,0,9,10,4,4,3,3,3,2,4,6,0,5
22,2038,4,0,4,0,9,10,4,4,3,3,3,2,4,6,0,5
22,2038,4,0,4,0,9,10,4,4,3,3,3,2,4,6,0,4
22,2038,4,0,4,0,9,10,4,4,3,2,3,2,4,5,0,2
22,2038,4,0,4,0,9,10,4,4,3,2,3,2,4,5,0,2
22,2038,4,0,4,0,9,10,4,3,3,2,3,2,4,5,0,2
22,2038,4,0,4,0,9,10,4,3,3,2,3,2,4,5,0,2
23,2039,4,0,4,0,9,10,4,3,3,2,3,2,7,6,0,2
23,2039,4,0,4,0,9,10,4,3,3,2,3,2,7,6,0,2
23,2039,4,0,4,0,9,10,4,3,3,2,3,2,7,6,0,2
23,2039,4,0,4,0,9,10,4,3,3,2,3,2,7,6,0,2
23,2039,4,0,4,0,9,10,4,3,3,2,3,2,7,6,0,2
23,2039,4,0,4,0,9,10,4,3,3,2,3,2,7,6,0,2
23,2039,4,0,4,0,9,10,4,3,3,2,3,2,10,6,8,2
23,2039,4,0,4,0,10,10,4,3,3,1,4,3,10,9,8,0
23,2039,4,0,4,0,10,10,4,3,3,1,4,3,10,10,8,0
23,2039,4,0,4,0,10,10,4,4,3,1,4,3,10,10,9,0
23,2039,4,0,4,0,10,10,4,4,3,2,4,3,10,10,9,0
23,2039,4,0,4,0,10,10,4,4,3,2,4,3,10,10,9,0
23,2039,4,0,4,0,10,10,4,4,3,2,4,3,10,10,9,0
23,2039,4,0,4,0,10,10,4,4,3,2,4,3,10,10,5,0
23,2039,4,0,4,0,10,10,4,4,3,2,4,3,10,10,5,0
23,2039,4,0,4,0,10,10,4,4,3,2,4,3,8,10,5,0
23,2039,4,0,4,0,9,10,4,4,3,2,3,3,8,10,5,0
23,2039,4,0,4,0,9,10,4,4,3,2,3,3,8,10,0,0
23,2039,4,0,4,0,9,10,4,4,3,2,3,3,8,10,0,0
23,2039,4,0,4,0,9,10,4,4,3,2,3,3,8,10,0,0
23,2039,4,0,4,0,9,10,4,4,3,2,3,3,8,10,0,0
23,2039,4,0,4,0,9,10,4,4,3,2,3,3,8,9,0,0
23,2039,4,0,4,0,9,10,4,4,3,2,3,3,8,9,0,0
23,2039,4,0,4,0,9,10,4,4,3,2,3,3,7,9,0,0
24,2040,4,0,4,0,9,10,4,4,3,2,3,3,7,9,0,0
24,2040,4,0,4,0,9,10,4,4,3,2,3,3,7,9,0,0
24,2040,4,0,4,0,9,10,4,4,3,2,3,3,7,9,0,0
24,2040,4,0,4,0,9,10,4,4,3,2,3,3,7,9,0,0
24,2040,4,0,4,0,9,10,4,4,3,2,3,3,7,9,0,0
24,2040,4,0,4,0,9,10,4,4,3,2,3,3,7,9,0,0
24,2040,4,0,4,0,9,10,4,4,3,2,3,3,8,9,8,0
24,2040,4,0,4,0,10,10,4,4,3,3,4,3,8,6,8,0
24,2040,4,0,4,0,10,10,4,4,3,3,4,3,8,7,8,0
24,2040,4,0,4,0,10,10,4,4,3,2,4,3,8,8,9,0
24,2040,4,0,4,0,10,10,4,4,3,2,4,3,8,8,9,0
24,2040,4,0,4,0,10,10,4,4,3,2,4,3,8,8,9,0
24,2040,4,0,4,0,10,10,4,4,3,2,4,3,8,8,9,0
24,2040,4,0,4,0,10,10,4,4,3,2,4,3,8,7,5,0
24,2040,4,0,4,0,10,10,4,4,3,2,4,3,8,7,5,0
24,2040,4,0,4,0,10,10,4,4,3,2,4,3,8,7,5,0
24,2040,4,0,4,0,9,10,4,4,3,2,3,3,8,7,5,0
24,2040,4,0,4,0,9,10,4,4,3,2,3,3,8,7,0,0
24,2040,4,0,4,0,9,10,4,4,3,2,3,3,8,7,0,0
24,2040,4,0,4,0,9,10,4,4,3,2,3,3,8,7,0,0
24,2040,4,0,4,0,9,10,4,4,3,2,3,3,8,7,0,0
24,2040,4,0,4,0,9,10,4,4,3,2,3,3,8,6,0,0
24,2040,4,0,4,0,9,10,4,4,3,2,3,3,8,6,0,0
24,2040,4,0,4,0,9,10,4,4,3,2,3,3,7,6,0,0
25,2041,4,0,4,0,9,10,4,4,3,2,3,3,7,6,0,0
25,2041,4,0,4,0,9,10,4,4,3,2,3,3,7,6,0,0
25,2041,4,0,4,0,9,10,4,4,3,2,3,3,7,6,0,0
25,2041,4,0,4,0,9,10,4,4,3,2,3,3,7,6,0,0
25,2041,4,0,4,0,9,10,4,4,3,2,3,3,7,6,0,0
25,2041,4,0,4,0,9,10,4,4,3,2,3,3,7,6,0,0
25,2041,4,0,4,0,9,10,4,4,3,2,3,3,8,6,8,0
25,2041,4,0,4,0,10,10,4,4,3,3,4,4,8,8,8,1
25,2041,4,0,4,0,10,10,4,4,3,3,4,4,8,8,8,1
25,2041,4,0,4,0,10,10,4,4,3,2,4,4,8,8,9,2
25,2041,4,0,4,0,10,10,4,4,3,3,4,4,8,8,9,3
25,2041,4,0,4,0,10,10,4,4,3,3,4,4,8,8,9,4
25,2041,4,0,4,0,10,10,4,4,3,3,4,4,8,9,9,4
25,2041,4,0,4,0,10,10,4,4,3,3,4,4,8,8,5,3
25,2041,4,0,4,0,10,10,4,4,3,3,4,4,8,8,5,3
25,2041,4,0,4,0,10,10,4,4,3,3,4,4,8,8,5,1
25,2041,4,0,4,0,9,10,4,4,3,3,3,3,8,8,5,1
25,2041,4,0,4,0,9,10,4,4,3,3,3,3,8,8,0,1
25,2041,4,0,4,0,9,10,4,4,3,3,3,3,8,8,0,1
25,2041,4,0,4,0,9,10,4,4,3,3,3,3,8,8,0,1
25,2041,4,0,4,0,9,10,4,4,3,3,3,3,8,8,0,1
25,2041,4,0,4,0,9,10,4,4,3,3,3,3,8,8,0,1
25,2041,4,0,4,0,9,10,4,4,3,3,3,3,8,8,0,1
25,2041,4,0,4,0,9,10,4,4,3,3,3,3,7,8,0,1
26,2042,4,0,3,0,8,10,3,4,2,3,2,3,7,8,0,1
26,2042,4,0,3,0,8,10,3,4,2,3,2,3,7,8,0,1
26,2042,4,0,3,0,8,10,3,4,2,3,2,3,7,8,0,1
26,2042,4,0,3,0,8,10,3,4,2,3,2,3,7,8,0,1
26,2042,4,0,3,0,8,10,3,4,2,3,2,3,7,8,0,1
26,2042,4,0,3,0,8,10,3,4,2,3,2,3,7,8,0,1
26,2042,4,0,3,0,8,10,3,4,2,3,3,3,10,8,0,1
26,2042,4,0,3,0,8,10,3,4,2,3,3,3,10,6,0,0
26,2042,4,0,3,0,8,10,3,4,2,3,3,3,10,6,0,0
26,2042,4,0,3,0,8,10,3,4,2,3,3,3,10,6,0,0
26,2042,4,0,3,0,8,10,3,4,2,3,3,3,10,6,0,0
26,2042,4,0,3,0,8,10,3,4,2,3,3,3,10,6,0,0
26,2042,4,0,3,0,8,10,3,4,2,3,3,3,10,6,0,0
26,2042,4,0,3,0,8,10,3,4,2,3,3,3,10,6,0,0
26,2042,4,0,3,0,8,10,3,4,2,3,3,3,10,6,0,0
26,2042,4,0,3,0,8,10,3,4,2,3,2,3,8,6,0,0
26,2042,4,0,3,0,8,10,3,4,2,3,2,3,8,6,0,0
26,2042,4,0,3,0,8,10,3,4,2,3,2,3,8,6,0,0
26,2042,4,0,3,0,8,10,3,4,2,3,2,3,8,6,0,0
26,2042,4,0,3,0,8,10,3,4,2,3,2,3,8,6,0,0
26,2042,4,0,3,0,8,10,3,4,2,3,2,3,8,6,0,0
26,2042,4,0,3,0,8,10,3,4,2,3,2,3,8,6,0,0
26,2042,4,0,3,0,8,10,3,4,2,3,2,3,8,6,0,0
26,2042,4,0,3,0,8,10,3,4,2,3,2,3,7,6,0,0
27,2043,4,0,3,0,8,10,3,4,2,3,2,3,4,6,0,0
27,2043,4,0,3,0,8,10,3,4,2,3,2,3,4,6,0,0
27,2043,4,0,3,0,8,10,3,4,2,3,2,3,4,6,0,0
27,2043,4,0,3,0,8,10,3,4,2,3,2,3,4,6,0,0
27,2043,4,0,3,0,8,10,3,4,2,3,2,3,4,6,0,0
27,2043,4,0,3,0,8,10,3,4,2,3,2,3,4,6,0,0
27,2043,4,0,3,0,8,10,3,4,2,3,3,3,4,6,0,0
27,2043,4,0,3,0,8,10,3,4,2,3,3,3,5,6,0,0
27,2043,4,0,3,0,8,9,3,4,2,3,3,3,5,6,0,0
27,2043,4,0,3,0,8,9,3,4,2,3,3,3,5,6,0,0
27,2043,4,0,3,0,8,9,3,4,2,3,3,3,5,6,0,0
27,2043,4,0,3,0,8,9,3,4,2,3,3,3,5,6,0,0
27,2043,4,0,3,0,8,9,3,4,2,3,3,3,5,6,0,0
27,2043,4,0,3,0,8,9,3,4,2,3,3,3,5,6,0,0
27,2043,4,0,3,0,8,9,3,4,2,3,3,3,5,6,0,0
27,2043,4,0,3,0,8,9,3,4,2,3,2,3,4,6,0,0
27,2043,4,0,3,0,8,9,3,4,2,3,2,3,4,6,0,0
27,2043,4,0,3,0,8,9,3,4,2,3,2,3,4,6,0,0
27,2043,4,0,3,0,8,9,3,4,2,3,2,3,4,6,0,0
27,2043,4,0,3,0,8,9,3,4,2,2,2,3,4,6,0,0
27,2043,4,0,3,0,8,9,3,3,2,2,2,3,4,5,0,0
27,2043,4,0,3,0,8,9,3,3,2,2,2,3,4,5,0,0
27,2043,4,0,3,0,8,9,3,3,2,2,2,3,4,5,0,0
27,2043,4,0,3,0,8,9,3,3,2,2,2,3,4,5,0,0
0,2044,4,0,4,0,9,9,4,3,3,2,3,3,7,5,0,0
0,2044,4,0,4,0,9,9,4,3,3,2,3,3,7,5,0,0
0,2044,4,0,4,0,9,9,4,3,3,2,3,3,7,5,0,0
0,2044,4,0,4,0,9,9,4,3,3,2,3,3,7,5,0,0
0,2044,4,0,4,0,9,9,4,3,3,2,3,3,7,5,0,0
0,2044,4,0,4,0,9,9,4,3,3,2,3,3,7,5,0,0
0,2044,4,0,4,0,9,9,4,3,3,2,3,3,8,5,8,0
0,2044,4,0,4,0,10,10,4,4,3,3,4,3,8,8,8,2
0,2044,4,0,4,0,10,10,4,4,3,3,4,3,8,8,8,2
0,2044,4,0,4,0,10,10,4,4,3,3,4,3,8,8,9,2
0,2044,4,0,4,0,10,10,4,4,3,3,4,3,8,8,9,2
0,2044,4,0,4,0,10,10,4,4,3,3,4,3,8,8,9,2
0,2044,4,0,4,0,10,10,4,4,3,3,4,3,8,8,9,2
0,2044,4,0,4,0,10,10,4,4,3,3,4,3,8,8,5,2
0,2044,4,0,4,0,10,10,4,4,3,3,4,3,8,8,5,2
0,2044,4,0,4,0,10,10,4,4,3,3,4,2,8,8,5,2
0,2044,4,0,4,0,9,10,4,4,3,2,3,2,8,8,5,2
0,2044,4,0,4,0,9,10,4,4,3,2,3,2,8,8,0,1
0,2044,4,0,4,0,9,10,4,4,3,2,3,2,8,8,0,1
0,2044,4,0,4,0,9,10,4,4,3,2,3,2,8,8,0,0
0,2044,4,0,4,0,9,10,4,3,3,2,3,2,8,8,0,0
0,2044,4,0,4,0,9,10,4,3,3,2,3,2,8,8,0,0
0,2044,4,0,4,0,9,10,4,3,3,2,3,2,8,8,0,0
0,2044,4,0,4,0,9,10,4,3,3,2,3,2,7,8,0,0
1,2045,4,0,4,0,9,10,4,3,3,2,3,2,4,8,0,0
1,2045,4,0,4,0,9,10,4,3,3,2,3,2,4,8,0,0
1,2045,4,0,4,0,9,10,4,3,3,2,3,2,4,8,0,0
1,2045,4,0,4,0,9,10,4,3,3,2,3,2,4,8,0,0
1,2045,4,0,4,0,9,10,4,3,3,2,3,2,4,8,0,0
1,2045,4,0,4,0,9,10,4,3,3,2,3,2,4,8,0,0
1,2045,4,0,4,0,9,10,4,3,3,2,3,2,4,8,8,0
1,2045,4,0,4,0,10,9,4,3,3,3,4,3,5,6,8,1
1,2045,4,0,4,0,10,10,4,4,3,3,4,3,5,6,8,1
1,2045,4,0,4,0,10,10,4,4,3,3,4,3,5,6,9,2
1,2045,4,0,4,0,10,10,4,3,3,3,4,3,5,6,9,2
1,2045,4,0,4,0,10,10,4,4,3,3,4,3,5,6,9,2
1,2045,4,0,4,0,10,10,4,4,3,3,4,3,5,6,9,2
1,2045,4,0,4,0,10,10,4,4,3,3,4,3,5,6,5,2
1,2045,4,0,4,0,10,10,4,4,3,3,4,3,5,6,5,2
1,2045,4,0,4,0,10,9,4,4,3,3,4,3,4,6,5,2
1,2045,4,0,4,0,9,9,4,4,3,3,3,3,4,6,5,2
1,2045,4,0,4,0,9,9,4,4,3,3,3,3,4,5,0,2
1,2045,4,0,4,0,9,9,4,4,3,3,3,3,4,5,0,2
1,2045,4,0,4,0,9,9,4,4,3,3,3,3,4,5,0,1
1,2045,4,0,4,0,9,9,4,4,3,3,3,3,4,5,0,1
1,2045,4,0,4,0,9,9,4,4,3,3,3,3,4,5,0,1
1,2045,4,0,4,0,9,9,4,4,3,3,3,3,4,5,0,1
1,2045,4,0,4,0,9,9,4,4,3,3,3,3,4,5,0,1
2,2046,4,0,4,0,9,9,4,4,3,3,3,3,7,6,0,1
2,2046,4,0,4,0,9,9,4,4,3,3,3,3,7,6,0,1
2,2046,4,0,4,0,9,9,4,4,3,3,3,3,7,6,0,1
2,2046,4,0,4,0,9,9,4,4,3,3,3,3,7,6,0,1
2,2046,4,0,4,0,9,9,4,4,3,3,3,3,7,6,0,1
2,2046,4,0,4,0,9,9,4,4,3,3,3,3,7,6,0,1
2,2046,4,0,4,0,9,9,4,4,3,3,3,3,10,6,8,1
2,2046,4,0,4,0,10,9,4,4,3,3,4,3,10,10,8,1
2,2046,4,0,4,0,10,10,4,4,3,3,4,2,10,10,8,1
2,2046,4,0,4,0,10,10,4,4,3,3,4,2,10,10,9,1
2,2046,4,0,4,0,10,10,4,4,3,3,4,2,10,10,9,1
2,2046,4,0,4,0,10,10,4,4,3,3,4,2,10,10,9,1
2,2046,4,0,4,0,10,10,4,4,3,3,4,2,10,10,9,1
2,2046,4,0,4,0,10,10,4,4,3,3,4,2,10,10,5,1
2,2046,4,0,4,0,10,10,4,3,3,3,4,2,10,9,5,1
2,2046,4,0,4,0,10,10,4,3,3,3,4,2,8,9,5,1
2,2046,4,0,4,0,9,10,4,3,3,3,3,2,8,9,5,1
2,2046,4,0,4,0,9,10,4,3,3,3,3,2,8,9,0,1
2,2046,4,0,4,0,9,10,4,3,3,3,3,2,8,9,0,1
2,2046,4,0,4,0,9,10,4,3,3,3,3,2,8,9,0,1
2,2046,4,0,4,0,9,10,4,3,3,3,3,2,8,9,0,1
2,2046,4,0,4,0,9,10,4,3,3,3,3,2,8,9,0,1
2,2046,4,0,4,0,9,10,4,3,3,3,3,2,8,8,0,0
2,2046,4,0,4,0,9,10,4,3,3,3,3,2,7,8,0,0
3,2047,4,0,4,0,9,10,4,3,3,3,3,2,7,8,0,0
3,2047,4,0,4,0,9,10,4,3,3,3,3,2,7,8,0,0
3,2047,4,0,4,0,9,10,4,3,3,3,3,2,7,8,0,0
3,2047,4,0,4,0,9,10,4,3,3,3,3,2,7,8,0,0
3,2047,4,0,4,0,9,10,4,3,3,3,3,2,7,8,0,0
3,2047,4,0,4,0,9,10,4,3,3,3,3,2,7,8,0,0
3,2047,4,0,4,0,9,10,4,3,3,3,3,2,8,8,8,0
3,2047,4,0,4,0,10,10,4,4,3,3,4,3,8,8,8,0
3,2047,4,0,4,0,10,10,4,4,3,3,4,3,8,8,8,0
3,2047,4,0,4,0,10,10,4,4,3,3,4,3,8,8,9,0
3,2047,4,0,4,0,10,10,4,2,3,3,4,3,8,8,9,0
3,2047,4,0,4,0,10,10,4,2,3,3,4,3,8,8,9,0
3,2047,4,0,4,0,10,10,4,2,3,3,4,3,8,8,9,0
3,2047,4,0,4,0,10,10,4,2,3,3,4,3,8,8,5,0
3,2047,4,0,4,0,10,10,4,2,3,3,4,3,8,8,5,0
3,2047,4,0,4,0,10,10,4,2,3,3,4,3,8,8,5,0
3,2047,4,0,4,0,9,10,4,2,3,3,3,3,8,8,5,0
3,2047,4,0,4,0,9,10,4,2,3,3,3,3,8,8,0,0
3,2047,4,0,4,0,9,10,4,2,3,3,3,3,8,8,0,0
3,2047,4,0,4,0,9,10,4,2,3,3,3,3,8,8,0,0
3,2047,4,0,4,0,9,10,4,2,3,3,3,3,8,7,0,0
3,2047,4,0,4,0,9,10,4,2,3,3,3,3,8,7,0,0
3,2047,4,0,4,0,9,9,4,2,3,3,3,3,8,6,0,0
3,2047,4,0,4,0,9,9,4,2,3,3,3,3,7,6,0,0
4,2048,4,0,4,0,9,9,4,2,3,3,3,3,7,6,0,0
4,2048,4,0,4,0,9,9,4,2,3,3,3,3,7,6,0,0
4,2048,4,0,4,0,9,9,4,2,3,3,3,3,7,6,0,0
4,2048,4,0,4,0,9,9,4,2,3,3,3,3,7,6,0,0
4,2048,4,0,4,0,9,9,4,2,3,3,3,3,7,6,0,0
4,2048,4,0,4,0,9,9,4,2,3,3,3,3,7,6,0,0
4,2048,4,0,4,0,9,9,4,2,3,3,3,3,8,6,8,0
4,2048,4,0,4,0,10,9,4,3,3,3,4,4,8,8,8,1
4,2048,4,0,4,0,10,10,4,4,3,3,4,4,8,8,8,1
4,2048,4,0,4,0,10,10,4,4,3,3,4,4,8,8,9,1
4,2048,4,0,4,0,10,10,4,4,3,3,4,4,8,8,9,1
4,2048,4,0,4,0,10,10,4,4,3,3,4,4,8,8,9,1
4,2048,4,0,4,0,10,10,4,4,3,3,4,4,8,8,9,1
4,2048,4,0,4,0,10,10,4,4,3,3,4,4,8,8,5,1
4,2048,4,0,4,0,10,10,4,4,3,3,4,4,8,8,5,1
4,2048,4,0,4,0,10,10,4,3,3,3,4,4,8,8,5,1
4,2048,4,0,4,0,9,9,4,3,3,3,3,4,8,8,5,1
4,2048,4,0,4,0,9,9,4,3,3,3,3,4,8,8,0,1
4,2048,4,0,4,0,9,9,4,3,3,3,3,4,8,8,0,1
4,2048,4,0,4,0,9,9,4,3,3,3,3,4,8,8,0,1
4,2048,4,0,4,0,9,9,4,3,3,3,3,4,8,8,0,1
4,2048,4,0,4,0,9,9,4,2,3,3,3,4,8,8,0,1
4,2048,4,0,4,0,9,9,4,2,3,3,3,4,8,8,0,1
4,2048,4,0,4,0,9,9,4,2,3,3,3,4,7,8,0,1
5,2049,4,0,3,0,8,9,3,2,2,3,2,4,7,8,0,1
5,2049,4,0,3,0,8,9,3,2,2,3,2,4,7,8,0,1
5,2049,4,0,3,0,8,9,3,2,2,3,2,4,7,8,0,1
5,2049,4,0,3,0,8,9,3,2,2,3,2,4,7,8,0,1
5,2049,4,0,3,0,8,9,3,2,2,3,2,4,7,8,0,1
5,2049,4,0,3,0,8,9,3,2,2,3,2,4,7,8,0,1
5,2049,4,0,3,0,8,9,3,2,2,3,3,4,10,8,0,1
5,2049,4,0,3,0,8,9,3,2,2,3,3,4,10,7,0,0
5,2049,4,0,3,0,8,9,3,2,2,3,3,4,10,7,0,0
5,2049,4,0,3,0,8,9,3,2,2,3,3,4,10,6,0,0
5,2049,4,0,3,0,8,9,3,2,2,3,3,4,10,6,0,0
5,2049,4,0,3,0,8,9,3,2,2,3,3,4,10,6,0,0
5,2049,4,0,3,0,8,9,3,2,2,3,3,4,10,6,0,0
5,2049,4,0,3,0,8,9,3,2,2,3,3,4,10,6,0,0
5,2049,4,0,3,0,8,9,3,2,2,3,3,3,10,6,0,0
5,2049,4,0,3,0,8,9,3,2,2,3,2,3,8,6,0,0
5,2049,4,0,3,0,8,9,3,2,2,3,2,3,8,6,0,0
5,2049,4,0,3,0,8,9,3,2,2,3,2,3,8,6,0,0
5,2049,4,0,3,0,8,9,3,2,2,3,2,3,8,4,0,0
5,2049,4,0,3,0,8,9,3,2,2,3,2,3,8,4,0,0
5,2049,4,0,3,0,8,9,3,2,2,3,2,3,8,4,0,0
5,2049,4,0,3,0,8,9,3,2,2,3,2,3,8,4,0,0
5,2049,4,0,3,0,8,9,3,2,2,3,2,3,8,4,0,0
5,2049,4,0,3,0,8,9,3,2,2,3,2,3,7,4,0,0
6,2050,4,0,3,0,8,9,3,2,2,3,2,3,4,4,0,0
6,2050,4,0,3,0,8,9,3,2,2,3,2,3,4,4,0,0
6,2050,4,0,3,0,8,9,3,2,2,3,2,3,4,4,0,0
6,2050,4,0,3,0,8,9,3,2,2,3,2,3,4,4,0,0
6,2050,4,0,3,0,8,9,3,2,2,3,2,3,4,4,0,0
6,2050,4,0,3,0,8,9,3,2,2,3,2,3,4,4,0,0
6,2050,4,0,3,0,8,9,3,2,2,3,3,3,4,4,0,0
6,2050,4,0,3,0,8,9,3,2,2,2,3,3,5,3,0,0
6,2050,4,0,3,0,8,9,3,2,2,2,3,3,5,3,0,0
6,2050,4,0,3,0,8,9,3,2,2,2,3,3,5,3,0,0
6,2050,4,0,3,0,8,9,3,2,2,2,3,2,5,3,0,0
6,2050,4,0,3,0,8,9,3,2,2,2,3,2,5,3,0,0
6,2050,4,0,3,0,8,9,3,2,2,2,3,2,5,3,0,0
6,2050,4,0,3,0,8,9,3,1,2,1,3,2,5,3,0,0
6,2050,4,0,3,0,8,9,3,1,2,1,3,2,5,3,0,0
6,2050,4,0,3,0,8,9,3,1,2,1,2,2,4,3,0,0
6,2050,4,0,3,0,8,9,3,1,2,1,2,2,4,3,0,0
6,2050,4,0,3,0,8,9,3,1,2,1,2,2,4,3,0,0
6,2050,4,0,3,0,8,9,3,1,2,1,2,2,4,3,0,0
6,2050,4,0,3,0,8,9,3,1,2,1,2,2,4,3,0,0
6,2050,4,0,3,0,8,9,3,1,2,1,2,2,4,3,0,0
6,2050,4,0,3,0,8,9,3,1,2,1,2,2,4,3,0,0
6,2050,4,0,3,0,8,9,3,1,2,1,2,2,4,3,0,0
6,2050,4,0,3,0,8,9,3,1,2,1,2,2,4,3,0,0
7,2051,4,0,4,0,9,9,4,1,3,1,3,2,7,3,0,0
7,2051,4,0,4,0,9,9,4,1,3,1,3,2,7,3,0,0
7,2051,4,0,4,0,9,9,4,1,3,1,3,2,7,3,0,0
7,2051,4,0,4,0,9,9,4,1,3,1,3,2,7,3,0,0
7,2051,4,0,4,0,9,9,4,1,3,1,3,2,7,3,0,0
7,2051,4,0,4,0,9,9,4,1,3,1,3,2,7,3,0,0
7,2051,4,0,4,0,9,9,4,1,3,1,3,2,8,3,8,0
7,2051,4,0,4,0,10,9,4,3,3,2,4,2,8,7,8,1
7,2051,4,0,4,0,10,9,4,3,3,3,4,2,8,8,8,1
7,2051,4,0,4,0,10,10,4,4,3,3,4,2,8,8,9,1
7,2051,4,0,4,0,10,10,4,4,3,3,4,2,8,8,9,1
7,2051,4,0,4,0,10,10,4,4,3,3,4,2,8,8,9,1
7,2051,4,0,4,0,10,10,4,4,3,3,4,2,8,8,9,1
7,2051,4,0,4,0,10,9,4,4,3,3,4,2,8,8,5,1
7,2051,4,0,4,0,10,9,4,4,3,3,4,2,8,8,5,1
7,2051,4,0,4,0,10,9,4,4,3,3,4,2,8,8,5,1
7,2051,4,0,4,0,9,9,4,4,3,3,3,2,8,8,5,1
7,2051,4,0,4,0,9,9,4,4,3,3,3,2,8,8,0,1
7,2051,4,0,4,0,9,9,4,4,3,3,3,2,8,8,0,0
7,2051,4,0,4,0,9,9,4,4,3,3,3,2,8,8,0,0
7,2051,4,0,4,0,9,9,4,4,3,3,3,2,8,8,0,0
7,2051,4,0,4,0,9,9,4,3,3,2,3,2,8,7,0,0
7,2051,4,0,4,0,9,9,4,3,3,2,3,2,8,7,0,0
7,2051,4,0,4,0,9,9,4,3,3,2,3,2,7,7,0,0
8,2052,4,0,4,0,9,9,4,3,3,2,3,2,4,7,0,0
8,2052,4,0,4,0,9,9,4,3,3,2,3,2,4,7,0,0
8,2052,4,0,4,0,9,9,4,3,3,2,3,2,4,7,0,0
8,2052,4,0,4,0,9,9,4,3,3,2,3,2,4,7,0,0
8,2052,4,0,4,0,9,9,4,3,3,2,3,2,4,7,0,0
8,2052,4,0,4,0,9,9,4,3,3,2,3,2,4,7,0,0
8,2052,4,0,4,0,9,9,4,3,3,2,3,2,4,7,8,0
8,2052,4,0,4,0,10,9,4,4,3,2,4,3,5,7,8,2
8,2052,4,0,4,0,10,9,4,4,3,3,4,3,5,7,8,3
8,2052,4,0,4,0,10,10,4,4,3,3,4,3,5,7,9,3
8,2052,4,0,4,0,10,10,4,4,3,3,4,3,5,7,9,3
8,2052,4,0,4,0,10,10,4,4,3,3,4,3,5,7,9,3
8,2052,4,0,4,0,10,10,4,4,3,3,4,3,5,7,9,2
8,2052,4,0,4,0,10,10,4,4,3,3,4,3,5,7,5,2
8,2052,4,0,4,0,10,10,4,4,3,3,4,3,5,7,5,2
8,2052,4,0,4,0,10,10,4,3,3,3,4,3,4,7,5,1
8,2052,4,0,4,0,9,10,4,3,3,3,3,3,4,7,5,1
8,2052,4,0,4,0,9,10,4,3,3,3,3,3,4,7,0,1
8,2052,4,0,4,0,9,10,4,3,3,3,3,3,4,7,0,1
8,2052,4,0,4,0,9,9,4,3,3,3,3,3,4,7,0,1
8,2052,4,0,4,0,9,9,4,3,3,3,3,3,4,7,0,0
8,2052,4,0,4,0,9,9,4,3,3,3,3,3,4,7,0,0
8,2052,4,0,4,0,9,9,4,3,3,3,3,3,4,7,0,0
8,2052,4,0,4,0,9,9,4,3,3,3,3,3,4,7,0,0
9,2053,4,0,4,0,9,9,4,3,3,3,3,3,7,7,0,0
9,2053,4,0,4,0,9,9,4,3,3,3,3,3,7,7,0,0
9,2053,4,0,4,0,9,9,4,3,3,3,3,3,7,7,0,0
9,2053,4,0,4,0,9,9,4,3,3,3,3,3,7,7,0,0
9,2053,4,0,4,0,9,9,4,3,3,3,3,3,7,7,0,0
9,2053,4,0,4,0,9,9,4,3,3,3,3,3,7,7,0,0
9,2053,4,0,4,0,9,9,4,3,3,3,3,3,10,7,8,0
9,2053,4,0,4,0,10,10,4,3,3,3,4,4,10,10,8,1
9,2053,4,0,4,0,10,10,4,3,3,3,4,4,10,10,8,2
9,2053,4,0,4,0,10,10,4,4,3,3,4,4,10,11,9,2
9,2053,4,0,4,0,10,10,4,4,3,3,4,4,10,11,9,3
9,2053,4,0,4,0,10,10,4,4,3,3,4,4,10,10,9,2
9,2053,4,0,4,0,10,10,4,3,3,3,4,4,10,11,9,2
9,2053,4,0,4,0,10,10,4,3,3,3,4,4,10,11,5,2
9,2053,4,0,4,0,10,10,4,3,3,3,4,4,10,11,5,2
9,2053,4,0,4,0,10,10,4,3,3,3,4,4,8,10,5,1
9,2053,4,0,4,0,9,10,4,3,3,3,3,4,8,10,5,1
9,2053,4,0,4,0,9,10,4,2,3,3,3,4,8,10,0,1
9,2053,4,0,4,0,9,10,4,2,3,3,3,4,8,9,0,1
9,2053,4,0,4,0,9,10,4,2,3,3,3,3,8,9,0,1
9,2053,4,0,4,0,9,10,4,2,3,3,3,3,8,9,0,1
9,2053,4,0,4,0,9,10,4,2,3,3,3,3,8,9,0,0
9,2053,4,0,4,0,9,10,4,2,3,3,3,3,8,9,0,0
9,2053,4,0,4,0,9,10,4,2,3,3,3,3,7,9,0,0
10,2054,4,0,4,0,9,10,4,2,3,3,3,3,7,9,0,0
10,2054,4,0,4,0,9,10,4,2,3,3,3,3,7,9,0,0
10,2054,4,0,4,0,9,10,4,2,3,3,3,3,7,9,0,0
10,2054,4,0,4,0,9,10,4,2,3,3,3,3,7,9,0,0
10,2054,4,0,4,0,9,10,4,2,3,3,3,3,7,9,0,0
10,2054,4,0,4,0,9,10,4,2,3,3,3,3,7,9,0,0
10,2054,4,0,4,0,9,10,4,2,3,3,3,3,8,9,8,0
10,2054,4,0,4,0,10,10,4,3,3,3,4,4,8,8,8,0
10,2054,4,0,4,0,10,10,4,3,3,3,4,4,8,8,8,0
10,2054,4,0,4,0,10,10,4,3,3,3,4,4,8,8,9,0
10,2054,4,0,4,0,10,10,4,3,3,2,4,4,8,8,9,0
10,2054,4,0,4,0,10,10,4,3,3,2,4,4,8,8,9,0
10,2054,4,0,4,0,10,10,4,3,3,2,4,4,8,8,9,0
10,2054,4,0,4,0,10,10,4,3,3,2,4,4,8,8,5,0
10,2054,4,0,4,0,10,10,4,3,3,2,4,4,8,8,5,0
10,2054,4,0,4,0,10,10,4,3,3,2,4,4,8,8,5,0
10,2054,4,0,4,0,9,10,4,3,3,2,3,4,8,8,5,0
10,2054,4,0,4,0,9,10,4,3,3,2,3,4,8,8,0,0
10,2054,4,0,4,0,9,9,4,3,3,2,3,4,8,7,0,0
10,2054,4,0,4,0,9,9,4,3,3,2,3,4,8,7,0,0
10,2054,4,0,4,0,9,9,4,3,3,2,3,4,8,7,0,0
10,2054,4,0,4,0,9,9,4,3,3,2,3,4,8,7,0,0
10,2054,4,0,4,0,9,9,4,3,3,2,3,4,8,7,0,0
10,2054,4,0,4,0,9,9,4,3,3,2,3,4,7,7,0,0
11,2055,4,0,4,0,9,9,4,3,3,2,3,4,7,7,0,0
11,2055,4,0,4,0,9,9,4,3,3,2,3,4,7,7,0,0
11,2055,4,0,4,0,9,9,4,3,3,2,3,4,7,7,0,0
11,2055,4,0,4,0,9,9,4,3,3,2,3,4,7,7,0,0
11,2055,4,0,4,0,9,9,4,3,3,2,3,4,7,7,0,0
11,2055,4,0,4,0,9,9,4,3,3,2,3,4,7,7,0,0
11,2055,4,0,4,0,9,9,4,3,3,2,3,4,8,7,8,0
11,2055,4,0,4,0,10,10,4,3,3,2,4,4,8,7,8,0
11,2055,4,0,4,0,10,10,4,3,3,3,4,4,8,8,8,1
11,2055,4,0,4,0,10,10,4,4,3,3,4,4,8,8,9,1
11,2055,4,0,4,0,10,10,4,4,3,3,4,4,8,9,9,1
11,2055,4,0,4,0,10,10,4,4,3,3,4,4,8,9,9,1
11,2055,4,0,4,0,10,10,4,4,3,3,4,4,8,8,9,0
11,2055,4,0,4,0,10,10,4,4,3,3,4,4,8,8,5,0
11,2055,4,0,4,0,10,10,4,4,3,3,4,4,8,8,5,0
11,2055,4,0,4,0,10,10,4,4,3,3,4,4,8,7,5,0
11,2055,4,0,4,0,9,10,4,4,3,3,3,4,8,7,5,0
11,2055,4,0,4,0,9,10,4,4,3,2,3,4,8,7,0,0
11,2055,4,0,4,0,9,10,4,4,3,2,3,4,8,7,0,0
11,2055,4,0,4,0,9,10,4,4,3,2,3,4,8,7,0,0
11,2055,4,0,4,0,9,9,4,4,3,2,3,4,8,6,0,0
11,2055,4,0,4,0,9,9,4,4,3,2,3,4,8,6,0,0
11,2055,4,0,4,0,9,9,4,4,3,2,3,4,8,6,0,0
11,2055,4,0,4,0,9,9,4,4,3,2,3,4,7,6,0,0
12,2056,4,0,3,0,8,9,3,4,2,2,2,4,7,6,0,0
12,2056,4,0,3,0,8,9,3,4,2,2,2,4,7,6,0,0
12,2056,4,0,3,0,8,9,3,4,2,2,2,4,7,6,0,0
12,2056,4,0,3,0,8,9,3,4,2,2,2,4,7,6,0,0
12,2056,4,0,3,0,8,9,3,4,2,2,2,4,7,6,0,0
12,2056,4,0,3,0,8,9,3,4,2,2,2,4,7,6,0,0
12,2056,4,0,3,0,8,9,3,4,2,2,3,4,10,6,0,0
12,2056,4,0,3,0,8,8,3,1,2,2,3,4,10,4,0,0
12,2056,4,0,3,0,8,8,3,1,2,1,3,4,10,4,0,0
12,2056,4,0,3,0,8,8,3,1,2,1,3,4,10,4,0,0
12,2056,4,0,3,0,8,8,3,1,2,1,3,4,10,4,0,0
12,2056,4,0,3,0,8,8,3,1,2,1,3,4,10,4,0,0
12,2056,4,0,3,0,8,8,3,1,2,1,3,4,10,4,0,0
12,2056,4,0,3,0,8,8,3,1,2,1,3,4,10,4,0,0
12,2056,4,0,3,0,8,8,3,1,2,1,3,4,10,4,0,0
12,2056,4,0,3,0,8,8,3,1,2,1,2,4,8,4,0,0
12,2056,4,0,3,0,8,8,3,1,2,1,2,4,8,4,0,0
12,2056,4,0,3,0,8,8,3,1,2,1,2,4,8,4,0,0
12,2056,4,0,3,0,8,8,3,1,2,1,2,4,8,4,0,0
12,2056,4,0,3,0,8,8,3,1,2,1,2,4,8,4,0,0
12,2056,4,0,3,0,8,8,3,1,2,1,2,4,8,4,0,0
12,2056,4,0,3,0,8,8,3,1,2,1,2,4,8,4,0,0
12,2056,4,0,3,0,8,8,3,1,2,1,2,4,8,4,0,0
12,2056,4,0,3,0,8,8,3,1,2,1,2,4,7,4,0,0
13,2057,4,0,3,0,8,8,3,1,2,1,2,4,4,4,0,0
13,2057,4,0,3,0,8,8,3,1,2,1,2,4,4,4,0,0
13,2057,4,0,3,0,8,8,3,1,2,1,2,4,4,4,0,0
13,2057,4,0,3,0,8,8,3,1,2,1,2,4,4,4,0,0
13,2057,4,0,3,0,8,8,3,1,2,1,2,4,4,4,0,0
13,2057,4,0,3,0,8,8,3,1,2,1,2,4,4,4,0,0
13,2057,4,0,3,0,8,8,3,1,2,1,3,4,4,4,0,0
13,2057,4,0,3,0,8,8,3,1,2,1,3,3,5,4,0,0
13,2057,4,0,3,0,8,8,3,1,2,1,3,3,5,4,0,0
13,2057,4,0,3,0,8,8,3,1,2,1,3,3,5,4,0,0
13,2057,4,0,3,0,8,8,3,1,2,1,3,3,5,4,0,0
13,2057,4,0,3,0,8,8,3,1,2,1,3,3,5,4,0,0
13,2057,4,0,3,0,8,8,3,1,2,1,3,3,5,4,0,0
13,2057,4,0,3,0,8,8,3,1,2,1,3,3,5,4,0,0
13,2057,4,0,3,0,8,8,3,1,2,1,3,3,5,4,0,0
13,2057,4,0,3,0,8,8,3,1,2,1,2,3,4,4,0,0
13,2057,4,0,3,0,8,8,3,1,2,1,2,3,4,4,0,0
13,2057,4,0,3,0,8,8,3,1,2,1,2,3,4,4,0,0
13,2057,4,0,3,0,8,8,3,1,2,1,2,3,4,4,0,0
13,2057,4,0,3,0,8,8,3,1,2,1,2,3,4,4,0,0
13,2057,4,0,3,0,8,8,3,1,2,1,2,3,4,4,0,0
13,2057,4,0,3,0,8,8,3,1,2,1,2,2,4,4,0,0
13,2057,4,0,3,0,8,8,3,1,2,1,2,2,4,4,0,0
13,2057,4,0,3,0,8,8,3,1,2,1,2,2,4,4,0,0
14,2058,4,0,4,0,9,8,4,1,3,1,3,2,7,4,0,0
14,2058,4,0,4,0,9,8,4,1,3,1,3,2,7,4,0,0
14,2058,4,0,4,0,9,8,4,1,3,1,3,2,7,4,0,0
14,2058,4,0,4,0,9,8,4,1,3,1,3,2,7,4,0,0
14,2058,4,0,4,0,9,8,4,1,3,1,3,2,7,4,0,0
14,2058,4,0,4,0,9,8,4,1,3,1,3,2,7,4,0,0
14,2058,4,0,4,0,9,8,4,1,3,1,3,2,8,4,8,0
14,2058,4,0,4,0,10,9,4,3,3,1,4,3,8,7,8,2
14,2058,4,0,4,0,10,10,4,3,3,1,4,3,8,6,8,2
14,2058,4,0,4,0,10,10,4,4,3,1,4,3,8,8,9,2
14,2058,4,0,4,0,10,10,4,4,3,1,4,3,8,8,9,2
14,2058,4,0,4,0,10,10,4,4,3,1,4,3,8,8,9,2
14,2058,4,0,4,0,10,10,4,4,3,1,4,3,8,8,9,2
14,2058,4,0,4,0,10,10,4,3,3,1,4,3,8,7,5,1
14,2058,4,0,4,0,10,10,4,3,3,1,4,3,8,7,5,1
14,2058,4,0,4,0,10,10,4,3,3,1,4,3,8,7,5,1
14,2058,4,0,4,0,9,10,4,3,3,1,3,3,8,6,5,1
14,2058,4,0,4,0,9,10,4,3,3,1,3,3,8,6,0,1
14,2058,4,0,4,0,9,10,4,3,3,1,3,3,8,6,0,1
14,2058,4,0,4,0,9,10,4,3,3,1,3,3,8,6,0,1
14,2058,4,0,4,0,9,10,4,3,3,1,3,3,8,6,0,1
14,2058,4,0,4,0,9,10,4,3,3,1,3,3,8,6,0,1
14,2058,4,0,4,0,9,10,4,3,3,1,3,3,8,6,0,1
14,2058,4,0,4,0,9,10,4,3,3,1,3,3,7,6,0,1
15,2059,4,0,4,0,9,10,4,3,3,1,3,3,4,6,0,1
15,2059,4,0,4,0,9,10,4,3,3,1,3,3,4,6,0,1
15,2059,4,0,4,0,9,10,4,3,3,1,3,3,4,6,0,1
15,2059,4,0,4,0,9,10,4,3,3,1,3,3,4,6,0,1
15,2059,4,0,4,0,9,10,4,3,3,1,3,3,4,6,0,1
15,2059,4,0,4,0,9,10,4,3,3,1,3,3,4,6,0,1
15,2059,4,0,4,0,9,10,4,3,3,1,3,3,4,6,8,1
15,2059,4,0,4,0,10,10,4,4,3,3,4,4,5,5,8,3
15,2059,4,0,4,0,10,10,4,4,3,3,4,4,5,5,8,4
15,2059,4,0,4,0,10,10,4,4,3,3,4,4,5,5,9,5
15,2059,4,0,4,0,10,9,4,3,3,3,4,4,5,5,9,5
15,2059,4,0,4,0,10,10,4,4,3,3,4,4,5,5,9,5
15,2059,4,0,4,0,10,10,4,3,3,3,4,4,5,5,9,5
15,2059,4,0,4,0,10,10,4,3,3,3,4,4,5,5,5,5
15,2059,4,0,4,0,10,10,4,3,3,3,4,4,5,5,5,5
15,2059,4,0,4,0,10,10,4,3,3,3,4,4,4,5,5,1
15,2059,4,0,4,0,9,10,4,2,3,3,3,4,4,5,5,0
15,2059,4,0,4,0,9,10,4,2,3,3,3,4,4,5,0,0
15,2059,4,0,4,0,9,9,4,2,3,3,3,4,4,5,0,0
15,2059,4,0,4,0,9,9,4,2,3,3,3,3,4,5,0,0
15,2059,4,0,4,0,9,9,4,2,3,2,3,3,4,5,0,0
15,2059,4,0,4,0,9,9,4,2,3,2,3,3,4,5,0,0
15,2059,4,0,4,0,9,9,4,2,3,2,3,3,4,5,0,0
15,2059,4,0,4,0,9,9,4,2,3,2,3,3,4,5,0,0
16,2060,4,0,4,0,9,9,4,2,3,2,3,3,7,5,0,0
16,2060,4,0,4,0,9,9,4,2,3,2,3,3,7,5,0,0
16,2060,4,0,4,0,9,9,4,2,3,2,3,3,7,5,0,0
16,2060,4,0,4,0,9,9,4,2,3,2,3,3,7,5,0,0
16,2060,4,0,4,0,9,9,4,2,3,2,3,3,7,5,0,0
16,2060,4,0,4,0,9,9,4,2,3,2,3,3,7,5,0,0
16,2060,4,0,4,0,9,9,4,2,3,2,3,3,10,5,8,0
16,2060,4,0,4,0,10,9,4,3,3,2,4,4,10,8,8,1
16,2060,4,0,4,0,10,10,4,3,3,2,4,4,10,10,8,1
16,2060,4,0,4,0,10,10,4,4,3,2,4,4,10,11,9,2
16,2060,4,0,4,0,10,10,4,4,3,2,4,4,10,11,9,2
16,2060,4,0,4,0,10,10,4,4,3,3,4,4,10,11,9,2
16,2060,4,0,4,0,10,10,4,4,3,2,4,4,10,11,9,2
16,2060,4,0,4,0,10,10,4,4,3,2,4,4,10,11,5,2
16,2060,4,0,4,0,10,10,4,3,3,1,4,3,10,9,5,1
16,2060,4,0,4,0,10,10,4,3,3,1,4,3,8,9,5,1
16,2060,4,0,4,0,9,9,4,3,3,1,3,3,8,9,5,1
16,2060,4,0,4,0,9,9,4,3,3,1,3,3,8,9,0,1
16,2060,4,0,4,0,9,9,4,3,3,1,3,3,8,9,0,1
16,2060,4,0,4,0,9,9,4,3,3,1,3,3,8,9,0,0
16,2060,4,0,4,0,9,9,4,3,3,1,3,3,8,8,0,0
16,2060,4,0,4,0,9,9,4,3,3,1,3,3,8,8,0,0
16,2060,4,0,4,0,9,9,4,3,3,1,3,3,8,8,0,0
16,2060,4,0,4,0,9,9,4,3,3,1,3,3,7,8,0,0
17,2061,4,0,4,0,9,9,4,3,3,1,3,3,7,8,0,0
17,2061,4,0,4,0,9,9,4,3,3,1,3,3,7,8,0,0
17,2061,4,0,4,0,9,9,4,3,3,1,3,3,7,8,0,0
17,2061,4,0,4,0,9,9,4,3,3,1,3,3,7,8,0,0
17,2061,4,0,4,0,9,9,4,3,3,1,3,3,7,8,0,0
17,2061,4,0,4,0,9,9,4,3,3,1,3,3,7,8,0,0
17,2061,4,0,4,0,9,9,4,3,3,1,3,3,8,8,8,0
17,2061,4,0,4,0,10,10,4,3,3,1,4,4,8,8,8,0
17,2061,4,0,4,0,10,10,4,3,3,1,4,3,8,8,8,0
17,2061,4,0,4,0,10,10,4,3,3,1,4,3,8,8,9,0
17,2061,4,0,4,0,10,10,4,3,3,1,4,3,8,8,9,0
17,2061,4,0,4,0,10,10,4,3,3,1,4,2,8,8,9,0
17,2061,4,0,4,0,10,10,4,3,3,1,4,2,8,8,9,0
17,2061,4,0,4,0,10,10,4,3,3,1,4,2,8,8,5,0
17,2061,4,0,4,0,10,10,4,3,3,1,4,2,8,8,5,0
17,2061,4,0,4,0,10,10,4,3,3,1,4,2,8,8,5,0
17,2061,4,0,4,0,9,10,4,3,3,1,3,2,8,8,5,0
17,2061,4,0,4,0,9,10,4,3,3,1,3,2,8,8,0,0
17,2061,4,0,4,0,9,10,4,3,3,1,3,2,8,8,0,0
17,2061,4,0,4,0,9,10,4,3,3,1,3,2,8,8,0,0
17,2061,4,0,4,0,9,10,4,3,3,1,3,2,8,8,0,0
17,2061,4,0,4,0,9,10,4,3,3,1,3,2,8,7,0,0
17,2061,4,0,4,0,9,10,4,3,3,1,3,2,8,7,0,0
17,2061,4,0,4,0,9,10,4,3,3,1,3,2,7,7,0,0
18,2062,4,0,4,0,9,10,4,3,3,1,3,2,7,7,0,0
18,2062,4,0,4,0,9,10,4,3,3,1,3,2,7,7,0,0
18,2062,4,0,4,0,9,10,4,3,3,1,3,2,7,7,0,0
18,2062,4,0,4,0,9,10,4,3,3,1,3,2,7,7,0,0
18,2062,4,0,4,0,9,10,4,3,3,1,3,2,7,7,0,0
18,2062,4,0,4,0,9,10,4,3,3,1,3,2,7,7,0,0
18,2062,4,0,4,0,9,10,4,3,3,1,3,2,8,7,8,0
18,2062,4,0,4,0,10,10,4,3,3,2,4,3,8,7,8,1
18,2062,4,0,4,0,10,10,4,4,3,3,4,3,8,8,8,1
18,2062,4,0,4,0,10,10,4,4,3,2,4,3,8,8,9,2
18,2062,4,0,4,0,10,10,4,4,3,3,4,3,8,8,9,2
18,2062,4,0,4,0,10,10,4,4,3,3,4,3,8,8,9,2
18,2062,4,0,4,0,10,10,4,4,3,3,4,3,8,9,9,2
18,2062,4,0,4,0,10,10,4,4,3,3,4,3,8,9,5,2
18,2062,4,0,4,0,10,10,4,4,3,3,4,3,8,9,5,2
18,2062,4,0,4,0,10,10,4,4,3,3,4,3,8,9,5,2
18,2062,4,0,4,0,9,10,4,4,3,3,3,3,8,8,5,2
18,2062,4,0,4,0,9,10,4,4,3,3,3,3,8,7,0,1
18,2062,4,0,4,0,9,10,4,4,3,2,3,3,8,7,0,1
18,2062,4,0,4,0,9,10,4,4,3,2,3,3,8,6,0,1
18,2062,4,0,4,0,9,10,4,4,3,2,3,3,8,6,0,1
18,2062,4,0,4,0,9,10,4,4,3,2,3,3,8,6,0,1
18,2062,4,0,4,0,9,10,4,4,3,2,3,3,8,6,0,1
18,2062,4,0,4,0,9,10,4,4,3,2,3,3,7,6,0,1
19,2063,4,0,3,0,8,10,3,4,2,2,2,3,7,6,0,1
19,2063,4,0,3,0,8,10,3,4,2,2,2,3,7,6,0,1
19,2063,4,0,3,0,8,10,3,4,2,2,2,3,7,6,0,1
19,2063,4,0,3,0,8,10,3,4,2,2,2,3,7,6,0,1
19,2063,4,0,3,0,8,10,3,4,2,2,2,3,7,6,0,1
19,2063,4,0,3,0,8,10,3,4,2,2,2,3,7,6,0,1
19,2063,4,0,3,0,8,10,3,4,2,2,3,3,10,6,0,1
19,2063,4,0,3,0,8,10,3,4,2,2,3,2,10,6,0,0
19,2063,4,0,3,0,8,10,3,4,2,2,3,2,10,6,0,0
19,2063,4,0,3,0,8,10,3,4,2,2,3,2,10,6,0,0
19,2063,4,0,3,0,8,10,3,4,2,2,3,2,10,6,0,0
19,2063,4,0,3,0,8,10,3,4,2,2,3,2,10,6,0,0
19,2063,4,0,3,0,8,10,3,4,2,2,3,2,10,6,0,0
19,2063,4,0,3,0,8,10,3,4,2,2,3,2,10,6,0,0
19,2063,4,0,3,0,8,10,3,4,2,2,3,2,10,6,0,0
19,2063,4,0,3,0,8,10,3,4,2,2,2,2,8,6,0,0
19,2063,4,0,3,0,8,10,3,4,2,2,2,2,8,6,0,0
19,2063,4,0,3,0,8,10,3,4,2,2,2,2,8,6,0,0
19,2063,4,0,3,0,8,10,3,4,2,2,2,2,8,6,0,0
19,2063,4,0,3,0,8,10,3,4,2,2,2,2,8,6,0,0
19,2063,4,0,3,0,8,10,3,4,2,2,2,2,8,6,0,0
19,2063,4,0,3,0,8,10,3,4,2,2,2,2,8,6,0,0
19,2063,4,0,3,0,8,10,3,4,2,2,2,2,8,6,0,0
19,2063,4,0,3,0,8,10,3,4,2,2,2,2,7,6,0,0
20,2064,4,0,3,0,8,10,3,4,2,2,2,2,4,6,0,0
20,2064,4,0,3,0,8,10,3,4,2,2,2,2,4,6,0,0
20,2064,4,0,3,0,8,10,3,4,2,2,2,2,4,6,0,0
20,2064,4,0,3,0,8,10,3,4,2,2,2,2,4,6,0,0
20,2064,4,0,3,0,8,10,3,4,2,2,2,2,4,6,0,0
20,2064,4,0,3,0,8,10,3,4,2,2,2,2,4,6,0,0
20,2064,4,0,3,0,8,10,3,4,2,2,3,2,4,6,0,0
20,2064,4,0,3,0,8,10,3,3,2,2,3,2,5,6,0,0
20,2064,4,0,3,0,8,10,3,3,2,2,3,2,5,6,0,0
20,2064,4,0,3,0,8,10,3,3,2,2,3,2,5,6,0,0
20,2064,4,0,3,0,8,10,3,3,2,2,3,2,5,6,0,0
20,2064,4,0,3,0,8,10,3,3,2,2,3,2,5,6,0,0
20,2064,4,0,3,0,8,10,3,3,2,2,3,2,5,6,0,0
20,2064,4,0,3,0,8,10,3,3,2,2,3,1,5,6,0,0
20,2064,4,0,3,0,8,10,3,3,2,2,3,1,5,6,0,0
20,2064,4,0,3,0,8,10,3,3,2,2,2,1,4,6,0,0
20,2064,4,0,3,0,8,10,3,3,2,2,2,1,4,6,0,0
20,2064,4,0,3,0,8,10,3,3,2,2,2,1,4,6,0,0
20,2064,4,0,3,0,8,10,3,3,2,2,2,1,4,6,0,0
20,2064,4,0,3,0,8,10,3,3,2,2,2,1,4,6,0,0
20,2064,4,0,3,0,8,10,3,3,2,2,2,1,4,6,0,0
20,2064,4,0,3,0,8,10,3,3,2,2,2,1,4,6,0,0
20,2064,4,0,3,0,8,10,3,3,2,2,2,1,4,6,0,0
20,2064,4,0,3,0,8,10,3,3,2,2,2,1,4,6,0,0
21,2065,4,0,4,0,9,10,4,3,3,2,3,1,7,6,0,0
21,2065,4,0,4,0,9,10,4,3,3,2,3,1,7,6,0,0
21,2065,4,0,4,0,9,10,4,3,3,2,3,1,7,6,0,0
21,2065,4,0,4,0,9,10,4,3,3,2,3,1,7,6,0,0
21,2065,4,0,4,0,9,10,4,3,3,2,3,1,7,6,0,0
21,2065,4,0,4,0,9,10,4,3,3,2,3,1,7,6,0,0
21,2065,4,0,4,0,9,10,4,3,3,2,3,1,8,6,8,0
21,2065,4,0,4,0,10,10,4,4,3,3,4,2,8,7,8,1
21,2065,4,0,4,0,10,10,4,4,3,3,4,2,8,8,8,1
21,2065,4,0,4,0,10,10,4,3,3,3,4,2,8,8,9,1
21,2065,4,0,4,0,10,10,4,4,3,3,4,2,8,8,9,1
21,2065,4,0,4,0,10,10,4,4,3,3,4,2,8,8,9,1
21,2065,4,0,4,0,10,10,4,4,3,3,4,2,8,7,9,1
21,2065,4,0,4,0,10,10,4,3,3,3,4,2,8,6,5,1
21,2065,4,0,4,0,10,10,4,3,3,3,4,2,8,6,5,1
21,2065,4,0,4,0,10,10,4,3,3,3,4,2,8,6,5,1
21,2065,4,0,4,0,9,10,4,3,3,3,3,2,8,6,5,1
21,2065,4,0,4,0,9,10,4,3,3,3,3,2,8,6,0,1
21,2065,4,0,4,0,9,10,4,3,3,3,3,2,8,6,0,1
21,2065,4,0,4,0,9,10,4,3,3,3,3,2,8,6,0,0
21,2065,4,0,4,0,9,10,4,3,3,3,3,2,8,6,0,0
21,2065,4,0,4,0,9,10,4,3,3,3,3,2,8,6,0,0
21,2065,4,0,4,0,9,10,4,3,3,3,3,2,8,5,0,0
21,2065,4,0,4,0,9,10,4,3,3,3,3,2,7,5,0,0
22,2066,4,0,4,0,9,10,4,3,3,3,3,2,4,5,0,0
22,2066,4,0,4,0,9,10,4,3,3,3,3,2,4,5,0,0
22,2066,4,0,4,0,9,10,4,3,3,3,3,2,4,5,0,0
22,2066,4,0,4,0,9,10,4,3,3,3,3,2,4,5,0,0
22,2066,4,0,4,0,9,10,4,3,3,3,3,2,4,5,0,0
22,2066,4,0,4,0,9,10,4,3,3,3,3,2,4,5,0,0
22,2066,4,0,4,0,9,10,4,3,3,3,3,2,4,5,8,0
22,2066,4,0,4,0,10,10,4,4,3,2,4,3,5,5,8,5
22,2066,4,0,4,0,10,10,4,4,3,3,4,3,5,6,8,6
22,2066,4,0,4,0,10,10,4,4,3,3,4,3,5,6,9,7
22,2066,4,0,4,0,10,10,4,4,3,3,4,3,5,5,9,7
22,2066,4,0,4,0,10,10,4,4,3,3,4,3,5,6,9,7
22,2066,4,0,4,0,10,10,4,4,3,3,4,3,5,6,9,7
22,2066,4,0,4,0,10,10,4,4,3,3,4,3,5,6,5,7
22,2066,4,0,4,0,10,10,4,4,3,3,4,3,5,6,5,7
22,2066,4,0,4,0,10,10,4,4,3,3,4,3,4,6,5,5
22,2066,4,0,4,0,9,10,4,4,3,3,3,3,4,6,5,5
22,2066,4,0,4,0,9,10,4,3,3,3,3,3,4,6,0,5
22,2066,4,0,4,0,9,10,4,3,3,3,3,3,4,5,0,4
22,2066,4,0,4,0,9,10,4,3,3,3,3,3,4,5,0,4
22,2066,4,0,4,0,9,10,4,3,3,3,3,3,4,5,0,3
22,2066,4,0,4,0,9,10,4,3,3,3,3,3,4,5,0,3
22,2066,4,0,4,0,9,10,4,3,3,3,3,3,4,5,0,3
22,2066,4,0,4,0,9,10,4,3,3,3,3,3,4,5,0,3
23,2067,4,0,4,0,9,10,4,3,3,3,3,3,7,7,0,3
23,2067,4,0,4,0,9,10,4,3,3,3,3,3,7,7,0,3
23,2067,4,0,4,0,9,10,4,3,3,3,3,3,7,7,0,3
23,2067,4,0,4,0,9,10,4,3,3,3,3,3,7,7,0,3
23,2067,4,0,4,0,9,10,4,3,3,3,3,3,7,7,0,3
23,2067,4,0,4,0,9,10,4,3,3,3,3,3,7,7,0,3
23,2067,4,0,4,0,9,10,4,3,3,3,3,3,10,8,8,3
23,2067,4,0,4,0,10,10,4,4,3,2,4,4,10,7,8,1
23,2067,4,0,4,0,10,10,4,4,3,2,4,4,10,9,8,1
23,2067,4,0,4,0,10,10,4,4,3,3,4,4,10,10,9,1
23,2067,4,0,4,0,10,10,4,4,3,3,4,4,10,10,9,1
23,2067,4,0,4,0,10,10,4,4,3,3,4,4,10,9,9,0
23,2067,4,0,4,0,10,10,4,4,3,3,4,4,10,10,9,0
23,2067,4,0,4,0,10,10,4,4,3,3,4,4,10,10,5,0
23,2067,4,0,4,0,10,10,4,4,3,3,4,4,10,10,5,0
23,2067,4,0,4,0,10,10,4,4,3,3,4,4,8,10,5,0
23,2067,4,0,4,0,9,10,4,4,3,3,3,4,8,10,5,0
23,2067,4,0,4,0,9,10,4,4,3,3,3,4,8,9,0,0
23,2067,4,0,4,0,9,10,4,4,3,3,3,4,8,9,0,0
23,2067,4,0,4,0,9,10,4,4,3,3,3,4,8,9,0,0
23,2067,4,0,4,0,9,10,4,4,3,3,3,4,8,7,0,0
23,2067,4,0,4,0,9,10,4,4,3,3,3,4,8,7,0,0
23,2067,4,0,4,0,9,10,4,4,3,3,3,4,8,7,0,0
23,2067,4,0,4,0,9,10,4,4,3,3,3,4,7,7,0,0
24,2068,4,0,4,0,9,10,4,4,3,3,3,4,7,7,0,0
24,2068,4,0,4,0,9,10,4,4,3,3,3,4,7,7,0,0
24,2068,4,0,4,0,9,10,4,4,3,3,3,4,7,7,0,0
24,2068,4,0,4,0,9,10,4,4,3,3,3,4,7,7,0,0
24,2068,4,0,4,0,9,10,4,4,3,3,3,4,7,7,0,0
24,2068,4,0,4,0,9,10,4,4,3,3,3,4,7,7,0,0
24,2068,4,0,4,0,9,10,4,4,3,3,3,4,8,7,8,0
24,2068,4,0,4,0,10,10,4,4,3,3,4,4,8,8,8,0
24,2068,4,0,4,0,10,10,4,4,3,3,4,4,8,8,8,0
24,2068,4,0,4,0,10,10,4,4,3,3,4,4,8,8,9,0
24,2068,4,0,4,0,10,10,4,4,3,3,4,4,8,8,9,0
24,2068,4,0,4,0,10,10,4,4,3,3,4,4,8,8,9,0
24,2068,4,0,4,0,10,10,4,4,3,3,4,4,8,8,9,0
24,2068,4,0,4,0,10,10,4,4,3,3,4,4,8,8,5,0
24,2068,4,0,4,0,10,10,4,4,3,3,4,4,8,8,5,0
24,2068,4,0,4,0,10,10,4,4,3,3,4,4,8,8,5,0
24,2068,4,0,4,0,9,10,4,3,3,2,3,4,8,8,5,0
24,2068,4,0,4,0,9,10,4,3,3,2,3,4,8,8,0,0
24,2068,4,0,4,0,9,10,4,3,3,2,3,4,8,8,0,0
24,2068,4,0,4,0,9,10,4,3,3,2,3,4,8,8,0,0
24,2068,4,0,4,0,9,10,4,3,3,2,3,4,8,8,0,0
24,2068,4,0,4,0,9,10,4,3,3,2,3,4,8,8,0,0
24,2068,4,0,4,0,9,10,4,3,3,2,3,4,8,7,0,0
24,2068,4,0,4,0,9,10,4,3,3,2,3,4,7,7,0,0
25,2069,4,0,4,0,9,10,4,3,3,2,3,4,7,7,0,0
25,2069,4,0,4,0,9,10,4,3,3,2,3,4,7,7,0,0
25,2069,4,0,4,0,9,10,4,3,3,2,3,4,7,7,0,0
25,2069,4,0,4,0,9,10,4,3,3,2,3,4,7,7,0,0
25,2069,4,0,4,0,9,10,4,3,3,2,3,4,7,7,0,0
25,2069,4,0,4,0,9,10,4,3,3,2,3,4,7,7,0,0
25,2069,4,0,4,0,9,10,4,3,3,2,3,4,8,7,8,0
25,2069,4,0,4,0,10,10,4,3,3,2,4,4,8,8,8,1
25,2069,4,0,4,0,10,10,4,4,3,3,4,4,8,8,8,1
25,2069,4,0,4,0,10,10,4,4,3,2,4,4,8,8,9,2
25,2069,4,0,4,0,10,9,4,4,3,3,4,4,8,8,9,3
25,2069,4,0,4,0,10,10,4,4,3,3,4,4,8,8,9,4
25,2069,4,0,4,0,10,10,4,4,3,3,4,4,8,8,9,4
25,2069,4,0,4,0,10,10,4,4,3,3,4,4,8,8,5,4
25,2069,4,0,4,0,10,10,4,3,3,3,4,4,8,8,5,4
25,2069,4,0,4,0,10,10,4,3,3,3,4,4,8,8,5,2
25,2069,4,0,4,0,9,9,4,3,3,3,3,4,8,8,5,2
25,2069,4,0,4,0,9,9,4,3,3,3,3,4,8,8,0,1
25,2069,4,0,4,0,9,9,4,3,3,3,3,4,8,8,0,1
25,2069,4,0,4,0,9,9,4,3,3,3,3,4,8,8,0,1
25,2069,4,0,4,0,9,9,4,3,3,3,3,4,8,8,0,1
25,2069,4,0,4,0,9,9,4,3,3,3,3,4,8,8,0,1
25,2069,4,0,4,0,9,8,4,3,3,3,3,4,8,7,0,1
25,2069,4,0,4,0,9,8,4,3,3,3,3,4,7,7,0,1
26,2070,4,0,3,0,8,8,3,3,2,3,2,4,7,7,0,1
26,2070,4,0,3,0,8,8,3,3,2,3,2,4,7,7,0,1
26,2070,4,0,3,0,8,8,3,3,2,3,2,4,7,7,0,1
26,2070,4,0,3,0,8,8,3,3,2,3,2,4,7,7,0,1
26,2070,4,0,3,0,8,8,3,3,2,3,2,4,7,7,0,1
26,2070,4,0,3,0,8,8,3,3,2,3,2,4,7,7,0,1
26,2070,4,0,3,0,8,8,3,3,2,3,3,4,10,7,0,1
26,2070,4,0,3,0,8,8,3,3,2,3,3,3,10,6,0,0
26,2070,4,0,3,0,8,8,3,3,2,3,3,3,10,6,0,0
26,2070,4,0,3,0,8,8,3,3,2,3,3,3,10,6,0,0
26,2070,4,0,3,0,8,8,3,3,2,3,3,3,10,6,0,0
26,2070,4,0,3,0,8,8,3,3,2,3,3,3,10,6,0,0
26,2070,4,0,3,0,8,8,3,3,2,3,3,3,10,6,0,0
26,2070,4,0,3,0,8,8,3,3,2,3,3,3,10,6,0,0
26,2070,4,0,3,0,8,8,3,3,2,3,3,3,10,6,0,0
26,2070,4,0,3,0,8,8,3,3,2,3,2,3,8,6,0,0
26,2070,4,0,3,0,8,8,3,3,2,3,2,3,8,6,0,0
26,2070,4,0,3,0,8,8,3,3,2,3,2,3,8,6,0,0
26,2070,4,0,3,0,8,8,3,3,2,3,2,3,8,6,0,0
26,2070,4,0,3,0,8,8,3,3,2,3,2,3,8,6,0,0
26,2070,4,0,3,0,8,8,3,3,2,3,2,3,8,6,0,0
26,2070,4,0,3,0,8,8,3,3,2,3,2,3,8,6,0,0
26,2070,4,0,3,0,8,8,3,3,2,3,2,3,8,6,0,0
26,2070,4,0,3,0,8,8,3,3,2,3,2,3,7,6,0,0
27,2071,4,0,3,0,8,8,3,3,2,3,2,3,4,6,0,0
27,2071,4,0,3,0,8,8,3,3,2,3,2,3,4,6,0,0
27,2071,4,0,3,0,8,8,3,3,2,3,2,3,4,6,0,0
27,2071,4,0,3,0,8,8,3,3,2,3,2,3,4,6,0,0
27,2071,4,0,3,0,8,8,3,3,2,3,2,3,4,6,0,0
27,2071,4,0,3,0,8,8,3,3,2,3,2,3,4,6,0,0
27,2071,4,0,3,0,8,8,3,3,2,3,3,3,4,6,0,0
27,2071,4,0,3,0,8,7,3,3,2,2,3,2,5,5,0,0
27,2071,4,0,3,0,8,7,3,2,2,1,3,2,5,5,0,0
27,2071,4,0,3,0,8,7,3,2,2,1,3,2,5,5,0,0
27,2071,4,0,3,0,8,7,3,2,2,1,3,2,5,4,0,0
27,2071,4,0,3,0,8,7,3,2,2,1,3,2,5,4,0,0
27,2071,4,0,3,0,8,7,3,2,2,1,3,2,5,4,0,0
27,2071,4,0,3,0,8,7,3,2,2,1,3,2,5,4,0,0
27,2071,4,0,3,0,8,7,3,2,2,1,3,2,5,4,0,0
27,2071,4,0,3,0,8,7,3,2,2,1,2,2,4,4,0,0
27,2071,4,0,3,0,8,7,3,2,2,1,2,2,4,4,0,0
27,2071,4,0,3,0,8,7,3,2,2,1,2,2,4,4,0,0
27,2071,4,0,3,0,8,7,3,2,2,1,2,1,4,4,0,0
27,2071,4,0,3,0,8,7,3,2,2,1,2,1,4,4,0,0
27,2071,4,0,3,0,8,7,3,2,2,1,2,1,4,4,0,0
27,2071,4,0,3,0,8,7,3,2,2,1,2,1,4,4,0,0
27,2071,4,0,3,0,8,7,3,2,2,1,2,1,4,4,0,0
27,2071,4,0,3,0,8,7,3,2,2,1,2,1,4,4,0,0
0,2072,4,0,4,0,9,7,4,2,3,1,3,1,7,4,0,0
0,2072,4,0,4,0,9,7,4,2,3,1,3,1,7,4,0,0
0,2072,4,0,4,0,9,7,4,2,3,1,3,1,7,4,0,0
0,2072,4,0,4,0,9,7,4,2,3,1,3,1,7,4,0,0
0,2072,4,0,4,0,9,7,4,2,3,1,3,1,7,4,0,0
0,2072,4,0,4,0,9,7,4,2,3,1,3,1,7,4,0,0
0,2072,4,0,4,0,9,7,4,2,3,1,3,1,8,4,8,0
0,2072,4,0,4,0,10,8,4,4,3,0,4,2,8,6,8,2
0,2072,4,0,4,0,10,9,4,4,3,1,4,2,8,6,8,2
0,2072,4,0,4,0,10,9,4,3,3,1,4,2,8,8,9,2
0,2072,4,0,4,0,10,10,4,3,3,1,4,2,8,8,9,2
0,2072,4,0,4,0,10,10,4,4,3,1,4,2,8,8,9,2
0,2072,4,0,4,0,10,10,4,4,3,1,4,2,8,8,9,2
0,2072,4,0,4,0,10,10,4,4,3,1,4,1,8,6,5,2
0,2072,4,0,4,0,10,9,4,3,3,1,4,1,8,7,5,2
0,2072,4,0,4,0,10,8,4,3,3,1,4,1,8,6,5,2
0,2072,4,0,4,0,9,8,4,3,3,1,3,1,8,6,5,2
0,2072,4,0,4,0,9,8,4,3,3,1,3,1,8,6,0,2
0,2072,4,0,4,0,9,8,4,3,3,1,3,1,8,6,0,2
0,2072,4,0,4,0,9,8,4,3,3,1,3,1,8,6,0,1
0,2072,4,0,4,0,9,8,4,3,3,1,3,1,8,6,0,1
0,2072,4,0,4,0,9,8,4,3,3,1,3,1,8,5,0,1
0,2072,4,0,4,0,9,8,4,3,3,1,3,1,8,5,0,1
0,2072,4,0,4,0,9,8,4,3,3,1,3,1,7,5,0,1
1,2073,4,0,4,0,9,8,4,3,3,1,3,1,4,5,0,1
1,2073,4,0,4,0,9,8,4,3,3,1,3,1,4,5,0,1
1,2073,4,0,4,0,9,8,4,3,3,1,3,1,4,5,0,1
1,2073,4,0,4,0,9,8,4,3,3,1,3,1,4,5,0,1
1,2073,4,0,4,0,9,8,4,3,3,1,3,1,4,5,0,1
1,2073,4,0,4,0,9,8,4,3,3,1,3,1,4,5,0,1
1,2073,4,0,4,0,9,8,4,3,3,1,3,1,4,5,8,1
1,2073,4,0,4,0,10,9,4,3,3,3,4,2,5,5,8,1
1,2073,4,0,4,0,10,10,4,4,3,3,4,2,5,5,8,1
1,2073,4,0,4,0,10,10,4,4,3,3,4,2,5,6,9,2
1,2073,4,0,4,0,10,9,4,4,3,3,4,2,5,6,9,2
1,2073,4,0,4,0,10,10,4,4,3,3,4,2,5,6,9,2
1,2073,4,0,4,0,10,10,4,4,3,3,4,2,5,6,9,2
1,2073,4,0,4,0,10,9,4,4,3,3,4,2,5,5,5,1
1,2073,4,0,4,0,10,9,4,4,3,3,4,2,5,5,5,1
1,2073,4,0,4,0,10,9,4,4,3,3,4,2,4,5,5,1
1,2073,4,0,4,0,9,9,4,4,3,3,3,2,4,5,5,1
1,2073,4,0,4,0,9,9,4,4,3,3,3,2,4,5,0,1
1,2073,4,0,4,0,9,9,4,4,3,3,3,2,4,5,0,1
1,2073,4,0,4,0,9,9,4,4,3,3,3,1,4,5,0,1
1,2073,4,0,4,0,9,9,4,4,3,3,3,1,4,5,0,1
1,2073,4,0,4,0,9,9,4,4,3,3,3,1,4,5,0,1
1,2073,4,0,4,0,9,9,4,4,3,3,3,1,4,5,0,1
1,2073,4,0,4,0,9,9,4,4,3,3,3,1,4,5,0,1
2,2074,4,0,4,0,9,9,4,4,3,3,3,1,7,6,0,1
2,2074,4,0,4,0,9,9,4,4,3,3,3,1,7,6,0,1
2,2074,4,0,4,0,9,9,4,4,3,3,3,1,7,6,0,1
2,2074,4,0,4,0,9,9,4,4,3,3,3,1,7,6,0,1
2,2074,4,0,4,0,9,9,4,4,3,3,3,1,7,6,0,1
2,2074,4,0,4,0,9,9,4,4,3,3,3,1,7,6,0,1
2,2074,4,0,4,0,9,9,4,4,3,3,3,1,10,6,8,1
2,2074,4,0,4,0,10,9,4,1,3,3,4,2,10,10,8,1
2,2074,4,0,4,0,10,10,4,2,3,3,4,2,10,10,8,1
2,2074,4,0,4,0,10,10,4,3,3,3,4,2,10,10,9,1
2,2074,4,0,4,0,10,10,4,4,3,3,4,2,10,11,9,1
2,2074,4,0,4,0,10,10,4,3,3,3,4,2,10,11,9,1
2,2074,4,0,4,0,10,10,4,3,3,3,4,2,10,11,9,1
2,2074,4,0,4,0,10,10,4,3,3,3,4,2,10,11,5,1
2,2074,4,0,4,0,10,10,4,3,3,3,4,2,10,11,5,1
2,2074,4,0,4,0,10,10,4,3,3,3,4,2,8,11,5,1
2,2074,4,0,4,0,9,10,4,3,3,3,3,2,8,11,5,1
2,2074,4,0,4,0,9,10,4,3,3,3,3,2,8,11,0,1
2,2074,4,0,4,0,9,10,4,3,3,3,3,2,8,10,0,0
2,2074,4,0,4,0,9,10,4,3,3,3,3,2,8,9,0,0
2,2074,4,0,4,0,9,10,4,3,3,3,3,2,8,9,0,0
2,2074,4,0,4,0,9,10,4,3,3,3,3,2,8,9,0,0
2,2074,4,0,4,0,9,10,4,3,3,3,3,2,8,7,0,0
2,2074,4,0,4,0,9,10,4,3,3,3,3,2,7,7,0,0
3,2075,4,0,4,0,9,10,4,3,3,3,3,2,7,7,0,0
3,2075,4,0,4,0,9,10,4,3,3,3,3,2,7,7,0,0
3,2075,4,0,4,0,9,10,4,3,3,3,3,2,7,7,0,0
3,2075,4,0,4,0,9,10,4,3,3,3,3,2,7,7,0,0
3,2075,4,0,4,0,9,10,4,3,3,3,3,2,7,7,0,0
3,2075,4,0,4,0,9,10,4,3,3,3,3,2,7,7,0,0
3,2075,4,0,4,0,9,10,4,3,3,3,3,2,8,7,8,0
3,2075,4,0,4,0,10,10,4,4,3,3,4,3,8,8,8,0
3,2075,4,0,4,0,10,10,4,4,3,3,4,3,8,8,8,0
3,2075,4,0,4,0,10,10,4,4,3,3,4,3,8,8,9,0
3,2075,4,0,4,0,10,10,4,4,3,3,4,3,8,8,9,0
3,2075,4,0,4,0,10,10,4,4,3,3,4,2,8,8,9,0
3,2075,4,0,4,0,10,10,4,4,3,3,4,2,8,8,9,0
3,2075,4,0,4,0,10,10,4,4,3,3,4,2,8,8,5,0
3,2075,4,0,4,0,10,10,4,4,3,3,4,2,8,8,5,0
3,2075,4,0,4,0,10,10,4,4,3,3,4,2,8,8,5,0
3,2075,4,0,4,0,9,10,4,4,3,3,3,2,8,8,5,0
3,2075,4,0,4,0,9,10,4,4,3,3,3,2,8,8,0,0
3,2075,4,0,4,0,9,10,4,4,3,3,3,2,8,8,0,0
3,2075,4,0,4,0,9,9,4,4,3,3,3,2,8,8,0,0
3,2075,4,0,4,0,9,9,4,4,3,3,3,2,8,8,0,0
3,2075,4,0,4,0,9,9,4,4,3,3,3,2,8,8,0,0
3,2075,4,0,4,0,9,8,4,3,3,3,3,2,8,8,0,0
3,2075,4,0,4,0,9,8,4,3,3,3,3,2,7,8,0,0
4,2076,4,0,4,0,9,8,4,3,3,3,3,2,7,8,0,0
4,2076,4,0,4,0,9,8,4,3,3,3,3,2,7,8,0,0
4,2076,4,0,4,0,9,8,4,3,3,3,3,2,7,8,0,0
4,2076,4,0,4,0,9,8,4,3,3,3,3,2,7,8,0,0
4,2076,4,0,4,0,9,8,4,3,3,3,3,2,7,8,0,0
4,2076,4,0,4,0,9,8,4,3,3,3,3,2,7,8,0,0
4,2076,4,0,4,0,9,8,4,3,3,3,3,2,8,8,8,0
4,2076,4,0,4,0,10,9,4,4,3,3,4,3,8,8,8,1
4,2076,4,0,4,0,10,10,4,4,3,3,4,3,8,8,8,1
4,2076,4,0,4,0,10,10,4,3,3,3,4,3,8,8,9,1
4,2076,4,0,4,0,10,10,4,4,3,3,4,3,8,8,9,1
4,2076,4,0,4,0,10,10,4,4,3,3,4,3,8,8,9,1
4,2076,4,0,4,0,10,10,4,4,3,3,4,3,8,8,9,1
4,2076,4,0,4,0,10,10,4,4,3,3,4,3,8,8,5,1
4,2076,4,0,4,0,10,10,4,4,3,3,4,3,8,8,5,1
4,2076,4,0,4,0,10,9,4,4,3,3,4,3,8,8,5,1
4,2076,4,0,4,0,9,8,4,3,3,2,3,3,8,8,5,1
4,2076,4,0,4,0,9,8,4,3,3,2,3,3,8,8,0,1
4,2076,4,0,4,0,9,8,4,3,3,2,3,3,8,8,0,1
4,2076,4,0,4,0,9,8,4,3,3,2,3,3,8,8,0,1
4,2076,4,0,4,0,9,8,4,3,3,2,3,3,8,8,0,1
4,2076,4,0,4,0,9,8,4,3,3,2,3,3,8,8,0,1
4,2076,4,0,4,0,9,8,4,3,3,2,3,3,8,8,0,1
4,2076,4,0,4,0,9,8,4,3,3,2,3,3,7,8,0,1
5,2077,4,0,3,0,8,8,3,3,2,2,2,3,7,8,0,1
5,2077,4,0,3,0,8,8,3,3,2,2,2,3,7,8,0,1
5,2077,4,0,3,0,8,8,3,3,2,2,2,3,7,8,0,1
5,2077,4,0,3,0,8,8,3,3,2,2,2,3,7,8,0,1
5,2077,4,0,3,0,8,8,3,3,2,2,2,3,7,8,0,1
5,2077,4,0,3,0,8,8,3,3,2,2,2,3,7,8,0,1
5,2077,4,0,3,0,8,8,3,3,2,2,3,3,10,8,0,1
5,2077,4,0,3,0,8,8,3,1,2,2,3,3,10,8,0,0
5,2077,4,0,3,0,8,8,3,1,2,2,3,3,10,8,0,0
5,2077,4,0,3,0,8,8,3,1,2,2,3,3,10,8,0,0
5,2077,4,0,3,0,8,8,3,1,2,2,3,3,10,8,0,0
5,2077,4,0,3,0,8,8,3,1,2,2,3,3,10,8,0,0
5,2077,4,0,3,0,8,8,3,1,2,2,3,3,10,8,0,0
5,2077,4,0,3,0,8,8,3,1,2,2,3,3,10,8,0,0
5,2077,4,0,3,0,8,8,3,1,2,2,3,3,10,8,0,0
5,2077,4,0,3,0,8,8,3,1,2,2,2,3,8,8,0,0
5,2077,4,0,3,0,8,8,3,1,2,2,2,3,8,8,0,0
5,2077,4,0,3,0,8,8,3,1,2,2,2,3,8,8,0,0
5,2077,4,0,3,0,8,8,3,1,2,2,2,3,8,8,0,0
5,2077,4,0,3,0,8,8,3,1,2,2,2,3,8,8,0,0
5,2077,4,0,3,0,8,8,3,1,2,2,2,3,8,8,0,0
5,2077,4,0,3,0,8,8,3,1,2,2,2,3,8,8,0,0
5,2077,4,0,3,0,8,8,3,1,2,2,2,3,8,8,0,0
5,2077,4,0,3,0,8,8,3,1,2,2,2,3,7,8,0,0
6,2078,4,0,3,0,8,8,3,1,2,2,2,3,4,8,0,0
6,2078,4,0,3,0,8,8,3,1,2,2,2,3,4,8,0,0
6,2078,4,0,3,0,8,8,3,1,2,2,2,3,4,8,0,0
6,2078,4,0,3,0,8,8,3,1,2,2,2,3,4,8,0,0
6,2078,4,0,3,0,8,8,3,1,2,2,2,3,4,8,0,0
6,2078,4,0,3,0,8,8,3,1,2,2,2,3,4,8,0,0
6,2078,4,0,3,0,8,8,3,1,2,2,3,3,4,8,0,0
6,2078,4,0,3,0,8,8,3,1,2,2,3,2,5,8,0,0
6,2078,4,0,3,0,8,8,3,1,2,2,3,2,5,8,0,0
6,2078,4,0,3,0,8,8,3,1,2,2,3,2,5,8,0,0
6,2078,4,0,3,0,8,8,3,1,2,2,3,2,5,8,0,0
6,2078,4,0,3,0,8,8,3,1,2,2,3,2,5,8,0,0
6,2078,4,0,3,0,8,8,3,1,2,2,3,2,5,8,0,0
6,2078,4,0,3,0,8,8,3,1,2,2,3,2,5,8,0,0
6,2078,4,0,3,0,8,8,3,1,2,2,3,2,5,8,0,0
6,2078,4,0,3,0,8,8,3,1,2,2,2,2,4,8,0,0
6,2078,4,0,3,0,8,8,3,1,2,2,2,2,4,8,0,0
6,2078,4,0,3,0,8,8,3,1,2,2,2,2,4,8,0,0
6,2078,4,0,3,0,8,8,3,1,2,2,2,2,4,8,0,0
6,2078,4,0,3,0,8,8,3,1,2,2,2,1,4,8,0,0
6,2078,4,0,3,0,8,8,3,1,2,2,2,1,4,8,0,0
6,2078,4,0,3,0,8,8,3,1,2,2,2,1,4,7,0,0
6,2078,4,0,3,0,8,8,3,1,2,2,2,1,4,7,0,0
6,2078,4,0,3,0,8,8,3,1,2,2,2,1,4,7,0,0
7,2079,4,0,4,0,9,8,4,1,3,2,3,1,7,7,0,0
7,2079,4,0,4,0,9,8,4,1,3,2,3,1,7,7,0,0
7,2079,4,0,4,0,9,8,4,1,3,2,3,1,7,7,0,0
7,2079,4,0,4,0,9,8,4,1,3,2,3,1,7,7,0,0
7,2079,4,0,4,0,9,8,4,1,3,2,3,1,7,7,0,0
7,2079,4,0,4,0,9,8,4,1,3,2,3,1,7,7,0,0
7,2079,4,0,4,0,9,8,4,1,3,2,3,1,8,7,8,0
7,2079,4,0,4,0,10,9,4,3,3,3,4,2,8,8,8,1
7,2079,4,0,4,0,10,10,4,4,3,3,4,2,8,8,8,1
7,2079,4,0,4,0,10,10,4,4,3,2,4,2,8,8,9,1
7,2079,4,0,4,0,10,10,4,4,3,3,4,2,8,8,9,1
7,2079,4,0,4,0,10,10,4,4,3,2,4,2,8,8,9,1
7,2079,4,0,4,0,10,10,4,4,3,3,4,2,8,8,9,1
7,2079,4,0,4,0,10,10,4,4,3,3,4,2,8,8,5,1
7,2079,4,0,4,0,10,10,4,3,3,3,4,2,8,9,5,1
7,2079,4,0,4,0,10,10,4,3,3,3,4,2,8,8,5,0
7,2079,4,0,4,0,9,10,4,3,3,3,3,2,8,8,5,0
7,2079,4,0,4,0,9,10,4,3,3,3,3,2,8,8,0,0
7,2079,4,0,4,0,9,10,4,3,3,3,3,2,8,8,0,0
7,2079,4,0,4,0,9,10,4,3,3,3,3,2,8,8,0,0
7,2079,4,0,4,0,9,10,4,3,3,3,3,2,8,8,0,0
7,2079,4,0,4,0,9,10,4,3,3,3,3,2,8,8,0,0
7,2079,4,0,4,0,9,10,4,3,3,3,3,2,8,8,0,0
7,2079,4,0,4,0,9,10,4,3,3,3,3,2,7,8,0,0
8,2080,4,0,4,0,9,10,4,3,3,3,3,2,4,8,0,0
8,2080,4,0,4,0,9,10,4,3,3,3,3,2,4,8,0,0
8,2080,4,0,4,0,9,10,4,3,3,3,3,2,4,8,0,0
8,2080,4,0,4,0,9,10,4,3,3,3,3,2,4,8,0,0
8,2080,4,0,4,0,9,10,4,3,3,3,3,2,4,8,0,0
8,2080,4,0,4,0,9,10,4,3,3,3,3,2,4,8,0,0
8,2080,4,0,4,0,9,10,4,3,3,3,3,2,4,8,8,0
8,2080,4,0,4,0,10,10,4,4,3,3,4,3,5,8,8,2
8,2080,4,0,4,0,10,10,4,4,3,3,4,3,5,8,8,3
8,2080,4,0,4,0,10,10,4,4,3,3,4,3,5,8,9,3
8,2080,4,0,4,0,10,10,4,4,3,3,4,3,5,8,9,3
8,2080,4,0,4,0,10,10,4,3,3,3,4,3,5,8,9,3
8,2080,4,0,4,0,10,10,4,3,3,3,4,3,5,8,9,3
8,2080,4,0,4,0,10,10,4,3,3,3,4,3,5,8,5,3
8,2080,4,0,4,0,10,10,4,3,3,3,4,3,5,8,5,3
8,2080,4,0,4,0,10,10,4,3,3,3,4,3,4,8,5,3
8,2080,4,0,4,0,9,10,4,3,3,3,3,3,4,8,5,3
8,2080,4,0,4,0,9,10,4,3,3,3,3,3,4,8,0,3
8,2080,4,0,4,0,9,10,4,3,3,3,3,3,4,8,0,3
8,2080,4,0,4,0,9,10,4,3,3,3,3,3,4,7,0,3
8,2080,4,0,4,0,9,10,4,3,3,2,3,3,4,7,0,3
8,2080,4,0,4,0,9,10,4,3,3,2,3,3,4,7,0,3
8,2080,4,0,4,0,9,10,4,3,3,2,3,3,4,7,0,3
8,2080,4,0,4,0,9,10,4,3,3,2,3,3,4,7,0,3
9,2081,4,0,4,0,9,10,4,3,3,2,3,3,7,7,0,3
9,2081,4,0,4,0,9,10,4,3,3,2,3,3,7,7,0,3
9,2081,4,0,4,0,9,10,4,3,3,2,3,3,7,7,0,3
9,2081,4,0,4,0,9,10,4,3,3,2,3,3,7,7,0,3
9,2081,4,0,4,0,9,10,4,3,3,2,3,3,7,7,0,3
9,2081,4,0,4,0,9,10,4,3,3,2,3,3,7,7,0,3
9,2081,4,0,4,0,9,10,4,3,3,2,3,3,10,10,8,3
9,2081,4,0,4,0,10,10,4,4,3,2,4,4,10,10,8,4
9,2081,4,0,4,0,10,10,4,4,3,2,4,4,10,10,8,5
9,2081,4,0,4,0,10,10,4,4,3,3,4,3,10,10,9,4
9,2081,4,0,4,0,10,10,4,4,3,3,4,3,10,9,9,3
9,2081,4,0,4,0,10,10,4,4,3,3,4,3,10,10,9,3
9,2081,4,0,4,0,10,10,4,4,3,3,4,3,10,10,9,3
9,2081,4,0,4,0,10,10,4,4,3,3,4,3,10,9,5,3
9,2081,4,0,4,0,10,10,4,4,3,3,4,3,10,8,5,1
9,2081,4,0,4,0,10,10,4,4,3,3,4,3,8,9,5,1
9,2081,4,0,4,0,9,10,4,4,3,3,3,3,8,9,5,1
9,2081,4,0,4,0,9,10,4,4,3,3,3,3,8,8,0,0
9,2081,4,0,4,0,9,10,4,4,3,3,3,3,8,8,0,0
9,2081,4,0,4,0,9,10,4,4,3,3,3,3,8,8,0,0
9,2081,4,0,4,0,9,10,4,4,3,3,3,3,8,8,0,0
9,2081,4,0,4,0,9,10,4,4,3,3,3,3,8,8,0,0
9,2081,4,0,4,0,9,10,4,4,3,3,3,3,8,8,0,0
9,2081,4,0,4,0,9,10,4,4,3,3,3,3,7,8,0,0
10,2082,4,0,4,0,9,10,4,4,3,3,3,3,7,8,0,0
10,2082,4,0,4,0,9,10,4,4,3,3,3,3,7,8,0,0
10,2082,4,0,4,0,9,10,4,4,3,3,3,3,7,8,0,0
10,2082,4,0,4,0,9,10,4,4,3,3,3,3,7,8,0,0
10,2082,4,0,4,0,9,10,4,4,3,3,3,3,7,8,0,0
10,2082,4,0,4,0,9,10,4,4,3,3,3,3,7,8,0,0
10,2082,4,0,4,0,9,10,4,4,3,3,3,3,8,8,8,0
10,2082,4,0,4,0,10,10,4,4,3,3,4,3,8,7,8,0
10,2082,4,0,4,0,10,10,4,4,3,3,4,3,8,8,8,0
10,2082,4,0,4,0,10,10,4,4,3,3,4,3,8,8,9,0
10,2082,4,0,4,0,10,10,4,4,3,3,4,3,8,8,9,0
10,2082,4,0,4,0,10,10,4,4,3,3,4,3,8,8,9,0
10,2082,4,0,4,0,10,10,4,4,3,3,4,3,8,8,9,0
10,2082,4,0,4,0,10,10,4,4,3,3,4,3,8,8,5,0
10,2082,4,0,4,0,10,9,4,4,3,3,4,3,8,8,5,0
10,2082,4,0,4,0,10,9,4,4,3,3,4,3,8,8,5,0
10,2082,4,0,4,0,9,9,4,4,3,3,3,3,8,8,5,0
10,2082,4,0,4,0,9,9,4,4,3,3,3,3,8,8,0,0
10,2082,4,0,4,0,9,9,4,4,3,3,3,3,8,8,0,0
10,2082,4,0,4,0,9,8,4,4,3,3,3,3,8,8,0,0
10,2082,4,0,4,0,9,8,4,4,3,3,3,3,8,8,0,0
10,2082,4,0,4,0,9,8,4,4,3,3,3,3,8,8,0,0
10,2082,4,0,4,0,9,8,4,4,3,3,3,3,8,8,0,0
10,2082,4,0,4,0,9,8,4,4,3,3,3,3,7,8,0,0
11,2083,4,0,4,0,9,8,4,4,3,3,3,3,7,8,0,0
11,2083,4,0,4,0,9,8,4,4,3,3,3,3,7,8,0,0
11,2083,4,0,4,0,9,8,4,4,3,3,3,3,7,8,0,0
11,2083,4,0,4,0,9,8,4,4,3,3,3,3,7,8,0,0
11,2083,4,0,4,0,9,8,4,4,3,3,3,3,7,8,0,0
11,2083,4,0,4,0,9,8,4,4,3,3,3,3,7,8,0,0
11,2083,4,0,4,0,9,8,4,4,3,3,3,3,8,8,8,0
11,2083,4,0,4,0,10,8,4,4,3,3,4,3,8,8,8,0
11,2083,4,0,4,0,10,10,4,4,3,3,4,3,8,8,8,1
11,2083,4,0,4,0,10,10,4,4,3,3,4,3,8,8,9,1
11,2083,4,0,4,0,10,10,4,4,3,3,4,3,8,8,9,1
11,2083,4,0,4,0,10,10,4,4,3,3,4,3,8,8,9,1
11,2083,4,0,4,0,10,10,4,4,3,3,4,3,8,8,9,1
11,2083,4,0,4,0,10,10,4,4,3,3,4,3,8,8,5,1
11,2083,4,0,4,0,10,10,4,4,3,3,4,3,8,8,5,1
11,2083,4,0,4,0,10,9,4,4,3,3,4,3,8,8,5,1
11,2083,4,0,4,0,9,9,4,4,3,3,3,3,8,8,5,1
11,2083,4,0,4,0,9,9,4,4,3,3,3,3,8,8,0,1
11,2083,4,0,4,0,9,9,4,4,3,3,3,3,8,8,0,1
11,2083,4,0,4,0,9,9,4,4,3,3,3,3,8,8,0,0
11,2083,4,0,4,0,9,9,4,4,3,3,3,2,8,8,0,0
11,2083,4,0,4,0,9,9,4,4,3,3,3,2,8,8,0,0
11,2083,4,0,4,0,9,9,4,4,3,3,3,2,8,8,0,0
11,2083,4,0,4,0,9,9,4,4,3,3,3,2,7,8,0,0
12,2084,4,0,3,0,8,9,3,4,2,3,2,2,7,8,0,0
12,2084,4,0,3,0,8,9,3,4,2,3,2,2,7,8,0,0
12,2084,4,0,3,0,8,9,3,4,2,3,2,2,7,8,0,0
12,2084,4,0,3,0,8,9,3,4,2,3,2,2,7,8,0,0
12,2084,4,0,3,0,8,9,3,4,2,3,2,2,7,8,0,0
12,2084,4,0,3,0,8,9,3,4,2,3,2,2,7,8,0,0
12,2084,4,0,3,0,8,9,3,4,2,3,3,2,10,8,0,0
12,2084,4,0,3,0,8,9,3,3,2,3,3,2,10,8,0,0
12,2084,4,0,3,0,8,8,3,3,2,3,3,2,10,8,0,0
12,2084,4,0,3,0,8,8,3,3,2,3,3,2,10,8,0,0
12,2084,4,0,3,0,8,8,3,3,2,3,3,2,10,8,0,0
12,2084,4,0,3,0,8,8,3,3,2,3,3,2,10,8,0,0
12,2084,4,0,3,0,8,8,3,3,2,3,3,2,10,8,0,0
12,2084,4,0,3,0,8,7,3,3,2,3,3,2,10,7,0,0
12,2084,4,0,3,0,8,7,3,2,2,3,3,2,10,7,0,0
12,2084,4,0,3,0,8,7,3,2,2,3,2,2,8,7,0,0
12,2084,4,0,3,0,8,7,3,2,2,3,2,2,8,7,0,0
12,2084,4,0,3,0,8,7,3,2,2,3,2,2,8,7,0,0
12,2084,4,0,3,0,8,7,3,2,2,3,2,2,8,7,0,0
12,2084,4,0,3,0,8,7,3,2,2,3,2,2,8,7,0,0
12,2084,4,0,3,0,8,7,3,2,2,3,2,2,8,7,0,0
12,2084,4,0,3,0,8,7,3,2,2,3,2,2,8,7,0,0
12,2084,4,0,3,0,8,7,3,2,2,3,2,1,8,7,0,0
12,2084,4,0,3,0,8,7,3,2,2,3,2,1,7,7,0,0
13,2085,4,0,3,0,8,7,3,2,2,3,2,1,4,7,0,0
13,2085,4,0,3,0,8,7,3,2,2,3,2,1,4,7,0,0
13,2085,4,0,3,0,8,7,3,2,2,3,2,1,4,7,0,0
13,2085,4,0,3,0,8,7,3,2,2,3,2,1,4,7,0,0
13,2085,4,0,3,0,8,7,3,2,2,3,2,1,4,7,0,0
13,2085,4,0,3,0,8,7,3,2,2,3,2,1,4,7,0,0
13,2085,4,0,3,0,8,7,3,2,2,3,3,1,4,7,0,0
13,2085,4,0,3,0,8,7,3,2,2,3,3,1,5,6,0,0
13,2085,4,0,3,0,8,7,3,2,2,3,3,1,5,6,0,0
13,2085,4,0,3,0,8,7,3,2,2,3,3,1,5,6,0,0
13,2085,4,0,3,0,8,7,3,2,2,3,3,1,5,6,0,0
13,2085,4,0,3,0,8,7,3,2,2,3,3,1,5,6,0,0
13,2085,4,0,3,0,8,7,3,2,2,3,3,1,5,6,0,0
13,2085,4,0,3,0,8,7,3,2,2,3,3,1,5,6,0,0
13,2085,4,0,3,0,8,7,3,2,2,3,3,1,5,6,0,0
13,2085,4,0,3,0,8,7,3,2,2,3,2,1,4,6,0,0
13,2085,4,0,3,0,8,7,3,2,2,3,2,0,4,6,0,0
13,2085,4,0,3,0,8,7,3,2,2,3,2,0,4,6,0,0
13,2085,4,0,3,0,8,7,3,2,2,3,2,0,4,6,0,0
13,2085,4,0,3,0,8,7,3,2,2,3,2,0,4,6,0,0
13,2085,4,0,3,0,8,7,3,2,2,3,2,0,4,6,0,0
13,2085,4,0,3,0,8,7,3,2,2,3,2,0,4,6,0,0
13,2085,4,0,3,0,8,7,3,2,2,3,2,0,4,6,0,0
13,2085,4,0,3,0,8,7,3,2,2,3,2,0,4,6,0,0
14,2086,4,0,4,0,9,7,4,2,3,3,3,0,7,6,0,0
14,2086,4,0,4,0,9,7,4,2,3,3,3,0,7,6,0,0
14,2086,4,0,4,0,9,7,4,2,3,3,3,0,7,6,0,0
14,2086,4,0,4,0,9,7,4,2,3,3,3,0,7,6,0,0
14,2086,4,0,4,0,9,7,4,2,3,3,3,0,7,6,0,0
14,2086,4,0,4,0,9,7,4,2,3,3,3,0,7,6,0,0
14,2086,4,0,4,0,9,7,4,2,3,3,3,0,8,6,8,0
14,2086,4,0,4,0,10,9,4,4,3,3,4,1,8,8,8,2
14,2086,4,0,4,0,10,10,4,4,3,3,4,1,8,8,8,2
14,2086,4,0,4,0,10,10,4,4,3,3,4,1,8,8,9,2
14,2086,4,0,4,0,10,9,4,4,3,3,4,1,8,8,9,2
14,2086,4,0,4,0,10,10,4,4,3,3,4,1,8,8,9,2
14,2086,4,0,4,0,10,10,4,4,3,3,4,1,8,8,9,2
14,2086,4,0,4,0,10,10,4,4,3,3,4,1,8,8,5,2
14,2086,4,0,4,0,10,10,4,4,3,3,4,1,8,8,5,1
14,2086,4,0,4,0,10,10,4,4,3,3,4,1,8,8,5,1
14,2086,4,0,4,0,9,10,4,4,3,3,3,1,8,8,5,1
14,2086,4,0,4,0,9,10,4,4,3,3,3,1,8,8,0,1
14,2086,4,0,4,0,9,10,4,4,3,3,3,1,8,8,0,1
14,2086,4,0,4,0,9,10,4,4,3,3,3,1,8,8,0,0
14,2086,4,0,4,0,9,10,4,4,3,3,3,1,8,8,0,0
14,2086,4,0,4,0,9,10,4,4,3,3,3,1,8,8,0,0
14,2086,4,0,4,0,9,10,4,4,3,3,3,1,8,8,0,0
14,2086,4,0,4,0,9,10,4,4,3,3,3,1,7,8,0,0
15,2087,4,0,4,0,9,10,4,4,3,3,3,1,4,8,0,0
15,2087,4,0,4,0,9,10,4,4,3,3,3,1,4,8,0,0
15,2087,4,0,4,0,9,10,4,4,3,3,3,1,4,8,0,0
15,2087,4,0,4,0,9,10,4,4,3,3,3,1,4,8,0,0
15,2087,4,0,4,0,9,10,4,4,3,3,3,1,4,8,0,0
15,2087,4,0,4,0,9,10,4,4,3,3,3,1,4,8,0,0
15,2087,4,0,4,0,9,10,4,4,3,3,3,1,4,8,8,0
15,2087,4,0,4,0,10,10,4,4,3,3,4,2,5,8,8,2
15,2087,4,0,4,0,10,10,4,4,3,3,4,2,5,8,8,3
15,2087,4,0,4,0,10,10,4,4,3,3,4,2,5,8,9,4
15,2087,4,0,4,0,10,10,4,4,3,3,4,2,5,8,9,4
15,2087,4,0,4,0,10,9,4,4,3,3,4,2,5,8,9,4
15,2087,4,0,4,0,10,9,4,4,3,3,4,2,5,8,9,4
15,2087,4,0,4,0,10,9,4,4,3,3,4,2,5,8,5,4
15,2087,4,0,4,0,10,10,4,4,3,3,4,2,5,8,5,4
15,2087,4,0,4,0,10,10,4,4,3,3,4,2,4,8,5,4
15,2087,4,0,4,0,9,9,4,4,3,3,3,2,4,7,5,3
15,2087,4,0,4,0,9,9,4,4,3,3,3,2,4,7,0,3
15,2087,4,0,4,0,9,8,4,4,3,3,3,2,4,7,0,2
15,2087,4,0,4,0,9,8,4,4,3,3,3,2,4,7,0,2
15,2087,4,0,4,0,9,8,4,4,3,3,3,2,4,7,0,2
15,2087,4,0,4,0,9,8,4,4,3,3,3,2,4,7,0,2
15,2087,4,0,4,0,9,8,4,4,3,3,3,2,4,7,0,2
15,2087,4,0,4,0,9,8,4,4,3,3,3,2,4,7,0,2
16,2088,4,0,4,0,9,8,4,4,3,3,3,2,7,7,0,2
16,2088,4,0,4,0,9,8,4,4,3,3,3,2,7,7,0,2
16,2088,4,0,4,0,9,8,4,4,3,3,3,2,7,7,0,2
16,2088,4,0,4,0,9,8,4,4,3,3,3,2,7,7,0,2
16,2088,4,0,4,0,9,8,4,4,3,3,3,2,7,7,0,2
16,2088,4,0,4,0,9,8,4,4,3,3,3,2,7,7,0,2
16,2088,4,0,4,0,9,8,4,4,3,3,3,2,10,8,8,2
16,2088,4,0,4,0,10,10,4,3,3,3,4,3,10,10,8,2
16,2088,4,0,4,0,10,10,4,3,3,3,4,3,10,10,8,2
16,2088,4,0,4,0,10,9,4,4,3,3,4,3,10,10,9,3
16,2088,4,0,4,0,10,10,4,4,3,3,4,3,10,11,9,3
16,2088,4,0,4,0,10,10,4,4,3,3,4,3,10,11,9,3
16,2088,4,0,4,0,10,10,4,4,3,3,4,3,10,11,9,3
16,2088,4,0,4,0,10,9,4,4,3,3,4,3,10,10,5,3
16,2088,4,0,4,0,10,9,4,4,3,3,4,3,10,10,5,3
16,2088,4,0,4,0,10,9,4,4,3,3,4,3,8,10,5,2
16,2088,4,0,4,0,9,9,4,4,3,3,3,3,8,9,5,1
16,2088,4,0,4,0,9,9,4,4,3,3,3,3,8,9,0,1
16,2088,4,0,4,0,9,9,4,4,3,3,3,3,8,9,0,1
16,2088,4,0,4,0,9,9,4,4,3,3,3,3,8,9,0,1
16,2088,4,0,4,0,9,9,4,4,3,3,3,3,8,9,0,1
16,2088,4,0,4,0,9,9,4,4,3,3,3,3,8,8,0,0
16,2088,4,0,4,0,9,9,4,4,3,3,3,3,8,8,0,0
16,2088,4,0,4,0,9,9,4,4,3,3,3,3,7,8,0,0
17,2089,4,0,4,0,9,9,4,4,3,3,3,3,7,8,0,0
17,2089,4,0,4,0,9,9,4,4,3,3,3,3,7,8,0,0
17,2089,4,0,4,0,9,9,4,4,3,3,3,3,7,8,0,0
17,2089,4,0,4,0,9,9,4,4,3,3,3,3,7,8,0,0
17,2089,4,0,4,0,9,9,4,4,3,3,3,3,7,8,0,0
17,2089,4,0,4,0,9,9,4,4,3,3,3,3,7,8,0,0
17,2089,4,0,4,0,9,9,4,4,3,3,3,3,8,8,8,0
17,2089,4,0,4,0,10,8,4,4,3,3,4,4,8,8,8,0
17,2089,4,0,4,0,10,10,4,4,3,3,4,4,8,8,8,0
17,2089,4,0,4,0,10,10,4,4,3,3,4,3,8,8,9,0
17,2089,4,0,4,0,10,10,4,4,3,3,4,3,8,8,9,0
17,2089,4,0,4,0,10,10,4,4,3,3,4,3,8,8,9,0
17,2089,4,0,4,0,10,10,4,4,3,3,4,2,8,8,9,0
17,2089,4,0,4,0,10,10,4,4,3,3,4,2,8,8,5,0
17,2089,4,0,4,0,10,10,4,4,3,3,4,2,8,8,5,0
17,2089,4,0,4,0,10,10,4,4,3,3,4,2,8,8,5,0
17,2089,4,0,4,0,9,10,4,4,3,3,3,2,8,8,5,0
17,2089,4,0,4,0,9,10,4,4,3,3,3,2,8,8,0,0
17,2089,4,0,4,0,9,10,4,4,3,3,3,2,8,8,0,0
17,2089,4,0,4,0,9,10,4,4,3,3,3,2,8,8,0,0
17,2089,4,0,4,0,9,10,4,4,3,3,3,2,8,8,0,0
17,2089,4,0,4,0,9,10,4,4,3,3,3,2,8,8,0,0
17,2089,4,0,4,0,9,10,4,4,3,3,3,2,8,8,0,0
17,2089,4,0,4,0,9,10,4,4,3,3,3,2,7,8,0,0
18,2090,4,0,4,0,9,10,4,4,3,3,3,2,7,8,0,0
18,2090,4,0,4,0,9,10,4,4,3,3,3,2,7,8,0,0
18,2090,4,0,4,0,9,10,4,4,3,3,3,2,7,8,0,0
18,2090,4,0,4,0,9,10,4,4,3,3,3,2,7,8,0,0
18,2090,4,0,4,0,9,10,4,4,3,3,3,2,7,8,0,0
18,2090,4,0,4,0,9,10,4,4,3,3,3,2,7,8,0,0
18,2090,4,0,4,0,9,10,4,4,3,3,3,2,8,8,8,0
18,2090,4,0,4,0,10,9,4,4,3,3,4,3,8,8,8,1
18,2090,4,0,4,0,10,10,4,4,3,3,4,3,8,8,8,1
18,2090,4,0,4,0,10,10,4,4,3,3,4,3,8,8,9,2
18,2090,4,0,4,0,10,10,4,4,3,3,4,3,8,8,9,2
18,2090,4,0,4,0,10,10,4,4,3,3,4,3,8,8,9,2
18,2090,4,0,4,0,10,10,4,4,3,3,4,3,8,9,9,2
18,2090,4,0,4,0,10,10,4,4,3,3,4,3,8,9,5,2
18,2090,4,0,4,0,10,10,4,4,3,3,4,3,8,9,5,2
18,2090,4,0,4,0,10,10,4,4,3,3,4,3,8,9,5,2
18,2090,4,0,4,0,9,10,4,4,3,3,3,3,8,9,5,2
18,2090,4,0,4,0,9,10,4,4,3,3,3,3,8,8,0,1
18,2090,4,0,4,0,9,10,4,4,3,3,3,3,8,8,0,1
18,2090,4,0,4,0,9,10,4,4,3,3,3,3,8,8,0,1
18,2090,4,0,4,0,9,10,4,4,3,3,3,3,8,8,0,1
18,2090,4,0,4,0,9,10,4,4,3,3,3,3,8,8,0,1
18,2090,4,0,4,0,9,9,4,4,3,3,3,3,8,8,0,0
18,2090,4,0,4,0,9,9,4,4,3,3,3,3,7,8,0,0
19,2091,4,0,3,0,8,9,3,4,2,3,2,3,7,8,0,0
19,2091,4,0,3,0,8,9,3,4,2,3,2,3,7,8,0,0
19,2091,4,0,3,0,8,9,3,4,2,3,2,3,7,8,0,0
19,2091,4,0,3,0,8,9,3,4,2,3,2,3,7,8,0,0
19,2091,4,0,3,0,8,9,3,4,2,3,2,3,7,8,0,0
19,2091,4,0,3,0,8,9,3,4,2,3,2,3,7,8,0,0
19,2091,4,0,3,0,8,9,3,4,2,3,3,3,10,8,0,0
19,2091,4,0,3,0,8,8,3,3,2,3,3,3,10,7,0,0
19,2091,4,0,3,0,8,8,3,3,2,3,3,2,10,7,0,0
19,2091,4,0,3,0,8,8,3,3,2,3,3,2,10,7,0,0
19,2091,4,0,3,0,8,8,3,3,2,3,3,2,10,7,0,0
19,2091,4,0,3,0,8,8,3,3,2,3,3,2,10,7,0,0
19,2091,4,0,3,0,8,8,3,3,2,3,3,2,10,7,0,0
19,2091,4,0,3,0,8,8,3,3,2,3,3,2,10,7,0,0
19,2091,4,0,3,0,8,8,3,3,2,3,3,2,10,7,0,0
19,2091,4,0,3,0,8,8,3,3,2,3,2,2,8,6,0,0
19,2091,4,0,3,0,8,8,3,3,2,3,2,2,8,6,0,0
19,2091,4,0,3,0,8,8,3,3,2,3,2,2,8,6,0,0
19,2091,4,0,3,0,8,8,3,3,2,3,2,2,8,6,0,0
19,2091,4,0,3,0,8,8,3,3,2,3,2,2,8,6,0,0
19,2091,4,0,3,0,8,8,3,3,2,3,2,2,8,6,0,0
19,2091,4,0,3,0,8,8,3,3,2,3,2,2,8,6,0,0
19,2091,4,0,3,0,8,8,3,3,2,3,2,2,8,6,0,0
19,2091,4,0,3,0,8,8,3,3,2,3,2,2,7,6,0,0
20,2092,4,0,3,0,8,8,3,3,2,3,2,2,4,6,0,0
20,2092,4,0,3,0,8,8,3,3,2,3,2,2,4,6,0,0
20,2092,4,0,3,0,8,8,3,3,2,3,2,2,4,6,0,0
20,2092,4,0,3,0,8,8,3,3,2,3,2,2,4,6,0,0
20,2092,4,0,3,0,8,8,3,3,2,3,2,2,4,6,0,0
20,2092,4,0,3,0,8,8,3,3,2,3,2,2,4,6,0,0
20,2092,4,0,3,0,8,8,3,3,2,3,3,2,4,6,0,0
20,2092,4,0,3,0,8,8,3,3,2,3,3,1,5,6,0,0
20,2092,4,0,3,0,8,8,3,3,2,3,3,1,5,6,0,0
20,2092,4,0,3,0,8,8,3,3,2,3,3,1,5,6,0,0
20,2092,4,0,3,0,8,8,3,3,2,3,3,1,5,6,0,0
20,2092,4,0,3,0,8,8,3,3,2,3,3,1,5,6,0,0
20,2092,4,0,3,0,8,8,3,3,2,3,3,1,5,6,0,0
20,2092,4,0,3,0,8,8,3,3,2,3,3,1,5,6,0,0
20,2092,4,0,3,0,8,8,3,3,2,3,3,1,5,6,0,0
20,2092,4,0,3,0,8,8,3,3,2,3,2,1,4,6,0,0
20,2092,4,0,3,0,8,8,3,3,2,3,2,1,4,6,0,0
20,2092,4,0,3,0,8,8,3,3,2,3,2,1,4,6,0,0
20,2092,4,0,3,0,8,8,3,3,2,3,2,1,4,6,0,0
20,2092,4,0,3,0,8,8,3,3,2,3,2,1,4,6,0,0
20,2092,4,0,3,0,8,8,3,3,2,3,2,1,4,6,0,0
20,2092,4,0,3,0,8,8,3,3,2,3,2,1,4,6,0,0
20,2092,4,0,3,0,8,8,3,3,2,3,2,1,4,6,0,0
20,2092,4,0,3,0,8,8,3,3,2,3,2,1,4,6,0,0
21,2093,4,0,4,0,9,8,4,3,3,3,3,1,7,6,0,0
21,2093,4,0,4,0,9,8,4,3,3,3,3,1,7,6,0,0
21,2093,4,0,4,0,9,8,4,3,3,3,3,1,7,6,0,0
21,2093,4,0,4,0,9,8,4,3,3,3,3,1,7,6,0,0
21,2093,4,0,4,0,9,8,4,3,3,3,3,1,7,6,0,0
21,2093,4,0,4,0,9,8,4,3,3,3,3,1,7,6,0,0
21,2093,4,0,4,0,9,8,4,3,3,3,3,1,8,6,8,0
21,2093,4,0,4,0,10,9,4,4,3,3,4,1,8,8,8,1
21,2093,4,0,4,0,10,10,4,4,3,3,4,1,8,8,8,1
21,2093,4,0,4,0,10,10,4,3,3,3,4,1,8,8,9,1
21,2093,4,0,4,0,10,10,4,4,3,3,4,1,8,7,9,1
21,2093,4,0,4,0,10,10,4,4,3,3,4,1,8,7,9,1
21,2093,4,0,4,0,10,10,4,4,3,3,4,1,8,7,9,1
21,2093,4,0,4,0,10,10,4,4,3,3,4,1,8,6,5,1
21,2093,4,0,4,0,10,10,4,4,3,3,4,1,8,6,5,1
21,2093,4,0,4,0,10,10,4,4,3,3,4,1,8,6,5,1
21,2093,4,0,4,0,9,10,4,4,3,3,3,1,8,6,5,1
21,2093,4,0,4,0,9,10,4,4,3,3,3,1,8,6,0,0
21,2093,4,0,4,0,9,10,4,4,3,3,3,1,8,6,0,0
21,2093,4,0,4,0,9,10,4,4,3,3,3,1,8,6,0,0
21,2093,4,0,4,0,9,10,4,4,3,3,3,1,8,6,0,0
21,2093,4,0,4,0,9,10,4,4,3,3,3,1,8,6,0,0
21,2093,4,0,4,0,9,10,4,4,3,3,3,1,8,6,0,0
21,2093,4,0,4,0,9,10,4,4,3,3,3,1,7,6,0,0
22,2094,4,0,4,0,9,10,4,4,3,3,3,1,4,6,0,0
22,2094,4,0,4,0,9,10,4,4,3,3,3,1,4,6,0,0
22,2094,4,0,4,0,9,10,4,4,3,3,3,1,4,6,0,0
22,2094,4,0,4,0,9,10,4,4,3,3,3,1,4,6,0,0
22,2094,4,0,4,0,9,10,4,4,3,3,3,1,4,6,0,0
22,2094,4,0,4,0,9,10,4,4,3,3,3,1,4,6,0,0
22,2094,4,0,4,0,9,10,4,4,3,3,3,1,4,6,8,0
22,2094,4,0,4,0,10,9,4,3,3,3,4,2,5,6,8,5
22,2094,4,0,4,0,10,10,4,4,3,3,4,2,5,6,8,6
22,2094,4,0,4,0,10,10,4,4,3,3,4,2,5,7,9,7
22,2094,4,0,4,0,10,10,4,3,3,3,4,2,5,7,9,8
22,2094,4,0,4,0,10,10,4,3,3,3,4,2,5,7,9,8
22,2094,4,0,4,0,10,10,4,3,3,3,4,2,5,6,9,7
22,2094,4,0,4,0,10,10,4,3,3,3,4,2,5,6,5,7
22,2094,4,0,4,0,10,10,4,3,3,3,4,2,5,6,5,7
22,2094,4,0,4,0,10,10,4,3,3,3,4,2,4,6,5,5
22,2094,4,0,4,0,9,10,4,3,3,3,3,2,4,6,5,5
22,2094,4,0,4,0,9,10,4,3,3,3,3,2,4,6,0,5
22,2094,4,0,4,0,9,10,4,3,3,3,3,2,4,6,0,5
22,2094,4,0,4,0,9,10,4,3,3,3,3,2,4,6,0,5
22,2094,4,0,4,0,9,10,4,3,3,3,3,2,4,6,0,4
22,2094,4,0,4,0,9,10,4,3,3,3,3,2,4,6,0,3
22,2094,4,0,4,0,9,10,4,3,3,3,3,2,4,6,0,3
22,2094,4,0,4,0,9,10,4,3,3,3,3,2,4,6,0,3
23,2095,4,0,4,0,9,10,4,3,3,3,3,2,7,7,0,3
23,2095,4,0,4,0,9,10,4,3,3,3,3,2,7,7,0,3
23,2095,4,0,4,0,9,10,4,3,3,3,3,2,7,7,0,3
23,2095,4,0,4,0,9,10,4,3,3,3,3,2,7,7,0,3
23,2095,4,0,4,0,9,10,4,3,3,3,3,2,7,7,0,3
23,2095,4,0,4,0,9,10,4,3,3,3,3,2,7,7,0,3
23,2095,4,0,4,0,9,10,4,3,3,3,3,2,10,9,8,3
23,2095,4,0,4,0,10,10,4,4,3,3,4,3,10,8,8,2
23,2095,4,0,4,0,10,10,4,4,3,3,4,3,10,10,8,2
23,2095,4,0,4,0,10,10,4,4,3,3,4,3,10,10,9,1
23,2095,4,0,4,0,10,10,4,4,3,3,4,3,10,10,9,1
23,2095,4,0,4,0,10,10,4,4,3,3,4,3,10,10,9,1
23,2095,4,0,4,0,10,10,4,4,3,3,4,3,10,10,9,1
23,2095,4,0,4,0,10,10,4,4,3,3,4,3,10,9,5,0
23,2095,4,0,4,0,10,10,4,4,3,3,4,3,10,10,5,0
23,2095,4,0,4,0,10,9,4,4,3,3,4,3,8,9,5,0
23,2095,4,0,4,0,9,9,4,4,3,3,3,3,8,9,5,0
23,2095,4,0,4,0,9,9,4,4,3,3,3,3,8,9,0,0
23,2095,4,0,4,0,9,9,4,4,3,3,3,3,8,9,0,0
23,2095,4,0,4,0,9,9,4,4,3,3,3,3,8,9,0,0
23,2095,4,0,4,0,9,9,4,4,3,3,3,3,8,9,0,0
23,2095,4,0,4,0,9,9,4,4,3,3,3,3,8,9,0,0
23,2095,4,0,4,0,9,9,4,4,3,3,3,3,8,8,0,0
23,2095,4,0,4,0,9,9,4,4,3,3,3,3,7,8,0,0
24,2096,4,0,4,0,9,9,4,4,3,3,3,3,7,8,0,0
24,2096,4,0,4,0,9,9,4,4,3,3,3,3,7,8,0,0
24,2096,4,0,4,0,9,9,4,4,3,3,3,3,7,8,0,0
24,2096,4,0,4,0,9,9,4,4,3,3,3,3,7,8,0,0
24,2096,4,0,4,0,9,9,4,4,3,3,3,3,7,8,0,0
24,2096,4,0,4,0,9,9,4,4,3,3,3,3,7,8,0,0
24,2096,4,0,4,0,9,9,4,4,3,3,3,3,8,8,8,0
24,2096,4,0,4,0,10,9,4,4,3,3,4,4,8,8,8,0
24,2096,4,0,4,0,10,10,4,4,3,3,4,4,8,8,8,0
24,2096,4,0,4,0,10,10,4,4,3,3,4,4,8,8,9,0
24,2096,4,0,4,0,10,10,4,4,3,3,4,4,8,8,9,0
24,2096,4,0,4,0,10,10,4,4,3,3,4,4,8,8,9,0
24,2096,4,0,4,0,10,10,4,4,3,3,4,4,8,8,9,0
24,2096,4,0,4,0,10,10,4,4,3,3,4,4,8,8,5,0
24,2096,4,0,4,0,10,10,4,4,3,3,4,4,8,8,5,0
24,2096,4,0,4,0,10,10,4,4,3,3,4,4,8,8,5,0
24,2096,4,0,4,0,9,10,4,4,3,3,3,4,8,8,5,0
24,2096,4,0,4,0,9,10,4,4,3,3,3,4,8,8,0,0
24,2096,4,0,4,0,9,10,4,4,3,3,3,4,8,8,0,0
24,2096,4,0,4,0,9,10,4,4,3,3,3,4,8,8,0,0
24,2096,4,0,4,0,9,10,4,4,3,3,3,4,8,8,0,0
24,2096,4,0,4,0,9,10,4,4,3,3,3,4,8,8,0,0
24,2096,4,0,4,0,9,10,4,4,3,3,3,4,8,8,0,0
24,2096,4,0,4,0,9,10,4,4,3,3,3,4,7,8,0,0
25,2097,4,0,4,0,9,10,4,4,3,3,3,4,7,8,0,0
25,2097,4,0,4,0,9,10,4,4,3,3,3,4,7,8,0,0
25,2097,4,0,4,0,9,10,4,4,3,3,3,4,7,8,0,0
25,2097,4,0,4,0,9,10,4,4,3,3,3,4,7,8,0,0
25,2097,4,0,4,0,9,10,4,4,3,3,3,4,7,8,0,0
25,2097,4,0,4,0,9,10,4,4,3,3,3,4,7,8,0,0
25,2097,4,0,4,0,9,10,4,4,3,3,3,4,8,8,8,0
25,2097,4,0,4,0,10,10,4,4,3,3,4,4,8,8,8,1
25,2097,4,0,4,0,10,10,4,4,3,3,4,4,8,8,8,1
25,2097,4,0,4,0,10,10,4,4,3,3,4,4,8,8,9,2
25,2097,4,0,4,0,10,10,4,4,3,3,4,4,8,8,9,3
25,2097,4,0,4,0,10,10,4,4,3,3,4,4,8,8,9,4
25,2097,4,0,4,0,10,10,4,4,3,3,4,4,8,8,9,4
25,2097,4,0,4,0,10,10,4,4,3,3,4,4,8,8,5,4
25,2097,4,0,4,0,10,10,4,4,3,3,4,3,8,8,5,4
25,2097,4,0,4,0,10,10,4,4,3,3,4,3,8,8,5,1
25,2097,4,0,4,0,9,10,4,4,3,3,3,3,8,8,5,1
25,2097,4,0,4,0,9,10,4,4,3,3,3,3,8,8,0,1
25,2097,4,0,4,0,9,10,4,4,3,3,3,3,8,8,0,1
25,2097,4,0,4,0,9,10,4,4,3,3,3,3,8,8,0,1
25,2097,4,0,4,0,9,10,4,4,3,3,3,3,8,8,0,1
25,2097,4,0,4,0,9,10,4,4,3,3,3,3,8,8,0,1
25,2097,4,0,4,0,9,10,4,4,3,3,3,3,8,8,0,1
25,2097,4,0,4,0,9,10,4,4,3,3,3,3,7,8,0,1
26,2098,4,0,3,0,8,10,3,4,2,3,2,3,7,8,0,1
26,2098,4,0,3,0,8,10,3,4,2,3,2,3,7,8,0,1
26,2098,4,0,3,0,8,10,3,4,2,3,2,3,7,8,0,1
26,2098,4,0,3,0,8,10,3,4,2,3,2,3,7,8,0,1
26,2098,4,0,3,0,8,10,3,4,2,3,2,3,7,8,0,1
26,2098,4,0,3,0,8,10,3,4,2,3,2,3,7,8,0,1
26,2098,4,0,3,0,8,10,3,4,2,3,3,3,10,8,0,1
26,2098,4,0,3,0,8,9,3,4,2,3,3,3,10,7,0,1
26,2098,4,0,3,0,8,9,3,4,2,3,3,3,10,7,0,1
26,2098,4,0,3,0,8,9,3,4,2,3,3,3,10,7,0,1
26,2098,4,0,3,0,8,9,3,4,2,3,3,3,10,7,0,1
26,2098,4,0,3,0,8,9,3,4,2,3,3,3,10,7,0,1
26,2098,4,0,3,0,8,9,3,4,2,3,3,3,10,7,0,1
26,2098,4,0,3,0,8,9,3,4,2,3,3,3,10,7,0,1
26,2098,4,0,3,0,8,9,3,4,2,3,3,3,10,7,0,1
26,2098,4,0,3,0,8,9,3,4,2,3,2,3,8,7,0,0
26,2098,4,0,3,0,8,9,3,4,2,3,2,3,8,7,0,0
26,2098,4,0,3,0,8,9,3,4,2,3,2,3,8,7,0,0
26,2098,4,0,3,0,8,9,3,4,2,3,2,3,8,7,0,0
26,2098,4,0,3,0,8,9,3,4,2,3,2,3,8,7,0,0
26,2098,4,0,3,0,8,9,3,4,2,3,2,3,8,7,0,0
26,2098,4,0,3,0,8,9,3,4,2,3,2,3,8,7,0,0
26,2098,4,0,3,0,8,9,3,4,2,3,2,3,8,7,0,0
26,2098,4,0,3,0,8,9,3,4,2,3,2,3,7,7,0,0
27,2099,4,0,3,0,8,9,3,4,2,3,2,3,4,7,0,0
27,2099,4,0,3,0,8,9,3,4,2,3,2,3,4,7,0,0
27,2099,4,0,3,0,8,9,3,4,2,3,2,3,4,7,0,0
27,2099,4,0,3,0,8,9,3,4,2,3,2,3,4,7,0,0
27,2099,4,0,3,0,8,9,3,4,2,3,2,3,4,7,0,0
27,2099,4,0,3,0,8,9,3,4,2,3,2,3,4,7,0,0
27,2099,4,0,3,0,8,9,3,4,2,3,3,3,4,7,0,0
27,2099,4,0,3,0,8,9,3,4,2,3,3,2,5,7,0,0
27,2099,4,0,3,0,8,9,3,4,2,3,3,2,5,7,0,0
27,2099,4,0,3,0,8,9,3,4,2,3,3,2,5,7,0,0
27,2099,4,0,3,0,8,9,3,4,2,3,3,2,5,7,0,0
27,2099,4,0,3,0,8,9,3,4,2,3,3,2,5,7,0,0
27,2099,4,0,3,0,8,9,3,4,2,3,3,2,5,7,0,0
27,2099,4,0,3,0,8,9,3,4,2,3,3,2,5,7,0,0
27,2099,4,0,3,0,8,9,3,4,2,3,3,2,5,7,0,0
27,2099,4,0,3,0,8,9,3,4,2,3,2,2,4,7,0,0
27,2099,4,0,3,0,8,9,3,4,2,3,2,2,4,7,0,0
27,2099,4,0,3,0,8,9,3,4,2,3,2,2,4,7,0,0
27,2099,4,0,3,0,8,9,3,4,2,3,2,1,4,7,0,0
27,2099,4,0,3,0,8,9,3,4,2,3,2,1,4,7,0,0
27,2099,4,0,3,0,8,9,3,4,2,3,2,1,4,7,0,0
27,2099,4,0,3,0,8,9,3,4,2,3,2,1,4,7,0,0
27,2099,4,0,3,0,8,9,3,4,2,3,2,1,4,7,0,0
27,2099,4,0,3,0,8,9,3,4,2,3,2,1,4,7,0,0
0,2100,4,0,4,0,9,9,4,4,3,3,3,1,7,7,0,0
0,2100,4,0,4,0,9,9,4,4,3,3,3,1,7,7,0,0
0,2100,4,0,4,0,9,9,4,4,3,3,3,1,7,7,0,0
0,2100,4,0,4,0,9,9,4,4,3,3,3,1,7,7,0,0
0,2100,4,0,4,0,9,9,4,4,3,3,3,1,7,7,0,0
0,2100,4,0,4,0,9,9,4,4,3,3,3,1,7,7,0,0
0,2100,4,0,4,0,9,9,4,4,3,3,3,1,8,7,8,0
0,2100,4,0,4,0,10,9,4,4,3,3,4,1,8,8,8,2
0,2100,4,0,4,0,10,10,4,4,3,3,4,1,8,8,8,2
0,2100,4,0,4,0,10,10,4,4,3,3,4,1,8,8,9,2
0,2100,4,0,4,0,10,10,4,4,3,3,4,1,8,8,9,2
0,2100,4,0,4,0,10,10,4,4,3,3,4,1,8,8,9,2
0,2100,4,0,4,0,10,10,4,4,3,3,4,1,8,8,9,2
0,2100,4,0,4,0,10,10,4,4,3,3,4,1,8,9,5,2
0,2100,4,0,4,0,10,10,4,4,3,3,4,1,8,9,5,2
0,2100,4,0,4,0,10,10,4,4,3,3,4,1,8,8,5,1
0,2100,4,0,4,0,9,10,4,4,3,3,3,1,8,8,5,1
0,2100,4,0,4,0,9,10,4,4,3,3,3,1,8,8,0,1
0,2100,4,0,4,0,9,10,4,4,3,3,3,1,8,8,0,1
0,2100,4,0,4,0,9,10,4,4,3,3,3,1,8,8,0,1
0,2100,4,0,4,0,9,10,4,4,3,3,3,1,8,8,0,1
0,2100,4,0,4,0,9,10,4,4,3,3,3,1,8,8,0,1
0,2100,4,0,4,0,9,10,4,4,3,3,3,0,8,8,0,1
0,2100,4,0,4,0,9,10,4,4,3,3,3,0,7,8,0,1
1,2101,4,0,4,0,9,10,4,4,3,3,3,0,4,8,0,1
1,2101,4,0,4,0,9,10,4,4,3,3,3,0,4,8,0,1
1,2101,4,0,4,0,9,10,4,4,3,3,3,0,4,8,0,1
1,2101,4,0,4,0,9,10,4,4,3,3,3,0,4,8,0,1
1,2101,4,0,4,0,9,10,4,4,3,3,3,0,4,8,0,1
1,2101,4,0,4,0,9,10,4,4,3,3,3,0,4,8,0,1
1,2101,4,0,4,0,9,10,4,4,3,3,3,0,4,8,8,1
1,2101,4,0,4,0,10,9,4,4,3,3,4,1,5,7,8,1
1,2101,4,0,4,0,10,10,4,4,3,3,4,1,5,7,8,1
1,2101,4,0,4,0,10,10,4,4,3,3,4,1,5,7,9,2
1,2101,4,0,4,0,10,10,4,4,3,3,4,1,5,7,9,2
1,2101,4,0,4,0,10,10,4,4,3,3,4,1,5,7,9,2
1,2101,4,0,4,0,10,10,4,4,3,3,4,1,5,7,9,2
1,2101,4,0,4,0,10,10,4,3,3,3,4,1,5,7,5,2
1,2101,4,0,4,0,10,10,4,3,3,3,4,1,5,7,5,2
1,2101,4,0,4,0,10,10,4,3,3,3,4,1,4,7,5,2
1,2101,4,0,4,0,9,10,4,3,3,3,3,1,4,7,5,2
1,2101,4,0,4,0,9,10,4,3,3,3,3,1,4,7,0,2
1,2101,4,0,4,0,9,10,4,3,3,3,3,1,4,7,0,2
1,2101,4,0,4,0,9,10,4,3,3,3,3,1,4,7,0,2
1,2101,4,0,4,0,9,10,4,3,3,3,3,1,4,7,0,2
1,2101,4,0,4,0,9,10,4,3,3,3,3,1,4,7,0,2
1,2101,4,0,4,0,9,10,4,3,3,3,3,0,4,7,0,2
1,2101,4,0,4,0,9,10,4,3,3,3,3,0,4,7,0,2
2,2102,4,0,4,0,9,10,4,3,3,3,3,0,7,7,0,2
2,2102,4,0,4,0,9,10,4,3,3,3,3,0,7,7,0,2
2,2102,4,0,4,0,9,10,4,3,3,3,3,0,7,7,0,2
2,2102,4,0,4,0,9,10,4,3,3,3,3,0,7,7,0,2
2,2102,4,0,4,0,9,10,4,3,3,3,3,0,7,7,0,2
2,2102,4,0,4,0,9,10,4,3,3,3,3,0,7,7,0,2
2,2102,4,0,4,0,9,10,4,3,3,3,3,0,10,8,8,2
2,2102,4,0,4,0,10,10,4,4,3,3,4,1,10,9,8,2
2,2102,4,0,4,0,10,10,4,4,3,3,4,1,10,10,8,2
2,2102,4,0,4,0,10,10,4,3,3,3,4,1,10,10,9,1
2,2102,4,0,4,0,10,10,4,4,3,3,4,1,10,10,9,1
2,2102,4,0,4,0,10,10,4,4,3,3,4,1,10,10,9,1
2,2102,4,0,4,0,10,10,4,4,3,3,4,1,10,10,9,1
2,2102,4,0,4,0,10,10,4,4,3,3,4,1,10,9,5,1
2,2102,4,0,4,0,10,10,4,4,3,3,4,1,10,10,5,1
2,2102,4,0,4,0,10,10,4,4,3,3,4,1,8,10,5,1
2,2102,4,0,4,0,9,10,4,4,3,3,3,1,8,9,5,0
2,2102,4,0,4,0,9,10,4,4,3,3,3,1,8,9,0,0
2,2102,4,0,4,0,9,10,4,4,3,3,3,1,8,9,0,0
2,2102,4,0,4,0,9,10,4,4,3,3,3,1,8,9,0,0
2,2102,4,0,4,0,9,10,4,4,3,3,3,1,8,9,0,0
2,2102,4,0,4,0,9,10,4,4,3,3,3,1,8,9,0,0
2,2102,4,0,4,0,9,10,4,4,3,3,3,1,8,8,0,0
2,2102,4,0,4,0,9,10,4,4,3,3,3,1,7,8,0,0
3,2103,4,0,4,0,9,10,4,4,3,3,3,1,7,8,0,0
3,2103,4,0,4,0,9,10,4,4,3,3,3,1,7,8,0,0
3,2103,4,0,4,0,9,10,4,4,3,3,3,1,7,8,0,0
3,2103,4,0,4,0,9,10,4,4,3,3,3,1,7,8,0,0
3,2103,4,0,4,0,9,10,4,4,3,3,3,1,7,8,0,0
3,2103,4,0,4,0,9,10,4,4,3,3,3,1,7,8,0,0
3,2103,4,0,4,0,9,10,4,4,3,3,3,1,8,8,8,0
3,2103,4,0,4,0,10,10,4,4,3,3,4,2,8,7,8,0
3,2103,4,0,4,0,10,10,4,4,3,3,4,2,8,8,8,0
3,2103,4,0,4,0,10,10,4,4,3,3,4,2,8,8,9,0
3,2103,4,0,4,0,10,10,4,4,3,3,4,2,8,8,9,0
3,2103,4,0,4,0,10,10,4,4,3,3,4,2,8,8,9,0
3,2103,4,0,4,0,10,10,4,4,3,3,4,2,8,8,9,0
3,2103,4,0,4,0,10,10,4,4,3,3,4,2,8,8,5,0
3,2103,4,0,4,0,10,10,4,4,3,3,4,2,8,8,5,0
3,2103,4,0,4,0,10,10,4,4,3,3,4,2,8,8,5,0
3,2103,4,0,4,0,9,10,4,4,3,3,3,2,8,8,5,0
3,2103,4,0,4,0,9,10,4,4,3,3,3,2,8,8,0,0
3,2103,4,0,4,0,9,10,4,4,3,3,3,2,8,8,0,0
3,2103,4,0,4,0,9,10,4,4,3,3,3,2,8,8,0,0
3,2103,4,0,4,0,9,10,4,4,3,3,3,2,8,8,0,0
3,2103,4,0,4,0,9,10,4,4,3,2,3,2,8,8,0,0
3,2103,4,0,4,0,9,10,4,4,3,2,3,2,8,8,0,0
3,2103,4,0,4,0,9,10,4,4,3,2,3,2,7,8,0,0
4,2104,4,0,4,0,9,10,4,4,3,2,3,2,7,8,0,0
4,2104,4,0,4,0,9,10,4,4,3,2,3,2,7,8,0,0
4,2104,4,0,4,0,9,10,4,4,3,2,3,2,7,8,0,0
4,2104,4,0,4,0,9,10,4,4,3,2,3,2,7,8,0,0
4,2104,4,0,4,0,9,10,4,4,3,2,3,2,7,8,0,0
4,2104,4,0,4,0,9,10,4,4,3,2,3,2,7,8,0,0
4,2104,4,0,4,0,9,10,4,4,3,2,3,2,8,8,8,0
4,2104,4,0,4,0,10,10,4,3,3,3,4,3,8,8,8,1
4,2104,4,0,4,0,10,10,4,4,3,3,4,3,8,8,8,1
4,2104,4,0,4,0,10,10,4,4,3,3,4,3,8,8,9,1
4,2104,4,0,4,0,10,10,4,4,3,3,4,3,8,8,9,1
4,2104,4,0,4,0,10,10,4,4,3,3,4,3,8,8,9,1
4,2104,4,0,4,0,10,10,4,3,3,3,4,3,8,8,9,1
4,2104,4,0,4,0,10,10,4,3,3,3,4,3,8,8,5,1
4,2104,4,0,4,0,10,10,4,3,3,3,4,3,8,8,5,1
4,2104,4,0,4,0,10,10,4,3,3,3,4,3,8,8,5,1
4,2104,4,0,4,0,9,10,4,3,3,3,3,3,8,8,5,1
4,2104,4,0,4,0,9,10,4,3,3,3,3,2,8,8,0,1
4,2104,4,0,4,0,9,10,4,3,3,3,3,2,8,8,0,1
4,2104,4,0,4,0,9,10,4,3,3,3,3,2,8,8,0,1
4,2104,4,0,4,0,9,10,4,3,3,3,3,2,8,8,0,1
4,2104,4,0,4,0,9,10,4,3,3,3,3,2,8,8,0,1
4,2104,4,0,4,0,9,10,4,3,3,3,3,2,8,8,0,1
4,2104,4,0,4,0,9,10,4,3,3,3,3,2,7,8,0,1
5,2105,4,0,3,0,8,10,3,3,2,3,2,2,7,8,0,1
5,2105,4,0,3,0,8,10,3,3,2,3,2,2,7,8,0,1
5,2105,4,0,3,0,8,10,3,3,2,3,2,2,7,8,0,1
5,2105,4,0,3,0,8,10,3,3,2,3,2,2,7,8,0,1
5,2105,4,0,3,0,8,10,3,3,2,3,2,2,7,8,0,1
5,2105,4,0,3,0,8,10,3,3,2,3,2,2,7,8,0,1
5,2105,4,0,3,0,8,10,3,3,2,3,3,2,10,8,0,1
5,2105,4,0,3,0,8,10,3,3,2,3,3,2,10,8,0,0
5,2105,4,0,3,0,8,10,3,3,2,3,3,2,10,8,0,0
5,2105,4,0,3,0,8,10,3,3,2,3,3,2,10,8,0,0
5,2105,4,0,3,0,8,10,3,3,2,3,3,1,10,8,0,0
5,2105,4,0,3,0,8,10,3,3,2,3,3,1,10,8,0,0
5,2105,4,0,3,0,8,10,3,3,2,3,3,1,10,8,0,0
5,2105,4,0,3,0,8,10,3,3,2,3,3,1,10,8,0,0
5,2105,4,0,3,0,8,10,3,3,2,3,3,1,10,8,0,0
5,2105,4,0,3,0,8,10,3,3,2,3,2,1,8,8,0,0
5,2105,4,0,3,0,8,10,3,3,2,3,2,1,8,8,0,0
5,2105,4,0,3,0,8,10,3,3,2,3,2,1,8,8,0,0
5,2105,4,0,3,0,8,10,3,3,2,3,2,1,8,8,0,0
5,2105,4,0,3,0,8,10,3,3,2,3,2,1,8,8,0,0
5,2105,4,0,3,0,8,10,3,3,2,3,2,1,8,8,0,0
5,2105,4,0,3,0,8,10,3,3,2,3,2,1,8,8,0,0
5,2105,4,0,3,0,8,10,3,3,2,3,2,1,8,8,0,0
5,2105,4,0,3,0,8,10,3,3,2,3,2,1,7,8,0,0
6,2106,4,0,3,0,8,10,3,3,2,3,2,1,4,8,0,0
6,2106,4,0,3,0,8,10,3,3,2,3,2,1,4,8,0,0
6,2106,4,0,3,0,8,10,3,3,2,3,2,1,4,8,0,0
6,2106,4,0,3,0,8,10,3,3,2,3,2,1,4,8,0,0
6,2106,4,0,3,0,8,10,3,3,2,3,2,1,4,8,0,0
6,2106,4,0,3,0,8,10,3,3,2,3,2,1,4,8,0,0
6,2106,4,0,3,0,8,10,3,3,2,3,3,1,4,8,0,0
6,2106,4,0,3,0,8,9,3,3,2,3,3,1,5,6,0,0
6,2106,4,0,3,0,8,9,3,3,2,3,3,0,5,6,0,0
6,2106,4,0,3,0,8,9,3,3,2,3,3,0,5,6,0,0
6,2106,4,0,3,0,8,9,3,3,2,3,3,0,5,6,0,0
6,2106,4,0,3,0,8,9,3,3,2,3,3,0,5,6,0,0
6,2106,4,0,3,0,8,9,3,3,2,3,3,0,5,6,0,0
6,2106,4,0,3,0,8,9,3,3,2,3,3,0,5,6,0,0
6,2106,4,0,3,0,8,9,3,3,2,3,3,0,5,6,0,0
6,2106,4,0,3,0,8,9,3,3,2,3,2,0,4,6,0,0
6,2106,4,0,3,0,8,9,3,3,2,3,2,0,4,6,0,0
6,2106,4,0,3,0,8,9,3,3,2,2,2,0,4,6,0,0
6,2106,4,0,3,0,8,9,3,3,2,2,2,0,4,6,0,0
6,2106,4,0,3,0,8,9,3,3,2,2,2,0,4,6,0,0
6,2106,4,0,3,0,8,9,3,2,2,2,2,0,4,6,0,0
6,2106,4,0,3,0,8,9,3,2,2,2,2,0,4,6,0,0
6,2106,4,0,3,0,8,9,3,2,2,2,2,0,4,6,0,0
6,2106,4,0,3,0,8,9,3,2,2,2,2,0,4,6,0,0
7,2107,4,0,4,0,9,9,4,2,3,2,3,0,7,6,0,0
7,2107,4,0,4,0,9,9,4,2,3,2,3,0,7,6,0,0
7,2107,4,0,4,0,9,9,4,2,3,2,3,0,7,6,0,0
7,2107,4,0,4,0,9,9,4,2,3,2,3,0,7,6,0,0
7,2107,4,0,4,0,9,9,4,2,3,2,3,0,7,6,0,0
7,2107,4,0,4,0,9,9,4,2,3,2,3,0,7,6,0,0
7,2107,4,0,4,0,9,9,4,2,3,2,3,0,8,6,8,0
7,2107,4,0,4,0,10,9,4,4,3,3,4,1,8,8,8,1
7,2107,4,0,4,0,10,10,4,4,3,3,4,1,8,8,8,1
7,2107,4,0,4,0,10,10,4,4,3,3,4,1,8,8,9,1
7,2107,4,0,4,0,10,10,4,4,3,3,4,1,8,8,9,1
7,2107,4,0,4,0,10,10,4,4,3,3,4,1,8,8,9,1
7,2107,4,0,4,0,10,10,4,4,3,3,4,1,8,8,9,1
7,2107,4,0,4,0,10,10,4,3,3,3,4,1,8,8,5,1
7,2107,4,0,4,0,10,10,4,3,3,3,4,1,8,8,5,1
7,2107,4,0,4,0,10,10,4,3,3,3,4,1,8,8,5,1
7,2107,4,0,4,0,9,10,4,3,3,3,3,1,8,8,5,1
7,2107,4,0,4,0,9,10,4,3,3,3,3,1,8,8,0,1
7,2107,4,0,4,0,9,10,4,3,3,3,3,1,8,8,0,1
7,2107,4,0,4,0,9,10,4,3,3,2,3,1,8,8,0,1
7,2107,4,0,4,0,9,10,4,3,3,2,3,1,8,8,0,1
7,2107,4,0,4,0,9,10,4,3,3,2,3,1,8,8,0,1
7,2107,4,0,4,0,9,10,4,3,3,2,3,1,8,8,0,1
7,2107,4,0,4,0,9,10,4,3,3,2,3,1,7,8,0,1
8,2108,4,0,4,0,9,10,4,3,3,2,3,1,4,8,0,1
8,2108,4,0,4,0,9,10,4,3,3,2,3,1,4,8,0,1
8,2108,4,0,4,0,9,10,4,3,3,2,3,1,4,8,0,1
8,2108,4,0,4,0,9,10,4,3,3,2,3,1,4,8,0,1
8,2108,4,0,4,0,9,10,4,3,3,2,3,1,4,8,0,1
8,2108,4,0,4,0,9,10,4,3,3,2,3,1,4,8,0,1
8,2108,4,0,4,0,9,10,4,3,3,2,3,1,4,8,8,1
8,2108,4,0,4,0,10,10,4,4,3,3,4,2,5,8,8,2
8,2108,4,0,4,0,10,10,4,4,3,3,4,2,5,8,8,3
8,2108,4,0,4,0,10,10,4,4,3,3,4,2,5,8,9,3
8,2108,4,0,4,0,10,10,4,4,3,3,4,2,5,8,9,3
8,2108,4,0,4,0,10,10,4,4,3,3,4,2,5,8,9,3
8,2108,4,0,4,0,10,10,4,4,3,3,4,2,5,8,9,3
8,2108,4,0,4,0,10,10,4,4,3,3,4,2,5,8,5,3
8,2108,4,0,4,0,10,10,4,4,3,3,4,2,5,8,5,3
8,2108,4,0,4,0,10,10,4,3,3,3,4,2,4,8,5,0
8,2108,4,0,4,0,9,10,4,3,3,3,3,2,4,8,5,0
8,2108,4,0,4,0,9,10,4,3,3,3,3,2,4,8,0,0
8,2108,4,0,4,0,9,10,4,3,3,3,3,2,4,8,0,0
8,2108,4,0,4,0,9,10,4,3,3,3,3,2,4,8,0,0
8,2108,4,0,4,0,9,10,4,3,3,3,3,2,4,8,0,0
8,2108,4,0,4,0,9,9,4,3,3,3,3,2,4,7,0,0
8,2108,4,0,4,0,9,9,4,3,3,3,3,2,4,7,0,0
8,2108,4,0,4,0,9,9,4,3,3,3,3,2,4,7,0,0
9,2109,4,0,4,0,9,9,4,3,3,3,3,2,7,7,0,0
9,2109,4,0,4,0,9,9,4,3,3,3,3,2,7,7,0,0
9,2109,4,0,4,0,9,9,4,3,3,3,3,2,7,7,0,0
9,2109,4,0,4,0,9,9,4,3,3,3,3,2,7,7,0,0
9,2109,4,0,4,0,9,9,4,3,3,3,3,2,7,7,0,0
9,2109,4,0,4,0,9,9,4,3,3,3,3,2,7,7,0,0
9,2109,4,0,4,0,9,9,4,3,3,3,3,2,10,7,8,0
9,2109,4,0,4,0,10,8,4,4,3,2,4,3,10,10,8,1
9,2109,4,0,4,0,10,10,4,4,3,2,4,3,10,10,8,2
9,2109,4,0,4,0,10,10,4,4,3,3,4,3,10,10,9,2
9,2109,4,0,4,0,10,10,4,4,3,3,4,3,10,11,9,3
9,2109,4,0,4,0,10,10,4,4,3,3,4,3,10,11,9,3
9,2109,4,0,4,0,10,9,4,4,3,3,4,3,10,11,9,3
9,2109,4,0,4,0,10,8,4,4,3,3,4,3,10,11,5,3
9,2109,4,0,4,0,10,8,4,4,3,2,4,3,10,11,5,3
9,2109,4,0,4,0,10,8,4,4,3,2,4,3,8,11,5,3
9,2109,4,0,4,0,9,8,4,4,3,2,3,3,8,10,5,2
9,2109,4,0,4,0,9,8,4,4,3,2,3,3,8,10,0,2
9,2109,4,0,4,0,9,8,4,4,3,2,3,3,8,10,0,2
9,2109,4,0,4,0,9,8,4,4,3,2,3,3,8,10,0,2
9,2109,4,0,4,0,9,8,4,4,3,2,3,3,8,10,0,1
9,2109,4,0,4,0,9,8,4,4,3,2,3,3,8,10,0,0
9,2109,4,0,4,0,9,8,4,4,3,2,3,3,8,10,0,0
9,2109,4,0,4,0,9,8,4,4,3,2,3,3,7,10,0,0
10,2110,4,0,4,0,9,8,4,4,3,2,3,3,7,10,0,0
10,2110,4,0,4,0,9,8,4,4,3,2,3,3,7,10,0,0
10,2110,4,0,4,0,9,8,4,4,3,2,3,3,7,10,0,0
10,2110,4,0,4,0,9,8,4,4,3,2,3,3,7,10,0,0
10,2110,4,0,4,0,9,8,4,4,3,2,3,3,7,10,0,0
10,2110,4,0,4,0,9,8,4,4,3,2,3,3,7,10,0,0
10,2110,4,0,4,0,9,8,4,4,3,2,3,3,8,10,8,0
10,2110,4,0,4,0,10,9,4,3,3,2,4,4,8,9,8,0
10,2110,4,0,4,0,10,10,4,3,3,2,4,4,8,8,8,0
10,2110,4,0,4,0,10,10,4,3,3,2,4,4,8,8,9,0
10,2110,4,0,4,0,10,10,4,3,3,2,4,4,8,8,9,0
10,2110,4,0,4,0,10,10,4,3,3,2,4,4,8,8,9,0
10,2110,4,0,4,0,10,10,4,3,3,2,4,4,8,8,9,0
10,2110,4,0,4,0,10,10,4,3,3,2,4,4,8,8,5,0
10,2110,4,0,4,0,10,10,4,3,3,2,4,4,8,8,5,0
10,2110,4,0,4,0,10,10,4,3,3,2,4,4,8,8,5,0
10,2110,4,0,4,0,9,10,4,3,3,2,3,4,8,8,5,0
10,2110,4,0,4,0,9,10,4,3,3,2,3,4,8,8,0,0
10,2110,4,0,4,0,9,10,4,3,3,1,3,4,8,8,0,0
10,2110,4,0,4,0,9,10,4,3,3,1,3,4,8,8,0,0
10,2110,4,0,4,0,9,10,4,3,3,1,3,4,8,8,0,0
10,2110,4,0,4,0,9,10,4,3,3,1,3,4,8,8,0,0
10,2110,4,0,4,0,9,10,4,3,3,1,3,4,8,8,0,0
10,2110,4,0,4,0,9,10,4,3,3,1,3,4,7,8,0,0
11,2111,4,0,4,0,9,10,4,3,3,1,3,4,7,8,0,0
11,2111,4,0,4,0,9,10,4,3,3,1,3,4,7,8,0,0
11,2111,4,0,4,0,9,10,4,3,3,1,3,4,7,8,0,0
11,2111,4,0,4,0,9,10,4,3,3,1,3,4,7,8,0,0
11,2111,4,0,4,0,9,10,4,3,3,1,3,4,7,8,0,0
11,2111,4,0,4,0,9,10,4,3,3,1,3,4,7,8,0,0
11,2111,4,0,4,0,9,10,4,3,3,1,3,4,8,8,8,0
11,2111,4,0,4,0,10,10,4,3,3,3,4,4,8,8,8,0
11,2111,4,0,4,0,10,10,4,4,3,3,4,4,8,8,8,1
11,2111,4,0,4,0,10,10,4,4,3,3,4,4,8,8,9,1
11,2111,4,0,4,0,10,10,4,4,3,3,4,4,8,8,9,1
11,2111,4,0,4,0,10,10,4,4,3,3,4,4,8,9,9,1
11,2111,4,0,4,0,10,10,4,4,3,3,4,3,8,9,9,1
11,2111,4,0,4,0,10,10,4,4,3,2,4,3,8,8,5,0
11,2111,4,0,4,0,10,10,4,4,3,2,4,3,8,8,5,0
11,2111,4,0,4,0,10,10,4,3,3,2,4,3,8,8,5,0
11,2111,4,0,4,0,9,10,4,3,3,2,3,3,8,8,5,0
11,2111,4,0,4,0,9,10,4,2,3,1,3,3,8,8,0,0
11,2111,4,0,4,0,9,10,4,2,3,1,3,3,8,8,0,0
11,2111,4,0,4,0,9,10,4,2,3,1,3,3,8,7,0,0
11,2111,4,0,4,0,9,10,4,2,3,1,3,3,8,7,0,0
11,2111,4,0,4,0,9,10,4,2,3,1,3,3,8,7,0,0
11,2111,4,0,4,0,9,10,4,2,3,1,3,3,8,7,0,0
11,2111,4,0,4,0,9,10,4,2,3,1,3,3,7,7,0,0
12,2112,4,0,3,0,8,10,3,2,2,1,2,3,7,7,0,0
12,2112,4,0,3,0,8,10,3,2,2,1,2,3,7,7,0,0
12,2112,4,0,3,0,8,10,3,2,2,1,2,3,7,7,0,0
12,2112,4,0,3,0,8,10,3,2,2,1,2,3,7,7,0,0
12,2112,4,0,3,0,8,10,3,2,2,1,2,3,7,7,0,0
12,2112,4,0,3,0,8,10,3,2,2,1,2,3,7,7,0,0
12,2112,4,0,3,0,8,10,3,2,2,1,3,3,10,7,0,0
12,2112,4,0,3,0,8,10,3,2,2,1,3,2,10,6,0,0
12,2112,4,0,3,0,8,10,3,2,2,1,3,2,10,6,0,0
12,2112,4,0,3,0,8,9,3,2,2,1,3,2,10,6,0,0
12,2112,4,0,3,0,8,9,3,2,2,1,3,2,10,6,0,0
12,2112,4,0,3,0,8,9,3,2,2,1,3,2,10,6,0,0
12,2112,4,0,3,0,8,9,3,2,2,1,3,2,10,6,0,0
12,2112,4,0,3,0,8,9,3,2,2,1,3,2,10,6,0,0
12,2112,4,0,3,0,8,9,3,2,2,1,3,2,10,6,0,0
12,2112,4,0,3,0,8,9,3,2,2,1,2,2,8,6,0,0
12,2112,4,0,3,0,8,9,3,2,2,1,2,2,8,6,0,0
12,2112,4,0,3,0,8,9,3,2,2,1,2,2,8,6,0,0
12,2112,4,0,3,0,8,9,3,2,2,1,2,2,8,6,0,0
12,2112,4,0,3,0,8,9,3,2,2,1,2,2,8,6,0,0
12,2112,4,0,3,0,8,9,3,2,2,1,2,2,8,6,0,0
12,2112,4,0,3,0,8,9,3,2,2,1,2,2,8,6,0,0
12,2112,4,0,3,0,8,9,3,2,2,1,2,2,8,6,0,0
12,2112,4,0,3,0,8,9,3,2,2,1,2,2,7,6,0,0
13,2113,4,0,3,0,8,9,3,2,2,1,2,2,4,6,0,0
13,2113,4,0,3,0,8,9,3,2,2,1,2,2,4,6,0,0
13,2113,4,0,3,0,8,9,3,2,2,1,2,2,4,6,0,0
13,2113,4,0,3,0,8,9,3,2,2,1,2,2,4,6,0,0
13,2113,4,0,3,0,8,9,3,2,2,1,2,2,4,6,0,0
13,2113,4,0,3,0,8,9,3,2,2,1,2,2,4,6,0,0
13,2113,4,0,3,0,8,9,3,2,2,1,3,2,4,6,0,0
13,2113,4,0,3,0,8,8,3,2,2,1,3,1,5,6,0,0
13,2113,4,0,3,0,8,8,3,2,2,1,3,1,5,6,0,0
13,2113,4,0,3,0,8,8,3,2,2,1,3,1,5,6,0,0
13,2113,4,0,3,0,8,8,3,2,2,1,3,1,5,6,0,0
13,2113,4,0,3,0,8,8,3,2,2,1,3,1,5,6,0,0
13,2113,4,0,3,0,8,8,3,2,2,1,3,1,5,6,0,0
13,2113,4,0,3,0,8,8,3,2,2,1,3,1,5,6,0,0
13,2113,4,0,3,0,8,8,3,2,2,1,3,1,5,6,0,0
13,2113,4,0,3,0,8,8,3,2,2,1,2,1,4,6,0,0
13,2113,4,0,3,0,8,8,3,2,2,1,2,1,4,6,0,0
13,2113,4,0,3,0,8,8,3,2,2,1,2,1,4,6,0,0
13,2113,4,0,3,0,8,8,3,2,2,1,2,1,4,6,0,0
13,2113,4,0,3,0,8,8,3,2,2,1,2,1,4,6,0,0
13,2113,4,0,3,0,8,8,3,2,2,1,2,1,4,6,0,0
13,2113,4,0,3,0,8,8,3,2,2,1,2,1,4,6,0,0
13,2113,4,0,3,0,8,8,3,2,2,1,2,1,4,5,0,0
13,2113,4,0,3,0,8,8,3,2,2,1,2,1,4,5,0,0
14,2114,4,0,4,0,9,8,4,2,3,1,3,1,7,5,0,0
14,2114,4,0,4,0,9,8,4,2,3,1,3,1,7,5,0,0
14,2114,4,0,4,0,9,8,4,2,3,1,3,1,7,5,0,0
14,2114,4,0,4,0,9,8,4,2,3,1,3,1,7,5,0,0
14,2114,4,0,4,0,9,8,4,2,3,1,3,1,7,5,0,0
14,2114,4,0,4,0,9,8,4,2,3,1,3,1,7,5,0,0
14,2114,4,0,4,0,9,8,4,2,3,1,3,1,8,5,8,0
14,2114,4,0,4,0,10,9,4,4,3,1,4,2,8,8,8,2
14,2114,4,0,4,0,10,10,4,4,3,1,4,2,8,8,8,2
14,2114,4,0,4,0,10,10,4,4,3,2,4,2,8,8,9,2
14,2114,4,0,4,0,10,10,4,4,3,2,4,2,8,8,9,2
14,2114,4,0,4,0,10,10,4,4,3,2,4,2,8,8,9,2
14,2114,4,0,4,0,10,10,4,4,3,2,4,2,8,8,9,2
14,2114,4,0,4,0,10,10,4,4,3,1,4,2,8,8,5,2
14,2114,4,0,4,0,10,10,4,4,3,1,4,2,8,8,5,2
14,2114,4,0,4,0,10,10,4,4,3,1,4,2,8,8,5,2
14,2114,4,0,4,0,9,10,4,4,3,1,3,2,8,8,5,1
14,2114,4,0,4,0,9,10,4,4,3,1,3,1,8,8,0,1
14,2114,4,0,4,0,9,10,4,4,3,1,3,1,8,8,0,1
14,2114,4,0,4,0,9,10,4,4,3,1,3,1,8,8,0,1
14,2114,4,0,4,0,9,10,4,4,3,1,3,1,8,8,0,1
14,2114,4,0,4,0,9,10,4,4,3,1,3,1,8,8,0,1
14,2114,4,0,4,0,9,10,4,4,3,1,3,1,8,8,0,1
14,2114,4,0,4,0,9,10,4,4,3,1,3,1,7,8,0,1
15,2115,4,0,4,0,9,10,4,4,3,1,3,1,4,8,0,1
15,2115,4,0,4,0,9,10,4,4,3,1,3,1,4,8,0,1
15,2115,4,0,4,0,9,10,4,4,3,1,3,1,4,8,0,1
15,2115,4,0,4,0,9,10,4,4,3,1,3,1,4,8,0,1
15,2115,4,0,4,0,9,10,4,4,3,1,3,1,4,8,0,1
15,2115,4,0,4,0,9,10,4,4,3,1,3,1,4,8,0,1
15,2115,4,0,4,0,9,10,4,4,3,1,3,1,4,8,8,1
15,2115,4,0,4,0,10,9,4,3,3,3,4,2,5,8,8,2
15,2115,4,0,4,0,10,10,4,4,3,3,4,2,5,8,8,3
15,2115,4,0,4,0,10,10,4,4,3,2,4,2,5,8,9,4
15,2115,4,0,4,0,10,10,4,4,3,3,4,2,5,8,9,4
15,2115,4,0,4,0,10,10,4,4,3,2,4,2,5,8,9,4
15,2115,4,0,4,0,10,10,4,4,3,3,4,2,5,8,9,4
15,2115,4,0,4,0,10,10,4,4,3,2,4,2,5,8,5,4
15,2115,4,0,4,0,10,10,4,4,3,3,4,2,5,8,5,4
15,2115,4,0,4,0,10,10,4,4,3,3,4,2,4,8,5,3
15,2115,4,0,4,0,9,10,4,3,3,2,3,2,4,8,5,3
15,2115,4,0,4,0,9,10,4,2,3,1,3,2,4,8,0,3
15,2115,4,0,4,0,9,9,4,2,3,1,3,2,4,8,0,3
15,2115,4,0,4,0,9,9,4,2,3,1,3,2,4,8,0,3
15,2115,4,0,4,0,9,9,4,2,3,1,3,2,4,8,0,3
15,2115,4,0,4,0,9,9,4,2,3,1,3,2,4,8,0,3
15,2115,4,0,4,0,9,9,4,2,3,1,3,2,4,8,0,3
15,2115,4,0,4,0,9,9,4,2,3,1,3,2,4,8,0,3
16,2116,4,0,4,0,9,9,4,2,3,1,3,2,7,8,0,3
16,2116,4,0,4,0,9,9,4,2,3,1,3,2,7,8,0,3
16,2116,4,0,4,0,9,9,4,2,3,1,3,2,7,8,0,3
16,2116,4,0,4,0,9,9,4,2,3,1,3,2,7,8,0,3
16,2116,4,0,4,0,9,9,4,2,3,1,3,2,7,8,0,3
16,2116,4,0,4,0,9,9,4,2,3,1,3,2,7,8,0,3
16,2116,4,0,4,0,9,9,4,2,3,1,3,2,10,10,8,3
16,2116,4,0,4,0,10,10,4,3,3,1,4,3,10,10,8,3
16,2116,4,0,4,0,10,10,4,3,3,1,4,3,10,10,8,3
16,2116,4,0,4,0,10,10,4,4,3,1,4,3,10,10,9,4
16,2116,4,0,4,0,10,10,4,4,3,1,4,3,10,11,9,4
16,2116,4,0,4,0,10,10,4,4,3,2,4,3,10,10,9,3
16,2116,4,0,4,0,10,10,4,4,3,2,4,3,10,11,9,3
16,2116,4,0,4,0,10,10,4,4,3,2,4,3,10,11,5,3
16,2116,4,0,4,0,10,10,4,3,3,1,4,3,10,10,5,2
16,2116,4,0,4,0,10,10,4,3,3,1,4,3,8,8,5,0
16,2116,4,0,4,0,9,10,4,3,3,1,3,3,8,8,5,0
16,2116,4,0,4,0,9,10,4,3,3,1,3,3,8,8,0,0
16,2116,4,0,4,0,9,10,4,3,3,1,3,3,8,8,0,0
16,2116,4,0,4,0,9,10,4,3,3,1,3,3,8,8,0,0
16,2116,4,0,4,0,9,10,4,2,3,1,3,3,8,8,0,0
16,2116,4,0,4,0,9,10,4,2,3,1,3,3,8,7,0,0
16,2116,4,0,4,0,9,10,4,2,3,1,3,3,8,7,0,0
16,2116,4,0,4,0,9,10,4,2,3,1,3,3,7,7,0,0
17,2117,4,0,4,0,9,10,4,2,3,1,3,3,7,7,0,0
17,2117,4,0,4,0,9,10,4,2,3,1,3,3,7,7,0,0
17,2117,4,0,4,0,9,10,4,2,3,1,3,3,7,7,0,0
17,2117,4,0,4,0,9,10,4,2,3,1,3,3,7,7,0,0
17,2117,4,0,4,0,9,10,4,2,3,1,3,3,7,7,0,0
17,2117,4,0,4,0,9,10,4,2,3,1,3,3,7,7,0,0
17,2117,4,0,4,0,9,10,4,2,3,1,3,3,8,7,8,0
17,2117,4,0,4,0,10,10,4,3,3,1,4,4,8,8,8,0
17,2117,4,0,4,0,10,10,4,3,3,1,4,3,8,8,8,0
17,2117,4,0,4,0,10,10,4,3,3,1,4,3,8,8,9,0
17,2117,4,0,4,0,10,10,4,3,3,1,4,3,8,8,9,0
17,2117,4,0,4,0,10,10,4,3,3,1,4,3,8,8,9,0
17,2117,4,0,4,0,10,10,4,3,3,1,4,3,8,8,9,0
17,2117,4,0,4,0,10,10,4,3,3,1,4,3,8,8,5,0
17,2117,4,0,4,0,10,10,4,3,3,1,4,3,8,8,5,0
17,2117,4,0,4,0,10,10,4,2,3,1,4,3,8,8,5,0
17,2117,4,0,4,0,9,10,4,2,3,1,3,3,8,8,5,0
17,2117,4,0,4,0,9,10,4,2,3,1,3,3,8,8,0,0
17,2117,4,0,4,0,9,10,4,2,3,1,3,3,8,8,0,0
17,2117,4,0,4,0,9,10,4,2,3,1,3,3,8,8,0,0
17,2117,4,0,4,0,9,10,4,2,3,1,3,3,8,8,0,0
17,2117,4,0,4,0,9,10,4,2,3,1,3,3,8,8,0,0
17,2117,4,0,4,0,9,10,4,2,3,1,3,3,8,8,0,0
17,2117,4,0,4,0,9,10,4,2,3,1,3,3,7,7,0,0
18,2118,4,0,4,0,9,10,4,2,3,1,3,3,7,7,0,0
18,2118,4,0,4,0,9,10,4,2,3,1,3,3,7,7,0,0
18,2118,4,0,4,0,9,10,4,2,3,1,3,3,7,7,0,0
18,2118,4,0,4,0,9,10,4,2,3,1,3,3,7,7,0,0
18,2118,4,0,4,0,9,10,4,2,3,1,3,3,7,7,0,0
18,2118,4,0,4,0,9,10,4,2,3,1,3,3,7,7,0,0
18,2118,4,0,4,0,9,10,4,2,3,1,3,3,8,7,8,0
18,2118,4,0,4,0,10,10,4,2,3,2,4,3,8,7,8,1
18,2118,4,0,4,0,10,10,4,3,3,3,4,3,8,8,8,1
18,2118,4,0,4,0,10,10,4,4,3,3,4,3,8,8,9,2
18,2118,4,0,4,0,10,10,4,4,3,3,4,3,8,8,9,2
18,2118,4,0,4,0,10,10,4,3,3,3,4,3,8,9,9,2
18,2118,4,0,4,0,10,10,4,4,3,3,4,3,8,9,9,2
18,2118,4,0,4,0,10,10,4,4,3,3,4,3,8,8,5,1
18,2118,4,0,4,0,10,10,4,2,3,3,4,3,8,8,5,1
18,2118,4,0,4,0,10,10,4,2,3,3,4,3,8,8,5,1
18,2118,4,0,4,0,9,10,4,2,3,3,3,3,8,7,5,1
18,2118,4,0,4,0,9,10,4,2,3,3,3,3,8,7,0,1
18,2118,4,0,4,0,9,10,4,2,3,3,3,3,8,7,0,1
18,2118,4,0,4,0,9,10,4,2,3,3,3,3,8,7,0,1
18,2118,4,0,4,0,9,10,4,2,3,3,3,3,8,7,0,1
18,2118,4,0,4,0,9,10,4,2,3,3,3,3,8,7,0,1
18,2118,4,0,4,0,9,10,4,2,3,3,3,3,8,7,0,1
18,2118,4,0,4,0,9,10,4,2,3,3,3,3,7,7,0,1
19,2119,4,0,3,0,8,10,3,2,2,3,2,3,7,7,0,1
19,2119,4,0,3,0,8,10,3,2,2,3,2,3,7,7,0,1
19,2119,4,0,3,0,8,10,3,2,2,3,2,3,7,7,0,1
19,2119,4,0,3,0,8,10,3,2,2,3,2,3,7,7,0,1
19,2119,4,0,3,0,8,10,3,2,2,3,2,3,7,7,0,1
19,2119,4,0,3,0,8,10,3,3,2,3,2,3,7,7,0,1
19,2119,4,0,3,0,8,10,3,3,2,3,3,3,10,7,0,1
19,2119,4,0,3,0,8,10,3,2,2,2,3,3,10,7,0,0
19,2119,4,0,3,0,8,9,3,2,2,2,3,3,10,5,0,0
19,2119,4,0,3,0,8,9,3,2,2,2,3,3,10,5,0,0
19,2119,4,0,3,0,8,9,3,2,2,2,3,3,10,5,0,0
19,2119,4,0,3,0,8,9,3,2,2,2,3,3,10,5,0,0
19,2119,4,0,3,0,8,9,3,2,2,2,3,3,10,5,0,0
19,2119,4,0,3,0,8,9,3,2,2,2,3,3,10,5,0,0
19,2119,4,0,3,0,8,9,3,2,2,2,3,3,10,5,0,0
19,2119,4,0,3,0,8,9,3,2,2,2,2,2,8,5,0,0
19,2119,4,0,3,0,8,9,3,2,2,2,2,1,8,5,0,0
19,2119,4,0,3,0,8,9,3,2,2,2,2,1,8,5,0,0
19,2119,4,0,3,0,8,9,3,2,2,2,2,1,8,5,0,0
19,2119,4,0,3,0,8,9,3,2,2,2,2,1,8,5,0,0
19,2119,4,0,3,0,8,9,3,2,2,2,2,1,8,5,0,0
19,2119,4,0,3,0,8,9,3,2,2,2,2,1,8,5,0,0
19,2119,4,0,3,0,8,9,3,2,2,2,2,1,8,5,0,0
19,2119,4,0,3,0,8,9,3,2,2,2,2,1,7,5,0,0
20,2120,4,0,3,0,8,9,3,2,2,2,2,1,4,5,0,0
20,2120,4,0,3,0,8,9,3,2,2,2,2,1,4,5,0,0
20,2120,4,0,3,0,8,9,3,2,2,2,2,1,4,5,0,0
20,2120,4,0,3,0,8,9,3,2,2,2,2,1,4,5,0,0
20,2120,4,0,3,0,8,9,3,2,2,2,2,1,4,5,0,0
20,2120,4,0,3,0,8,9,3,2,2,2,2,1,4,5,0,0
20,2120,4,0,3,0,8,9,3,2,2,2,3,1,4,5,0,0
20,2120,4,0,3,0,8,9,3,2,2,2,3,1,5,5,0,0
20,2120,4,0,3,0,8,9,3,2,2,2,3,1,5,5,0,0
20,2120,4,0,3,0,8,9,3,2,2,2,3,1,5,5,0,0
20,2120,4,0,3,0,8,9,3,2,2,2,3,1,5,5,0,0
20,2120,4,0,3,0,8,9,3,1,2,2,3,0,5,5,0,0
20,2120,4,0,3,0,8,9,3,1,2,2,3,0,5,5,0,0
20,2120,4,0,3,0,8,9,3,1,2,2,3,0,5,5,0,0
20,2120,4,0,3,0,8,9,3,1,2,2,3,0,5,5,0,0
20,2120,4,0,3,0,8,9,3,1,2,2,2,0,4,5,0,0
20,2120,4,0,3,0,8,9,3,1,2,1,2,0,4,5,0,0
20,2120,4,0,3,0,8,9,3,1,2,1,2,0,4,5,0,0
20,2120,4,0,3,0,8,9,3,1,2,1,2,0,4,5,0,0
20,2120,4,0,3,0,8,9,3,1,2,1,2,0,4,5,0,0
20,2120,4,0,3,0,8,9,3,1,2,1,2,0,4,5,0,0
20,2120,4,0,3,0,8,9,3,1,2,1,2,0,4,5,0,0
20,2120,4,0,3,0,8,9,3,1,2,1,2,0,4,5,0,0
20,2120,4,0,3,0,8,9,3,1,2,1,2,0,4,5,0,0
21,2121,4,0,4,0,9,9,4,1,3,1,3,0,7,5,0,0
21,2121,4,0,4,0,9,9,4,1,3,1,3,0,7,5,0,0
21,2121,4,0,4,0,9,9,4,1,3,1,3,0,7,5,0,0
21,2121,4,0,4,0,9,9,4,1,3,1,3,0,7,5,0,0
21,2121,4,0,4,0,9,9,4,1,3,1,3,0,7,5,0,0
21,2121,4,0,4,0,9,9,4,1,3,1,3,0,7,5,0,0
21,2121,4,0,4,0,9,9,4,1,3,1,3,0,8,5,8,0
21,2121,4,0,4,0,10,9,4,3,3,2,4,1,8,8,8,1
21,2121,4,0,4,0,10,10,4,4,3,3,4,1,8,8,8,1
21,2121,4,0,4,0,10,10,4,4,3,3,4,1,8,8,9,1
21,2121,4,0,4,0,10,10,4,4,3,2,4,1,8,8,9,1
21,2121,4,0,4,0,10,10,4,4,3,3,4,1,8,8,9,1
21,2121,4,0,4,0,10,10,4,4,3,3,4,1,8,8,9,1
21,2121,4,0,4,0,10,10,4,4,3,3,4,1,8,8,5,1
21,2121,4,0,4,0,10,10,4,4,3,1,4,1,8,8,5,1
21,2121,4,0,4,0,10,10,4,4,3,1,4,1,8,8,5,1
21,2121,4,0,4,0,9,10,4,4,3,1,3,1,8,8,5,1
21,2121,4,0,4,0,9,10,4,4,3,1,3,1,8,8,0,1
21,2121,4,0,4,0,9,10,4,4,3,1,3,1,8,8,0,1
21,2121,4,0,4,0,9,10,4,4,3,1,3,1,8,8,0,0
21,2121,4,0,4,0,9,10,4,4,3,1,3,1,8,8,0,0
21,2121,4,0,4,0,9,10,4,4,3,1,3,1,8,8,0,0
21,2121,4,0,4,0,9,9,4,4,3,1,3,1,8,7,0,0
21,2121,4,0,4,0,9,9,4,4,3,1,3,1,7,7,0,0
22,2122,4,0,4,0,9,9,4,4,3,1,3,1,4,7,0,0
22,2122,4,0,4,0,9,9,4,4,3,1,3,1,4,7,0,0
22,2122,4,0,4,0,9,9,4,4,3,1,3,1,4,7,0,0
22,2122,4,0,4,0,9,9,4,4,3,1,3,1,4,7,0,0
22,2122,4,0,4,0,9,9,4,4,3,1,3,1,4,7,0,0
22,2122,4,0,4,0,9,9,4,4,3,1,3,1,4,7,0,0
22,2122,4,0,4,0,9,9,4,4,3,1,3,1,4,7,8,0
22,2122,4,0,4,0,10,9,4,4,3,3,4,2,5,6,8,5
22,2122,4,0,4,0,10,10,4,4,3,3,4,2,5,6,8,6
22,2122,4,0,4,0,10,10,4,4,3,3,4,2,5,6,9,7
22,2122,4,0,4,0,10,10,4,4,3,3,4,2,5,6,9,8
22,2122,4,0,4,0,10,10,4,4,3,3,4,2,5,6,9,8
22,2122,4,0,4,0,10,10,4,4,3,3,4,2,5,6,9,8
22,2122,4,0,4,0,10,10,4,4,3,3,4,2,5,6,5,8
22,2122,4,0,4,0,10,9,4,4,3,3,4,2,5,6,5,7
22,2122,4,0,4,0,10,9,4,4,3,3,4,2,4,6,5,3
22,2122,4,0,4,0,9,9,4,4,3,3,3,2,4,6,5,3
22,2122,4,0,4,0,9,9,4,4,3,2,3,2,4,6,0,3
22,2122,4,0,4,0,9,9,4,4,3,1,3,2,4,6,0,3
22,2122,4,0,4,0,9,9,4,4,3,1,3,2,4,6,0,2
22,2122,4,0,4,0,9,9,4,4,3,1,3,2,4,6,0,2
22,2122,4,0,4,0,9,9,4,4,3,1,3,2,4,6,0,2
22,2122,4,0,4,0,9,9,4,4,3,1,3,2,4,6,0,2
22,2122,4,0,4,0,9,9,4,4,3,1,3,2,4,6,0,2
23,2123,4,0,4,0,9,9,4,4,3,1,3,2,7,7,0,2
23,2123,4,0,4,0,9,9,4,4,3,1,3,2,7,7,0,2
23,2123,4,0,4,0,9,9,4,4,3,1,3,2,7,7,0,2
23,2123,4,0,4,0,9,9,4,4,3,1,3,2,7,7,0,2
23,2123,4,0,4,0,9,9,4,4,3,1,3,2,7,7,0,2
23,2123,4,0,4,0,9,9,4,4,3,1,3,2,7,7,0,2
23,2123,4,0,4,0,9,9,4,4,3,1,3,2,10,8,8,2
23,2123,4,0,4,0,10,10,4,3,3,2,4,2,10,9,8,1
23,2123,4,0,4,0,10,9,4,3,3,2,4,2,10,10,8,1
23,2123,4,0,4,0,10,10,4,4,3,2,4,2,10,10,9,1
23,2123,4,0,4,0,10,10,4,4,3,3,4,2,10,10,9,1
23,2123,4,0,4,0,10,10,4,3,3,3,4,2,10,10,9,1
23,2123,4,0,4,0,10,10,4,3,3,3,4,2,10,10,9,1
23,2123,4,0,4,0,10,10,4,3,3,3,4,2,10,9,5,0
23,2123,4,0,4,0,10,10,4,3,3,3,4,2,10,9,5,0
23,2123,4,0,4,0,10,10,4,3,3,3,4,2,8,9,5,0
23,2123,4,0,4,0,9,10,4,3,3,3,3,2,8,9,5,0
23,2123,4,0,4,0,9,10,4,3,3,3,3,2,8,9,0,0
23,2123,4,0,4,0,9,10,4,3,3,3,3,2,8,9,0,0
23,2123,4,0,4,0,9,10,4,3,3,3,3,2,8,9,0,0
23,2123,4,0,4,0,9,10,4,3,3,3,3,2,8,9,0,0
23,2123,4,0,4,0,9,10,4,3,3,3,3,2,8,9,0,0
23,2123,4,0,4,0,9,10,4,3,3,3,3,2,8,9,0,0
23,2123,4,0,4,0,9,10,4,3,3,3,3,2,7,9,0,0
24,2124,4,0,4,0,9,10,4,3,3,3,3,2,7,9,0,0
24,2124,4,0,4,0,9,10,4,3,3,3,3,2,7,9,0,0
24,2124,4,0,4,0,9,10,4,3,3,3,3,2,7,9,0,0
24,2124,4,0,4,0,9,10,4,3,3,3,3,2,7,9,0,0
24,2124,4,0,4,0,9,10,4,3,3,3,3,2,7,9,0,0
24,2124,4,0,4,0,9,10,4,3,3,3,3,2,7,9,0,0
24,2124,4,0,4,0,9,10,4,3,3,3,3,2,8,9,8,0
24,2124,4,0,4,0,10,10,4,4,3,3,4,3,8,7,8,0
24,2124,4,0,4,0,10,10,4,4,3,3,4,3,8,8,8,0
24,2124,4,0,4,0,10,10,4,4,3,3,4,3,8,8,9,0
24,2124,4,0,4,0,10,10,4,4,3,3,4,3,8,8,9,0
24,2124,4,0,4,0,10,10,4,4,3,3,4,3,8,8,9,0
24,2124,4,0,4,0,10,10,4,4,3,3,4,3,8,8,9,0
24,2124,4,0,4,0,10,10,4,4,3,3,4,3,8,8,5,0
24,2124,4,0,4,0,10,10,4,4,3,3,4,3,8,8,5,0
24,2124,4,0,4,0,10,10,4,4,3,3,4,3,8,8,5,0
24,2124,4,0,4,0,9,10,4,4,3,3,3,3,8,7,5,0
24,2124,4,0,4,0,9,10,4,4,3,3,3,3,8,7,0,0
24,2124,4,0,4,0,9,10,4,4,3,3,3,2,8,7,0,0
24,2124,4,0,4,0,9,10,4,4,3,3,3,2,8,7,0,0
24,2124,4,0,4,0,9,10,4,4,3,3,3,2,8,6,0,0
24,2124,4,0,4,0,9,10,4,4,3,3,3,2,8,6,0,0
24,2124,4,0,4,0,9,10,4,4,3,3,3,2,8,6,0,0
24,2124,4,0,4,0,9,10,4,4,3,3,3,2,7,6,0,0
25,2125,4,0,4,0,9,10,4,4,3,3,3,2,7,6,0,0
25,2125,4,0,4,0,9,10,4,4,3,3,3,2,7,6,0,0
25,2125,4,0,4,0,9,10,4,4,3,3,3,2,7,6,0,0
25,2125,4,0,4,0,9,10,4,4,3,3,3,2,7,6,0,0
25,2125,4,0,4,0,9,10,4,4,3,3,3,2,7,6,0,0
25,2125,4,0,4,0,9,10,4,4,3,3,3,2,7,6,0,0
25,2125,4,0,4,0,9,10,4,4,3,3,3,2,8,6,8,0
25,2125,4,0,4,0,10,9,4,4,3,3,4,2,8,8,8,1
25,2125,4,0,4,0,10,10,4,4,3,3,4,2,8,8,8,1
25,2125,4,0,4,0,10,10,4,4,3,3,4,2,8,8,9,2
25,2125,4,0,4,0,10,10,4,3,3,3,4,2,8,8,9,3
25,2125,4,0,4,0,10,10,4,4,3,3,4,2,8,8,9,4
25,2125,4,0,4,0,10,10,4,4,3,3,4,2,8,8,9,4
25,2125,4,0,4,0,10,10,4,3,3,3,4,2,8,8,5,3
25,2125,4,0,4,0,10,10,4,3,3,3,4,2,8,8,5,3
25,2125,4,0,4,0,10,10,4,3,3,3,4,2,8,8,5,1
25,2125,4,0,4,0,9,10,4,3,3,3,3,2,8,8,5,1
25,2125,4,0,4,0,9,10,4,3,3,2,3,2,8,8,0,1
25,2125,4,0,4,0,9,10,4,3,3,2,3,2,8,8,0,1
25,2125,4,0,4,0,9,10,4,3,3,2,3,2,8,8,0,1
25,2125,4,0,4,0,9,10,4,3,3,2,3,2,8,8,0,1
25,2125,4,0,4,0,9,10,4,3,3,2,3,2,8,8,0,1
25,2125,4,0,4,0,9,10,4,3,3,2,3,2,8,8,0,1
25,2125,4,0,4,0,9,10,4,3,3,2,3,2,7,8,0,1
26,2126,4,0,3,0,8,10,3,3,2,2,2,2,7,8,0,1
26,2126,4,0,3,0,8,10,3,3,2,2,2,2,7,8,0,1
26,2126,4,0,3,0,8,10,3,3,2,2,2,2,7,8,0,1
26,2126,4,0,3,0,8,10,3,3,2,2,2,2,7,8,0,1
26,2126,4,0,3,0,8,10,3,3,2,2,2,2,7,8,0,1
26,2126,4,0,3,0,8,10,3,3,2,2,2,2,7,8,0,1
26,2126,4,0,3,0,8,10,3,3,2,2,3,2,10,8,0,1
26,2126,4,0,3,0,8,9,3,2,2,2,3,2,10,7,0,0
26,2126,4,0,3,0,8,9,3,2,2,2,3,2,10,6,0,0
26,2126,4,0,3,0,8,9,3,2,2,2,3,2,10,6,0,0
26,2126,4,0,3,0,8,9,3,2,2,2,3,2,10,5,0,0
26,2126,4,0,3,0,8,9,3,2,2,2,3,2,10,5,0,0
26,2126,4,0,3,0,8,9,3,2,2,2,3,2,10,5,0,0
26,2126,4,0,3,0,8,9,3,2,2,2,3,2,10,5,0,0
26,2126,4,0,3,0,8,9,3,2,2,2,3,2,10,5,0,0
26,2126,4,0,3,0,8,9,3,2,2,2,2,2,8,5,0,0
26,2126,4,0,3,0,8,9,3,2,2,2,2,2,8,5,0,0
26,2126,4,0,3,0,8,8,3,2,2,1,2,2,8,4,0,0
26,2126,4,0,3,0,8,8,3,2,2,1,2,2,8,4,0,0
26,2126,4,0,3,0,8,8,3,2,2,1,2,2,8,4,0,0
26,2126,4,0,3,0,8,8,3,2,2,1,2,2,8,4,0,0
26,2126,4,0,3,0,8,8,3,2,2,1,2,2,8,4,0,0
26,2126,4,0,3,0,8,8,3,2,2,1,2,2,8,4,0,0
26,2126,4,0,3,0,8,8,3,2,2,1,2,2,7,4,0,0
27,2127,4,0,3,0,8,8,3,2,2,1,2,2,4,4,0,0
27,2127,4,0,3,0,8,8,3,2,2,1,2,2,4,4,0,0
27,2127,4,0,3,0,8,8,3,2,2,1,2,2,4,4,0,0
27,2127,4,0,3,0,8,8,3,2,2,1,2,2,4,4,0,0
27,2127,4,0,3,0,8,8,3,2,2,1,2,2,4,4,0,0
27,2127,4,0,3,0,8,8,3,2,2,1,2,2,4,4,0,0
27,2127,4,0,3,0,8,8,3,2,2,1,3,2,4,4,0,0
27,2127,4,0,3,0,8,8,3,2,2,1,3,2,5,4,0,0
27,2127,4,0,3,0,8,8,3,2,2,1,3,2,5,4,0,0
27,2127,4,0,3,0,8,8,3,2,2,1,3,2,5,4,0,0
27,2127,4,0,3,0,8,8,3,2,2,1,3,2,5,4,0,0
27,2127,4,0,3,0,8,8,3,2,2,1,3,2,5,4,0,0
27,2127,4,0,3,0,8,8,3,2,2,1,3,2,5,4,0,0
27,2127,4,0,3,0,8,8,3,2,2,1,3,2,5,4,0,0
27,2127,4,0,3,0,8,8,3,2,2,1,3,2,5,4,0,0
27,2127,4,0,3,0,8,8,3,2,2,1,2,2,4,4,0,0
27,2127,4,0,3,0,8,8,3,2,2,1,2,2,4,4,0,0
27,2127,4,0,3,0,8,8,3,2,2,1,2,2,4,4,0,0
27,2127,4,0,3,0,8,8,3,2,2,1,2,2,4,4,0,0
27,2127,4,0,3,0,8,8,3,2,2,1,2,2,4,4,0,0
27,2127,4,0,3,0,8,8,3,2,2,1,2,2,4,4,0,0
27,2127,4,0,3,0,8,8,3,2,2,1,2,2,4,4,0,0
27,2127,4,0,3,0,8,7,3,2,2,1,2,2,4,4,0,0
27,2127,4,0,3,0,8,7,3,2,2,1,2,2,4,4,0,0
0,2128,4,0,4,0,9,7,4,2,3,1,3,2,7,4,0,0
0,2128,4,0,4,0,9,7,4,2,3,1,3,2,7,4,0,0
0,2128,4,0,4,0,9,7,4,2,3,1,3,2,7,4,0,0
0,2128,4,0,4,0,9,7,4,2,3,1,3,2,7,4,0,0
0,2128,4,0,4,0,9,7,4,2,3,1,3,2,7,4,0,0
0,2128,4,0,4,0,9,7,4,2,3,1,3,2,7,4,0,0
0,2128,4,0,4,0,9,7,4,2,3,1,3,2,8,4,8,0
0,2128,4,0,4,0,10,9,4,4,3,1,4,3,8,6,8,2
0,2128,4,0,4,0,10,10,4,4,3,2,4,3,8,6,8,2
0,2128,4,0,4,0,10,10,4,3,3,2,4,3,8,8,9,2
0,2128,4,0,4,0,10,10,4,3,3,2,4,3,8,8,9,2
0,2128,4,0,4,0,10,10,4,4,3,2,4,3,8,8,9,2
0,2128,4,0,4,0,10,10,4,4,3,2,4,3,8,8,9,2
0,2128,4,0,4,0,10,10,4,4,3,1,4,3,8,6,5,2
0,2128,4,0,4,0,10,10,4,3,3,1,4,3,8,8,5,2
0,2128,4,0,4,0,10,9,4,3,3,1,4,3,8,6,5,1
0,2128,4,0,4,0,9,9,4,3,3,1,3,3,8,5,5,1
0,2128,4,0,4,0,9,9,4,3,3,1,3,3,8,5,0,1
0,2128,4,0,4,0,9,9,4,3,3,1,3,2,8,5,0,1
0,2128,4,0,4,0,9,9,4,3,3,1,3,2,8,5,0,0
0,2128,4,0,4,0,9,8,4,3,3,1,3,2,8,5,0,0
0,2128,4,0,4,0,9,8,4,3,3,1,3,2,8,5,0,0
0,2128,4,0,4,0,9,8,4,3,3,1,3,2,8,5,0,0
0,2128,4,0,4,0,9,8,4,3,3,1,3,2,7,5,0,0
1,2129,4,0,4,0,9,8,4,3,3,1,3,2,4,5,0,0
1,2129,4,0,4,0,9,8,4,3,3,1,3,2,4,5,0,0
1,2129,4,0,4,0,9,8,4,3,3,1,3,2,4,5,0,0
1,2129,4,0,4,0,9,8,4,3,3,1,3,2,4,5,0,0
1,2129,4,0,4,0,9,8,4,3,3,1,3,2,4,5,0,0
1,2129,4,0,4,0,9,8,4,3,3,1,3,2,4,5,0,0
1,2129,4,0,4,0,9,8,4,3,3,1,3,2,4,5,8,0
1,2129,4,0,4,0,10,9,4,3,3,2,4,2,5,5,8,1
1,2129,4,0,4,0,10,10,4,4,3,3,4,2,5,5,8,1
1,2129,4,0,4,0,10,10,4,4,3,3,4,2,5,5,9,2
1,2129,4,0,4,0,10,10,4,4,3,3,4,2,5,5,9,2
1,2129,4,0,4,0,10,10,4,4,3,3,4,2,5,5,9,2
1,2129,4,0,4,0,10,10,4,4,3,3,4,2,5,5,9,2
1,2129,4,0,4,0,10,10,4,4,3,2,4,2,5,6,5,2
1,2129,4,0,4,0,10,10,4,4,3,2,4,2,5,5,5,1
1,2129,4,0,4,0,10,10,4,4,3,2,4,1,4,5,5,1
1,2129,4,0,4,0,9,10,4,3,3,2,3,1,4,5,5,1
1,2129,4,0,4,0,9,10,4,3,3,2,3,1,4,5,0,1
1,2129,4,0,4,0,9,10,4,3,3,2,3,1,4,5,0,1
1,2129,4,0,4,0,9,10,4,3,3,2,3,1,4,5,0,1
1,2129,4,0,4,0,9,10,4,3,3,2,3,1,4,5,0,1
1,2129,4,0,4,0,9,10,4,3,3,2,3,1,4,5,0,1
1,2129,4,0,4,0,9,10,4,3,3,2,3,0,4,5,0,1
1,2129,4,0,4,0,9,10,4,3,3,2,3,0,4,5,0,1
2,2130,4,0,4,0,9,10,4,3,3,2,3,0,7,5,0,1
2,2130,4,0,4,0,9,10,4,3,3,2,3,0,7,5,0,1
2,2130,4,0,4,0,9,10,4,3,3,2,3,0,7,5,0,1
2,2130,4,0,4,0,9,10,4,3,3,2,3,0,7,5,0,1
2,2130,4,0,4,0,9,10,4,3,3,2,3,0,7,5,0,1
2,2130,4,0,4,0,9,10,4,3,3,2,3,0,7,5,0,1
2,2130,4,0,4,0,9,10,4,3,3,2,3,0,10,5,8,1
2,2130,4,0,4,0,10,10,4,4,3,2,4,1,10,10,8,1
2,2130,4,0,4,0,10,10,4,4,3,3,4,1,10,10,8,1
2,2130,4,0,4,0,10,10,4,4,3,3,4,1,10,10,9,1
2,2130,4,0,4,0,10,10,4,4,3,3,4,1,10,11,9,1
2,2130,4,0,4,0,10,10,4,4,3,3,4,1,10,11,9,1
2,2130,4,0,4,0,10,10,4,4,3,3,4,1,10,10,9,1
2,2130,4,0,4,0,10,10,4,4,3,3,4,1,10,10,5,1
2,2130,4,0,4,0,10,10,4,4,3,3,4,1,10,10,5,1
2,2130,4,0,4,0,10,10,4,4,3,3,4,1,8,10,5,1
2,2130,4,0,4,0,9,10,4,4,3,3,3,1,8,10,5,1
2,2130,4,0,4,0,9,10,4,4,3,3,3,1,8,9,0,0
2,2130,4,0,4,0,9,10,4,4,3,3,3,1,8,9,0,0
2,2130,4,0,4,0,9,9,4,4,3,3,3,1,8,9,0,0
2,2130,4,0,4,0,9,9,4,4,3,2,3,1,8,9,0,0
2,2130,4,0,4,0,9,9,4,4,3,2,3,1,8,9,0,0
2,2130,4,0,4,0,9,9,4,4,3,2,3,1,8,9,0,0
2,2130,4,0,4,0,9,9,4,4,3,2,3,1,7,9,0,0
3,2131,4,0,4,0,9,9,4,4,3,2,3,1,7,9,0,0
3,2131,4,0,4,0,9,9,4,4,3,2,3,1,7,9,0,0
3,2131,4,0,4,0,9,9,4,4,3,2,3,1,7,9,0,0
3,2131,4,0,4,0,9,9,4,4,3,2,3,1,7,9,0,0
3,2131,4,0,4,0,9,9,4,4,3,2,3,1,7,9,0,0
3,2131,4,0,4,0,9,9,4,4,3,2,3,1,7,9,0,0
3,2131,4,0,4,0,9,9,4,4,3,2,3,1,8,9,8,0
3,2131,4,0,4,0,10,10,4,4,3,2,4,2,8,7,8,0
3,2131,4,0,4,0,10,10,4,4,3,2,4,2,8,8,8,0
3,2131,4,0,4,0,10,10,4,4,3,2,4,2,8,8,9,0
3,2131,4,0,4,0,10,10,4,4,3,1,4,2,8,8,9,0
3,2131,4,0,4,0,10,10,4,4,3,1,4,2,8,8,9,0
3,2131,4,0,4,0,10,10,4,4,3,1,4,2,8,8,9,0
3,2131,4,0,4,0,10,10,4,4,3,1,4,2,8,8,5,0
3,2131,4,0,4,0,10,10,4,4,3,1,4,2,8,8,5,0
3,2131,4,0,4,0,10,10,4,4,3,1,4,2,8,8,5,0
3,2131,4,0,4,0,9,10,4,4,3,1,3,2,8,8,5,0
3,2131,4,0,4,0,9,10,4,4,3,1,3,2,8,8,0,0
3,2131,4,0,4,0,9,10,4,4,3,1,3,2,8,8,0,0
3,2131,4,0,4,0,9,10,4,4,3,1,3,2,8,8,0,0
3,2131,4,0,4,0,9,10,4,4,3,1,3,2,8,8,0,0
3,2131,4,0,4,0,9,10,4,4,3,1,3,2,8,8,0,0
3,2131,4,0,4,0,9,10,4,4,3,1,3,2,8,8,0,0
3,2131,4,0,4,0,9,10,4,4,3,1,3,2,7,8,0,0
4,2132,4,0,4,0,9,10,4,4,3,1,3,2,7,8,0,0
4,2132,4,0,4,0,9,10,4,4,3,1,3,2,7,8,0,0
4,2132,4,0,4,0,9,10,4,4,3,1,3,2,7,8,0,0
4,2132,4,0,4,0,9,10,4,4,3,1,3,2,7,8,0,0
4,2132,4,0,4,0,9,10,4,4,3,1,3,2,7,8,0,0
4,2132,4,0,4,0,9,10,4,4,3,1,3,2,7,8,0,0
4,2132,4,0,4,0,9,10,4,4,3,1,3,2,8,8,8,0
4,2132,4,0,4,0,10,10,4,4,3,2,4,3,8,8,8,1
4,2132,4,0,4,0,10,10,4,4,3,3,4,3,8,8,8,1
4,2132,4,0,4,0,10,10,4,4,3,3,4,3,8,8,9,1
4,2132,4,0,4,0,10,10,4,4,3,3,4,3,8,8,9,1
4,2132,4,0,4,0,10,10,4,4,3,3,4,3,8,8,9,1
4,2132,4,0,4,0,10,10,4,4,3,3,4,3,8,8,9,1
4,2132,4,0,4,0,10,10,4,4,3,3,4,3,8,8,5,1
4,2132,4,0,4,0,10,10,4,4,3,3,4,3,8,8,5,1
4,2132,4,0,4,0,10,10,4,4,3,3,4,3,8,7,5,1
4,2132,4,0,4,0,9,10,4,4,3,3,3,3,8,7,5,1
4,2132,4,0,4,0,9,10,4,4,3,3,3,3,8,7,0,1
4,2132,4,0,4,0,9,10,4,4,3,3,3,3,8,7,0,1
4,2132,4,0,4,0,9,10,4,4,3,3,3,3,8,7,0,1
4,2132,4,0,4,0,9,10,4,4,3,3,3,3,8,7,0,1
4,2132,4,0,4,0,9,10,4,4,3,3,3,3,8,7,0,1
4,2132,4,0,4,0,9,10,4,3,3,3,3,3,8,7,0,1
4,2132,4,0,4,0,9,10,4,3,3,3,3,3,7,7,0,1
5,2133,4,0,3,0,8,10,3,3,2,3,2,3,7,7,0,1
5,2133,4,0,3,0,8,10,3,3,2,3,2,3,7,7,0,1
5,2133,4,0,3,0,8,10,3,3,2,3,2,3,7,7,0,1
5,2133,4,0,3,0,8,10,3,3,2,3,2,3,7,7,0,1
5,2133,4,0,3,0,8,10,3,3,2,3,2,3,7,7,0,1
5,2133,4,0,3,0,8,10,3,3,2,3,2,3,7,7,0,1
5,2133,4,0,3,0,8,10,3,3,2,3,3,3,10,7,0,1
5,2133,4,0,3,0,8,10,3,2,2,3,3,3,10,7,0,0
5,2133,4,0,3,0,8,10,3,2,2,3,3,3,10,7,0,0
5,2133,4,0,3,0,8,10,3,1,2,3,3,3,10,7,0,0
5,2133,4,0,3,0,8,10,3,1,2,3,3,3,10,7,0,0
5,2133,4,0,3,0,8,10,3,1,2,3,3,3,10,7,0,0
5,2133,4,0,3,0,8,10,3,1,2,3,3,3,10,7,0,0
5,2133,4,0,3,0,8,10,3,1,2,3,3,3,10,7,0,0
5,2133,4,0,3,0,8,10,3,1,2,3,3,3,10,7,0,0
5,2133,4,0,3,0,8,10,3,1,2,3,2,3,8,7,0,0
5,2133,4,0,3,0,8,10,3,1,2,3,2,3,8,7,0,0
5,2133,4,0,3,0,8,10,3,1,2,3,2,2,8,7,0,0
5,2133,4,0,3,0,8,10,3,1,2,3,2,2,8,7,0,0
5,2133,4,0,3,0,8,10,3,1,2,3,2,2,8,7,0,0
5,2133,4,0,3,0,8,10,3,1,2,3,2,2,8,7,0,0
5,2133,4,0,3,0,8,10,3,1,2,3,2,2,8,6,0,0
5,2133,4,0,3,0,8,10,3,1,2,3,2,2,8,6,0,0
5,2133,4,0,3,0,8,10,3,1,2,3,2,2,7,6,0,0
6,2134,4,0,3,0,8,10,3,1,2,3,2,2,4,6,0,0
6,2134,4,0,3,0,8,10,3,1,2,3,2,2,4,6,0,0
6,2134,4,0,3,0,8,10,3,1,2,3,2,2,4,6,0,0
6,2134,4,0,3,0,8,10,3,1,2,3,2,2,4,6,0,0
6,2134,4,0,3,0,8,10,3,1,2,3,2,2,4,6,0,0
6,2134,4,0,3,0,8,10,3,1,2,3,2,2,4,6,0,0
6,2134,4,0,3,0,8,10,3,1,2,3,3,2,4,6,0,0
6,2134,4,0,3,0,8,9,3,1,2,2,3,2,5,6,0,0
6,2134,4,0,3,0,8,9,3,1,2,2,3,2,5,6,0,0
6,2134,4,0,3,0,8,9,3,1,2,2,3,2,5,6,0,0
6,2134,4,0,3,0,8,9,3,1,2,2,3,2,5,6,0,0
6,2134,4,0,3,0,8,9,3,1,2,2,3,2,5,6,0,0
6,2134,4,0,3,0,8,9,3,1,2,2,3,2,5,6,0,0
6,2134,4,0,3,0,8,9,3,1,2,2,3,2,5,6,0,0
6,2134,4,0,3,0,8,9,3,1,2,2,3,2,5,6,0,0
6,2134,4,0,3,0,8,9,3,1,2,2,2,2,4,6,0,0
6,2134,4,0,3,0,8,9,3,1,2,2,2,2,4,6,0,0
6,2134,4,0,3,0,8,9,3,1,2,2,2,2,4,6,0,0
6,2134,4,0,3,0,8,9,3,1,2,2,2,2,4,6,0,0
6,2134,4,0,3,0,8,9,3,1,2,2,2,2,4,6,0,0
6,2134,4,0,3,0,8,9,3,1,2,2,2,2,4,6,0,0
6,2134,4,0,3,0,8,9,3,1,2,2,2,2,4,6,0,0
6,2134,4,0,3,0,8,9,3,1,2,2,2,2,4,6,0,0
6,2134,4,0,3,0,8,9,3,1,2,2,2,2,4,6,0,0
7,2135,4,0,4,0,9,9,4,1,3,2,3,2,7,6,0,0
7,2135,4,0,4,0,9,9,4,1,3,2,3,2,7,6,0,0
7,2135,4,0,4,0,9,9,4,1,3,2,3,2,7,6,0,0
7,2135,4,0,4,0,9,9,4,1,3,2,3,2,7,6,0,0
7,2135,4,0,4,0,9,9,4,1,3,2,3,2,7,6,0,0
7,2135,4,0,4,0,9,9,4,1,3,2,3,2,7,6,0,0
7,2135,4,0,4,0,9,9,4,1,3,2,3,2,8,6,8,0
7,2135,4,0,4,0,10,9,4,3,3,2,4,3,8,8,8,1
7,2135,4,0,4,0,10,10,4,3,3,3,4,3,8,8,8,1
7,2135,4,0,4,0,10,10,4,4,3,3,4,3,8,8,9,1
7,2135,4,0,4,0,10,10,4,4,3,1,4,3,8,8,9,1
7,2135,4,0,4,0,10,10,4,4,3,2,4,3,8,8,9,1
7,2135,4,0,4,0,10,10,4,4,3,3,4,3,8,8,9,1
7,2135,4,0,4,0,10,10,4,4,3,2,4,3,8,8,5,1
7,2135,4,0,4,0,10,10,4,4,3,2,4,3,8,9,5,1
7,2135,4,0,4,0,10,10,4,3,3,2,4,3,8,9,5,1
7,2135,4,0,4,0,9,10,4,3,3,2,3,3,8,8,5,1
7,2135,4,0,4,0,9,10,4,3,3,2,3,3,8,8,0,1
7,2135,4,0,4,0,9,10,4,3,3,2,3,3,8,7,0,0
7,2135,4,0,4,0,9,10,4,3,3,2,3,3,8,7,0,0
7,2135,4,0,4,0,9,10,4,3,3,2,3,3,8,7,0,0
7,2135,4,0,4,0,9,10,4,3,3,2,3,3,8,7,0,0
7,2135,4,0,4,0,9,10,4,3,3,2,3,3,8,7,0,0
7,2135,4,0,4,0,9,10,4,3,3,2,3,3,7,7,0,0
8,2136,4,0,4,0,9,10,4,3,3,2,3,3,4,7,0,0
8,2136,4,0,4,0,9,10,4,3,3,2,3,3,4,7,0,0
8,2136,4,0,4,0,9,10,4,3,3,2,3,3,4,7,0,0
8,2136,4,0,4,0,9,10,4,3,3,2,3,3,4,7,0,0
8,2136,4,0,4,0,9,10,4,3,3,2,3,3,4,7,0,0
8,2136,4,0,4,0,9,10,4,3,3,2,3,3,4,7,0,0
8,2136,4,0,4,0,9,10,4,3,3,2,3,3,4,7,8,0
8,2136,4,0,4,0,10,10,4,4,3,3,4,4,5,7,8,2
8,2136,4,0,4,0,10,10,4,4,3,3,4,4,5,7,8,3
8,2136,4,0,4,0,10,10,4,4,3,3,4,4,5,7,9,3
8,2136,4,0,4,0,10,10,4,4,3,3,4,3,5,7,9,3
8,2136,4,0,4,0,10,10,4,4,3,3,4,3,5,7,9,3
8,2136,4,0,4,0,10,10,4,4,3,2,4,3,5,6,9,3
8,2136,4,0,4,0,10,10,4,4,3,2,4,3,5,6,5,3
8,2136,4,0,4,0,10,10,4,4,3,2,4,3,5,6,5,3
8,2136,4,0,4,0,10,10,4,4,3,2,4,3,4,6,5,3
8,2136,4,0,4,0,9,10,4,4,3,2,3,3,4,6,5,3
8,2136,4,0,4,0,9,10,4,4,3,1,3,3,4,6,0,3
8,2136,4,0,4,0,9,10,4,4,3,1,3,3,4,6,0,3
8,2136,4,0,4,0,9,10,4,4,3,1,3,3,4,6,0,2
8,2136,4,0,4,0,9,10,4,4,3,1,3,3,4,6,0,2
8,2136,4,0,4,0,9,10,4,3,3,1,3,3,4,6,0,2
8,2136,4,0,4,0,9,10,4,3,3,1,3,3,4,6,0,2
8,2136,4,0,4,0,9,10,4,3,3,1,3,3,4,6,0,2
9,2137,4,0,4,0,9,10,4,3,3,1,3,3,7,6,0,2
9,2137,4,0,4,0,9,10,4,3,3,1,3,3,7,6,0,2
9,2137,4,0,4,0,9,10,4,3,3,1,3,3,7,6,0,2
9,2137,4,0,4,0,9,10,4,3,3,1,3,3,7,6,0,2
9,2137,4,0,4,0,9,10,4,3,3,1,3,3,7,6,0,2
9,2137,4,0,4,0,9,10,4,3,3,1,3,3,7,6,0,2
9,2137,4,0,4,0,9,10,4,3,3,1,3,3,10,6,8,2
9,2137,4,0,4,0,10,10,4,4,3,0,4,3,10,10,8,1
9,2137,4,0,4,0,10,10,4,4,3,0,4,3,10,10,8,2
9,2137,4,0,4,0,10,10,4,4,3,1,4,3,10,11,9,2
9,2137,4,0,4,0,10,10,4,4,3,2,4,3,10,11,9,3
9,2137,4,0,4,0,10,10,4,4,3,2,4,3,10,11,9,3
9,2137,4,0,4,0,10,10,4,4,3,2,4,3,10,11,9,3
9,2137,4,0,4,0,10,10,4,4,3,2,4,3,10,11,5,3
9,2137,4,0,4,0,10,10,4,4,3,2,4,3,10,9,5,2
9,2137,4,0,4,0,10,10,4,4,3,2,4,3,8,9,5,2
9,2137,4,0,4,0,9,10,4,4,3,2,3,3,8,9,5,1
9,2137,4,0,4,0,9,10,4,4,3,2,3,3,8,9,0,1
9,2137,4,0,4,0,9,10,4,4,3,2,3,3,8,8,0,0
9,2137,4,0,4,0,9,10,4,4,3,2,3,3,8,8,0,0
9,2137,4,0,4,0,9,10,4,4,3,2,3,3,8,8,0,0
9,2137,4,0,4,0,9,10,4,4,3,2,3,3,8,8,0,0
9,2137,4,0,4,0,9,10,4,4,3,2,3,3,8,8,0,0
9,2137,4,0,4,0,9,10,4,4,3,2,3,3,7,8,0,0
10,2138,4,0,4,0,9,10,4,4,3,2,3,3,7,8,0,0
10,2138,4,0,4,0,9,10,4,4,3,2,3,3,7,8,0,0
10,2138,4,0,4,0,9,10,4,4,3,2,3,3,7,8,0,0
10,2138,4,0,4,0,9,10,4,4,3,2,3,3,7,8,0,0
10,2138,4,0,4,0,9,10,4,4,3,2,3,3,7,8,0,0
10,2138,4,0,4,0,9,10,4,4,3,2,3,3,7,8,0,0
10,2138,4,0,4,0,9,10,4,4,3,2,3,3,8,8,8,0
10,2138,4,0,4,0,10,10,4,4,3,3,4,3,8,6,8,0
10,2138,4,0,4,0,10,10,4,4,3,3,4,3,8,7,8,0
10,2138,4,0,4,0,10,10,4,4,3,3,4,3,8,8,9,0
10,2138,4,0,4,0,10,10,4,4,3,3,4,3,8,8,9,0
10,2138,4,0,4,0,10,10,4,4,3,3,4,3,8,8,9,0
10,2138,4,0,4,0,10,10,4,4,3,3,4,3,8,8,9,0
10,2138,4,0,4,0,10,10,4,4,3,3,4,3,8,7,5,0
10,2138,4,0,4,0,10,10,4,4,3,3,4,3,8,7,5,0
10,2138,4,0,4,0,10,10,4,4,3,3,4,3,8,7,5,0
10,2138,4,0,4,0,9,10,4,4,3,3,3,3,8,7,5,0
10,2138,4,0,4,0,9,10,4,4,3,3,3,3,8,7,0,0
10,2138,4,0,4,0,9,10,4,4,3,3,3,3,8,7,0,0
10,2138,4,0,4,0,9,10,4,4,3,3,3,3,8,7,0,0
10,2138,4,0,4,0,9,10,4,3,3,3,3,3,8,7,0,0
10,2138,4,0,4,0,9,10,4,3,3,3,3,3,8,7,0,0
10,2138,4,0,4,0,9,10,4,3,3,3,3,3,8,7,0,0
10,2138,4,0,4,0,9,10,4,3,3,3,3,3,7,7,0,0
11,2139,4,0,4,0,9,10,4,3,3,3,3,3,7,7,0,0
11,2139,4,0,4,0,9,10,4,3,3,3,3,3,7,7,0,0
11,2139,4,0,4,0,9,10,4,3,3,3,3,3,7,7,0,0
11,2139,4,0,4,0,9,10,4,3,3,3,3,3,7,7,0,0
11,2139,4,0,4,0,9,10,4,3,3,3,3,3,7,7,0,0
11,2139,4,0,4,0,9,10,4,3,3,3,3,3,7,7,0,0
11,2139,4,0,4,0,9,10,4,3,3,3,3,3,8,7,8,0
11,2139,4,0,4,0,10,10,4,4,3,3,4,3,8,8,8,0
11,2139,4,0,4,0,10,10,4,4,3,3,4,3,8,8,8,1
11,2139,4,0,4,0,10,10,4,4,3,3,4,3,8,8,9,1
11,2139,4,0,4,0,10,10,4,4,3,3,4,3,8,7,9,1
11,2139,4,0,4,0,10,10,4,4,3,3,4,3,8,7,9,1
11,2139,4,0,4,0,10,10,4,4,3,3,4,3,8,7,9,1
11,2139,4,0,4,0,10,10,4,4,3,3,4,3,8,7,5,1
11,2139,4,0,4,0,10,10,4,4,3,3,4,3,8,6,5,1
11,2139,4,0,4,0,10,10,4,3,3,3,4,3,8,6,5,1
11,2139,4,0,4,0,9,10,4,3,3,3,3,3,8,5,5,1
11,2139,4,0,4,0,9,10,4,3,3,3,3,3,8,4,0,1
11,2139,4,0,4,0,9,10,4,3,3,3,3,3,8,4,0,1
11,2139,4,0,4,0,9,10,4,2,3,2,3,3,8,4,0,1
11,2139,4,0,4,0,9,10,4,2,3,2,3,3,8,4,0,0
11,2139,4,0,4,0,9,10,4,2,3,2,3,3,8,4,0,0
11,2139,4,0,4,0,9,10,4,2,3,2,3,3,8,4,0,0
11,2139,4,0,4,0,9,10,4,2,3,2,3,3,7,4,0,0
12,2140,4,0,3,0,8,10,3,2,2,2,2,3,7,4,0,0
12,2140,4,0,3,0,8,10,3,2,2,2,2,3,7,4,0,0
12,2140,4,0,3,0,8,10,3,2,2,2,2,3,7,4,0,0
12,2140,4,0,3,0,8,10,3,2,2,2,2,3,7,4,0,0
12,2140,4,0,3,0,8,10,3,2,2,2,2,3,7,4,0,0
12,2140,4,0,3,0,8,10,3,2,2,2,2,3,7,4,0,0
12,2140,4,0,3,0,8,10,3,2,2,2,3,3,10,4,0,0
12,2140,4,0,3,0,8,10,3,2,2,1,3,3,10,4,0,0
12,2140,4,0,3,0,8,10,3,2,2,1,3,3,10,4,0,0
12,2140,4,0,3,0,8,10,3,2,2,1,3,3,10,4,0,0
12,2140,4,0,3,0,8,9,3,2,2,1,3,3,10,4,0,0
12,2140,4,0,3,0,8,9,3,2,2,1,3,3,10,4,0,0
12,2140,4,0,3,0,8,9,3,2,2,1,3,3,10,4,0,0
12,2140,4,0,3,0,8,9,3,2,2,1,3,2,10,4,0,0
12,2140,4,0,3,0,8,9,3,2,2,1,3,1,10,4,0,0
12,2140,4,0,3,0,8,9,3,2,2,1,2,1,8,4,0,0
12,2140,4,0,3,0,8,9,3,2,2,1,2,1,8,4,0,0
12,2140,4,0,3,0,8,9,3,2,2,1,2,1,8,4,0,0
12,2140,4,0,3,0,8,9,3,2,2,1,2,1,8,4,0,0
12,2140,4,0,3,0,8,9,3,2,2,1,2,1,8,4,0,0
12,2140,4,0,3,0,8,9,3,2,2,1,2,1,8,4,0,0
12,2140,4,0,3,0,8,9,3,2,2,1,2,1,8,4,0,0
12,2140,4,0,3,0,8,9,3,2,2,1,2,1,8,4,0,0
12,2140,4,0,3,0,8,9,3,2,2,1,2,1,7,4,0,0
13,2141,4,0,3,0,8,9,3,2,2,1,2,1,4,4,0,0
13,2141,4,0,3,0,8,9,3,2,2,1,2,1,4,4,0,0
13,2141,4,0,3,0,8,9,3,2,2,1,2,1,4,4,0,0
13,2141,4,0,3,0,8,9,3,2,2,1,2,1,4,4,0,0
13,2141,4,0,3,0,8,9,3,2,2,1,2,1,4,4,0,0
13,2141,4,0,3,0,8,9,3,2,2,1,2,1,4,4,0,0
13,2141,4,0,3,0,8,9,3,2,2,1,3,1,4,4,0,0
13,2141,4,0,3,0,8,9,3,2,2,1,3,1,5,4,0,0
13,2141,4,0,3,0,8,9,3,2,2,1,3,1,5,4,0,0
13,2141,4,0,3,0,8,9,3,2,2,1,3,1,5,4,0,0
13,2141,4,0,3,0,8,8,3,2,2,1,3,1,5,3,0,0
13,2141,4,0,3,0,8,8,3,2,2,1,3,1,5,3,0,0
13,2141,4,0,3,0,8,8,3,2,2,1,3,1,5,3,0,0
13,2141,4,0,3,0,8,8,3,2,2,1,3,1,5,3,0,0
13,2141,4,0,3,0,8,8,3,2,2,1,3,1,5,3,0,0
13,2141,4,0,3,0,8,8,3,2,2,1,2,1,4,3,0,0
13,2141,4,0,3,0,8,8,3,2,2,1,2,1,4,3,0,0
13,2141,4,0,3,0,8,8,3,2,2,1,2,1,4,3,0,0
13,2141,4,0,3,0,8,8,3,2,2,1,2,0,4,3,0,0
13,2141,4,0,3,0,8,8,3,2,2,1,2,0,4,3,0,0
13,2141,4,0,3,0,8,8,3,2,2,1,2,0,4,3,0,0
13,2141,4,0,3,0,8,8,3,2,2,1,2,0,4,3,0,0
13,2141,4,0,3,0,8,8,3,2,2,1,2,0,4,3,0,0
13,2141,4,0,3,0,8,8,3,2,2,1,2,0,4,3,0,0
14,2142,4,0,4,0,9,8,4,2,3,1,3,0,7,3,0,0
14,2142,4,0,4,0,9,8,4,2,3,1,3,0,7,3,0,0
14,2142,4,0,4,0,9,8,4,2,3,1,3,0,7,3,0,0
14,2142,4,0,4,0,9,8,4,2,3,1,3,0,7,3,0,0
14,2142,4,0,4,0,9,8,4,2,3,1,3,0,7,3,0,0
14,2142,4,0,4,0,9,8,4,2,3,1,3,0,7,3,0,0
14,2142,4,0,4,0,9,8,4,2,3,1,3,0,8,3,8,0
14,2142,4,0,4,0,10,9,4,4,3,1,4,1,8,6,8,2
14,2142,4,0,4,0,10,10,4,4,3,1,4,1,8,6,8,2
14,2142,4,0,4,0,10,10,4,4,3,2,4,1,8,8,9,2
14,2142,4,0,4,0,10,10,4,4,3,2,4,1,8,8,9,2
14,2142,4,0,4,0,10,10,4,4,3,2,4,1,8,8,9,2
14,2142,4,0,4,0,10,10,4,4,3,2,4,1,8,9,9,2
14,2142,4,0,4,0,10,10,4,4,3,1,4,1,8,8,5,2
14,2142,4,0,4,0,10,10,4,4,3,1,4,1,8,8,5,2
14,2142,4,0,4,0,10,10,4,4,3,1,4,1,8,8,5,2
14,2142,4,0,4,0,9,10,4,4,3,1,3,1,8,8,5,2
14,2142,4,0,4,0,9,10,4,4,3,1,3,1,8,7,0,1
14,2142,4,0,4,0,9,10,4,4,3,1,3,1,8,7,0,1
14,2142,4,0,4,0,9,10,4,4,3,1,3,1,8,7,0,1
14,2142,4,0,4,0,9,10,4,4,3,1,3,1,8,6,0,0
14,2142,4,0,4,0,9,10,4,4,3,1,3,1,8,5,0,0
14,2142,4,0,4,0,9,10,4,4,3,1,3,1,8,5,0,0
14,2142,4,0,4,0,9,10,4,4,3,1,3,1,7,5,0,0
15,2143,4,0,4,0,9,10,4,4,3,1,3,1,4,5,0,0
15,2143,4,0,4,0,9,10,4,4,3,1,3,1,4,5,0,0
15,2143,4,0,4,0,9,10,4,4,3,1,3,1,4,5,0,0
15,2143,4,0,4,0,9,10,4,4,3,1,3,1,4,5,0,0
15,2143,4,0,4,0,9,10,4,4,3,1,3,1,4,5,0,0
15,2143,4,0,4,0,9,10,4,4,3,1,3,1,4,5,0,0
15,2143,4,0,4,0,9,10,4,4,3,1,3,1,4,5,8,0
15,2143,4,0,4,0,10,9,4,4,3,3,4,2,5,5,8,2
15,2143,4,0,4,0,10,10,4,4,3,3,4,2,5,5,8,3
15,2143,4,0,4,0,10,10,4,4,3,3,4,2,5,5,9,4
15,2143,4,0,4,0,10,10,4,4,3,3,4,2,5,5,9,4
15,2143,4,0,4,0,10,10,4,4,3,3,4,2,5,6,9,4
15,2143,4,0,4,0,10,10,4,4,3,3,4,2,5,6,9,4
15,2143,4,0,4,0,10,10,4,4,3,3,4,2,5,4,5,3
15,2143,4,0,4,0,10,10,4,4,3,3,4,2,5,4,5,3
15,2143,4,0,4,0,10,10,4,4,3,3,4,2,4,4,5,1
15,2143,4,0,4,0,9,10,4,4,3,2,3,2,4,4,5,1
15,2143,4,0,4,0,9,10,4,4,3,2,3,2,4,4,0,1
15,2143,4,0,4,0,9,10,4,4,3,2,3,2,4,4,0,1
15,2143,4,0,4,0,9,10,4,4,3,2,3,2,4,4,0,1
15,2143,4,0,4,0,9,10,4,4,3,2,3,2,4,4,0,1
15,2143,4,0,4,0,9,10,4,4,3,2,3,2,4,4,0,0
15,2143,4,0,4,0,9,10,4,4,3,2,3,1,4,4,0,0
15,2143,4,0,4,0,9,10,4,4,3,2,3,1,4,4,0,0
16,2144,4,0,4,0,9,10,4,4,3,2,3,1,7,4,0,0
16,2144,4,0,4,0,9,10,4,4,3,2,3,1,7,4,0,0
16,2144,4,0,4,0,9,10,4,4,3,2,3,1,7,4,0,0
16,2144,4,0,4,0,9,10,4,4,3,2,3,1,7,4,0,0
16,2144,4,0,4,0,9,10,4,4,3,2,3,1,7,4,0,0
16,2144,4,0,4,0,9,10,4,4,3,2,3,1,7,4,0,0
16,2144,4,0,4,0,9,10,4,4,3,2,3,1,10,4,8,0
16,2144,4,0,4,0,10,10,4,3,3,2,4,2,10,9,8,1
16,2144,4,0,4,0,10,10,4,3,3,2,4,2,10,10,8,1
16,2144,4,0,4,0,10,10,4,4,3,2,4,2,10,10,9,2
16,2144,4,0,4,0,10,10,4,3,3,2,4,2,10,11,9,2
16,2144,4,0,4,0,10,10,4,4,3,2,4,2,10,11,9,2
16,2144,4,0,4,0,10,10,4,4,3,2,4,2,10,11,9,2
16,2144,4,0,4,0,10,10,4,4,3,2,4,2,10,11,5,2
16,2144,4,0,4,0,10,9,4,2,3,2,4,2,10,11,5,2
16,2144,4,0,4,0,10,9,4,2,3,2,4,2,8,10,5,1
16,2144,4,0,4,0,9,9,4,2,3,2,3,2,8,10,5,1
16,2144,4,0,4,0,9,9,4,2,3,2,3,2,8,10,0,1
16,2144,4,0,4,0,9,9,4,2,3,2,3,2,8,9,0,1
16,2144,4,0,4,0,9,9,4,1,3,2,3,2,8,9,0,1
16,2144,4,0,4,0,9,9,4,1,3,2,3,2,8,9,0,1
16,2144,4,0,4,0,9,9,4,1,3,2,3,2,8,8,0,1
16,2144,4,0,4,0,9,9,4,1,3,2,3,2,8,8,0,1
16,2144,4,0,4,0,9,9,4,1,3,2,3,2,7,8,0,1
17,2145,4,0,4,0,9,9,4,1,3,2,3,2,7,8,0,1
17,2145,4,0,4,0,9,9,4,1,3,2,3,2,7,8,0,1
17,2145,4,0,4,0,9,9,4,1,3,2,3,2,7,8,0,1
17,2145,4,0,4,0,9,9,4,1,3,2,3,2,7,8,0,1
17,2145,4,0,4,0,9,9,4,1,3,2,3,2,7,8,0,1
17,2145,4,0,4,0,9,9,4,1,3,2,3,2,7,8,0,1
17,2145,4,0,4,0,9,9,4,1,3,2,3,2,8,8,8,1
17,2145,4,0,4,0,10,9,4,2,3,2,4,3,8,8,8,1
17,2145,4,0,4,0,10,10,4,2,3,2,4,3,8,8,8,1
17,2145,4,0,4,0,10,10,4,1,3,2,4,3,8,8,9,1
17,2145,4,0,4,0,10,10,4,1,3,2,4,3,8,8,9,0
17,2145,4,0,4,0,10,10,4,1,3,2,4,3,8,8,9,0
17,2145,4,0,4,0,10,10,4,1,3,2,4,3,8,8,9,0
17,2145,4,0,4,0,10,10,4,1,3,2,4,2,8,8,5,0
17,2145,4,0,4,0,10,10,4,1,3,2,4,2,8,6,5,0
17,2145,4,0,4,0,10,9,4,1,3,2,4,2,8,6,5,0
17,2145,4,0,4,0,9,9,4,1,3,2,3,2,8,6,5,0
17,2145,4,0,4,0,9,9,4,1,3,2,3,2,8,6,0,0
17,2145,4,0,4,0,9,9,4,1,3,2,3,2,8,6,0,0
17,2145,4,0,4,0,9,9,4,1,3,2,3,2,8,6,0,0
17,2145,4,0,4,0,9,9,4,1,3,2,3,2,8,6,0,0
17,2145,4,0,4,0,9,9,4,1,3,2,3,2,8,6,0,0
17,2145,4,0,4,0,9,9,4,1,3,2,3,2,8,6,0,0
17,2145,4,0,4,0,9,9,4,1,3,2,3,2,7,6,0,0
18,2146,4,0,4,0,9,9,4,1,3,2,3,2,7,6,0,0
18,2146,4,0,4,0,9,9,4,1,3,2,3,2,7,6,0,0
18,2146,4,0,4,0,9,9,4,1,3,2,3,2,7,6,0,0
18,2146,4,0,4,0,9,9,4,1,3,2,3,2,7,6,0,0
18,2146,4,0,4,0,9,9,4,1,3,2,3,2,7,6,0,0
18,2146,4,0,4,0,9,9,4,1,3,2,3,2,7,6,0,0
18,2146,4,0,4,0,9,9,4,1,3,2,3,2,8,6,8,0
18,2146,4,0,4,0,10,9,4,1,3,3,4,3,8,8,8,1
18,2146,4,0,4,0,10,10,4,3,3,3,4,3,8,8,8,1
18,2146,4,0,4,0,10,10,4,3,3,3,4,3,8,7,9,2
18,2146,4,0,4,0,10,10,4,4,3,3,4,3,8,8,9,2
18,2146,4,0,4,0,10,10,4,4,3,3,4,3,8,8,9,2
18,2146,4,0,4,0,10,10,4,4,3,3,4,3,8,9,9,2
18,2146,4,0,4,0,10,10,4,4,3,2,4,3,8,9,5,2
18,2146,4,0,4,0,10,10,4,2,3,2,4,3,8,8,5,2
18,2146,4,0,4,0,10,10,4,2,3,2,4,3,8,8,5,2
18,2146,4,0,4,0,9,10,4,2,3,2,3,3,8,7,5,1
18,2146,4,0,4,0,9,10,4,2,3,2,3,3,8,7,0,1
18,2146,4,0,4,0,9,10,4,2,3,2,3,3,8,7,0,1
18,2146,4,0,4,0,9,10,4,2,3,2,3,3,8,6,0,1
18,2146,4,0,4,0,9,10,4,2,3,2,3,3,8,6,0,1
18,2146,4,0,4,0,9,10,4,2,3,2,3,3,8,6,0,1
18,2146,4,0,4,0,9,10,4,2,3,2,3,3,8,6,0,1
18,2146,4,0,4,0,9,10,4,2,3,2,3,3,7,6,0,1
19,2147,4,0,3,0,8,10,3,2,2,2,2,3,7,6,0,1
19,2147,4,0,3,0,8,10,3,2,2,2,2,3,7,6,0,1
19,2147,4,0,3,0,8,10,3,2,2,2,2,3,7,6,0,1
19,2147,4,0,3,0,8,10,3,2,2,2,2,3,7,6,0,1
19,2147,4,0,3,0,8,10,3,2,2,2,2,3,7,6,0,1
19,2147,4,0,3,0,8,10,3,2,2,2,2,3,7,6,0,1
19,2147,4,0,3,0,8,10,3,2,2,2,3,3,10,6,0,1
19,2147,4,0,3,0,8,10,3,2,2,2,3,3,10,6,0,1
19,2147,4,0,3,0,8,10,3,2,2,2,3,3,10,6,0,1
19,2147,4,0,3,0,8,10,3,2,2,2,3,3,10,5,0,1
19,2147,4,0,3,0,8,10,3,2,2,2,3,3,10,5,0,1
19,2147,4,0,3,0,8,10,3,2,2,2,3,3,10,5,0,1
19,2147,4,0,3,0,8,10,3,2,2,2,3,3,10,5,0,1
19,2147,4,0,3,0,8,10,3,2,2,2,3,3,10,5,0,1
19,2147,4,0,3,0,8,10,3,2,2,2,3,3,10,5,0,1
19,2147,4,0,3,0,8,10,3,2,2,2,2,3,8,5,0,1
19,2147,4,0,3,0,8,10,3,2,2,2,2,3,8,5,0,1
19,2147,4,0,3,0,8,10,3,2,2,2,2,3,8,5,0,1
19,2147,4,0,3,0,8,10,3,2,2,2,2,3,8,5,0,1
19,2147,4,0,3,0,8,10,3,2,2,2,2,3,8,5,0,1
19,2147,4,0,3,0,8,10,3,2,2,2,2,3,8,5,0,0
19,2147,4,0,3,0,8,10,3,2,2,2,2,3,8,5,0,0
19,2147,4,0,3,0,8,10,3,2,2,2,2,3,8,5,0,0
19,2147,4,0,3,0,8,10,3,2,2,2,2,3,7,5,0,0
20,2148,4,0,3,0,8,10,3,2,2,2,2,3,4,5,0,0
20,2148,4,0,3,0,8,10,3,2,2,2,2,3,4,5,0,0
20,2148,4,0,3,0,8,10,3,2,2,2,2,3,4,5,0,0
20,2148,4,0,3,0,8,10,3,2,2,2,2,3,4,5,0,0
20,2148,4,0,3,0,8,10,3,2,2,2,2,3,4,5,0,0
20,2148,4,0,3,0,8,10,3,2,2,2,2,3,4,5,0,0
20,2148,4,0,3,0,8,10,3,2,2,2,3,3,4,5,0,0
20,2148,4,0,3,0,8,9,3,1,2,2,3,2,5,4,0,0
20,2148,4,0,3,0,8,9,3,1,2,2,3,1,5,4,0,0
20,2148,4,0,3,0,8,9,3,1,2,2,3,1,5,4,0,0
20,2148,4,0,3,0,8,9,3,1,2,2,3,1,5,4,0,0
20,2148,4,0,3,0,8,9,3,1,2,2,3,1,5,4,0,0
20,2148,4,0,3,0,8,9,3,1,2,2,3,1,5,4,0,0
20,2148,4,0,3,0,8,9,3,1,2,2,3,1,5,4,0,0
20,2148,4,0,3,0,8,9,3,1,2,2,3,1,5,4,0,0
20,2148,4,0,3,0,8,9,3,1,2,2,2,1,4,4,0,0
20,2148,4,0,3,0,8,9,3,1,2,2,2,1,4,4,0,0
20,2148,4,0,3,0,8,9,3,1,2,2,2,1,4,4,0,0
20,2148,4,0,3,0,8,9,3,1,2,1,2,1,4,4,0,0
20,2148,4,0,3,0,8,9,3,1,2,1,2,1,4,4,0,0
20,2148,4,0,3,0,8,9,3,1,2,1,2,1,4,4,0,0
20,2148,4,0,3,0,8,9,3,1,2,1,2,1,4,4,0,0
20,2148,4,0,3,0,8,9,3,1,2,1,2,1,4,4,0,0
20,2148,4,0,3,0,8,9,3,1,2,1,2,1,4,4,0,0
21,2149,4,0,4,0,9,9,4,1,3,1,3,1,7,4,0,0
21,2149,4,0,4,0,9,9,4,1,3,1,3,1,7,4,0,0
21,2149,4,0,4,0,9,9,4,1,3,1,3,1,7,4,0,0
21,2149,4,0,4,0,9,9,4,1,3,1,3,1,7,4,0,0
21,2149,4,0,4,0,9,9,4,1,3,1,3,1,7,4,0,0
21,2149,4,0,4,0,9,9,4,1,3,1,3,1,7,4,0,0
21,2149,4,0,4,0,9,9,4,1,3,1,3,1,8,4,8,0
21,2149,4,0,4,0,10,9,4,3,3,1,4,2,8,7,8,1
21,2149,4,0,4,0,10,10,4,4,3,2,4,2,8,7,8,1
21,2149,4,0,4,0,10,10,4,3,3,3,4,2,8,8,9,1
21,2149,4,0,4,0,10,10,4,4,3,2,4,2,8,8,9,1
21,2149,4,0,4,0,10,10,4,4,3,3,4,2,8,7,9,1
21,2149,4,0,4,0,10,10,4,4,3,2,4,2,8,7,9,1
21,2149,4,0,4,0,10,10,4,4,3,2,4,2,8,6,5,1
21,2149,4,0,4,0,10,10,4,4,3,1,4,2,8,6,5,1
21,2149,4,0,4,0,10,10,4,4,3,1,4,2,8,6,5,1
21,2149,4,0,4,0,9,10,4,4,3,1,3,2,8,6,5,1
21,2149,4,0,4,0,9,10,4,4,3,1,3,2,8,6,0,1
21,2149,4,0,4,0,9,10,4,4,3,1,3,2,8,6,0,1
21,2149,4,0,4,0,9,10,4,4,3,1,3,2,8,6,0,1
21,2149,4,0,4,0,9,10,4,4,3,1,3,2,8,6,0,1
21,2149,4,0,4,0,9,10,4,4,3,1,3,2,8,6,0,1
21,2149,4,0,4,0,9,10,4,4,3,1,3,2,8,6,0,1
21,2149,4,0,4,0,9,10,4,4,3,1,3,2,7,6,0,1
22,2150,4,0,4,0,9,10,4,4,3,1,3,2,4,6,0,1
22,2150,4,0,4,0,9,10,4,4,3,1,3,2,4,6,0,1
22,2150,4,0,4,0,9,10,4,4,3,1,3,2,4,6,0,1
22,2150,4,0,4,0,9,10,4,4,3,1,3,2,4,6,0,1
22,2150,4,0,4,0,9,10,4,4,3,1,3,2,4,6,0,1
22,2150,4,0,4,0,9,10,4,4,3,1,3,2,4,6,0,1
22,2150,4,0,4,0,9,10,4,4,3,1,3,2,4,6,8,1
22,2150,4,0,4,0,10,10,4,3,3,2,4,3,5,6,8,5
22,2150,4,0,4,0,10,10,4,4,3,3,4,3,5,6,8,6
22,2150,4,0,4,0,10,10,4,4,3,3,4,3,5,6,9,7
22,2150,4,0,4,0,10,10,4,4,3,3,4,3,5,6,9,8
22,2150,4,0,4,0,10,10,4,4,3,2,4,3,5,6,9,8
22,2150,4,0,4,0,10,10,4,4,3,2,4,3,5,6,9,7
22,2150,4,0,4,0,10,10,4,4,3,2,4,3,5,6,5,7
22,2150,4,0,4,0,10,10,4,4,3,2,4,3,5,6,5,7
22,2150,4,0,4,0,10,10,4,3,3,2,4,3,4,6,5,4
22,2150,4,0,4,0,9,10,4,3,3,2,3,3,4,6,5,4
22,2150,4,0,4,0,9,10,4,3,3,2,3,3,4,6,0,3
22,2150,4,0,4,0,9,10,4,3,3,2,3,3,4,6,0,3
22,2150,4,0,4,0,9,10,4,3,3,2,3,2,4,6,0,3
22,2150,4,0,4,0,9,10,4,3,3,2,3,2,4,6,0,3
22,2150,4,0,4,0,9,10,4,3,3,2,3,2,4,6,0,3
22,2150,4,0,4,0,9,10,4,3,3,2,3,2,4,6,0,2
22,2150,4,0,4,0,9,10,4,3,3,2,3,2,4,6,0,2
23,2151,4,0,4,0,9,10,4,3,3,2,3,2,7,7,0,2
23,2151,4,0,4,0,9,10,4,3,3,2,3,2,7,7,0,2
23,2151,4,0,4,0,9,10,4,3,3,2,3,2,7,7,0,2
23,2151,4,0,4,0,9,10,4,3,3,2,3,2,7,7,0,2
23,2151,4,0,4,0,9,10,4,3,3,2,3,2,7,7,0,2
23,2151,4,0,4,0,9,10,4,3,3,2,3,2,7,7,0,2
23,2151,4,0,4,0,9,10,4,3,3,2,3,2,10,8,8,2
23,2151,4,0,4,0,10,10,4,4,3,1,4,2,10,8,8,2
23,2151,4,0,4,0,10,10,4,4,3,1,4,2,10,10,8,2
23,2151,4,0,4,0,10,10,4,4,3,2,4,2,10,10,9,1
23,2151,4,0,4,0,10,10,4,4,3,2,4,2,10,8,9,0
23,2151,4,0,4,0,10,10,4,4,3,2,4,2,10,8,9,0
23,2151,4,0,4,0,10,10,4,4,3,2,4,2,10,9,9,0
23,2151,4,0,4,0,10,10,4,4,3,2,4,2,10,9,5,0
23,2151,4,0,4,0,10,10,4,4,3,2,4,2,10,9,5,0
23,2151,4,0,4,0,10,10,4,4,3,2,4,2,8,9,5,0
23,2151,4,0,4,0,9,9,4,4,3,2,3,2,8,9,5,0
23,2151,4,0,4,0,9,9,4,4,3,2,3,2,8,9,0,0
23,2151,4,0,4,0,9,9,4,4,3,2,3,2,8,9,0,0
23,2151,4,0,4,0,9,9,4,4,3,2,3,2,8,9,0,0
23,2151,4,0,4,0,9,9,4,4,3,2,3,2,8,9,0,0
23,2151,4,0,4,0,9,9,4,4,3,2,3,2,8,9,0,0
23,2151,4,0,4,0,9,9,4,4,3,2,3,2,8,8,0,0
23,2151,4,0,4,0,9,9,4,4,3,2,3,2,7,8,0,0
24,2152,4,0,4,0,9,9,4,4,3,2,3,2,7,8,0,0
24,2152,4,0,4,0,9,9,4,4,3,2,3,2,7,8,0,0
24,2152,4,0,4,0,9,9,4,4,3,2,3,2,7,8,0,0
24,2152,4,0,4,0,9,9,4,4,3,2,3,2,7,8,0,0
24,2152,4,0,4,0,9,9,4,4,3,2,3,2,7,8,0,0
24,2152,4,0,4,0,9,9,4,4,3,2,3,2,7,8,0,0
24,2152,4,0,4,0,9,9,4,4,3,2,3,2,8,8,8,0
24,2152,4,0,4,0,10,10,4,4,3,3,4,3,8,8,8,0
24,2152,4,0,4,0,10,10,4,4,3,3,4,3,8,8,8,0
24,2152,4,0,4,0,10,10,4,3,3,3,4,3,8,8,9,0
24,2152,4,0,4,0,10,10,4,3,3,3,4,3,8,8,9,0
24,2152,4,0,4,0,10,10,4,3,3,3,4,3,8,8,9,0
24,2152,4,0,4,0,10,10,4,3,3,3,4,3,8,8,9,0
24,2152,4,0,4,0,10,10,4,3,3,3,4,3,8,8,5,0
24,2152,4,0,4,0,10,10,4,3,3,3,4,3,8,8,5,0
24,2152,4,0,4,0,10,10,4,3,3,3,4,3,8,8,5,0
24,2152,4,0,4,0,9,10,4,2,3,3,3,3,8,8,5,0
24,2152,4,0,4,0,9,10,4,2,3,3,3,3,8,8,0,0
24,2152,4,0,4,0,9,10,4,2,3,3,3,3,8,8,0,0
24,2152,4,0,4,0,9,10,4,2,3,3,3,3,8,8,0,0
24,2152,4,0,4,0,9,10,4,2,3,3,3,3,8,8,0,0
24,2152,4,0,4,0,9,10,4,2,3,3,3,3,8,8,0,0
24,2152,4,0,4,0,9,10,4,2,3,3,3,3,8,8,0,0
24,2152,4,0,4,0,9,10,4,2,3,3,3,3,7,8,0,0
25,2153,4,0,4,0,9,10,4,2,3,3,3,3,7,8,0,0
25,2153,4,0,4,0,9,10,4,2,3,3,3,3,7,8,0,0
25,2153,4,0,4,0,9,10,4,2,3,3,3,3,7,8,0,0
25,2153,4,0,4,0,9,10,4,2,3,3,3,3,7,8,0,0
25,2153,4,0,4,0,9,10,4,2,3,3,3,3,7,8,0,0
25,2153,4,0,4,0,9,10,4,2,3,3,3,3,7,8,0,0
25,2153,4,0,4,0,9,10,4,2,3,3,3,3,8,8,8,0
25,2153,4,0,4,0,10,10,4,3,3,1,4,4,8,7,8,1
25,2153,4,0,4,0,10,10,4,3,3,3,4,4,8,8,8,1
25,2153,4,0,4,0,10,10,4,4,3,2,4,3,8,8,9,2
25,2153,4,0,4,0,10,10,4,4,3,3,4,3,8,8,9,3
25,2153,4,0,4,0,10,10,4,4,3,3,4,3,8,8,9,4
25,2153,4,0,4,0,10,10,4,4,3,3,4,3,8,9,9,4
25,2153,4,0,4,0,10,10,4,4,3,2,4,3,8,9,5,4
25,2153,4,0,4,0,10,10,4,4,3,1,4,3,8,9,5,4
25,2153,4,0,4,0,10,10,4,4,3,1,4,3,8,9,5,2
25,2153,4,0,4,0,9,10,4,4,3,1,3,3,8,8,5,1
25,2153,4,0,4,0,9,10,4,4,3,1,3,3,8,8,0,1
25,2153,4,0,4,0,9,10,4,4,3,1,3,3,8,8,0,1
25,2153,4,0,4,0,9,10,4,4,3,1,3,3,8,8,0,1
25,2153,4,0,4,0,9,10,4,4,3,1,3,3,8,7,0,1
25,2153,4,0,4,0,9,10,4,4,3,1,3,3,8,7,0,1
25,2153,4,0,4,0,9,10,4,4,3,1,3,3,8,7,0,1
25,2153,4,0,4,0,9,10,4,4,3,1,3,3,7,7,0,1
26,2154,4,0,3,0,8,10,3,4,2,1,2,3,7,7,0,1
26,2154,4,0,3,0,8,10,3,4,2,1,2,3,7,7,0,1
26,2154,4,0,3,0,8,10,3,4,2,1,2,3,7,7,0,1
26,2154,4,0,3,0,8,10,3,4,2,1,2,3,7,7,0,1
26,2154,4,0,3,0,8,10,3,4,2,1,2,3,7,7,0,1
26,2154,4,0,3,0,8,10,3,4,2,1,2,3,7,7,0,1
26,2154,4,0,3,0,8,10,3,4,2,1,3,3,10,7,0,1
26,2154,4,0,3,0,8,10,3,3,2,1,3,2,10,6,0,0
26,2154,4,0,3,0,8,10,3,3,2,1,3,2,10,6,0,0
26,2154,4,0,3,0,8,10,3,3,2,1,3,2,10,6,0,0
26,2154,4,0,3,0,8,10,3,2,2,1,3,2,10,6,0,0
26,2154,4,0,3,0,8,10,3,2,2,1,3,2,10,6,0,0
26,2154,4,0,3,0,8,10,3,2,2,1,3,2,10,6,0,0
26,2154,4,0,3,0,8,10,3,2,2,1,3,2,10,6,0,0
26,2154,4,0,3,0,8,10,3,2,2,1,3,2,10,6,0,0
26,2154,4,0,3,0,8,10,3,2,2,1,2,2,8,6,0,0
26,2154,4,0,3,0,8,10,3,2,2,1,2,2,8,6,0,0
26,2154,4,0,3,0,8,10,3,2,2,1,2,2,8,6,0,0
26,2154,4,0,3,0,8,10,3,2,2,1,2,2,8,6,0,0
26,2154,4,0,3,0,8,10,3,2,2,1,2,2,8,6,0,0
26,2154,4,0,3,0,8,10,3,2,2,1,2,2,8,6,0,0
26,2154,4,0,3,0,8,10,3,2,2,1,2,1,8,6,0,0
26,2154,4,0,3,0,8,10,3,2,2,1,2,1,8,6,0,0
26,2154,4,0,3,0,8,10,3,2,2,1,2,1,7,6,0,0
27,2155,4,0,3,0,8,10,3,2,2,1,2,1,4,6,0,0
27,2155,4,0,3,0,8,10,3,2,2,1,2,1,4,6,0,0
27,2155,4,0,3,0,8,10,3,2,2,1,2,1,4,6,0,0
27,2155,4,0,3,0,8,10,3,2,2,1,2,1,4,6,0,0
27,2155,4,0,3,0,8,10,3,2,2,1,2,1,4,6,0,0
27,2155,4,0,3,0,8,10,3,2,2,1,2,1,4,6,0,0
27,2155,4,0,3,0,8,10,3,2,2,1,3,1,4,6,0,0
27,2155,4,0,3,0,8,10,3,1,2,1,3,1,5,6,0,0
27,2155,4,0,3,0,8,10,3,1,2,1,3,1,5,6,0,0
27,2155,4,0,3,0,8,10,3,1,2,1,3,1,5,6,0,0
27,2155,4,0,3,0,8,10,3,1,2,1,3,1,5,6,0,0
27,2155,4,0,3,0,8,10,3,1,2,1,3,1,5,6,0,0
27,2155,4,0,3,0,8,10,3,1,2,1,3,1,5,6,0,0
27,2155,4,0,3,0,8,10,3,1,2,1,3,1,5,6,0,0
27,2155,4,0,3,0,8,10,3,1,2,1,3,1,5,6,0,0
27,2155,4,0,3,0,8,10,3,1,2,1,2,1,4,6,0,0
27,2155,4,0,3,0,8,10,3,1,2,1,2,1,4,6,0,0
27,2155,4,0,3,0,8,10,3,1,2,1,2,1,4,6,0,0
27,2155,4,0,3,0,8,10,3,1,2,1,2,1,4,6,0,0
27,2155,4,0,3,0,8,10,3,1,2,1,2,1,4,6,0,0
27,2155,4,0,3,0,8,10,3,1,2,1,2,1,4,6,0,0
27,2155,4,0,3,0,8,10,3,1,2,1,2,1,4,6,0,0
27,2155,4,0,3,0,8,10,3,1,2,1,2,1,4,6,0,0
27,2155,4,0,3,0,8,10,3,1,2,1,2,1,4,6,0,0
0,2156,4,0,4,0,9,10,4,1,3,1,3,1,7,6,0,0
0,2156,4,0,4,0,9,10,4,1,3,1,3,1,7,6,0,0
0,2156,4,0,4,0,9,10,4,1,3,1,3,1,7,6,0,0
0,2156,4,0,4,0,9,10,4,1,3,1,3,1,7,6,0,0
0,2156,4,0,4,0,9,10,4,1,3,1,3,1,7,6,0,0
0,2156,4,0,4,0,9,10,4,1,3,1,3,1,7,6,0,0
0,2156,4,0,4,0,9,10,4,1,3,1,3,1,8,6,8,0
0,2156,4,0,4,0,10,10,4,3,3,1,4,2,8,8,8,2
0,2156,4,0,4,0,10,10,4,4,3,1,4,2,8,8,8,2
0,2156,4,0,4,0,10,10,4,4,3,1,4,2,8,8,9,2
0,2156,4,0,4,0,10,10,4,4,3,1,4,2,8,8,9,2
0,2156,4,0,4,0,10,10,4,4,3,2,4,2,8,8,9,2
0,2156,4,0,4,0,10,10,4,4,3,2,4,2,8,8,9,2
0,2156,4,0,4,0,10,10,4,4,3,2,4,2,8,8,5,2
0,2156,4,0,4,0,10,10,4,3,3,1,4,2,8,8,5,2
0,2156,4,0,4,0,10,10,4,3,3,1,4,2,8,8,5,2
0,2156,4,0,4,0,9,10,4,3,3,1,3,2,8,8,5,2
0,2156,4,0,4,0,9,10,4,3,3,1,3,2,8,8,0,2
0,2156,4,0,4,0,9,10,4,2,3,1,3,2,8,8,0,1
0,2156,4,0,4,0,9,10,4,2,3,1,3,2,8,8,0,1
0,2156,4,0,4,0,9,10,4,2,3,1,3,1,8,8,0,1
0,2156,4,0,4,0,9,10,4,2,3,1,3,1,8,8,0,1
0,2156,4,0,4,0,9,10,4,2,3,1,3,1,8,8,0,0
0,2156,4,0,4,0,9,10,4,2,3,1,3,1,7,8,0,0
1,2157,4,0,4,0,9,10,4,2,3,1,3,1,4,8,0,0
1,2157,4,0,4,0,9,10,4,2,3,1,3,1,4,8,0,0
1,2157,4,0,4,0,9,10,4,2,3,1,3,1,4,8,0,0
1,2157,4,0,4,0,9,10,4,2,3,1,3,1,4,8,0,0
1,2157,4,0,4,0,9,10,4,2,3,1,3,1,4,8,0,0
1,2157,4,0,4,0,9,10,4,2,3,1,3,1,4,8,0,0
1,2157,4,0,4,0,9,10,4,2,3,1,3,1,4,8,8,0
1,2157,4,0,4,0,10,10,4,2,3,3,4,1,5,8,8,1
1,2157,4,0,4,0,10,10,4,4,3,3,4,1,5,8,8,1
1,2157,4,0,4,0,10,10,4,4,3,2,4,1,5,8,9,2
1,2157,4,0,4,0,10,10,4,4,3,2,4,1,5,8,9,2
1,2157,4,0,4,0,10,10,4,4,3,3,4,1,5,7,9,2
1,2157,4,0,4,0,10,10,4,4,3,3,4,1,5,7,9,2
1,2157,4,0,4,0,10,10,4,4,3,3,4,1,5,7,5,2
1,2157,4,0,4,0,10,10,4,4,3,3,4,1,5,7,5,2
1,2157,4,0,4,0,10,10,4,4,3,3,4,1,4,7,5,2
1,2157,4,0,4,0,9,10,4,4,3,3,3,1,4,7,5,2
1,2157,4,0,4,0,9,10,4,4,3,3,3,1,4,7,0,2
1,2157,4,0,4,0,9,10,4,4,3,3,3,1,4,7,0,2
1,2157,4,0,4,0,9,10,4,4,3,3,3,0,4,7,0,2
1,2157,4,0,4,0,9,10,4,3,3,2,3,0,4,7,0,2
1,2157,4,0,4,0,9,10,4,2,3,2,3,0,4,7,0,2
1,2157,4,0,4,0,9,10,4,2,3,2,3,0,4,7,0,2
1,2157,4,0,4,0,9,10,4,2,3,2,3,0,4,7,0,2
2,2158,4,0,4,0,9,10,4,2,3,2,3,0,7,7,0,2
2,2158,4,0,4,0,9,10,4,2,3,2,3,0,7,7,0,2
2,2158,4,0,4,0,9,10,4,2,3,2,3,0,7,7,0,2
2,2158,4,0,4,0,9,10,4,2,3,2,3,0,7,7,0,2
2,2158,4,0,4,0,9,10,4,2,3,2,3,0,7,7,0,2
2,2158,4,0,4,0,9,10,4,2,3,2,3,0,7,7,0,2
2,2158,4,0,4,0,9,10,4,2,3,2,3,0,10,8,8,2
2,2158,4,0,4,0,10,10,4,3,3,2,4,1,10,9,8,1
2,2158,4,0,4,0,10,10,4,4,3,2,4,1,10,10,8,1
2,2158,4,0,4,0,10,10,4,4,3,2,4,1,10,10,9,1
2,2158,4,0,4,0,10,10,4,4,3,3,4,1,10,10,9,1
2,2158,4,0,4,0,10,10,4,4,3,3,4,1,10,10,9,1
2,2158,4,0,4,0,10,10,4,3,3,3,4,1,10,10,9,0
2,2158,4,0,4,0,10,10,4,3,3,3,4,1,10,10,5,0
2,2158,4,0,4,0,10,10,4,3,3,3,4,1,10,8,5,0
2,2158,4,0,4,0,10,10,4,3,3,3,4,1,8,8,5,0
2,2158,4,0,4,0,9,10,4,3,3,3,3,1,8,8,5,0
2,2158,4,0,4,0,9,10,4,3,3,3,3,1,8,8,0,0
2,2158,4,0,4,0,9,10,4,3,3,3,3,1,8,8,0,0
2,2158,4,0,4,0,9,10,4,3,3,3,3,1,8,8,0,0
2,2158,4,0,4,0,9,10,4,2,3,3,3,1,8,8,0,0
2,2158,4,0,4,0,9,10,4,2,3,3,3,1,8,8,0,0
2,2158,4,0,4,0,9,10,4,2,3,3,3,1,8,8,0,0
2,2158,4,0,4,0,9,10,4,2,3,3,3,1,7,8,0,0
3,2159,4,0,4,0,9,10,4,2,3,3,3,1,7,8,0,0
3,2159,4,0,4,0,9,10,4,2,3,3,3,1,7,8,0,0
3,2159,4,0,4,0,9,10,4,2,3,3,3,1,7,8,0,0
3,2159,4,0,4,0,9,10,4,2,3,3,3,1,7,8,0,0
3,2159,4,0,4,0,9,10,4,2,3,3,3,1,7,8,0,0
3,2159,4,0,4,0,9,10,4,2,3,3,3,1,7,8,0,0
3,2159,4,0,4,0,9,10,4,2,3,3,3,1,8,8,8,0
3,2159,4,0,4,0,10,10,4,3,3,3,4,2,8,8,8,0
3,2159,4,0,4,0,10,10,4,3,3,3,4,2,8,8,8,0
3,2159,4,0,4,0,10,10,4,3,3,3,4,1,8,8,9,0
3,2159,4,0,4,0,10,10,4,3,3,3,4,1,8,8,9,0
3,2159,4,0,4,0,10,10,4,3,3,3,4,1,8,8,9,0
3,2159,4,0,4,0,10,10,4,3,3,3,4,1,8,7,9,0
3,2159,4,0,4,0,10,10,4,3,3,3,4,1,8,7,5,0
3,2159,4,0,4,0,10,10,4,3,3,3,4,1,8,7,5,0
3,2159,4,0,4,0,10,10,4,3,3,3,4,1,8,7,5,0
3,2159,4,0,4,0,9,10,4,3,3,3,3,1,8,7,5,0
3,2159,4,0,4,0,9,10,4,3,3,3,3,1,8,7,0,0
3,2159,4,0,4,0,9,10,4,3,3,3,3,1,8,7,0,0
3,2159,4,0,4,0,9,10,4,3,3,3,3,1,8,7,0,0
3,2159,4,0,4,0,9,10,4,3,3,3,3,1,8,7,0,0
3,2159,4,0,4,0,9,10,4,3,3,3,3,1,8,7,0,0
3,2159,4,0,4,0,9,10,4,3,3,3,3,1,8,7,0,0
3,2159,4,0,4,0,9,10,4,3,3,3,3,1,7,7,0,0
4,2160,4,0,4,0,9,10,4,3,3,3,3,1,7,7,0,0
4,2160,4,0,4,0,9,10,4,3,3,3,3,1,7,7,0,0
4,2160,4,0,4,0,9,10,4,3,3,3,3,1,7,7,0,0
4,2160,4,0,4,0,9,10,4,3,3,3,3,1,7,7,0,0
4,2160,4,0,4,0,9,10,4,3,3,3,3,1,7,7,0,0
4,2160,4,0,4,0,9,10,4,3,3,3,3,1,7,7,0,0
4,2160,4,0,4,0,9,10,4,3,3,3,3,1,8,7,8,0
4,2160,4,0,4,0,10,10,4,4,3,3,4,2,8,7,8,1
4,2160,4,0,4,0,10,10,4,4,3,3,4,2,8,8,8,1
4,2160,4,0,4,0,10,10,4,4,3,3,4,2,8,8,9,1
4,2160,4,0,4,0,10,10,4,4,3,3,4,2,8,8,9,1
4,2160,4,0,4,0,10,10,4,4,3,3,4,2,8,8,9,1
4,2160,4,0,4,0,10,10,4,4,3,3,4,2,8,8,9,1
4,2160,4,0,4,0,10,10,4,4,3,3,4,2,8,8,5,1
4,2160,4,0,4,0,10,10,4,3,3,3,4,2,8,8,5,1
4,2160,4,0,4,0,10,9,4,3,3,3,4,2,8,8,5,1
4,2160,4,0,4,0,9,9,4,3,3,3,3,2,8,8,5,1
4,2160,4,0,4,0,9,9,4,3,3,3,3,2,8,8,0,1
4,2160,4,0,4,0,9,9,4,3,3,3,3,2,8,8,0,1
4,2160,4,0,4,0,9,9,4,3,3,3,3,2,8,8,0,1
4,2160,4,0,4,0,9,9,4,3,3,3,3,2,8,8,0,1
4,2160,4,0,4,0,9,9,4,3,3,3,3,2,8,7,0,1
4,2160,4,0,4,0,9,9,4,3,3,3,3,2,8,7,0,1
4,2160,4,0,4,0,9,9,4,3,3,3,3,2,7,7,0,1
5,2161,4,0,3,0,8,9,3,3,2,3,2,2,7,7,0,1
5,2161,4,0,3,0,8,9,3,3,2,3,2,2,7,7,0,1
5,2161,4,0,3,0,8,9,3,3,2,3,2,2,7,7,0,1
5,2161,4,0,3,0,8,9,3,3,2,3,2,2,7,7,0,1
5,2161,4,0,3,0,8,9,3,3,2,3,2,2,7,7,0,1
5,2161,4,0,3,0,8,9,3,3,2,3,2,2,7,7,0,1
5,2161,4,0,3,0,8,9,3,3,2,3,3,2,10,7,0,1
5,2161,4,0,3,0,8,9,3,3,2,3,3,1,10,6,0,0
5,2161,4,0,3,0,8,9,3,3,2,3,3,1,10,6,0,0
5,2161,4,0,3,0,8,9,3,3,2,3,3,1,10,6,0,0
5,2161,4,0,3,0,8,9,3,3,2,3,3,1,10,6,0,0
5,2161,4,0,3,0,8,9,3,3,2,3,3,1,10,6,0,0
5,2161,4,0,3,0,8,9,3,3,2,3,3,1,10,6,0,0
5,2161,4,0,3,0,8,9,3,3,2,3,3,1,10,6,0,0
5,2161,4,0,3,0,8,9,3,3,2,3,3,1,10,6,0,0
5,2161,4,0,3,0,8,9,3,3,2,2,2,1,8,6,0,0
5,2161,4,0,3,0,8,9,3,3,2,2,2,1,8,6,0,0
5,2161,4,0,3,0,8,9,3,3,2,2,2,1,8,6,0,0
5,2161,4,0,3,0,8,9,3,3,2,2,2,1,8,6,0,0
5,2161,4,0,3,0,8,9,3,3,2,2,2,1,8,6,0,0
5,2161,4,0,3,0,8,9,3,3,2,2,2,1,8,6,0,0
5,2161,4,0,3,0,8,9,3,3,2,2,2,1,8,6,0,0
5,2161,4,0,3,0,8,9,3,3,2,2,2,1,8,6,0,0
5,2161,4,0,3,0,8,9,3,3,2,2,2,1,7,6,0,0
6,2162,4,0,3,0,8,9,3,3,2,2,2,1,4,6,0,0
6,2162,4,0,3,0,8,9,3,3,2,2,2,1,4,6,0,0
6,2162,4,0,3,0,8,9,3,3,2,2,2,1,4,6,0,0
6,2162,4,0,3,0,8,9,3,3,2,2,2,1,4,6,0,0
6,2162,4,0,3,0,8,9,3,3,2,2,2,1,4,6,0,0
6,2162,4,0,3,0,8,9,3,3,2,2,2,1,4,6,0,0
6,2162,4,0,3,0,8,9,3,3,2,2,3,1,4,6,0,0
6,2162,4,0,3,0,8,9,3,3,2,2,3,1,5,6,0,0
6,2162,4,0,3,0,8,9,3,3,2,2,3,1,5,6,0,0
6,2162,4,0,3,0,8,9,3,3,2,2,3,1,5,6,0,0
6,2162,4,0,3,0,8,9,3,3,2,2,3,1,5,6,0,0
6,2162,4,0,3,0,8,9,3,3,2,2,3,1,5,6,0,0
6,2162,4,0,3,0,8,9,3,3,2,2,3,1,5,6,0,0
6,2162,4,0,3,0,8,9,3,3,2,2,3,1,5,6,0,0
6,2162,4,0,3,0,8,9,3,3,2,2,3,1,5,5,0,0
6,2162,4,0,3,0,8,9,3,3,2,2,2,1,4,5,0,0
6,2162,4,0,3,0,8,9,3,3,2,2,2,1,4,5,0,0
6,2162,4,0,3,0,8,9,3,3,2,2,2,1,4,5,0,0
6,2162,4,0,3,0,8,9,3,3,2,2,2,1,4,5,0,0
6,2162,4,0,3,0,8,9,3,3,2,2,2,1,4,5,0,0
6,2162,4,0,3,0,8,9,3,3,2,2,2,1,4,5,0,0
6,2162,4,0,3,0,8,9,3,3,2,2,2,1,4,5,0,0
6,2162,4,0,3,0,8,9,3,3,2,2,2,1,4,5,0,0
6,2162,4,0,3,0,8,9,3,3,2,2,2,1,4,5,0,0
7,2163,4,0,4,0,9,9,4,3,3,2,3,1,7,5,0,0
7,2163,4,0,4,0,9,9,4,3,3,2,3,1,7,5,0,0
7,2163,4,0,4,0,9,9,4,3,3,2,3,1,7,5,0,0
7,2163,4,0,4,0,9,9,4,3,3,2,3,1,7,5,0,0
7,2163,4,0,4,0,9,9,4,3,3,2,3,1,7,5,0,0
7,2163,4,0,4,0,9,9,4,3,3,2,3,1,7,5,0,0
7,2163,4,0,4,0,9,9,4,3,3,2,3,1,8,5,8,0
7,2163,4,0,4,0,10,9,4,4,3,3,4,2,8,8,8,1
7,2163,4,0,4,0,10,10,4,4,3,3,4,2,8,8,8,1
7,2163,4,0,4,0,10,10,4,4,3,2,4,2,8,8,9,1
7,2163,4,0,4,0,10,10,4,4,3,3,4,2,8,8,9,1
7,2163,4,0,4,0,10,10,4,4,3,3,4,2,8,8,9,1
7,2163,4,0,4,0,10,10,4,4,3,3,4,2,8,8,9,1
7,2163,4,0,4,0,10,10,4,4,3,3,4,2,8,8,5,1
7,2163,4,0,4,0,10,10,4,4,3,3,4,2,8,8,5,0
7,2163,4,0,4,0,10,10,4,4,3,3,4,2,8,8,5,0
7,2163,4,0,4,0,9,10,4,4,3,3,3,2,8,8,5,0
7,2163,4,0,4,0,9,10,4,4,3,3,3,2,8,8,0,0
7,2163,4,0,4,0,9,10,4,4,3,3,3,2,8,8,0,0
7,2163,4,0,4,0,9,10,4,4,3,3,3,2,8,8,0,0
7,2163,4,0,4,0,9,10,4,4,3,3,3,2,8,8,0,0
7,2163,4,0,4,0,9,10,4,4,3,3,3,2,8,8,0,0
7,2163,4,0,4,0,9,10,4,4,3,3,3,2,8,8,0,0
7,2163,4,0,4,0,9,10,4,4,3,3,3,2,7,8,0,0
8,2164,4,0,4,0,9,10,4,4,3,3,3,2,4,8,0,0
8,2164,4,0,4,0,9,10,4,4,3,3,3,2,4,8,0,0
8,2164,4,0,4,0,9,10,4,4,3,3,3,2,4,8,0,0
8,2164,4,0,4,0,9,10,4,4,3,3,3,2,4,8,0,0
8,2164,4,0,4,0,9,10,4,4,3,3,3,2,4,8,0,0
8,2164,4,0,4,0,9,10,4,4,3,3,3,2,4,8,0,0
8,2164,4,0,4,0,9,10,4,4,3,3,3,2,4,8,8,0
8,2164,4,0,4,0,10,10,4,4,3,3,4,3,5,8,8,2
8,2164,4,0,4,0,10,10,4,4,3,3,4,3,5,8,8,3
8,2164,4,0,4,0,10,10,4,4,3,3,4,3,5,8,9,3
8,2164,4,0,4,0,10,10,4,4,3,3,4,3,5,8,9,3
8,2164,4,0,4,0,10,10,4,4,3,3,4,2,5,8,9,3
8,2164,4,0,4,0,10,10,4,4,3,3,4,2,5,8,9,3
8,2164,4,0,4,0,10,10,4,4,3,3,4,2,5,8,5,3
8,2164,4,0,4,0,10,10,4,4,3,2,4,2,5,8,5,3
8,2164,4,0,4,0,10,10,4,4,3,2,4,2,4,8,5,3
8,2164,4,0,4,0,9,10,4,4,3,2,3,2,4,8,5,3
8,2164,4,0,4,0,9,10,4,4,3,2,3,2,4,7,0,3
8,2164,4,0,4,0,9,10,4,4,3,2,3,2,4,7,0,3
8,2164,4,0,4,0,9,10,4,4,3,2,3,2,4,7,0,2
8,2164,4,0,4,0,9,10,4,4,3,2,3,2,4,7,0,2
8,2164,4,0,4,0,9,10,4,4,3,2,3,2,4,7,0,2
8,2164,4,0,4,0,9,10,4,4,3,2,3,2,4,7,0,2
8,2164,4,0,4,0,9,10,4,4,3,2,3,2,4,7,0,2
9,2165,4,0,4,0,9,10,4,4,3,2,3,2,7,7,0,2
9,2165,4,0,4,0,9,10,4,4,3,2,3,2,7,7,0,2
9,2165,4,0,4,0,9,10,4,4,3,2,3,2,7,7,0,2
9,2165,4,0,4,0,9,10,4,4,3,2,3,2,7,7,0,2
9,2165,4,0,4,0,9,10,4,4,3,2,3,2,7,7,0,2
9,2165,4,0,4,0,9,10,4,4,3,2,3,2,7,7,0,2
9,2165,4,0,4,0,9,10,4,4,3,2,3,2,10,8,8,2
9,2165,4,0,4,0,10,10,4,4,3,3,4,2,10,9,8,2
9,2165,4,0,4,0,10,10,4,4,3,3,4,2,10,10,8,3
9,2165,4,0,4,0,10,10,4,4,3,3,4,2,10,11,9,3
9,2165,4,0,4,0,10,10,4,4,3,3,4,2,10,11,9,4
9,2165,4,0,4,0,10,10,4,4,3,3,4,2,10,11,9,4
9,2165,4,0,4,0,10,10,4,4,3,2,4,2,10,11,9,4
9,2165,4,0,4,0,10,10,4,4,3,2,4,2,10,11,5,4
9,2165,4,0,4,0,10,10,4,4,3,2,4,2,10,11,5,3
9,2165,4,0,4,0,10,10,4,4,3,2,4,2,8,9,5,1
9,2165,4,0,4,0,9,10,4,4,3,2,3,2,8,9,5,0
9,2165,4,0,4,0,9,10,4,4,3,2,3,2,8,9,0,0
9,2165,4,0,4,0,9,10,4,4,3,2,3,2,8,9,0,0
9,2165,4,0,4,0,9,10,4,4,3,2,3,2,8,9,0,0
9,2165,4,0,4,0,9,10,4,4,3,2,3,2,8,9,0,0
9,2165,4,0,4,0,9,10,4,4,3,2,3,2,8,9,0,0
9,2165,4,0,4,0,9,10,4,4,3,2,3,2,8,8,0,0
9,2165,4,0,4,0,9,10,4,4,3,2,3,2,7,8,0,0
10,2166,4,0,4,0,9,10,4,4,3,2,3,2,7,8,0,0
10,2166,4,0,4,0,9,10,4,4,3,2,3,2,7,8,0,0
10,2166,4,0,4,0,9,10,4,4,3,2,3,2,7,8,0,0
10,2166,4,0,4,0,9,10,4,4,3,2,3,2,7,8,0,0
10,2166,4,0,4,0,9,10,4,4,3,2,3,2,7,8,0,0
10,2166,4,0,4,0,9,10,4,4,3,2,3,2,7,8,0,0
10,2166,4,0,4,0,9,10,4,4,3,2,3,2,8,8,8,0
10,2166,4,0,4,0,10,10,4,4,3,3,4,3,8,8,8,0
10,2166,4,0,4,0,10,10,4,4,3,3,4,3,8,8,8,0
10,2166,4,0,4,0,10,10,4,4,3,2,4,3,8,8,9,0
10,2166,4,0,4,0,10,10,4,4,3,2,4,3,8,8,9,0
10,2166,4,0,4,0,10,10,4,4,3,2,4,3,8,8,9,0
10,2166,4,0,4,0,10,10,4,4,3,2,4,3,8,8,9,0
10,2166,4,0,4,0,10,10,4,4,3,2,4,3,8,8,5,0
10,2166,4,0,4,0,10,10,4,4,3,2,4,3,8,8,5,0
10,2166,4,0,4,0,10,10,4,4,3,2,4,3,8,8,5,0
10,2166,4,0,4,0,9,10,4,4,3,2,3,3,8,8,5,0
10,2166,4,0,4,0,9,10,4,4,3,2,3,3,8,8,0,0
10,2166,4,0,4,0,9,10,4,4,3,2,3,3,8,8,0,0
10,2166,4,0,4,0,9,10,4,4,3,2,3,3,8,8,0,0
10,2166,4,0,4,0,9,10,4,4,3,2,3,3,8,8,0,0
10,2166,4,0,4,0,9,10,4,4,3,2,3,3,8,7,0,0
10,2166,4,0,4,0,9,10,4,4,3,2,3,3,8,7,0,0
10,2166,4,0,4,0,9,10,4,4,3,2,3,3,7,7,0,0
11,2167,4,0,4,0,9,10,4,4,3,2,3,3,7,7,0,0
11,2167,4,0,4,0,9,10,4,4,3,2,3,3,7,7,0,0
11,2167,4,0,4,0,9,10,4,4,3,2,3,3,7,7,0,0
11,2167,4,0,4,0,9,10,4,4,3,2,3,3,7,7,0,0
11,2167,4,0,4,0,9,10,4,4,3,2,3,3,7,7,0,0
11,2167,4,0,4,0,9,10,4,4,3,2,3,3,7,7,0,0
11,2167,4,0,4,0,9,10,4,4,3,2,3,3,8,7,8,0
11,2167,4,0,4,0,10,10,4,4,3,3,4,3,8,8,8,0
11,2167,4,0,4,0,10,10,4,4,3,3,4,3,8,8,8,1
11,2167,4,0,4,0,10,10,4,4,3,3,4,3,8,8,9,1
11,2167,4,0,4,0,10,10,4,4,3,3,4,3,8,8,9,1
11,2167,4,0,4,0,10,10,4,4,3,3,4,3,8,8,9,1
11,2167,4,0,4,0,10,10,4,4,3,3,4,3,8,8,9,1
11,2167,4,0,4,0,10,10,4,4,3,3,4,3,8,8,5,1
11,2167,4,0,4,0,10,10,4,4,3,3,4,3,8,8,5,1
11,2167,4,0,4,0,10,10,4,4,3,3,4,3,8,7,5,1
11,2167,4,0,4,0,9,10,4,4,3,3,3,3,8,7,5,1
11,2167,4,0,4,0,9,10,4,4,3,3,3,3,8,7,0,1
11,2167,4,0,4,0,9,10,4,4,3,3,3,2,8,7,0,1
11,2167,4,0,4,0,9,10,4,4,3,3,3,2,8,7,0,1
11,2167,4,0,4,0,9,10,4,4,3,3,3,2,8,7,0,1
11,2167,4,0,4,0,9,10,4,4,3,3,3,2,8,7,0,1
11,2167,4,0,4,0,9,10,4,4,3,2,3,2,8,7,0,0
11,2167,4,0,4,0,9,10,4,4,3,2,3,2,7,7,0,0
12,2168,4,0,3,0,8,10,3,4,2,2,2,2,7,7,0,0
12,2168,4,0,3,0,8,10,3,4,2,2,2,2,7,7,0,0
12,2168,4,0,3,0,8,10,3,4,2,2,2,2,7,7,0,0
12,2168,4,0,3,0,8,10,3,4,2,2,2,2,7,7,0,0
12,2168,4,0,3,0,8,10,3,4,2,2,2,2,7,7,0,0
12,2168,4,0,3,0,8,10,3,4,2,2,2,2,7,7,0,0
12,2168,4,0,3,0,8,10,3,4,2,2,3,2,10,7,0,0
12,2168,4,0,3,0,8,9,3,4,2,2,3,2,10,6,0,0
12,2168,4,0,3,0,8,9,3,4,2,2,3,2,10,6,0,0
12,2168,4,0,3,0,8,9,3,4,2,2,3,2,10,6,0,0
12,2168,4,0,3,0,8,9,3,4,2,2,3,1,10,6,0,0
12,2168,4,0,3,0,8,9,3,4,2,2,3,1,10,6,0,0
12,2168,4,0,3,0,8,9,3,4,2,2,3,1,10,6,0,0
12,2168,4,0,3,0,8,9,3,4,2,2,3,1,10,6,0,0
12,2168,4,0,3,0,8,9,3,4,2,2,3,1,10,6,0,0
12,2168,4,0,3,0,8,9,3,4,2,2,2,1,8,6,0,0
12,2168,4,0,3,0,8,9,3,4,2,2,2,1,8,6,0,0
12,2168,4,0,3,0,8,9,3,4,2,2,2,0,8,6,0,0
12,2168,4,0,3,0,8,8,3,4,2,2,2,0,8,6,0,0
12,2168,4,0,3,0,8,8,3,4,2,2,2,0,8,6,0,0
12,2168,4,0,3,0,8,8,3,4,2,2,2,0,8,6,0,0
12,2168,4,0,3,0,8,8,3,4,2,2,2,0,8,6,0,0
12,2168,4,0,3,0,8,8,3,4,2,2,2,0,8,6,0,0
12,2168,4,0,3,0,8,8,3,4,2,2,2,0,7,6,0,0
13,2169,4,0,3,0,8,8,3,4,2,2,2,0,4,6,0,0
13,2169,4,0,3,0,8,8,3,4,2,2,2,0,4,6,0,0
13,2169,4,0,3,0,8,8,3,4,2,2,2,0,4,6,0,0
13,2169,4,0,3,0,8,8,3,4,2,2,2,0,4,6,0,0
13,2169,4,0,3,0,8,8,3,4,2,2,2,0,4,6,0,0
13,2169,4,0,3,0,8,8,3,4,2,2,2,0,4,6,0,0
13,2169,4,0,3,0,8,8,3,4,2,2,3,0,4,6,0,0
13,2169,4,0,3,0,8,8,3,4,2,2,3,0,5,6,0,0
13,2169,4,0,3,0,8,8,3,4,2,2,3,0,5,6,0,0
13,2169,4,0,3,0,8,8,3,4,2,2,3,0,5,6,0,0
13,2169,4,0,3,0,8,8,3,4,2,2,3,0,5,6,0,0
13,2169,4,0,3,0,8,8,3,4,2,2,3,0,5,6,0,0
13,2169,4,0,3,0,8,8,3,4,2,2,3,0,5,6,0,0
13,2169,4,0,3,0,8,8,3,4,2,2,3,0,5,6,0,0
13,2169,4,0,3,0,8,8,3,4,2,2,3,0,5,6,0,0
13,2169,4,0,3,0,8,8,3,4,2,2,2,0,4,6,0,0
13,2169,4,0,3,0,8,8,3,4,2,2,2,0,4,6,0,0
13,2169,4,0,3,0,8,8,3,4,2,2,2,0,4,6,0,0
13,2169,4,0,3,0,8,8,3,4,2,2,2,0,4,6,0,0
13,2169,4,0,3,0,8,8,3,4,2,2,2,0,4,6,0,0
13,2169,4,0,3,0,8,8,3,4,2,2,2,0,4,6,0,0
13,2169,4,0,3,0,8,8,3,4,2,2,2,0,4,6,0,0
13,2169,4,0,3,0,8,8,3,3,2,2,2,0,4,6,0,0
13,2169,4,0,3,0,8,8,3,3,2,2,2,0,4,6,0,0
14,2170,4,0,4,0,9,8,4,3,3,2,3,0,7,6,0,0
14,2170,4,0,4,0,9,8,4,3,3,2,3,0,7,6,0,0
14,2170,4,0,4,0,9,8,4,3,3,2,3,0,7,6,0,0
14,2170,4,0,4,0,9,8,4,3,3,2,3,0,7,6,0,0
14,2170,4,0,4,0,9,8,4,3,3,2,3,0,7,6,0,0
14,2170,4,0,4,0,9,8,4,3,3,2,3,0,7,6,0,0
14,2170,4,0,4,0,9,8,4,3,3,2,3,0,8,6,8,0
14,2170,4,0,4,0,10,9,4,4,3,3,4,1,8,8,8,2
14,2170,4,0,4,0,10,10,4,4,3,3,4,1,8,8,8,2
14,2170,4,0,4,0,10,10,4,4,3,3,4,1,8,8,9,2
14,2170,4,0,4,0,10,10,4,4,3,3,4,1,8,7,9,2
14,2170,4,0,4,0,10,10,4,4,3,3,4,1,8,8,9,2
14,2170,4,0,4,0,10,10,4,3,3,3,4,1,8,8,9,2
14,2170,4,0,4,0,10,10,4,3,3,3,4,1,8,8,5,2
14,2170,4,0,4,0,10,10,4,3,3,3,4,1,8,8,5,2
14,2170,4,0,4,0,10,10,4,3,3,3,4,1,8,8,5,2
14,2170,4,0,4,0,9,10,4,3,3,3,3,1,8,8,5,1
14,2170,4,0,4,0,9,10,4,3,3,3,3,1,8,8,0,1
14,2170,4,0,4,0,9,10,4,3,3,3,3,1,8,7,0,1
14,2170,4,0,4,0,9,10,4,3,3,3,3,1,8,7,0,1
14,2170,4,0,4,0,9,10,4,3,3,3,3,1,8,7,0,1
14,2170,4,0,4,0,9,10,4,3,3,3,3,1,8,7,0,0
14,2170,4,0,4,0,9,10,4,3,3,3,3,1,8,7,0,0
14,2170,4,0,4,0,9,10,4,3,3,3,3,1,7,7,0,0
15,2171,4,0,4,0,9,10,4,3,3,3,3,1,4,7,0,0
15,2171,4,0,4,0,9,10,4,3,3,3,3,1,4,7,0,0
15,2171,4,0,4,0,9,10,4,3,3,3,3,1,4,7,0,0
15,2171,4,0,4,0,9,10,4,3,3,3,3,1,4,7,0,0
15,2171,4,0,4,0,9,10,4,3,3,3,3,1,4,7,0,0
15,2171,4,0,4,0,9,10,4,3,3,3,3,1,4,7,0,0
15,2171,4,0,4,0,9,10,4,3,3,3,3,1,4,7,8,0
15,2171,4,0,4,0,10,9,4,4,3,3,4,2,5,7,8,2
15,2171,4,0,4,0,10,10,4,4,3,3,4,2,5,7,8,3
15,2171,4,0,4,0,10,10,4,3,3,3,4,2,5,7,9,4
15,2171,4,0,4,0,10,10,4,4,3,3,4,2,5,7,9,4
15,2171,4,0,4,0,10,10,4,4,3,3,4,2,5,7,9,4
15,2171,4,0,4,0,10,10,4,4,3,3,4,2,5,6,9,4
15,2171,4,0,4,0,10,9,4,3,3,3,4,2,5,6,5,4
15,2171,4,0,4,0,10,9,4,3,3,3,4,2,5,6,5,4
15,2171,4,0,4,0,10,9,4,3,3,3,4,2,4,6,5,3
15,2171,4,0,4,0,9,9,4,3,3,3,3,2,4,6,5,3
15,2171,4,0,4,0,9,9,4,3,3,3,3,2,4,6,0,3
15,2171,4,0,4,0,9,9,4,3,3,3,3,2,4,6,0,3
15,2171,4,0,4,0,9,9,4,3,3,3,3,2,4,6,0,3
15,2171,4,0,4,0,9,9,4,3,3,3,3,2,4,6,0,2
15,2171,4,0,4,0,9,9,4,3,3,3,3,2,4,6,0,2
15,2171,4,0,4,0,9,9,4,3,3,3,3,2,4,6,0,2
15,2171,4,0,4,0,9,9,4,3,3,3,3,2,4,6,0,2
16,2172,4,0,4,0,9,9,4,3,3,3,3,2,7,7,0,2
16,2172,4,0,4,0,9,9,4,3,3,3,3,2,7,7,0,2
16,2172,4,0,4,0,9,9,4,3,3,3,3,2,7,7,0,2
16,2172,4,0,4,0,9,9,4,3,3,3,3,2,7,7,0,2
16,2172,4,0,4,0,9,9,4,3,3,3,3,2,7,7,0,2
16,2172,4,0,4,0,9,9,4,3,3,3,3,2,7,7,0,2
16,2172,4,0,4,0,9,9,4,3,3,3,3,2,10,8,8,2
16,2172,4,0,4,0,10,10,4,4,3,2,4,2,10,9,8,2
16,2172,4,0,4,0,10,10,4,4,3,2,4,2,10,10,8,2
16,2172,4,0,4,0,10,10,4,4,3,3,4,2,10,10,9,3
16,2172,4,0,4,0,10,10,4,4,3,3,4,2,10,11,9,3
16,2172,4,0,4,0,10,10,4,4,3,3,4,2,10,11,9,3
16,2172,4,0,4,0,10,10,4,4,3,3,4,2,10,11,9,2
16,2172,4,0,4,0,10,10,4,4,3,3,4,2,10,11,5,2
16,2172,4,0,4,0,10,10,4,4,3,2,4,2,10,11,5,2
16,2172,4,0,4,0,10,10,4,4,3,2,4,2,8,10,5,1
16,2172,4,0,4,0,9,10,4,4,3,2,3,2,8,10,5,1
16,2172,4,0,4,0,9,10,4,4,3,2,3,2,8,9,0,0
16,2172,4,0,4,0,9,10,4,4,3,2,3,2,8,9,0,0
16,2172,4,0,4,0,9,10,4,4,3,2,3,2,8,9,0,0
16,2172,4,0,4,0,9,10,4,4,3,2,3,2,8,9,0,0
16,2172,4,0,4,0,9,10,4,4,3,2,3,2,8,9,0,0
16,2172,4,0,4,0,9,10,4,4,3,2,3,2,8,9,0,0
16,2172,4,0,4,0,9,10,4,4,3,2,3,2,7,9,0,0
17,2173,4,0,4,0,9,10,4,4,3,2,3,2,7,9,0,0
17,2173,4,0,4,0,9,10,4,4,3,2,3,2,7,9,0,0
17,2173,4,0,4,0,9,10,4,4,3,2,3,2,7,9,0,0
17,2173,4,0,4,0,9,10,4,4,3,2,3,2,7,9,0,0
17,2173,4,0,4,0,9,10,4,4,3,2,3,2,7,9,0,0
17,2173,4,0,4,0,9,10,4,4,3,2,3,2,7,9,0,0
17,2173,4,0,4,0,9,10,4,4,3,2,3,2,8,9,8,0
17,2173,4,0,4,0,10,10,4,4,3,3,4,3,8,9,8,0
17,2173,4,0,4,0,10,10,4,4,3,3,4,3,8,9,8,0
17,2173,4,0,4,0,10,10,4,4,3,3,4,3,8,9,9,0
17,2173,4,0,4,0,10,10,4,4,3,3,4,3,8,9,9,0
17,2173,4,0,4,0,10,10,4,4,3,3,4,3,8,9,9,0
17,2173,4,0,4,0,10,10,4,4,3,2,4,2,8,9,9,0
17,2173,4,0,4,0,10,10,4,4,3,2,4,2,8,9,5,0
17,2173,4,0,4,0,10,10,4,4,3,2,4,2,8,9,5,0
17,2173,4,0,4,0,10,10,4,4,3,2,4,2,8,9,5,0
17,2173,4,0,4,0,9,9,4,4,3,2,3,2,8,8,5,0
17,2173,4,0,4,0,9,9,4,4,3,2,3,2,8,8,0,0
17,2173,4,0,4,0,9,9,4,4,3,2,3,2,8,8,0,0
17,2173,4,0,4,0,9,9,4,4,3,2,3,2,8,8,0,0
17,2173,4,0,4,0,9,9,4,4,3,2,3,2,8,8,0,0
17,2173,4,0,4,0,9,9,4,4,3,2,3,2,8,7,0,0
17,2173,4,0,4,0,9,9,4,4,3,2,3,2,8,7,0,0
17,2173,4,0,4,0,9,9,4,4,3,2,3,2,7,7,0,0
18,2174,4,0,4,0,9,9,4,4,3,2,3,2,7,7,0,0
18,2174,4,0,4,0,9,9,4,4,3,2,3,2,7,7,0,0
18,2174,4,0,4,0,9,9,4,4,3,2,3,2,7,7,0,0
18,2174,4,0,4,0,9,9,4,4,3,2,3,2,7,7,0,0
18,2174,4,0,4,0,9,9,4,4,3,2,3,2,7,7,0,0
18,2174,4,0,4,0,9,9,4,4,3,2,3,2,7,7,0,0
18,2174,4,0,4,0,9,9,4,4,3,2,3,2,8,7,8,0
18,2174,4,0,4,0,10,9,4,4,3,3,4,3,8,8,8,1
18,2174,4,0,4,0,10,10,4,4,3,3,4,3,8,8,8,1
18,2174,4,0,4,0,10,10,4,4,3,2,4,3,8,8,9,2
18,2174,4,0,4,0,10,10,4,4,3,3,4,3,8,8,9,2
18,2174,4,0,4,0,10,10,4,4,3,3,4,3,8,8,9,2
18,2174,4,0,4,0,10,10,4,4,3,3,4,3,8,9,9,2
18,2174,4,0,4,0,10,10,4,4,3,2,4,3,8,9,5,2
18,2174,4,0,4,0,10,10,4,4,3,2,4,3,8,9,5,2
18,2174,4,0,4,0,10,10,4,4,3,2,4,3,8,9,5,2
18,2174,4,0,4,0,9,10,4,4,3,2,3,3,8,8,5,1
18,2174,4,0,4,0,9,10,4,4,3,2,3,3,8,8,0,1
18,2174,4,0,4,0,9,10,4,4,3,2,3,3,8,8,0,1
18,2174,4,0,4,0,9,9,4,4,3,2,3,3,8,8,0,1
18,2174,4,0,4,0,9,9,4,4,3,2,3,3,8,8,0,0
18,2174,4,0,4,0,9,9,4,4,3,2,3,3,8,8,0,0
18,2174,4,0,4,0,9,9,4,4,3,2,3,3,8,8,0,0
18,2174,4,0,4,0,9,9,4,4,3,2,3,3,7,8,0,0
19,2175,4,0,3,0,8,9,3,4,2,2,2,3,7,8,0,0
19,2175,4,0,3,0,8,9,3,4,2,2,2,3,7,8,0,0
19,2175,4,0,3,0,8,9,3,4,2,2,2,3,7,8,0,0
19,2175,4,0,3,0,8,9,3,4,2,2,2,3,7,8,0,0
19,2175,4,0,3,0,8,9,3,4,2,2,2,3,7,8,0,0
19,2175,4,0,3,0,8,9,3,4,2,2,2,3,7,8,0,0
19,2175,4,0,3,0,8,9,3,4,2,2,3,3,10,8,0,0
19,2175,4,0,3,0,8,9,3,3,2,1,3,3,10,8,0,0
19,2175,4,0,3,0,8,9,3,3,2,1,3,3,10,8,0,0
19,2175,4,0,3,0,8,9,3,3,2,1,3,3,10,8,0,0
19,2175,4,0,3,0,8,9,3,3,2,1,3,3,10,8,0,0
19,2175,4,0,3,0,8,9,3,3,2,1,3,3,10,8,0,0
19,2175,4,0,3,0,8,9,3,3,2,1,3,3,10,8,0,0
19,2175,4,0,3,0,8,9,3,3,2,1,3,3,10,8,0,0
19,2175,4,0,3,0,8,9,3,3,2,1,3,3,10,8,0,0
19,2175,4,0,3,0,8,9,3,3,2,1,2,3,8,8,0,0
19,2175,4,0,3,0,8,9,3,3,2,1,2,3,8,8,0,0
19,2175,4,0,3,0,8,9,3,2,2,1,2,3,8,8,0,0
19,2175,4,0,3,0,8,9,3,2,2,1,2,3,8,8,0,0
19,2175,4,0,3,0,8,9,3,2,2,1,2,3,8,8,0,0
19,2175,4,0,3,0,8,9,3,2,2,1,2,2,8,8,0,0
19,2175,4,0,3,0,8,9,3,2,2,1,2,2,8,8,0,0
19,2175,4,0,3,0,8,9,3,2,2,1,2,1,8,8,0,0
19,2175,4,0,3,0,8,9,3,2,2,1,2,1,7,8,0,0
20,2176,4,0,3,0,8,9,3,2,2,1,2,1,4,8,0,0
20,2176,4,0,3,0,8,9,3,2,2,1,2,1,4,8,0,0
20,2176,4,0,3,0,8,9,3,2,2,1,2,1,4,8,0,0
20,2176,4,0,3,0,8,9,3,2,2,1,2,1,4,8,0,0
20,2176,4,0,3,0,8,9,3,2,2,1,2,1,4,8,0,0
20,2176,4,0,3,0,8,9,3,2,2,1,2,1,4,8,0,0
20,2176,4,0,3,0,8,9,3,2,2,1,3,1,4,8,0,0
20,2176,4,0,3,0,8,9,3,2,2,1,3,0,5,7,0,0
20,2176,4,0,3,0,8,9,3,2,2,1,3,0,5,7,0,0
20,2176,4,0,3,0,8,9,3,2,2,1,3,0,5,7,0,0
20,2176,4,0,3,0,8,9,3,2,2,1,3,0,5,7,0,0
20,2176,4,0,3,0,8,9,3,2,2,1,3,0,5,7,0,0
20,2176,4,0,3,0,8,9,3,2,2,1,3,0,5,7,0,0
20,2176,4,0,3,0,8,9,3,2,2,1,3,0,5,7,0,0
20,2176,4,0,3,0,8,9,3,2,2,1,3,0,5,7,0,0
20,2176,4,0,3,0,8,9,3,2,2,1,2,0,4,7,0,0
20,2176,4,0,3,0,8,9,3,2,2,1,2,0,4,7,0,0
20,2176,4,0,3,0,8,9,3,2,2,1,2,0,4,7,0,0
20,2176,4,0,3,0,8,9,3,2,2,1,2,0,4,7,0,0
20,2176,4,0,3,0,8,9,3,2,2,1,2,0,4,7,0,0
20,2176,4,0,3,0,8,9,3,2,2,1,2,0,4,7,0,0
20,2176,4,0,3,0,8,8,3,2,2,1,2,0,4,7,0,0
20,2176,4,0,3,0,8,8,3,2,2,1,2,0,4,7,0,0
20,2176,4,0,3,0,8,8,3,2,2,1,2,0,4,7,0,0
21,2177,4,0,4,0,9,8,4,2,3,1,3,0,7,7,0,0
21,2177,4,0,4,0,9,8,4,2,3,1,3,0,7,7,0,0
21,2177,4,0,4,0,9,8,4,2,3,1,3,0,7,7,0,0
21,2177,4,0,4,0,9,8,4,2,3,1,3,0,7,7,0,0
21,2177,4,0,4,0,9,8,4,2,3,1,3,0,7,7,0,0
21,2177,4,0,4,0,9,8,4,2,3,1,3,0,7,7,0,0
21,2177,4,0,4,0,9,8,4,2,3,1,3,0,8,7,8,0
21,2177,4,0,4,0,10,10,4,4,3,2,4,1,8,8,8,1
21,2177,4,0,4,0,10,10,4,4,3,3,4,1,8,8,8,1
21,2177,4,0,4,0,10,10,4,4,3,2,4,1,8,8,9,1
21,2177,4,0,4,0,10,10,4,4,3,3,4,1,8,8,9,1
21,2177,4,0,4,0,10,10,4,4,3,3,4,1,8,8,9,1
21,2177,4,0,4,0,10,10,4,4,3,3,4,1,8,8,9,1
21,2177,4,0,4,0,10,10,4,3,3,3,4,1,8,8,5,1
21,2177,4,0,4,0,10,10,4,4,3,3,4,1,8,9,5,1
21,2177,4,0,4,0,10,10,4,4,3,3,4,1,8,9,5,1
21,2177,4,0,4,0,9,10,4,4,3,3,3,1,8,9,5,1
21,2177,4,0,4,0,9,10,4,4,3,3,3,1,8,8,0,0
21,2177,4,0,4,0,9,10,4,4,3,3,3,1,8,8,0,0
21,2177,4,0,4,0,9,10,4,4,3,3,3,1,8,8,0,0
21,2177,4,0,4,0,9,10,4,3,3,2,3,1,8,8,0,0
21,2177,4,0,4,0,9,10,4,3,3,2,3,1,8,8,0,0
21,2177,4,0,4,0,9,10,4,3,3,2,3,1,8,8,0,0
21,2177,4,0,4,0,9,10,4,3,3,2,3,1,7,8,0,0
22,2178,4,0,4,0,9,10,4,3,3,2,3,1,4,8,0,0
22,2178,4,0,4,0,9,10,4,3,3,2,3,1,4,8,0,0
22,2178,4,0,4,0,9,10,4,3,3,2,3,1,4,8,0,0
22,2178,4,0,4,0,9,10,4,3,3,2,3,1,4,8,0,0
22,2178,4,0,4,0,9,10,4,3,3,2,3,1,4,8,0,0
22,2178,4,0,4,0,9,10,4,3,3,2,3,1,4,8,0,0
22,2178,4,0,4,0,9,10,4,3,3,2,3,1,4,8,8,0
22,2178,4,0,4,0,10,10,4,4,3,2,4,2,5,8,8,5
22,2178,4,0,4,0,10,10,4,4,3,3,4,2,5,8,8,6
22,2178,4,0,4,0,10,10,4,4,3,3,4,2,5,8,9,7
22,2178,4,0,4,0,10,10,4,4,3,2,4,2,5,8,9,8
22,2178,4,0,4,0,10,10,4,4,3,2,4,2,5,8,9,8
22,2178,4,0,4,0,10,10,4,4,3,2,4,2,5,8,9,8
22,2178,4,0,4,0,10,10,4,4,3,2,4,2,5,8,5,8
22,2178,4,0,4,0,10,10,4,4,3,2,4,2,5,8,5,8
22,2178,4,0,4,0,10,10,4,4,3,2,4,2,4,8,5,5
22,2178,4,0,4,0,9,10,4,4,3,1,3,2,4,8,5,5
22,2178,4,0,4,0,9,10,4,4,3,1,3,2,4,8,0,5
22,2178,4,0,4,0,9,10,4,4,3,1,3,2,4,8,0,5
22,2178,4,0,4,0,9,10,4,4,3,1,3,2,4,8,0,5
22,2178,4,0,4,0,9,10,4,4,3,1,3,2,4,7,0,5
22,2178,4,0,4,0,9,10,4,3,3,1,3,2,4,7,0,5
22,2178,4,0,4,0,9,10,4,3,3,1,3,2,4,7,0,5
22,2178,4,0,4,0,9,10,4,3,3,1,3,2,4,7,0,5
23,2179,4,0,4,0,9,10,4,3,3,1,3,2,7,7,0,5
23,2179,4,0,4,0,9,10,4,3,3,1,3,2,7,7,0,5
23,2179,4,0,4,0,9,10,4,3,3,1,3,2,7,7,0,5
23,2179,4,0,4,0,9,10,4,3,3,1,3,2,7,7,0,5
23,2179,4,0,4,0,9,10,4,3,3,1,3,2,7,7,0,5
23,2179,4,0,4,0,9,10,4,3,3,1,3,2,7,7,0,5
23,2179,4,0,4,0,9,10,4,3,3,1,3,2,10,10,8,5
23,2179,4,0,4,0,10,10,4,4,3,1,4,3,10,10,8,3
23,2179,4,0,4,0,10,10,4,4,3,1,4,3,10,10,8,3
23,2179,4,0,4,0,10,10,4,4,3,2,4,3,10,10,9,2
23,2179,4,0,4,0,10,10,4,4,3,3,4,3,10,9,9,1
23,2179,4,0,4,0,10,10,4,4,3,3,4,3,10,9,9,1
23,2179,4,0,4,0,10,10,4,4,3,3,4,3,10,9,9,0
23,2179,4,0,4,0,10,10,4,4,3,3,4,3,10,9,5,0
23,2179,4,0,4,0,10,10,4,4,3,3,4,3,10,9,5,0
23,2179,4,0,4,0,10,10,4,4,3,3,4,3,8,9,5,0
23,2179,4,0,4,0,9,10,4,4,3,3,3,3,8,9,5,0
23,2179,4,0,4,0,9,10,4,4,3,3,3,3,8,9,0,0
23,2179,4,0,4,0,9,10,4,4,3,3,3,3,8,9,0,0
23,2179,4,0,4,0,9,10,4,4,3,3,3,3,8,9,0,0
23,2179,4,0,4,0,9,10,4,4,3,3,3,3,8,9,0,0
23,2179,4,0,4,0,9,10,4,4,3,3,3,3,8,9,0,0
23,2179,4,0,4,0,9,10,4,3,3,3,3,3,8,9,0,0
23,2179,4,0,4,0,9,10,4,3,3,3,3,3,7,9,0,0
24,2180,4,0,4,0,9,10,4,3,3,3,3,3,7,9,0,0
24,2180,4,0,4,0,9,10,4,3,3,3,3,3,7,9,0,0
24,2180,4,0,4,0,9,10,4,3,3,3,3,3,7,9,0,0
24,2180,4,0,4,0,9,10,4,3,3,3,3,3,7,9,0,0
24,2180,4,0,4,0,9,10,4,3,3,3,3,3,7,9,0,0
24,2180,4,0,4,0,9,10,4,3,3,3,3,3,7,9,0,0
24,2180,4,0,4,0,9,10,4,3,3,3,3,3,8,9,8,0
24,2180,4,0,4,0,10,10,4,4,3,3,4,3,8,8,8,0
24,2180,4,0,4,0,10,10,4,4,3,3,4,3,8,8,8,0
24,2180,4,0,4,0,10,10,4,4,3,3,4,3,8,8,9,0
24,2180,4,0,4,0,10,10,4,4,3,3,4,3,8,8,9,0
24,2180,4,0,4,0,10,10,4,3,3,3,4,3,8,8,9,0
24,2180,4,0,4,0,10,10,4,3,3,3,4,3,8,8,9,0
24,2180,4,0,4,0,10,10,4,3,3,3,4,2,8,8,5,0
24,2180,4,0,4,0,10,10,4,3,3,3,4,2,8,8,5,0
24,2180,4,0,4,0,10,10,4,3,3,3,4,2,8,8,5,0
24,2180,4,0,4,0,9,10,4,3,3,3,3,2,8,8,5,0
24,2180,4,0,4,0,9,10,4,3,3,3,3,2,8,8,0,0
24,2180,4,0,4,0,9,10,4,3,3,3,3,2,8,8,0,0
24,2180,4,0,4,0,9,10,4,3,3,3,3,2,8,8,0,0
24,2180,4,0,4,0,9,10,4,3,3,3,3,2,8,8,0,0
24,2180,4,0,4,0,9,10,4,3,3,3,3,2,8,8,0,0
24,2180,4,0,4,0,9,10,4,3,3,3,3,2,8,8,0,0
24,2180,4,0,4,0,9,10,4,3,3,3,3,2,7,8,0,0
25,2181,4,0,4,0,9,10,4,3,3,3,3,2,7,8,0,0
25,2181,4,0,4,0,9,10,4,3,3,3,3,2,7,8,0,0
25,2181,4,0,4,0,9,10,4,3,3,3,3,2,7,8,0,0
25,2181,4,0,4,0,9,10,4,3,3,3,3,2,7,8,0,0
25,2181,4,0,4,0,9,10,4,3,3,3,3,2,7,8,0,0
25,2181,4,0,4,0,9,10,4,3,3,3,3,2,7,8,0,0
25,2181,4,0,4,0,9,10,4,3,3,3,3,2,8,8,8,0
25,2181,4,0,4,0,10,10,4,4,3,2,4,3,8,8,8,1
25,2181,4,0,4,0,10,10,4,4,3,3,4,3,8,8,8,1
25,2181,4,0,4,0,10,10,4,4,3,3,4,3,8,8,9,2
25,2181,4,0,4,0,10,10,4,4,3,3,4,3,8,8,9,3
25,2181,4,0,4,0,10,10,4,4,3,3,4,3,8,8,9,4
25,2181,4,0,4,0,10,10,4,4,3,3,4,3,8,8,9,3
25,2181,4,0,4,0,10,10,4,4,3,3,4,3,8,8,5,3
25,2181,4,0,4,0,10,10,4,4,3,3,4,2,8,8,5,3
25,2181,4,0,4,0,10,10,4,4,3,3,4,2,8,8,5,1
25,2181,4,0,4,0,9,10,4,4,3,3,3,2,8,8,5,1
25,2181,4,0,4,0,9,10,4,4,3,3,3,2,8,8,0,1
25,2181,4,0,4,0,9,10,4,4,3,3,3,2,8,8,0,1
25,2181,4,0,4,0,9,10,4,4,3,3,3,2,8,7,0,0
25,2181,4,0,4,0,9,10,4,4,3,3,3,2,8,7,0,0
25,2181,4,0,4,0,9,10,4,4,3,3,3,2,8,7,0,0
25,2181,4,0,4,0,9,10,4,4,3,3,3,2,8,7,0,0
25,2181,4,0,4,0,9,10,4,4,3,3,3,2,7,7,0,0
26,2182,4,0,3,0,8,10,3,4,2,3,2,2,7,7,0,0
26,2182,4,0,3,0,8,10,3,4,2,3,2,2,7,7,0,0
26,2182,4,0,3,0,8,10,3,4,2,3,2,2,7,7,0,0
26,2182,4,0,3,0,8,10,3,4,2,3,2,2,7,7,0,0
26,2182,4,0,3,0,8,10,3,4,2,3,2,2,7,7,0,0
26,2182,4,0,3,0,8,10,3,4,2,3,2,2,7,7,0,0
26,2182,4,0,3,0,8,10,3,4,2,3,3,2,10,7,0,0
26,2182,4,0,3,0,8,10,3,4,2,3,3,2,10,7,0,0
26,2182,4,0,3,0,8,10,3,4,2,3,3,2,10,7,0,0
26,2182,4,0,3,0,8,10,3,4,2,3,3,2,10,7,0,0
26,2182,4,0,3,0,8,10,3,4,2,3,3,1,10,7,0,0
26,2182,4,0,3,0,8,10,3,4,2,3,3,1,10,7,0,0
26,2182,4,0,3,0,8,10,3,4,2,3,3,1,10,7,0,0
26,2182,4,0,3,0,8,10,3,4,2,3,3,1,10,7,0,0
26,2182,4,0,3,0,8,10,3,4,2,3,3,1,10,7,0,0
26,2182,4,0,3,0,8,9,3,4,2,3,2,1,8,7,0,0
26,2182,4,0,3,0,8,9,3,4,2,3,2,1,8,7,0,0
26,2182,4,0,3,0,8,9,3,4,2,3,2,1,8,7,0,0
26,2182,4,0,3,0,8,9,3,4,2,3,2,1,8,7,0,0
26,2182,4,0,3,0,8,9,3,4,2,3,2,1,8,7,0,0
26,2182,4,0,3,0,8,9,3,4,2,3,2,1,8,7,0,0
26,2182,4,0,3,0,8,9,3,4,2,3,2,1,8,7,0,0
26,2182,4,0,3,0,8,9,3,4,2,3,2,1,8,7,0,0
26,2182,4,0,3,0,8,9,3,4,2,3,2,1,7,7,0,0
27,2183,4,0,3,0,8,9,3,4,2,3,2,1,4,7,0,0
27,2183,4,0,3,0,8,9,3,4,2,3,2,1,4,7,0,0
27,2183,4,0,3,0,8,9,3,4,2,3,2,1,4,7,0,0
27,2183,4,0,3,0,8,9,3,4,2,3,2,1,4,7,0,0
27,2183,4,0,3,0,8,9,3,4,2,3,2,1,4,7,0,0
27,2183,4,0,3,0,8,9,3,4,2,3,2,1,4,7,0,0
27,2183,4,0,3,0,8,9,3,4,2,3,3,1,4,7,0,0
27,2183,4,0,3,0,8,9,3,2,2,2,3,1,5,7,0,0
27,2183,4,0,3,0,8,9,3,2,2,2,3,1,5,7,0,0
27,2183,4,0,3,0,8,9,3,2,2,2,3,1,5,7,0,0
27,2183,4,0,3,0,8,9,3,2,2,2,3,1,5,7,0,0
27,2183,4,0,3,0,8,9,3,2,2,2,3,1,5,7,0,0
27,2183,4,0,3,0,8,9,3,2,2,2,3,1,5,7,0,0
27,2183,4,0,3,0,8,9,3,2,2,2,3,1,5,7,0,0
27,2183,4,0,3,0,8,9,3,2,2,2,3,1,5,7,0,0
27,2183,4,0,3,0,8,8,3,2,2,2,2,1,4,7,0,0
27,2183,4,0,3,0,8,8,3,2,2,2,2,1,4,7,0,0
27,2183,4,0,3,0,8,8,3,2,2,2,2,1,4,7,0,0
27,2183,4,0,3,0,8,8,3,2,2,2,2,1,4,7,0,0
27,2183,4,0,3,0,8,8,3,2,2,2,2,1,4,7,0,0
27,2183,4,0,3,0,8,8,3,2,2,2,2,1,4,7,0,0
27,2183,4,0,3,0,8,8,3,2,2,2,2,1,4,7,0,0
27,2183,4,0,3,0,8,8,3,2,2,2,2,1,4,7,0,0
27,2183,4,0,3,0,8,8,3,2,2,2,2,1,4,7,0,0
